1,0.2513692858984012
2,0.2518761488668421
3,0.25188551754015276
4,0.25188417025419807
5,0.2518825790075773
6,0.2518809931608677
7,0.251879418523124
8,0.25187785513653965
9,0.2518763029075873
10,0.2518747617403515
11,0.25187323153968244
12,0.2518717122112638
13,0.2518702036616109
14,0.25186870579806386
15,0.2518672185287844
16,0.2518657417627477
17,0.2518642754097402
18,0.2518628193803518
19,0.2518613735859712
20,0.25185993793877953
21,0.25185851235174705
22,0.2518570967386252
23,0.25185569101394195
24,0.25185429509299695
25,0.2518529088918547
26,0.2518515323273391
27,0.251850165317029
28,0.25184880777925034
29,0.2518474596330735
30,0.25184612079830426
31,0.2518447911954812
32,0.25184347074586755
33,0.25184215937144716
34,0.25184085699491754
35,0.2518395635396859
36,0.2518382789298614
37,0.25183700309025164
38,0.2518357359463546
39,0.25183447742435505
40,0.2518332274511182
41,0.25183198595418343
42,0.2518307528617598
43,0.2518295281027195
44,0.25182831160659275
45,0.2518271033035619
46,0.25182590312445635
47,0.25182471100074694
48,0.2518235268645399
49,0.25182235064857156
50,0.25182118228620354
51,0.25182002171141615
52,0.25181886885880433
53,0.2518177236635706
54,0.25181658606152135
55,0.2518154559890603
56,0.25181433338318404
57,0.25181321818147523
58,0.2518121103221001
59,0.2518110097437997
60,0.2518099163858874
61,0.2518088301882435
62,0.25180775109130726
63,0.25180667903607595
64,0.2518056139640967
65,0.25180455581746236
66,0.2518035045388068
67,0.25180246007129975
68,0.2518014223586415
69,0.2518003913450584
70,0.2517993669752969
71,0.2517983491946209
72,0.2517973379488046
73,0.25179633318412925
74,0.2517953348473768
75,0.25179434288582714
76,0.25179335724725227
77,0.25179237787991143
78,0.2517914047325468
79,0.25179043775437926
80,0.25178947689510345
81,0.25178852210488284
82,0.2517875733343466
83,0.2517866305345832
84,0.25178569365713804
85,0.2517847626540074
86,0.25178383747763466
87,0.25178291808090675
88,0.25178200441714865
89,0.25178109644012003
90,0.25178019410401103
91,0.2517792973634367
92,0.251778406173435
93,0.25177752048946084
94,0.2517766402673838
95,0.2517757654634824
96,0.2517748960344409
97,0.2517740319373457
98,0.2517731731296802
99,0.25177231956932256
100,0.25177147121454024
101,0.25177062802398736
102,0.2517697899567005
103,0.2517689569720944
104,0.25176812902995915
105,0.25176730609045617
106,0.2517664881141141
107,0.25176567506182623
108,0.251764866894845
109,0.25176406357478104
110,0.25176326506359775
111,0.25176247132360835
112,0.25176168231747165
113,0.25176089800819124
114,0.25176011835910844
115,0.2517593433339019
116,0.25175857289658277
117,0.25175780701149153
118,0.25175704564329565
119,0.2517562887569847
120,0.25175553631786923
121,0.2517547882915756
122,0.25175404464404394
123,0.25175330534152496
124,0.25175257035057713
125,0.2517518396380622
126,0.2517511131711445
127,0.2517503909172861
128,0.2517496728442438
129,0.2517489589200676
130,0.2517482491130969
131,0.25174754339195754
132,0.2517468417255595
133,0.25174614408309304
134,0.2517454504340274
135,0.2517447607481067
136,0.2517440749953482
137,0.2517433931460385
138,0.2517427151707321
139,0.25174204104024783
140,0.2517413707256669
141,0.25174070419832933
142,0.2517400414298327
143,0.25173938239202803
144,0.2517387270570194
145,0.2517380753971586
146,0.25173742738504506
147,0.2517367829935228
148,0.2517361421956776
149,0.25173550496483416
150,0.2517348712745557
151,0.2517342410986383
152,0.25173361441111247
153,0.2517329911862381
154,0.2517323713985028
155,0.2517317550226197
156,0.25173114203352653
157,0.25173053240638044
158,0.2517299261165594
159,0.2517293231396571
160,0.25172872345148256
161,0.2517281270280569
162,0.25172753384561225
163,0.2517269438805889
164,0.2517263571096339
165,0.25172577350959846
166,0.2517251930575354
167,0.2517246157306987
168,0.25172404150654154
169,0.2517234703627119
170,0.25172290227705296
171,0.25172233722760057
172,0.2517217751925817
173,0.25172121615041115
174,0.25172066007969157
175,0.2517201069592105
176,0.2517195567679389
177,0.2517190094850289
178,0.2517184650898131
179,0.25171792356180167
180,0.25171738488068107
181,0.2517168490263125
182,0.2517163159787297
183,0.2517157857181382
184,0.2517152582249125
185,0.25171473347959517
186,0.2517142114628952
187,0.2517136921556856
188,0.25171317553900313
189,0.2517126615940456
190,0.25171215030217065
191,0.25171164164489446
192,0.2517111356038901
193,0.2517106321609851
194,0.2517101312981619
195,0.2517096329975547
196,0.2517091372414485
197,0.25170864401227766
198,0.25170815329262447
199,0.25170766506521763
200,0.25170717931293146
201,0.25170669601878326
202,0.251706215165933
203,0.25170573673768176
204,0.25170526071746996
205,0.25170478708887617
206,0.25170431583561614
207,0.25170384694154146
208,0.2517033803906378
209,0.25170291616702345
210,0.25170245425494925
211,0.2517019946387962
212,0.2517015373030743
213,0.2517010822324224
214,0.25170062941160526
215,0.2517001788255135
216,0.25169973045916283
217,0.2516992842976918
218,0.25169884032636064
219,0.25169839853055115
220,0.2516979588957643
221,0.2516975214076203
222,0.25169708605185676
223,0.25169665281432746
224,0.2516962216810016
225,0.2516957926379626
226,0.2516953656714076
227,0.25169494076764515
228,0.2516945179130948
229,0.2516940970942868
230,0.2516936782978597
231,0.2516932615105605
232,0.2516928467192429
233,0.2516924339108667
234,0.25169202307249644
235,0.2516916141913007
236,0.2516912072545515
237,0.25169080224962276
238,0.2516903991639881
239,0.25168999798522407
240,0.25168959870100416
241,0.25168920129910116
242,0.25168880576738517
243,0.25168841209382226
244,0.25168802026647485
245,0.2516876302735002
246,0.2516872421031486
247,0.25168685574376354
248,0.2516864711837818
249,0.25168608841172957
250,0.25168570741622515
251,0.25168532818597544
252,0.2516849507097769
253,0.25168457497651325
254,0.25168420097515576
255,0.25168382869476236
256,0.25168345812447607
257,0.2516830892535249
258,0.25168272207122094
259,0.25168235656696
260,0.25168199273021963
261,0.2516816305505597
262,0.25168127001762064
263,0.25168091112112406
264,0.25168055385087024
265,0.25168019819673854
266,0.2516798441486868
267,0.25167949169675036
268,0.25167914083104065
269,0.2516787915417457
270,0.2516784438191281
271,0.25167809765352683
272,0.2516777530353532
273,0.25167740995509275
274,0.2516770684033031
275,0.25167672837061483
276,0.251676389847729
277,0.251676052825418
278,0.25167571729452415
279,0.25167538324595945
280,0.2516750506707039
281,0.25167471955980786
282,0.25167438990438706
283,0.2516740616956259
284,0.2516737349247741
285,0.25167340958314827
286,0.2516730856621296
287,0.2516727631531647
288,0.2516724420477639
289,0.25167212233750047
290,0.2516718040140124
291,0.25167148706899883
292,0.25167117149422097
293,0.25167085728150224
294,0.2516705444227258
295,0.25167023290983587
296,0.2516699227348362
297,0.2516696138897903
298,0.2516693063668196
299,0.2516690001581046
300,0.25166869525588254
301,0.25166839165244914
302,0.2516680893401559
303,0.25166778831141096
304,0.25166748855867843
305,0.2516671900744769
306,0.2516668928513808
307,0.25166659688201826
308,0.25166630215907115
309,0.25166600867527555
310,0.2516657164234193
311,0.2516654253963437
312,0.25166513558694154
313,0.25166484698815766
314,0.2516645595929876
315,0.25166427339447744
316,0.2516639883857244
317,0.2516637045598749
318,0.2516634219101251
319,0.251663140429719
320,0.2516628601119514
321,0.2516625809501632
322,0.25166230293774455
323,0.25166202606813126
324,0.2516617503348083
325,0.251661475731305
326,0.25166120225119865
327,0.2516609298881112
328,0.25166065863571024
329,0.25166038848770883
330,0.25166011943786365
331,0.25165985147997716
332,0.2516595846078944
333,0.2516593188155042
334,0.25165905409673894
335,0.25165879044557304
336,0.2516585278560249
337,0.2516582663221529
338,0.2516580058380588
339,0.2516577463978853
340,0.25165748799581555
341,0.25165723062607415
342,0.2516569742829257
343,0.25165671896067515
344,0.25165646465366626
345,0.2516562113562832
346,0.25165595906294885
347,0.25165570776812457
348,0.2516554574663104
349,0.2516552081520443
350,0.2516549598199024
351,0.2516547124644972
352,0.2516544660804797
353,0.2516542206625369
354,0.25165397620539304
355,0.25165373270380803
356,0.2516534901525774
357,0.25165324854653337
358,0.2516530078805429
359,0.2516527681495083
360,0.2516525293483659
361,0.251652291472088
362,0.2516520545156797
363,0.2516518184741814
364,0.25165158334266574
365,0.2516513491162397
366,0.25165111579004357
367,0.25165088335924973
368,0.25165065181906415
369,0.25165042116472397
370,0.25165019139149936
371,0.2516499624946924
372,0.2516497344696356
373,0.2516495073116942
374,0.25164928101626427
375,0.25164905557877126
376,0.2516488309946732
377,0.2516486072594571
378,0.25164838436864073
379,0.25164816231777165
380,0.2516479411024269
381,0.2516477207182124
382,0.2516475011607646
383,0.2516472824257476
384,0.2516470645088541
385,0.2516468474058069
386,0.2516466311123552
387,0.25164641562427714
388,0.2516462009373786
389,0.2516459870474928
390,0.25164577395048077
391,0.25164556164223023
392,0.251645350118656
393,0.2516451393756998
394,0.2516449294093295
395,0.25164472021553974
396,0.25164451179035086
397,0.25164430412980954
398,0.2516440972299882
399,0.25164389108698376
400,0.2516436856969193
401,0.25164348105594375
402,0.2516432771602293
403,0.251643074005974
404,0.25164287158940013
405,0.25164266990675416
406,0.25164246895430736
407,0.2516422687283537
408,0.2516420692252125
409,0.2516418704412258
410,0.2516416723727587
411,0.2516414750162006
412,0.25164127836796313
413,0.2516410824244812
414,0.25164088718221245
415,0.2516406926376366
416,0.2516404987872567
417,0.2516403056275972
418,0.25164011315520424
419,0.2516399213666472
420,0.251639730258516
421,0.2516395398274225
422,0.2516393500699998
423,0.25163916098290234
424,0.2516389725628059
425,0.25163878480640633
426,0.25163859771042135
427,0.2516384112715881
428,0.25163822548666503
429,0.2516380403524307
430,0.2516378558656832
431,0.25163767202324155
432,0.2516374888219434
433,0.25163730625864755
434,0.25163712433023083
435,0.25163694303359074
436,0.2516367623656432
437,0.2516365823233234
438,0.2516364029035856
439,0.2516362241034031
440,0.25163604591976735
441,0.25163586834968876
442,0.251635691390196
443,0.2516355150383357
444,0.2516353392911735
445,0.25163516414579196
446,0.2516349895992921
447,0.25163481564879286
448,0.2516346422914302
449,0.25163446952435814
450,0.2516342973447476
451,0.25163412574978705
452,0.25163395473668165
453,0.25163378430265376
454,0.2516336144449429
455,0.25163344516080505
456,0.2516332764475125
457,0.2516331083023546
458,0.25163294072263614
459,0.25163277370567966
460,0.25163260724882275
461,0.2516324413494184
462,0.25163227600483706
463,0.25163211121246415
464,0.2516319469697008
465,0.25163178327396307
466,0.25163162012268375
467,0.25163145751330995
468,0.2516312954433049
469,0.2516311339101461
470,0.2516309729113262
471,0.2516308124443528
472,0.2516306525067487
473,0.251630493096051
474,0.2516303342098117
475,0.2516301758455963
476,0.2516300180009861
477,0.2516298606735759
478,0.2516297038609744
479,0.2516295475608053
480,0.2516293917707048
481,0.2516292364883249
482,0.2516290817113298
483,0.2516289274373979
484,0.25162877366422115
485,0.2516286203895055
486,0.25162846761096924
487,0.2516283153263451
488,0.2516281635333783
489,0.25162801222982706
490,0.25162786141346305
491,0.2516277110820708
492,0.25162756123344765
493,0.2516274118654035
494,0.251627262975761
495,0.25162711456235554
496,0.25162696662303474
497,0.25162681915565893
498,0.25162667215810025
499,0.251626525628244
500,0.2516263795639864
501,0.2516262339632365
502,0.25162608882391546
503,0.25162594414395567
504,0.2516257999213018
505,0.25162565615391025
506,0.2516255128397492
507,0.2516253699767976
508,0.2516252275630469
509,0.25162508559649926
510,0.2516249440751685
511,0.2516248029970795
512,0.25162466236026887
513,0.2516245221627837
514,0.251624382402682
515,0.25162424307803355
516,0.2516241041869181
517,0.25162396572742685
518,0.2516238276976613
519,0.25162369009573393
520,0.2516235529197675
521,0.2516234161678956
522,0.2516232798382621
523,0.2516231439290214
524,0.2516230084383375
525,0.25162287336438555
526,0.25162273870535107
527,0.2516226044594279
528,0.25162247062482235
529,0.2516223371997484
530,0.2516222041824319
531,0.25162207157110705
532,0.2516219393640186
533,0.2516218075594207
534,0.25162167615557707
535,0.2516215451507614
536,0.2516214145432568
537,0.251621284331355
538,0.2516211545133584
539,0.25162102508757744
540,0.2516208960523335
541,0.25162076740595496
542,0.25162063914678107
543,0.25162051127315943
544,0.25162038378344703
545,0.2516202566760089
546,0.25162012994922056
547,0.25162000360146486
548,0.2516198776311339
549,0.2516197520366292
550,0.2516196268163602
551,0.25161950196874444
552,0.25161937749220975
553,0.25161925338519003
554,0.2516191296461306
555,0.2516190062734824
556,0.25161888326570614
557,0.25161876062127064
558,0.2516186383386525
559,0.25161851641633715
560,0.25161839485281784
561,0.2516182736465957
562,0.2516181527961798
563,0.25161803230008745
564,0.2516179121568441
565,0.2516177923649826
566,0.25161767292304366
567,0.25161755382957585
568,0.25161743508313567
569,0.25161731668228676
570,0.25161719862560095
571,0.2516170809116573
572,0.25161696353904184
573,0.2516168465063499
574,0.25161672981218175
575,0.25161661345514663
576,0.25161649743386094
577,0.25161638174694845
578,0.25161626639303886
579,0.251616151370771
580,0.2516160366787891
581,0.2516159223157458
582,0.2516158082803006
583,0.25161569457111893
584,0.2516155811868739
585,0.2516154681262462
586,0.2516153553879219
587,0.2516152429705955
588,0.25161513087296705
589,0.2516150190937439
590,0.2516149076316401
591,0.25161479648537605
592,0.2516146856536792
593,0.2516145751352834
594,0.2516144649289287
595,0.251614355033362
596,0.2516142454473371
597,0.2516141361696131
598,0.251614027198956
599,0.2516139185341387
600,0.25161381017393963
601,0.25161370211714373
602,0.2516135943625422
603,0.2516134869089326
604,0.25161337975511805
605,0.25161327289990826
606,0.2516131663421186
607,0.2516130600805714
608,0.25161295411409396
609,0.2516128484415197
610,0.2516127430616884
611,0.2516126379734455
612,0.2516125331756417
613,0.25161242866713496
614,0.2516123244467876
615,0.2516122205134682
616,0.25161211686605134
617,0.25161201350341605
618,0.251611910424449
619,0.2516118076280408
620,0.2516117051130881
621,0.2516116028784933
622,0.25161150092316453
623,0.2516113992460144
624,0.25161129784596176
625,0.25161119672193055
626,0.2516110958728506
627,0.25161099529765585
628,0.25161089499528705
629,0.25161079496468947
630,0.2516106952048135
631,0.25161059571461475
632,0.251610496493054
633,0.2516103975390978
634,0.2516102988517171
635,0.2516102004298882
636,0.25161010227259195
637,0.25161000437881537
638,0.2516099067475493
639,0.25160980937779
640,0.2516097122685392
641,0.2516096154188023
642,0.2516095188275905
643,0.2516094224939202
644,0.2516093264168111
645,0.25160923059528967
646,0.2516091350283848
647,0.2516090397151325
648,0.2516089446545718
649,0.2516088498457471
650,0.25160875528770743
651,0.25160866097950635
652,0.2516085669202016
653,0.2516084731088564
654,0.25160837954453785
655,0.2516082862263176
656,0.2516081931532718
657,0.2516081003244812
658,0.2516080077390313
659,0.25160791539601113
660,0.2516078232945148
661,0.2516077314336407
662,0.2516076398124912
663,0.2516075484301732
664,0.2516074572857976
665,0.251607366378481
666,0.2516072757073415
667,0.2516071852715038
668,0.25160709507009593
669,0.2516070051022502
670,0.2516069153671027
671,0.2516068258637937
672,0.2516067365914683
673,0.2516066475492746
674,0.2516065587363652
675,0.25160647015189713
676,0.25160638179503075
677,0.25160629366493065
678,0.25160620576076553
679,0.2516061180817076
680,0.25160603062693343
681,0.2516059433956235
682,0.25160585638696137
683,0.2516057696001352
684,0.2516056830343372
685,0.25160559668876203
