1,0.2706037964422892
2,0.3846437630944731
3,0.35410839907210667
4,0.2639410657891557
5,0.2639791821749361
6,0.2639209261593819
7,0.26385972523882845
8,0.2637954180920576
9,0.2637277918476314
10,0.26365661673832325
11,0.263581644834663
12,0.2635026087333685
13,0.26341922023684694
14,0.2633311690587463
15,0.2632381216041428
16,0.2631397198904553
17,0.263035580697462
18,0.2629252950627837
19,0.26280842827370243
20,0.26268452054724317
21,0.2625530886331441
22,0.26241362856501543
23,0.2622656183762339
24,0.25808752197139817
25,0.25440611643930056
26,0.25440334209196525
27,0.2544033415741946
28,0.2544033415740974
29,0.2544033415740974
30,0.2544033415740974
31,0.2544033415740974
32,0.2544033415740974
33,0.2544033415740974
34,0.2544033415740974
35,0.2544033415740974
36,0.2544033415740974
37,0.2544033415740974
38,0.2544033415740974
39,0.2544033415740974
40,0.2544033415740974
41,0.2544033415740974
42,0.2544033415740974
43,0.2544033415740974
44,0.2544033415740974
45,0.2544033415740974
46,0.2544033415740974
47,0.2544033415740974
48,0.2544033415740974
49,0.2544033415740974
50,0.2544033415740974
51,0.2544033415740974
52,0.2544033415740974
53,0.2544033415740974
54,0.2544033415740974
55,0.2544033415740974
56,0.2544033415740974
57,0.2544033415740974
58,0.2544033415740974
59,0.2544033415740974
60,0.2544033415740974
61,0.2544033415740974
62,0.2544033415740974
63,0.2544033415740974
64,0.2544033415740974
65,0.2544033415740974
66,0.2544033415740974
67,0.2544033415740974
68,0.2544033415740974
69,0.2544033415740974
70,0.2544033415740974
71,0.2544033415740974
72,0.2544033415740974
73,0.2544033415740974
74,0.2544033415740974
75,0.2544033415740974
76,0.2544033415740974
77,0.2544033415740974
78,0.2544033415740974
79,0.2544033415740974
80,0.2544033415740974
81,0.2544033415740974
82,0.2544033415740974
83,0.2544033415740974
84,0.2544033415740974
85,0.2544033415740974
86,0.2544033415740974
87,0.2544033415740974
88,0.2544033415740974
89,0.2544033415740974
90,0.2544033415740974
91,0.2544033415740974
92,0.2544033415740974
93,0.2544033415740974
94,0.2544033415740974
95,0.2544033415740974
96,0.2544033415740974
97,0.2544033415740974
98,0.2544033415740974
99,0.2544033415740974
100,0.2544033415740974
101,0.2544033415740974
102,0.2544033415740974
103,0.2544033415740974
104,0.2544033415740974
105,0.2544033415740974
106,0.2544033415740974
107,0.2544033415740974
108,0.2544033415740974
109,0.2544033415740974
110,0.2544033415740974
111,0.2544033415740974
112,0.2544033415740974
113,0.2544033415740974
114,0.2544033415740974
115,0.2544033415740974
116,0.2544033415740974
117,0.2544033415740974
118,0.2544033415740974
119,0.2544033415740974
120,0.2544033415740974
121,0.2544033415740974
122,0.2544033415740974
123,0.2544033415740974
124,0.2544033415740974
125,0.2544033415740974
126,0.2544033415740974
127,0.2544033415740974
128,0.2544033415740974
129,0.2544033415740974
130,0.2544033415740974
131,0.2544033415740974
132,0.2544033415740974
133,0.2544033415740974
134,0.2544033415740974
135,0.2544033415740974
136,0.2544033415740974
137,0.2544033415740974
138,0.2544033415740974
139,0.2544033415740974
140,0.2544033415740974
141,0.2544033415740974
142,0.2544033415740974
143,0.2544033415740974
144,0.2544033415740974
145,0.2544033415740974
146,0.2544033415740974
147,0.2544033415740974
148,0.2544033415740974
149,0.2544033415740974
150,0.2544033415740974
151,0.2544033415740974
152,0.2544033415740974
153,0.2544033415740974
154,0.2544033415740974
155,0.2544033415740974
156,0.2544033415740974
157,0.2544033415740974
158,0.2544033415740974
159,0.2544033415740974
160,0.2544033415740974
161,0.2544033415740974
162,0.2544033415740974
163,0.2544033415740974
164,0.2544033415740974
165,0.2544033415740974
166,0.2544033415740974
167,0.2544033415740974
168,0.2544033415740974
169,0.2544033415740974
170,0.2544033415740974
171,0.2544033415740974
172,0.2544033415740974
173,0.2544033415740974
174,0.2544033415740974
175,0.2544033415740974
176,0.2544033415740974
177,0.2544033415740974
178,0.2544033415740974
179,0.2544033415740974
180,0.2544033415740974
181,0.2544033415740974
182,0.2544033415740974
183,0.2544033415740974
184,0.2544033415740974
185,0.2544033415740974
186,0.2544033415740974
187,0.2544033415740974
188,0.2544033415740974
189,0.2544033415740974
190,0.2544033415740974
191,0.2544033415740974
192,0.2544033415740974
193,0.2544033415740974
194,0.2544033415740974
195,0.2544033415740974
196,0.2544033415740974
197,0.2544033415740974
198,0.2544033415740974
199,0.2544033415740974
200,0.2544033415740974
201,0.2544033415740974
202,0.2544033415740974
203,0.2544033415740974
204,0.2544033415740974
205,0.2544033415740974
206,0.2544033415740974
207,0.2544033415740974
208,0.2544033415740974
209,0.2544033415740974
210,0.2544033415740974
211,0.2544033415740974
212,0.2544033415740974
213,0.2544033415740974
214,0.2544033415740974
215,0.2544033415740974
216,0.2544033415740974
217,0.2544033415740974
218,0.2544033415740974
219,0.2544033415740974
220,0.2544033415740974
221,0.2544033415740974
222,0.2544033415740974
223,0.2544033415740974
224,0.2544033415740974
225,0.2544033415740974
226,0.2544033415740974
227,0.2544033415740974
228,0.2544033415740974
229,0.2544033415740974
230,0.2544033415740974
231,0.2544033415740974
232,0.2544033415740974
233,0.2544033415740974
234,0.2544033415740974
235,0.2544033415740974
236,0.2544033415740974
237,0.2544033415740974
238,0.2544033415740974
239,0.2544033415740974
240,0.2544033415740974
241,0.2544033415740974
242,0.2544033415740974
243,0.2544033415740974
244,0.2544033415740974
245,0.2544033415740974
246,0.2544033415740974
247,0.2544033415740974
248,0.2544033415740974
249,0.2544033415740974
250,0.2544033415740974
251,0.2544033415740974
252,0.2544033415740974
253,0.2544033415740974
254,0.2544033415740974
255,0.2544033415740974
256,0.2544033415740974
257,0.2544033415740974
258,0.2544033415740974
259,0.2544033415740974
260,0.2544033415740974
261,0.2544033415740974
262,0.2544033415740974
263,0.2544033415740974
264,0.2544033415740974
265,0.2544033415740974
266,0.2544033415740974
267,0.2544033415740974
268,0.2544033415740974
269,0.2544033415740974
270,0.2544033415740974
271,0.2544033415740974
272,0.2544033415740974
273,0.2544033415740974
274,0.2544033415740974
275,0.2544033415740974
276,0.2544033415740974
277,0.2544033415740974
278,0.2544033415740974
279,0.2544033415740974
280,0.2544033415740974
281,0.2544033415740974
282,0.2544033415740974
283,0.2544033415740974
284,0.2544033415740974
285,0.2544033415740974
286,0.2544033415740974
287,0.2544033415740974
288,0.2544033415740974
289,0.2544033415740974
290,0.2544033415740974
291,0.2544033415740974
292,0.2544033415740974
293,0.2544033415740974
294,0.2544033415740974
295,0.2544033415740974
296,0.2544033415740974
297,0.2544033415740974
298,0.2544033415740974
299,0.2544033415740974
300,0.2544033415740974
301,0.2544033415740974
302,0.2544033415740974
303,0.2544033415740974
304,0.2544033415740974
305,0.2544033415740974
306,0.2544033415740974
307,0.2544033415740974
308,0.2544033415740974
309,0.2544033415740974
310,0.2544033415740974
311,0.2544033415740974
312,0.2544033415740974
313,0.2544033415740974
314,0.2544033415740974
315,0.2544033415740974
316,0.2544033415740974
317,0.2544033415740974
318,0.2544033415740974
319,0.2544033415740974
320,0.2544033415740974
321,0.2544033415740974
322,0.2544033415740974
323,0.2544033415740974
324,0.2544033415740974
325,0.2544033415740974
326,0.2544033415740974
327,0.2544033415740974
328,0.2544033415740974
329,0.2544033415740974
330,0.2544033415740974
331,0.2544033415740974
332,0.2544033415740974
333,0.2544033415740974
334,0.2544033415740974
335,0.2544033415740974
336,0.2544033415740974
337,0.2544033415740974
338,0.2544033415740974
339,0.2544033415740974
340,0.2544033415740974
341,0.2544033415740974
342,0.2544033415740974
343,0.2544033415740974
344,0.2544033415740974
345,0.2544033415740974
346,0.2544033415740974
347,0.2544033415740974
348,0.2544033415740974
349,0.2544033415740974
350,0.2544033415740974
351,0.2544033415740974
352,0.2544033415740974
353,0.2544033415740974
354,0.2544033415740974
355,0.2544033415740974
356,0.2544033415740974
357,0.2544033415740974
358,0.2544033415740974
359,0.2544033415740974
360,0.2544033415740974
361,0.2544033415740974
362,0.2544033415740974
363,0.2544033415740974
364,0.2544033415740974
365,0.2544033415740974
366,0.2544033415740974
367,0.2544033415740974
368,0.2544033415740974
369,0.2544033415740974
370,0.2544033415740974
371,0.2544033415740974
372,0.2544033415740974
373,0.2544033415740974
374,0.2544033415740974
375,0.2544033415740974
376,0.2544033415740974
377,0.2544033415740974
378,0.2544033415740974
379,0.2544033415740974
380,0.2544033415740974
381,0.2544033415740974
382,0.2544033415740974
383,0.2544033415740974
384,0.2544033415740974
385,0.2544033415740974
386,0.2544033415740974
387,0.2544033415740974
388,0.2544033415740974
389,0.2544033415740974
390,0.2544033415740974
391,0.2544033415740974
392,0.2544033415740974
393,0.2544033415740974
394,0.2544033415740974
395,0.2544033415740974
396,0.2544033415740974
397,0.2544033415740974
398,0.2544033415740974
399,0.2544033415740974
400,0.2544033415740974
401,0.2544033415740974
402,0.2544033415740974
403,0.2544033415740974
404,0.2544033415740974
405,0.2544033415740974
406,0.2544033415740974
407,0.2544033415740974
408,0.2544033415740974
409,0.2544033415740974
410,0.2544033415740974
411,0.2544033415740974
412,0.2544033415740974
413,0.2544033415740974
414,0.2544033415740974
415,0.2544033415740974
416,0.2544033415740974
417,0.2544033415740974
418,0.2544033415740974
419,0.2544033415740974
420,0.2544033415740974
421,0.2544033415740974
422,0.2544033415740974
423,0.2544033415740974
424,0.2544033415740974
425,0.2544033415740974
426,0.2544033415740974
427,0.2544033415740974
428,0.2544033415740974
429,0.2544033415740974
430,0.2544033415740974
431,0.2544033415740974
432,0.2544033415740974
433,0.2544033415740974
434,0.2544033415740974
435,0.2544033415740974
436,0.2544033415740974
437,0.2544033415740974
438,0.2544033415740974
439,0.2544033415740974
440,0.2544033415740974
441,0.2544033415740974
442,0.2544033415740974
443,0.2544033415740974
444,0.2544033415740974
445,0.2544033415740974
446,0.2544033415740974
447,0.2544033415740974
448,0.2544033415740974
449,0.2544033415740974
450,0.2544033415740974
451,0.2544033415740974
452,0.2544033415740974
453,0.2544033415740974
454,0.2544033415740974
455,0.2544033415740974
456,0.2544033415740974
457,0.2544033415740974
458,0.2544033415740974
459,0.2544033415740974
460,0.2544033415740974
461,0.2544033415740974
462,0.2544033415740974
463,0.2544033415740974
464,0.2544033415740974
465,0.2544033415740974
466,0.2544033415740974
467,0.2544033415740974
468,0.2544033415740974
469,0.2544033415740974
470,0.2544033415740974
471,0.2544033415740974
472,0.2544033415740974
473,0.2544033415740974
474,0.2544033415740974
475,0.2544033415740974
476,0.2544033415740974
477,0.2544033415740974
478,0.2544033415740974
479,0.2544033415740974
480,0.2544033415740974
481,0.2544033415740974
482,0.2544033415740974
483,0.2544033415740974
484,0.2544033415740974
485,0.2544033415740974
486,0.2544033415740974
487,0.2544033415740974
488,0.2544033415740974
489,0.2544033415740974
490,0.2544033415740974
491,0.2544033415740974
492,0.2544033415740974
493,0.2544033415740974
494,0.2544033415740974
495,0.2544033415740974
496,0.2544033415740974
497,0.2544033415740974
498,0.2544033415740974
499,0.2544033415740974
500,0.2544033415740974
501,0.2544033415740974
502,0.2544033415740974
503,0.2544033415740974
504,0.2544033415740974
505,0.2544033415740974
506,0.2544033415740974
507,0.2544033415740974
508,0.2544033415740974
509,0.2544033415740974
510,0.2544033415740974
511,0.2544033415740974
512,0.2544033415740974
513,0.2544033415740974
514,0.2544033415740974
515,0.2544033415740974
516,0.2544033415740974
517,0.2544033415740974
518,0.2544033415740974
519,0.2544033415740974
520,0.2544033415740974
521,0.2544033415740974
522,0.2544033415740974
523,0.2544033415740974
524,0.2544033415740974
525,0.2544033415740974
526,0.2544033415740974
527,0.2544033415740974
528,0.2544033415740974
529,0.2544033415740974
530,0.2544033415740974
531,0.2544033415740974
532,0.2544033415740974
533,0.2544033415740974
534,0.2544033415740974
535,0.2544033415740974
536,0.2544033415740974
537,0.2544033415740974
538,0.2544033415740974
539,0.2544033415740974
540,0.2544033415740974
541,0.2544033415740974
542,0.2544033415740974
543,0.2544033415740974
544,0.2544033415740974
545,0.2544033415740974
546,0.2544033415740974
547,0.2544033415740974
548,0.2544033415740974
549,0.2544033415740974
550,0.2544033415740974
551,0.2544033415740974
552,0.2544033415740974
553,0.2544033415740974
554,0.2544033415740974
555,0.2544033415740974
556,0.2544033415740974
557,0.2544033415740974
558,0.2544033415740974
559,0.2544033415740974
560,0.2544033415740974
561,0.2544033415740974
562,0.2544033415740974
563,0.2544033415740974
564,0.2544033415740974
565,0.2544033415740974
566,0.2544033415740974
567,0.2544033415740974
568,0.2544033415740974
569,0.2544033415740974
570,0.2544033415740974
571,0.2544033415740974
572,0.2544033415740974
573,0.2544033415740974
574,0.2544033415740974
575,0.2544033415740974
576,0.2544033415740974
577,0.2544033415740974
578,0.2544033415740974
579,0.2544033415740974
580,0.2544033415740974
581,0.2544033415740974
582,0.2544033415740974
583,0.2544033415740974
584,0.2544033415740974
585,0.2544033415740974
586,0.2544033415740974
587,0.2544033415740974
588,0.2544033415740974
589,0.2544033415740974
590,0.2544033415740974
591,0.2544033415740974
592,0.2544033415740974
593,0.2544033415740974
594,0.2544033415740974
595,0.2544033415740974
596,0.2544033415740974
597,0.2544033415740974
598,0.2544033415740974
599,0.2544033415740974
600,0.2544033415740974
601,0.2544033415740974
602,0.2544033415740974
603,0.2544033415740974
604,0.2544033415740974
605,0.2544033415740974
606,0.2544033415740974
607,0.2544033415740974
608,0.2544033415740974
609,0.2544033415740974
610,0.2544033415740974
611,0.2544033415740974
612,0.2544033415740974
613,0.2544033415740974
614,0.2544033415740974
615,0.2544033415740974
616,0.2544033415740974
617,0.2544033415740974
618,0.2544033415740974
619,0.2544033415740974
620,0.2544033415740974
621,0.2544033415740974
622,0.2544033415740974
623,0.2544033415740974
624,0.2544033415740974
625,0.2544033415740974
626,0.2544033415740974
627,0.2544033415740974
628,0.2544033415740974
629,0.2544033415740974
630,0.2544033415740974
631,0.2544033415740974
632,0.2544033415740974
633,0.2544033415740974
634,0.2544033415740974
635,0.2544033415740974
636,0.2544033415740974
637,0.2544033415740974
638,0.2544033415740974
639,0.2544033415740974
640,0.2544033415740974
641,0.2544033415740974
642,0.2544033415740974
643,0.2544033415740974
644,0.2544033415740974
645,0.2544033415740974
646,0.2544033415740974
647,0.2544033415740974
648,0.2544033415740974
649,0.2544033415740974
650,0.2544033415740974
651,0.2544033415740974
652,0.2544033415740974
653,0.2544033415740974
654,0.2544033415740974
655,0.2544033415740974
656,0.2544033415740974
657,0.2544033415740974
658,0.2544033415740974
659,0.2544033415740974
660,0.2544033415740974
661,0.2544033415740974
662,0.2544033415740974
663,0.2544033415740974
664,0.2544033415740974
665,0.2544033415740974
666,0.2544033415740974
667,0.2544033415740974
668,0.2544033415740974
669,0.2544033415740974
670,0.2544033415740974
671,0.2544033415740974
672,0.2544033415740974
673,0.2544033415740974
674,0.2544033415740974
675,0.2544033415740974
676,0.2544033415740974
677,0.2544033415740974
678,0.2544033415740974
679,0.2544033415740974
680,0.2544033415740974
681,0.2544033415740974
682,0.2544033415740974
683,0.2544033415740974
684,0.2544033415740974
685,0.2544033415740974
686,0.2544033415740974
687,0.2544033415740974
688,0.2544033415740974
689,0.2544033415740974
690,0.2544033415740974
691,0.2544033415740974
692,0.2544033415740974
693,0.2544033415740974
694,0.2544033415740974
695,0.2544033415740974
696,0.2544033415740974
697,0.2544033415740974
698,0.2544033415740974
699,0.2544033415740974
700,0.2544033415740974
701,0.2544033415740974
702,0.2544033415740974
703,0.2544033415740974
704,0.2544033415740974
705,0.2544033415740974
706,0.2544033415740974
707,0.2544033415740974
708,0.2544033415740974
709,0.2544033415740974
710,0.2544033415740974
711,0.2544033415740974
712,0.2544033415740974
713,0.2544033415740974
714,0.2544033415740974
715,0.2544033415740974
716,0.2544033415740974
717,0.2544033415740974
718,0.2544033415740974
719,0.2544033415740974
720,0.2544033415740974
721,0.2544033415740974
722,0.2544033415740974
723,0.2544033415740974
724,0.2544033415740974
725,0.2544033415740974
726,0.2544033415740974
727,0.2544033415740974
728,0.2544033415740974
729,0.2544033415740974
730,0.2544033415740974
731,0.2544033415740974
732,0.2544033415740974
733,0.2544033415740974
734,0.2544033415740974
735,0.2544033415740974
736,0.2544033415740974
737,0.2544033415740974
738,0.2544033415740974
739,0.2544033415740974
740,0.2544033415740974
