1,0.26904820278128505
2,0.25298402318898067
3,0.2518535102940991
4,0.2533094946580678
5,0.25330255381950717
6,0.25329561294708935
7,0.2532886785853173
8,0.2532817520477241
9,0.2532748346455661
10,0.2532679276864854
11,0.2532610324731737
12,0.25325415030204135
13,0.25324728246189393
14,0.25324043023262316
15,0.25323359488390795
16,0.2532267776739396
17,0.25321997984816447
18,0.2532132026380503
19,0.2532064472598825
20,0.2531997149135894
21,0.253193006781598
22,0.2531863240277286
23,0.2531796677961229
24,0.25317303921021855
25,0.2531664393717577
26,0.253159869359845
27,0.25315333023005304
28,0.25314682301356817
29,0.25314034871639407
30,0.2531339083185997
31,0.2531275027736198
32,0.25312113300760997
33,0.2531147999188528
34,0.2531085043772178
35,0.253102247223676
36,0.25309602926986885
37,0.2530898512977284
38,0.25308371405915653
39,0.25307761827575254
40,0.25307156463859837
41,0.25306555380808904
42,0.2530595864138271
43,0.2530536630545529
44,0.2530477842981346
45,0.25304195068160207
46,0.2530361627112305
47,0.2530304208626651
48,0.25302472558109473
49,0.25301907728146283
50,0.2530134763487235
51,0.25300792313813314
52,0.2530024179755806
53,0.2529969611579506
54,0.25299155295352355
55,0.25298619360240293
56,0.2529808833169737
57,0.25297562228238973
58,0.25297041065708076
59,0.2529652485732905
60,0.25296013613762836
61,0.2529550734316474
62,0.25295006051243374
63,0.25294509741321647
64,0.25294018414398683
65,0.2529353206921334
66,0.2529305070230847
67,0.2529257430809613
68,0.25292102878923395
69,0.2529163640513887
70,0.25291174875159184
71,0.2529071827553621
72,0.25290266591024035
73,0.2528981980464575
74,0.25289377897760595
75,0.25288940850130015
76,0.2528850863998398
77,0.25288081244086547
78,0.2528765863780058
79,0.2528724079515211
80,0.25286827688893476
81,0.2528641929056609
82,0.25286015570561704
83,0.25285616498183067
84,0.2528522204170317
85,0.25284832168423726
86,0.2528444684473191
87,0.2528406603615654
88,0.2528368970742224
89,0.25283317822503
90,0.25282950344673916
91,0.2528258723656168
92,0.25282228460193845
93,0.25281873977046476
94,0.2528152374809065
95,0.2528117773383725
96,0.2528083589438057
97,0.2528049818944045
98,0.2528016457840291
99,0.2527983502035941
100,0.2527950947414505
101,0.2527918789837467
102,0.25278870251478314
103,0.25278556491734927
104,0.25278246577304775
105,0.25277940466260646
106,0.25277638116617707
107,0.2527733948636214
108,0.25277044533478304
109,0.2527675321597505
110,0.2527646549191049
111,0.252761813194159
112,0.2527590065671805
113,0.2527562346216106
114,0.25275349694226534
115,0.2527507931155307
116,0.2527481227295448
117,0.2527454853743714
118,0.2527428806421641
119,0.25274030812731924
120,0.25273776742662285
121,0.252735258139386
122,0.25273277986757253
123,0.25273033221591823
124,0.2527279147920447
125,0.25272552720656
126,0.25272316907315817
127,0.2527208400087076
128,0.25271853963333374
129,0.2527162675704965
130,0.2527140234470578
131,0.252711806893348
132,0.2527096175432219
133,0.2527074550341127
134,0.2527053190070776
135,0.25270320910684324
136,0.25270112498183706
137,0.2526990662842262
138,0.252697032669942
139,0.2526950237987042
140,0.25269303933404197
141,0.2526910789433093
142,0.2526891422976967
143,0.25268722907224306
144,0.2526853389458369
145,0.2526834716012231
146,0.2526816267249999
147,0.2526798040076166
148,0.25267800314336786
149,0.2526762238303854
150,0.2526744657706271
151,0.252672728669864
152,0.25267101223766597
153,0.2526693161873846
154,0.2526676402361331
155,0.25266598410476904
156,0.25266434751786887
157,0.25266273020370705
158,0.2526611318942277
159,0.252659552325023
160,0.2526579912353022
161,0.2526564483678637
162,0.25265492346906676
163,0.25265341628879856
164,0.2526519265804468
165,0.2526504541008628
166,0.25264899861033174
167,0.2526475598725376
168,0.2526461376545298
169,0.252644731726688
170,0.25264334186268717
171,0.2526419678394617
172,0.2526406094371702
173,0.25263926643915774
174,0.2526379386319207
175,0.25263662580507007
176,0.252635327751293
177,0.2526340442663166
178,0.25263277514887217
179,0.25263152020065516
180,0.2526302792262902
181,0.25262905203329306
182,0.25262783843203174
183,0.25262663823569254
184,0.2526254512602407
185,0.25262427732438414
186,0.25262311624953526
187,0.2526219678597764
188,0.252620831981822
189,0.2526197084449828
190,0.25261859708112827
191,0.2526174977246534
192,0.2526164102124398
193,0.2526153343838231
194,0.25261427008055576
195,0.25261321714677437
196,0.25261217542896247
197,0.2526111447759182
198,0.2526101250387196
199,0.2526091160706923
200,0.25260811772737296
201,0.25260712986648
202,0.25260615234787953
203,0.25260518503355184
204,0.252604227787561
205,0.25260328047602404
206,0.2526023429670774
207,0.2526014151308473
208,0.2526004968394201
209,0.25259958796681103
210,0.25259868838893446
211,0.25259779798357584
212,0.25259691663036027
213,0.25259604421072746
214,0.25259518060789915
215,0.252594325706856
216,0.2525934793943054
217,0.2525926415586586
218,0.2525918120900004
219,0.25259099088006487
220,0.25259017782220966
221,0.2525893728113891
222,0.25258857574412813
223,0.2525877865185
224,0.25258700503410125
225,0.25258623119202417
226,0.2525854648948379
227,0.25258470604656086
228,0.2525839545526404
229,0.2525832103199276
230,0.25258247325665767
231,0.2525817432724257
232,0.25258102027816504
233,0.2525803041861273
234,0.25257959490986
235,0.25257889236418596
236,0.2525781964651828
237,0.25257750713016397
238,0.25257682427765815
239,0.25257614782738824
240,0.2525754777002553
241,0.2525748138183171
242,0.25257415610477063
243,0.2525735044839335
244,0.25257285888122694
245,0.2525722192231568
246,0.2525715854372958
247,0.2525709574522694
248,0.2525703351977344
249,0.2525697186043664
250,0.2525691076038411
251,0.25256850212882
252,0.25256790211293273
253,0.25256730749076317
254,0.2525667181978329
255,0.25256613417058815
256,0.25256555534638225
257,0.25256498166346353
258,0.25256441306095984
259,0.2525638494788651
260,0.2525632908580249
261,0.25256273714012395
262,0.2525621882676707
263,0.25256164418398797
264,0.25256110483319477
265,0.25256057016019856
266,0.2525600401106804
267,0.25255951463108284
268,0.25255899366859774
269,0.25255847717115515
270,0.252557965087411
271,0.25255745736673707
272,0.252556953959206
273,0.2525564548155852
274,0.2525559598873226
275,0.2525554691265371
276,0.25255498248600694
277,0.2525544999191614
278,0.25255402138006894
279,0.25255354682342734
280,0.25255307620455475
281,0.25255260947937913
282,0.25255214660442965
283,0.25255168753682616
284,0.2525512322342712
285,0.25255078065503933
286,0.2525503327579713
287,0.2525498885024613
288,0.25254944784845185
289,0.2525490107564227
290,0.2525485771873844
291,0.2525481471028696
292,0.2525477204649252
293,0.25254729723610253
294,0.25254687737945336
295,0.2525464608585189
296,0.25254604763732424
297,0.25254563768036886
298,0.25254523095262227
299,0.2525448274195147
300,0.25254442704693153
301,0.2525440298012049
302,0.252543635649107
303,0.25254324455784577
304,0.2525428564950562
305,0.25254247142879316
306,0.2525420893275274
307,0.252541710160138
308,0.2525413338959062
309,0.25254096050450975
310,0.252540589956016
311,0.2525402222208784
312,0.25253985726992756
313,0.25253949507436924
314,0.25253913560577473
315,0.2525387788360794
316,0.25253842473757376
317,0.25253807328290095
318,0.2525377244450505
319,0.2525373781973527
320,0.25253703451347453
321,0.25253669336741374
322,0.2525363547334951
323,0.2525360185863647
324,0.25253568490098594
325,0.2525353536526343
326,0.25253502481689244
327,0.25253469836964776
328,0.25253437428708575
329,0.25253405254568595
330,0.2525337331222195
331,0.2525334159937427
332,0.2525331011375937
333,0.2525327885313901
334,0.252532478153022
335,0.25253216998064915
336,0.25253186399269956
337,0.25253156016786205
338,0.25253125848508373
339,0.25253095892356825
340,0.25253066146276876
341,0.25253036608238777
342,0.25253007276237094
343,0.2525297814829056
344,0.25252949222441534
345,0.25252920496755915
346,0.2525289196932264
347,0.2525286363825333
348,0.2525283550168205
349,0.2525280755776511
350,0.2525277980468048
351,0.25252752240627785
352,0.2525272486382775
353,0.2525269767252201
354,0.2525267066497293
355,0.25252643839463135
356,0.25252617194295346
357,0.2525259072779205
358,0.2525256443829523
359,0.25252538324166135
360,0.2525251238378503
361,0.2525248661555081
362,0.2525246101788091
363,0.25252435589211053
364,0.2525241032799473
365,0.25252385232703306
366,0.25252360301825594
367,0.2525233553386768
368,0.25252310927352545
369,0.2525228648082012
370,0.2525226219282677
371,0.2525223806194528
372,0.2525221408676452
373,0.25252190265889213
374,0.2525216659793989
375,0.2525214308155245
376,0.25252119715378113
377,0.25252096498083154
378,0.2525207342834883
379,0.25252050504870954
380,0.25252027726359755
381,0.25252005091539936
382,0.2525198259915024
383,0.25251960247943256
384,0.252519380366854
385,0.25251915964156596
386,0.2525189402915017
387,0.2525187223047263
388,0.25251850566943596
389,0.252518290373954
390,0.2525180764067323
391,0.25251786375634727
392,0.25251765241149937
393,0.2525174423610113
394,0.2525172335938258
395,0.2525170260990046
396,0.2525168198657281
397,0.2525166148832913
398,0.2525164111411041
399,0.2525162086286906
400,0.25251600733568436
401,0.2525158072518313
402,0.2525156083669845
403,0.25251541067110583
404,0.2525152141542623
405,0.25251501880662564
406,0.25251482461847163
407,0.25251463158017806
408,0.25251443968222276
409,0.2525142489151846
410,0.25251405926973947
411,0.25251387073666093
