1,0.27775173238810263
2,0.2560146971515332
3,0.2559310782570964
4,0.25585985446621
5,0.25579887288136854
6,0.25574637053987226
7,0.255700910726632
8,0.2556613243522239
9,0.2556266593627349
10,0.2555961386457927
11,0.25556912575033797
12,0.25554509731798203
13,0.25552362106437804
14,0.2555043382490559
15,0.25548694972800284
16,0.2554712048450104
17,0.2554568925641464
18,0.25544383436958085
19,0.2554318785600161
20,0.25542089564561293
21,0.25541077461881534
22,0.2554014199201219
23,0.25539274895852054
24,0.25538469007634185
25,0.2553771808716438
26,0.2553701668094258
27,0.25536360006713765
28,0.2553574385710449
29,0.25535164518870473
30,0.2553461870496437
31,0.2553410349717561
32,0.255336162975204
33,0.2553315478690298
34,0.2553271688984103
35,0.2553230074426681
36,0.2553190467559179
37,0.25531527174364355
38,0.2553116687696618
39,0.25530822548885873
40,0.2553049307018606
41,0.25530177422842265
42,0.25529874679684206
43,0.25529583994712607
44,0.25529304594599644
45,0.2552903577121134
46,0.2552877687501403
47,0.25528527309247295
48,0.2552828652476388
49,0.25528054015450613
50,0.25527829314156886
51,0.25527611989067206
52,0.25527401640463915
53,0.25527197897832044
54,0.2552700041726666
55,0.2552680887914585
56,0.2552662298603984
57,0.2552644246082848
58,0.25526267045004164
59,0.2552609649713877
60,0.2552593059149832
61,0.25525769116787167
62,0.2552561187500991
63,0.2552545868043741
64,0.25525309358666765
65,0.25525163745765145
66,0.2552502168748923
67,0.25524883038572843
68,0.255247476620758
69,0.2552461542878781
70,0.25524486216683007
71,0.25524359910419037
72,0.2552423640087768
73,0.25524115584742185
74,0.2552399736410871
75,0.25523881646128344
76,0.2552376834267702
77,0.25523657370050895
78,0.25523548648684996
79,0.2552344210289303
80,0.2552333766062666
81,0.2552323525325249
82,0.2552313481534502
83,0.2552303628449504
84,0.2552293960113118
85,0.2552284470835437
86,0.25522751551783673
87,0.255226600794126
88,0.25522570241475695
89,0.2552248199032352
90,0.2552239528030652
91,0.25522310067666126
92,0.25522226310433316
93,0.25522143968333505
94,0.2552206300269759
95,0.25521983376378704
96,0.25521905053673977
97,0.25521828000251545
98,0.2552175218308152
99,0.2552167757037164
100,0.2552160413150642
101,0.25521531836990174
102,0.2552146065839329
103,0.25521390568301733
104,0.2552132154026921
105,0.2552125354877244
106,0.25521186569168747
107,0.25521120577655926
108,0.2552105555123473
109,0.2552099146767294
110,0.2552092830547175
111,0.2552086604383389
112,0.25520804662633173
113,0.25520744142386265
114,0.2552068446422516
115,0.25520625609871844
116,0.2552056756161362
117,0.2552051030228022
118,0.2552045381522171
119,0.25520398084287627
120,0.25520343093807146
121,0.25520288828570387
122,0.25520235273810205
123,0.2552018241518536
124,0.2552013023876411
125,0.2552007873100886
126,0.25520027878761314
127,0.25519977669228466
128,0.2551992808996908
129,0.25519879128881046
130,0.25519830774189023
131,0.2551978301443281
132,0.25519735838456276
133,0.2551968923539657
134,0.25519643194673974
135,0.25519597705982144
136,0.2551955275927884
137,0.2551950834477693
138,0.25519464452935886
139,0.25519421074453447
140,0.2551937820025797
141,0.25519335821500766
142,0.2551929392954886
143,0.2551925251597826
144,0.2551921157256695
145,0.2551917109128887
146,0.25519131064307593
147,0.2551909148397033
148,0.25519052342802595
149,0.2551901363350249
150,0.2551897534893547
151,0.25518937482129417
152,0.25518900026269903
153,0.2551886297469514
154,0.2551882632089189
155,0.2551879005849093
156,0.2551875418126297
157,0.2551871868311447
158,0.25518683558084077
159,0.25518648800338545
160,0.2551861440416941
161,0.2551858036398934
162,0.2551854667432884
163,0.25518513329833054
164,0.25518480325258563
165,0.2551844765547041
166,0.2551841531543928
167,0.2551838330023839
168,0.25518351605041073
169,0.25518320225118074
170,0.2551828915583483
171,0.2551825839264921
172,0.25518227931109005
173,0.25518197766849743
174,0.25518167895592353
175,0.25518138313140953
176,0.25518109015380885
177,0.2551807999827674
178,0.2551805125787005
179,0.2551802279027792
180,0.2551799459169067
181,0.2551796665837035
182,0.2551793898664891
183,0.2551791157292651
184,0.2551788441366994
185,0.25517857505411
186,0.2551783084474488
187,0.25517804428328894
188,0.25517778252880785
189,0.25517752315177517
190,0.2551772661205374
191,0.2551770114040056
192,0.25517675897164294
193,0.2551765087934513
194,0.25517626083995926
195,0.25517601508221
196,0.25517577149175136
197,0.25517553004062316
198,0.2551752907013463
199,0.25517505344691244
200,0.2551748182507748
201,0.2551745850868367
202,0.25517435392944193
203,0.25517412475336654
204,0.25517389753380804
205,0.25517367224637794
206,0.25517344886709126
207,0.2551732273723599
208,0.2551730077389825
209,0.2551727899441384
210,0.2551725739653773
211,0.2551723597806143
212,0.2551721473681196
213,0.25517193670651395
214,0.25517172777475916
215,0.2551715205521533
216,0.2551713150183222
217,0.2551711111532136
218,0.25517090893709116
219,0.2551707083505272
220,0.25517050937439717
221,0.2551703119898741
222,0.2551701161784218
223,0.25516992192178917
224,0.255169729202007
225,0.25516953800137876
226,0.2551693483024783
227,0.25516916008814267
228,0.25516897334147
229,0.2551687880458098
230,0.255168604184764
231,0.255168421742177
232,0.25516824070213445
233,0.2551680610489566
234,0.2551678827671967
235,0.2551677058416331
236,0.2551675302572681
237,0.2551673559993223
238,0.2551671830532309
239,0.25516701140463993
240,0.25516684103940246
241,0.25516667194357473
242,0.2551665041034128
243,0.25516633750536766
244,0.25516617213608433
245,0.25516600798239575
246,0.25516584503132067
247,0.2551656832700612
248,0.25516552268599735
249,0.2551653632666857
250,0.25516520499985645
251,0.2551650478734093
252,0.25516489187541064
253,0.25516473699409153
254,0.25516458321784385
255,0.25516443053521914
256,0.2551642789349241
257,0.2551641284058179
258,0.25516397893691245
259,0.25516383051736574
260,0.2551636831364816
261,0.25516353678370834
262,0.2551633914486338
263,0.255163247120985
264,0.25516310379062435
265,0.255162961447549
266,0.25516282008188707
267,0.2551626796838973
268,0.2551625402439638
269,0.2551624017525983
270,0.25516226420043464
271,0.25516212757822804
272,0.2551619918768528
273,0.2551618570873019
274,0.2551617232006825
275,0.2551615902082162
276,0.2551614581012363
277,0.255161326871186
278,0.2551611965096173
279,0.25516106700818897
280,0.25516093835866416
281,0.25516081055291023
282,0.2551606835828956
283,0.2551605574406887
284,0.2551604321184575
285,0.2551603076084666
286,0.25516018390307565
287,0.2551600609947395
288,0.25515993887600497
289,0.2551598175395102
290,0.25515969697798346
291,0.25515957718424137
292,0.25515945815118823
293,0.25515933987181333
294,0.2551592223391911
295,0.2551591055464795
296,0.2551589894869182
297,0.2551588741538285
298,0.25515875954060946
299,0.2551586456407406
300,0.25515853244777836
301,0.25515841995535454
302,0.2551583081571768
303,0.2551581970470266
304,0.2551580866187581
305,0.2551579768662971
306,0.25515786778364136
307,0.255157759364857
308,0.25515765160407955
309,0.25515754449551237
310,0.2551574380334256
311,0.255157332212155
312,0.25515722702610183
313,0.2551571224697307
314,0.2551570185375697
315,0.25515691522420925
316,0.25515681252430034
317,0.25515671043255517
318,0.25515660894374553
319,0.25515650805270207
320,0.25515640775431253
321,0.25515630804352335
322,0.25515620891533564
323,0.25515611036480745
324,0.25515601238705093
325,0.2551559149772331
326,0.255155818130573
327,0.25515572184234353
328,0.255155626107869
329,0.2551555309225249
330,0.25515543628173765
331,0.25515534218098207
332,0.2551552486157842
333,0.2551551555817174
334,0.2551550630744027
335,0.25515497108950874
336,0.25515487962275063
337,0.2551547886698897
338,0.255154698226732
339,0.25515460828912867
340,0.25515451885297546
341,0.255154429914211
342,0.25515434146881716
343,0.25515425351281806
344,0.2551541660422805
345,0.2551540790533115
346,0.25515399254206
347,0.2551539065047141
348,0.25515382093750194
349,0.25515373583669226
350,0.25515365119859035
351,0.255153567019541
352,0.25515348329592724
353,0.25515340002416814
354,0.2551533172007203
355,0.25515323482207647
356,0.2551531528847655
357,0.25515307138535104
358,0.25515299032043226
359,0.25515290968664317
360,0.25515282948065077
361,0.2551527496991569
362,0.2551526703388958
363,0.255152591396635
364,0.25515251286917434
365,0.25515243475334565
366,0.25515235704601286
367,0.2551522797440703
368,0.2551522028444434
369,0.2551521263440887
370,0.2551520502399924
371,0.2551519745291701
372,0.2551518992086674
373,0.2551518242755583
374,0.2551517497269463
375,0.2551516755599623
376,0.2551516017717662
377,0.2551515283595442
378,0.2551514553205108
379,0.2551513826519077
380,0.25515131035100264
381,0.2551512384150897
382,0.2551511668414886
383,0.25515109562754645
384,0.2551510247706341
385,0.25515095426814843
386,0.25515088411751013
387,0.2551508143161652
388,0.2551507448615845
389,0.25515067575126205
390,0.25515060698271463
391,0.25515053855348435
392,0.25515047046113487
393,0.25515040270325373
394,0.25515033527745057
395,0.2551502681813575
396,0.25515020141262884
397,0.25515013496894007
398,0.25515006884798913
399,0.25515000304749497
400,0.25514993756519744
401,0.25514987239885717
402,0.25514980754625544
403,0.25514974300519466
404,0.2551496787734961
405,0.25514961484900184
406,0.25514955122957333
407,0.2551494879130915
408,0.25514942489745746
409,0.2551493621805887
410,0.255149299760425
411,0.2551492376349215
412,0.2551491758020549
413,0.2551491142598173
414,0.25514905300622015
415,0.25514899203929287
416,0.2551489313570822
417,0.25514887095765215
418,0.25514881083908314
419,0.25514875099947504
420,0.25514869143694163
421,0.2551486321496158
422,0.255148573135645
423,0.255148514393194
424,0.2551484559204437
425,0.2551483977155907
426,0.25514833977684703
427,0.2551482821024418
428,0.2551482246906174
429,0.25514816753963304
430,0.2551481106477619
431,0.2551480540132936
432,0.2551479976345312
433,0.2551479415097924
434,0.2551478856374114
435,0.2551478300157338
436,0.25514777464312083
437,0.25514771951794796
438,0.2551476646386045
439,0.25514761000349245
440,0.25514755561102836
441,0.25514750145964193
442,0.2551474475477764
443,0.2551473938738882
444,0.2551473404364459
445,0.25514728723393176
