1,0.2636001552963155
2,0.25979750699475734
3,0.25828590824055087
4,0.2582859082405509
5,0.2582859082405508
6,0.2582859082405509
7,0.2582859082405508
8,0.2582859082405509
9,0.2582859082405508
10,0.2582859082405509
11,0.2582859082405508
12,0.2582859082405509
13,0.2582859082405508
14,0.2582859082405509
15,0.2582859082405508
16,0.2582859082405509
17,0.2582859082405508
18,0.2582859082405509
19,0.2582859082405508
20,0.2582859082405509
21,0.2582859082405508
22,0.2582859082405509
23,0.2582859082405508
24,0.2582859082405509
25,0.2582859082405508
26,0.2582859082405509
27,0.2582859082405508
28,0.2582859082405509
29,0.2582859082405508
30,0.2582859082405509
31,0.2582859082405508
32,0.2582859082405509
33,0.2582859082405508
34,0.2582859082405509
35,0.2582859082405508
36,0.2582859082405509
37,0.2582859082405508
38,0.2582859082405509
39,0.2582859082405508
40,0.2582859082405509
41,0.2582859082405508
42,0.2582859082405509
43,0.2582859082405508
44,0.2582859082405509
45,0.2582859082405508
46,0.2582859082405509
47,0.2582859082405508
48,0.2582859082405509
49,0.2582859082405508
50,0.2582859082405509
51,0.2582859082405508
52,0.2582859082405509
53,0.2582859082405508
54,0.2582859082405509
55,0.2582859082405508
56,0.2582859082405509
57,0.2582859082405508
58,0.2582859082405509
59,0.2582859082405508
60,0.2582859082405509
61,0.2582859082405508
62,0.2582859082405509
63,0.2582859082405508
64,0.2582859082405509
65,0.2582859082405508
66,0.2582859082405509
67,0.2582859082405508
68,0.2582859082405509
69,0.2582859082405508
70,0.2582859082405509
71,0.2582859082405508
72,0.2582859082405509
73,0.2582859082405508
74,0.2582859082405509
75,0.2582859082405508
76,0.2582859082405509
77,0.2582859082405508
78,0.2582859082405509
79,0.2582859082405508
80,0.2582859082405509
81,0.2582859082405508
82,0.2582859082405509
83,0.2582859082405508
84,0.2582859082405509
85,0.2582859082405508
86,0.2582859082405509
87,0.2582859082405508
88,0.2582859082405509
89,0.2582859082405508
90,0.2582859082405509
91,0.2582859082405508
92,0.2582859082405509
93,0.2582859082405508
94,0.2582859082405509
95,0.2582859082405508
96,0.2582859082405509
97,0.2582859082405508
98,0.2582859082405509
99,0.2582859082405508
100,0.2582859082405509
101,0.2582859082405508
102,0.2582859082405509
103,0.2582859082405508
104,0.2582859082405509
105,0.2582859082405508
106,0.2582859082405509
107,0.2582859082405508
108,0.2582859082405509
109,0.2582859082405508
110,0.2582859082405509
111,0.2582859082405508
112,0.2582859082405509
113,0.2582859082405508
114,0.2582859082405509
115,0.2582859082405508
116,0.2582859082405509
117,0.2582859082405508
118,0.2582859082405509
119,0.2582859082405508
120,0.2582859082405509
121,0.2582859082405508
122,0.2582859082405509
123,0.2582859082405508
124,0.2582859082405509
125,0.2582859082405508
126,0.2582859082405509
127,0.2582859082405508
128,0.2582859082405509
129,0.2582859082405508
130,0.2582859082405509
131,0.2582859082405508
132,0.2582859082405509
133,0.2582859082405508
134,0.2582859082405509
135,0.2582859082405508
136,0.2582859082405509
137,0.2582859082405508
138,0.2582859082405509
139,0.2582859082405508
140,0.2582859082405509
141,0.2582859082405508
142,0.2582859082405509
143,0.2582859082405508
144,0.2582859082405509
145,0.2582859082405508
146,0.2582859082405509
147,0.2582859082405508
148,0.2582859082405509
149,0.2582859082405508
150,0.2582859082405509
151,0.2582859082405508
152,0.2582859082405509
153,0.2582859082405508
154,0.2582859082405509
155,0.2582859082405508
156,0.2582859082405509
157,0.2582859082405508
158,0.2582859082405509
159,0.2582859082405508
160,0.2582859082405509
161,0.2582859082405508
162,0.2582859082405509
163,0.2582859082405508
164,0.2582859082405509
165,0.2582859082405508
166,0.2582859082405509
167,0.2582859082405508
168,0.2582859082405509
169,0.2582859082405508
170,0.2582859082405509
171,0.2582859082405508
172,0.2582859082405509
173,0.2582859082405508
174,0.2582859082405509
175,0.2582859082405508
176,0.2582859082405509
177,0.2582859082405508
178,0.2582859082405509
179,0.2582859082405508
180,0.2582859082405509
181,0.2582859082405508
182,0.2582859082405509
183,0.2582859082405508
184,0.2582859082405509
185,0.2582859082405508
186,0.2582859082405509
187,0.2582859082405508
188,0.2582859082405509
189,0.2582859082405508
190,0.2582859082405509
191,0.2582859082405508
192,0.2582859082405509
193,0.2582859082405508
194,0.2582859082405509
195,0.2582859082405508
196,0.2582859082405509
197,0.2582859082405508
198,0.2582859082405509
199,0.2582859082405508
200,0.2582859082405509
201,0.2582859082405508
202,0.2582859082405509
203,0.2582859082405508
204,0.2582859082405509
205,0.2582859082405508
206,0.2582859082405509
207,0.2582859082405508
208,0.2582859082405509
209,0.2582859082405508
210,0.2582859082405509
211,0.2582859082405508
212,0.2582859082405509
213,0.2582859082405508
214,0.2582859082405509
215,0.2582859082405508
216,0.2582859082405509
217,0.2582859082405508
218,0.2582859082405509
219,0.2582859082405508
220,0.2582859082405509
221,0.2582859082405508
222,0.2582859082405509
223,0.2582859082405508
224,0.2582859082405509
225,0.2582859082405508
226,0.2582859082405509
227,0.2582859082405508
228,0.2582859082405509
229,0.2582859082405508
230,0.2582859082405509
231,0.2582859082405508
232,0.2582859082405509
233,0.2582859082405508
234,0.2582859082405509
235,0.2582859082405508
236,0.2582859082405509
237,0.2582859082405508
238,0.2582859082405509
239,0.2582859082405508
240,0.2582859082405509
241,0.2582859082405508
242,0.2582859082405509
243,0.2582859082405508
244,0.2582859082405509
245,0.2582859082405508
246,0.2582859082405509
247,0.2582859082405508
248,0.2582859082405509
249,0.2582859082405508
250,0.2582859082405509
251,0.2582859082405508
252,0.2582859082405509
253,0.2582859082405508
254,0.2582859082405509
255,0.2582859082405508
256,0.2582859082405509
257,0.2582859082405508
258,0.2582859082405509
259,0.2582859082405508
260,0.2582859082405509
261,0.2582859082405508
262,0.2582859082405509
263,0.2582859082405508
264,0.2582859082405509
265,0.2582859082405508
266,0.2582859082405509
267,0.2582859082405508
268,0.2582859082405509
269,0.2582859082405508
270,0.2582859082405509
271,0.2582859082405508
272,0.2582859082405509
273,0.2582859082405508
274,0.2582859082405509
275,0.2582859082405508
276,0.2582859082405509
277,0.2582859082405508
278,0.2582859082405509
279,0.2582859082405508
280,0.2582859082405509
281,0.2582859082405508
282,0.2582859082405509
283,0.2582859082405508
284,0.2582859082405509
285,0.2582859082405508
286,0.2582859082405509
287,0.2582859082405508
288,0.2582859082405509
289,0.2582859082405508
290,0.2582859082405509
