1,0.47324958692803454
2,0.4705045060496852
3,0.30831319316552197
4,0.26033674331850093
5,0.260324759809383
6,0.2603132040152875
7,0.26030206495341734
8,0.2602913311513771
9,0.2602809907682435
10,0.26027103170423427
11,0.26026144169908466
12,0.26025220841944974
13,0.2602433195357806
14,0.260234762789251
15,0.26022652604937774
16,0.2602185973630381
17,0.2602109649955965
18,0.26020361746487
19,0.2601965435686351
20,0.2601897324063735
21,0.2601831733958972
22,0.2601768562854737
23,0.26017077116201903
24,0.26016490845588336
25,0.26015925894270614
26,0.2601538137427759
27,0.2601485643182851
28,0.2601435024688255
29,0.26013862032543456
30,0.26013391034346783
31,0.26012936529452907
32,0.26012497825767694
33,0.2601207426100775
34,0.2601166520172694
35,0.26011270042316537
36,0.2601088820399094
37,0.26010519133768206
38,0.2601016230345374
39,0.26009817208633246
40,0.2600948336768097
41,0.26009160320787245
42,0.2600884762900903
43,0.2600854487334603
44,0.26008251653844816
45,0.2600796758873181
46,0.2600769231357704
47,0.2600742548048831
48,0.26007166757336936
49,0.2600691582701451
50,0.26006672386720747
51,0.2600643614728163
52,0.2600620683249787
53,0.2600598417852222
54,0.26005767933265783
55,0.2600555785583141
56,0.26005353715974167
57,0.26005155293587423
58,0.26004962378213725
59,0.2600477476857954
60,0.26004592272152616
61,0.2600441470472154
62,0.26004241889995877
63,0.2600407365922632
64,0.26003909850843915
65,0.2600375031011749
66,0.26003594888828035
67,0.26003443444959834
68,0.2600329584240702
69,0.2600315195069502
70,0.2600301164471603
71,0.2600287480447798
72,0.2600274131486606
73,0.2600261106541635
74,0.260024839501008
75,0.2600235986712324
76,0.260022387187253
77,0.2600212041100241
78,0.2600200485372877
79,0.2600189196019127
80,0.26001781647031413
81,0.26001673834095307
82,0.260015684442911
83,0.26001465403453194
84,0.2600136464021339
85,0.26001266085878294
86,0.2600116967431266
87,0.26001075341828356
88,0.2600098302707889
89,0.26000892670958825
90,0.260008042165082
91,0.26000717608821455
92,0.26000632794960554
93,0.260005497238726
94,0.2600046834631091
95,0.26000388614760156
96,0.2600031048336474
97,0.2600023390786079
98,0.26000158845510996
99,0.26000085255042743
100,0.26000013096588864
101,0.2599994233163137
102,0.25999872922947354
103,0.2599980483455775
104,0.25999738031678127
105,0.2599967248067189
106,0.2599960814900537
107,0.2599954500520501
108,0.25999483018816594
109,0.25999422160365904
110,0.25999362401321546
111,0.2599930371405895
112,0.2599924607182638
113,0.25999189448711957
114,0.2599913381961248
115,0.2599907916020336
116,0.2599902544690989
117,0.2599897265687979
118,0.25998920767956674
119,0.25998869758655035
120,0.2599881960813593
121,0.25998770296183754
122,0.25998721803183983
123,0.25998674110101955
124,0.2599862719846227
125,0.2599858105032929
126,0.259985356482882
127,0.2599849097542698
128,0.2599844701531906
129,0.2599840375200657
130,0.2599836116998447
131,0.25998319254185004
132,0.25998277989963076
133,0.2599823736308199
134,0.2599819735969979
135,0.2599815796635614
136,0.25998119169959755
137,0.25998080957776176
138,0.2599804331741619
139,0.2599800623682456
140,0.2599796970426917
141,0.25997933708330745
142,0.2599789823789267
143,0.2599786328213148
144,0.259978288305075
145,0.2599779487275589
146,0.25997761398878083
147,0.2599772839913344
148,0.2599769586403126
149,0.25997663784323
150,0.2599763215099491
151,0.2599760095526085
152,0.25997570188555275
153,0.25997539842526707
154,0.2599750990903112
155,0.2599748038012592
156,0.2599745124806374
157,0.25997422505286777
158,0.25997394144421193
159,0.2599736615827168
160,0.25997338539816184
161,0.25997311282201
162,0.25997284378735813
163,0.2599725782288897
164,0.25997231608283056
165,0.2599720572869034
166,0.2599718017802862
167,0.25997154950357143
168,0.2599713003987249
169,0.2599710544090493
170,0.25997081147914486
171,0.2599705715548756
172,0.2599703345833325
173,0.2599701005128011
174,0.2599698692927282
175,0.259969640873691
176,0.2599694152073652
177,0.25996919224649706
178,0.25996897194487356
179,0.2599687542572951
180,0.25996853913954815
181,0.25996832654837976
182,0.259968116441472
183,0.25996790877741716
184,0.2599677035156942
185,0.2599675006166462
186,0.2599673000414574
187,0.25996710175213195
188,0.2599669057114723
189,0.25996671188305964
190,0.2599665202312338
191,0.25996633072107356
192,0.2599661433183791
193,0.25996595798965266
194,0.2599657747020827
195,0.25996559342352477
196,0.2599654141224868
197,0.2599652367681118
198,0.2599650613301633
199,0.2599648877790094
200,0.2599647160856085
201,0.25996454622149484
202,0.2599643781587649
203,0.2599642118700633
204,0.25996404732857015
205,0.2599638845079884
206,0.2599637233825313
207,0.25996356392691017
208,0.2599634061163229
209,0.2599632499264426
210,0.25996309533340617
211,0.2599629423138041
212,0.2599627908446696
213,0.25996264090346866
214,0.2599624924680896
215,0.2599623455168343
216,0.2599622000284072
217,0.25996205598190864
218,0.25996191335682367
219,0.25996177213301425
220,0.2599616322907115
221,0.2599614938105062
222,0.25996135667334175
223,0.25996122086050555
224,0.25996108635362275
225,0.25996095313464707
226,0.25996082118585545
227,0.2599606904898392
228,0.25996056102949844
229,0.2599604327880358
230,0.25996030574894785
231,0.2599601798960211
232,0.25996005521332466
233,0.25995993168520426
234,0.2599598092962766
235,0.2599596880314235
236,0.25995956787578645
237,0.25995944881476124
238,0.25995933083399225
239,0.25995921391936755
240,0.25995909805701417
241,0.25995898323329286
242,0.2599588694347928
243,0.25995875664832785
244,0.2599586448609309
245,0.2599585340598511
246,0.2599584242325471
247,0.2599583153666849
248,0.25995820745013304
249,0.2599581004709581
250,0.2599579944174207
251,0.2599578892779723
252,0.25995778504125117
253,0.2599576816960791
254,0.259957579231456
255,0.25995747763655896
256,0.2599573769007368
257,0.2599572770135077
258,0.2599571779645558
259,0.2599570797437279
260,0.2599569823410303
261,0.2599568857466252
262,0.2599567899508288
263,0.2599566949441076
264,0.259956600717076
265,0.25995650726049274
266,0.25995641456525925
267,0.2599563226224163
268,0.2599562314231411
269,0.2599561409587452
270,0.2599560512206723
271,0.2599559622004954
272,0.259955873889914
273,0.2599557862807528
274,0.259955699364958
275,0.259955613134597
276,0.2599555275818537
277,0.2599554426990289
278,0.2599553584785364
279,0.2599552749129022
280,0.2599551919947606
281,0.2599551097168553
282,0.2599550280720342
283,0.2599549470532494
284,0.2599548666535557
285,0.2599547868661068
286,0.25995470768415546
287,0.2599546291010515
288,0.2599545511102387
289,0.2599544737052552
290,0.2599543968797299
291,0.2599543206273819
292,0.25995424494201924
293,0.25995416981753694
294,0.25995409524791535
295,0.2599540212272184
296,0.2599539477495932
297,0.2599538748092676
298,0.25995380240055005
299,0.2599537305178259
300,0.2599536591555595
301,0.25995358830828963
302,0.2599535179706301
303,0.2599534481372678
304,0.25995337880296215
305,0.2599533099625433
306,0.2599532416109108
307,0.2599531737430326
308,0.259953106353945
309,0.25995303943874937
310,0.25995297299261355
311,0.2599529070107683
312,0.25995284148850867
313,0.25995277642119063
314,0.25995271180423246
315,0.25995264763311154
316,0.259952583903365
317,0.25995252061058766
318,0.2599524577504321
319,0.25995239531860653
320,0.25995233331087564
321,0.25995227172305774
322,0.2599522105510253
323,0.2599521497907036
324,0.25995208943806974
325,0.2599520294891522
326,0.25995196994002984
327,0.2599519107868314
328,0.25995185202573423
329,0.2599517936529634
330,0.25995173566479185
331,0.25995167805753905
332,0.25995162082757034
333,0.25995156397129615
334,0.25995150748517165
335,0.25995145136569564
336,0.25995139560941016
337,0.2599513402129
338,0.2599512851727911
339,0.25995123048575164
340,0.2599511761484896
341,0.2599511221577531
342,0.25995106851033095
343,0.25995101520304864
344,0.2599509622327715
345,0.2599509095964018
346,0.25995085729087924
347,0.2599508053131803
348,0.25995075366031706
349,0.25995070232933737
350,0.2599506513173241
351,0.25995060062139425
352,0.25995055023869973
353,0.25995050016642446
354,0.25995045040178705
355,0.25995040094203753
356,0.2599503517844582
357,0.25995030292636323
358,0.25995025436509783
359,0.2599502060980379
360,0.25995015812258926
361,0.2599501104361884
362,0.2599500630363004
363,0.2599500159204201
364,0.25994996908606993
365,0.25994992253080207
366,0.2599498762521949
367,0.25994983024785473
368,0.25994978451541584
369,0.2599497390525377
370,0.259949693856907
371,0.2599496489262365
372,0.25994960425826386
373,0.25994955985075213
374,0.25994951570148955
375,0.25994947180828865
376,0.2599494281689861
377,0.25994938478144297
378,0.25994934164354305
379,0.25994929875319417
380,0.2599492561083263
381,0.2599492137068925
382,0.25994917154686814
383,0.25994912962625044
384,0.2599490879430582
385,0.2599490464953318
386,0.25994900528113296
387,0.25994896429854386
388,0.25994892354566773
389,0.2599488830206275
390,0.2599488427215667
391,0.259948802646648
392,0.2599487627940544
393,0.25994872316198736
394,0.2599486837486682
395,0.25994864455233613
396,0.25994860557124927
397,0.25994856680368406
398,0.2599485282479352
399,0.2599484899023148
400,0.2599484517651525
401,0.25994841383479583
402,0.25994837610960875
403,0.2599483385879728
404,0.2599483012682858
405,0.259948264148962
406,0.25994822722843236
407,0.25994819050514334
408,0.2599481539775578
409,0.2599481176441543
410,0.25994808150342624
411,0.25994804555388284
412,0.25994800979404814
413,0.2599479742224614
414,0.2599479388376764
415,0.2599479036382611
416,0.2599478686227983
417,0.25994783378988523
418,0.25994779913813204
419,0.2599477646661642
420,0.25994773037261953
421,0.25994769625615
422,0.25994766231542055
423,0.2599476285491095
424,0.2599475949559085
425,0.25994756153452153
426,0.2599475282836654
427,0.25994749520206933
428,0.25994746228847565
429,0.259947429541638
430,0.2599473969603227
431,0.25994736454330747
432,0.2599473322893824
433,0.25994730019734924
434,0.2599472682660206
435,0.25994723649422125
436,0.2599472048807869
437,0.2599471734245645
438,0.2599471421244115
439,0.25994711097919676
440,0.2599470799877998
441,0.25994704914911076
442,0.25994701846202994
