1,0.27431088806383236
2,0.26325978440547126
3,0.2625779591112686
4,0.26187661341903484
5,0.2611761525823424
6,0.2604983504342342
7,0.2598626315511963
8,0.25928314212453496
9,0.25876749276397454
10,0.2583171954553867
11,0.257929171627207
12,0.25759756046427684
13,0.25731528198447834
14,0.2570751319746382
15,0.25687041911507913
16,0.2566952577034927
17,0.2565446421789342
18,0.25641440289526723
19,0.2563011086758936
20,0.25620195412081437
21,0.2561146511146439
22,0.2560373329323051
23,0.2559684733488885
24,0.25590682021777755
25,0.2558513414115789
26,0.2602217969586452
27,0.26028395139614824
28,0.2602741197301054
29,0.2602646981024355
30,0.26025566851679544
31,0.2602470083990028
32,0.2602386967975132
33,0.2602307142460234
34,0.2602230426392608
35,0.2602156651205675
36,0.26020856598003894
37,0.26020173056213153
38,0.26019514518175024
39,0.2601887970479691
40,0.2601826741946001
41,0.26017676541693535
42,0.26017106021404673
43,0.2601655487361004
44,0.2601602217361997
45,0.2601550705263195
46,0.2601500869369462
47,0.2601452632800713
48,0.26014059231522896
49,0.2601360672182945
50,0.2601316815527923
51,0.26012742924348803
52,0.2601233045520584
53,0.2601193020546547
54,0.2601154166211968
55,0.2601116433962436
56,0.26010797778130657
57,0.26010441541848467
58,0.26010095217530543
59,0.2600975841306755
60,0.26009430756184754
61,0.26009111893231984
62,0.26008801488059413
63,0.26008499220972053
64,0.2600820478775723
65,0.26007917898778443
66,0.2600763827813142
67,0.2600736566285676
68,0.26007099802205186
69,0.2600684045695163
70,0.26006587398753866
71,0.2600634040955311
72,0.2600609928101286
73,0.26005863813993635
74,0.26005633818060764
75,0.2600540911102296
76,0.26005189518499466
77,0.26004974873513764
78,0.26004765016111875
79,0.2600455979300389
80,0.2600435905722656
81,0.2600416266782629
82,0.26003970489560335
83,0.2600378239261563
84,0.2600359825234367
85,0.2600341794901066
86,0.26003241367561725
87,0.26003068397398565
88,0.26002898932169155
89,0.26002732869569295
90,0.26002570111155215
91,0.260024105621659
92,0.26002254131355373
93,0.26002100730833777
94,0.26001950275916913
95,0.26001802684983716
96,0.2600165787934117
97,0.26001515783096235
98,0.2600137632303424
99,0.26001239428503553
100,0.2600110503130623
101,0.26000973065593846
102,0.2600084346776871
103,0.2600071617639007
104,0.2600059113208457
105,0.26000468277461447
106,0.2600034755703154
107,0.2600022891713046
108,0.2600011230584501
109,0.2599999767294355
110,0.2599988496980936
111,0.25999774149377125
112,0.25999665166072344
113,0.2599955797575376
114,0.2599945253565801
115,0.2599934880434716
116,0.25999246741658366
117,0.2599914630865579
118,0.2599904746758498
119,0.25998950181828623
120,0.2599885441586491
121,0.25998760135227234
122,0.25998667306465945
123,0.25998575897111414
124,0.25998485875639027
125,0.2599839721143543
126,0.259983098747662
127,0.25998223836745077
128,0.25998139069304066
129,0.2599805554516531
130,0.25997973237813526
131,0.25997892121470195
132,0.25997812171068163
133,0.2599773336222773
134,0.2599765567123355
135,0.25997579075012206
136,0.25997503551111256
137,0.25997429077678413
138,0.2599735563344198
139,0.25997283197691945
140,0.2599721175026179
141,0.25997141271510843
142,0.2599707174230764
143,0.25997003144013636
144,0.25996935458467507
145,0.25996868667970374
146,0.25996802755271153
147,0.25996737703552714
148,0.2599667349641843
149,0.25996610117879365
150,0.2599654755234168
151,0.25996485784594797
152,0.2599642479979963
153,0.25996364583477655
154,0.2599630512149995
155,0.25996246400076956
156,0.2599618840574843
157,0.2599613112537365
158,0.2599607454612227
159,0.2599601865546525
160,0.2599596344116616
161,0.25995908891272584
162,0.2599585499410848
163,0.2599580173826573
164,0.25995749112597066
165,0.25995697106208465
166,0.25995645708452203
167,0.25995594908919917
168,0.25995544697436024
169,0.25995495064051294
170,0.25995445999036704
171,0.2599539749287741
172,0.25995349536266954
173,0.2599530212010155
174,0.2599525523547487
175,0.25995208873672565
176,0.2599516302616723
177,0.25995117684613567
178,0.259950728408434
179,0.25995028486861244
180,0.2599498461483973
181,0.2599494121711518
182,0.25994898286183554
183,0.2599485581469614
184,0.25994813795455846
185,0.2599477222141309
186,0.25994731085662354
187,0.2599469038143821
188,0.25994650102112177
189,0.2599461024118908
190,0.259945707923038
191,0.2599453174921809
192,0.2599449310581745
193,0.25994454856108057
194,0.2599441699421398
195,0.2599437951437401
196,0.25994342410939303
197,0.25994305678370383
198,0.2599426931123458
199,0.2599423330420365
200,0.25994197652051126
201,0.2599416234964991
202,0.25994127391970145
203,0.2599409277407674
204,0.25994058491127287
205,0.2599402453836979
206,0.25993990911140735
207,0.25993957604862944
208,0.2599392461504362
209,0.2599389193727254
210,0.25993859567220007
211,0.25993827500635214
212,0.25993795733344255
213,0.2599376426124867
214,0.2599373308032354
215,0.25993702186616024
216,0.2599367157624353
217,0.2599364124539259
218,0.2599361119031683
219,0.25993581407335925
220,0.25993551892833944
221,0.2599352264325807
222,0.25993493655117145
223,0.25993464924980425
224,0.2599343644947623
225,0.25993408225290754
226,0.2599338024916679
227,0.2599335251790259
228,0.25993325028350606
229,0.2599329777741639
230,0.25993270762057596
231,0.2599324397928277
232,0.2599321742615035
233,0.2599319109976762
234,0.2599316499728967
235,0.25993139115918573
236,0.25993113452902217
237,0.2599308800553359
238,0.2599306277114966
239,0.25993037747130654
240,0.2599301293089908
241,0.2599298831991899
242,0.25992963911695116
243,0.2599293970377195
244,0.25992915693733093
245,0.2599289187920049
246,0.2599286825783366
247,0.25992844827328804
248,0.2599282158541836
249,0.25992798529870126
250,0.25992775658486605
251,0.25992752969104405
252,0.25992730459593466
253,0.2599270812785656
254,0.25992685971828583
255,0.25992663989475934
256,0.2599264217879595
257,0.2599262053781639
258,0.25992599064594724
259,0.2599257775721772
260,0.2599255661380081
261,0.2599253563248749
262,0.25992514811449086
263,0.25992494148883893
264,0.2599247364301691
265,0.2599245329209929
266,0.25992433094407735
267,0.259924130482443
268,0.25992393151935705
269,0.25992373403833036
270,0.2599235380231117
271,0.2599233434576843
272,0.25992315032626234
273,0.259922958613285
274,0.2599227683034148
275,0.25992257938153107
276,0.2599223918327286
277,0.259922205642312
278,0.25992202079579396
279,0.2599218372788891
280,0.2599216550775123
281,0.2599214741777753
282,0.25992129456598195
283,0.2599211162286258
284,0.2599209391523876
285,0.2599207633241308
286,0.2599205887308989
287,0.2599204153599119
288,0.2599202431985646
289,0.25992007223442315
290,0.25991990245522084
291,0.2599197338488575
292,0.2599195664033945
293,0.2599194001070539
294,0.25991923494821517
295,0.2599190709154119
296,0.2599189079973301
297,0.25991874618280614
298,0.2599185854608221
299,0.259918425820506
300,0.259918267251128
301,0.2599181097420981
302,0.2599179532829647
303,0.2599177978634119
304,0.2599176434732565
305,0.2599174901024473
306,0.2599173377410622
307,0.25991718637930605
308,0.25991703600750915
309,0.2599168866161249
310,0.2599167381957281
311,0.2599165907370121
312,0.25991644423078897
313,0.25991629866798555
314,0.2599161540396427
315,0.2599160103369133
316,0.25991586755106055
317,0.2599157256734567
318,0.25991558469558035
319,0.2599154446090156
320,0.25991530540545055
321,0.25991516707667534
322,0.25991502961457974
323,0.2599148930111539
324,0.2599147572584853
325,0.2599146223487562
326,0.259914488274245
327,0.25991435502732274
328,0.2599142226004523
329,0.2599140909861869
330,0.2599139601771686
331,0.2599138301661284
332,0.25991370094588173
333,0.25991357250933206
334,0.2599134448494637
335,0.25991331795934647
336,0.25991319183212946
337,0.2599130664610437
338,0.25991294183939884
339,0.259912817960582
340,0.2599126948180581
341,0.25991257240536764
342,0.25991245071612484
343,0.25991232974401907
344,0.25991220948281146
345,0.2599120899263341
346,0.2599119710684912
347,0.25991185290325464
348,0.2599117354246667
349,0.25991161862683543
350,0.2599115025039371
351,0.2599113870502124
352,0.259911272259968
353,0.25991115812757326
354,0.25991104464746134
355,0.259910931814127
356,0.259910819622127
357,0.2599107080660777
358,0.25991059714065523
359,0.25991048684059487
360,0.2599103771606895
361,0.25991026809578943
362,0.259910159640801
363,0.2599100517906866
364,0.25990994454046334
365,0.259909837885202
366,0.2599097318200275
367,0.2599096263401175
368,0.2599095214407001
369,0.2599094171170572
370,0.2599093133645193
371,0.25990921017846746
372,0.25990910755433216
373,0.2599090054875921
374,0.25990890397377503
375,0.2599088030084545
376,0.2599087025872519
377,0.25990860270583444
378,0.2599085033599143
379,0.25990840454524955
380,0.25990830625764194
381,0.25990820849293744
382,0.25990811124702445
383,0.259908014515835
384,0.2599079182953422
385,0.25990782258156164
386,0.259907727370549
387,0.25990763265840183
388,0.2599075384412558
389,0.25990744471528765
390,0.25990735147671257
391,0.2599072587217836
392,0.259907166446793
393,0.25990707464806956
394,0.2599069833219795
395,0.25990689246492554
396,0.2599068020733465
397,0.259906712143717
398,0.25990662267254705
399,0.25990653365638083
400,0.2599064450917975
401,0.2599063569754099
402,0.25990626930386507
403,0.25990618207384153
404,0.25990609528205244
405,0.2599060089252415
406,0.2599059230001859
407,0.25990583750369356
408,0.2599057524326035
409,0.25990566778378543
410,0.2599055835541402
411,0.2599054997405977
412,0.2599054163401178
413,0.25990533334969085
414,0.2599052507663342
415,0.25990516858709534
416,0.259905086809049
417,0.2599050054292985
418,0.25990492444497515
419,0.2599048438532359
420,0.2599047636512668
421,0.2599046838362792
422,0.25990460440551083
423,0.2599045253562259
424,0.2599044466857144
425,0.259904368391291
426,0.25990429047029645
427,0.2599042129200957
428,0.2599041357380778
429,0.25990405892165824
430,0.25990398246827334
431,0.2599039063753856
432,0.25990383064047995
433,0.2599037552610643
434,0.25990368023466986
435,0.25990360555885095
436,0.25990353123118276
437,0.25990345724926456
438,0.25990338361071574
439,0.25990331031317876
440,0.2599032373543163
441,0.25990316473181285
442,0.25990309244337345
443,0.2599030204867242
444,0.25990294885961174
445,0.25990287755980174
446,0.2599028065850821
447,0.259902735933258
448,0.25990266560215586
449,0.25990259558962064
450,0.25990252589351653
451,0.2599024565117275
452,0.25990238744215466
453,0.2599023186827192
454,0.2599022502313594
455,0.259902182086032
456,0.2599021142447119
457,0.2599020467053916
458,0.2599019794660811
459,0.25990191252480754
460,0.2599018458796151
461,0.2599017795285658
462,0.2599017134697368
463,0.25990164770122354
464,0.25990158222113724
465,0.25990151702760467
466,0.2599014521187695
467,0.2599013874927911
468,0.25990132314784475
469,0.25990125908212064
470,0.25990119529382444
471,0.25990113178117824
472,0.25990106854241785
473,0.25990100557579415
474,0.25990094287957394
475,0.25990088045203674
476,0.259900818291478
477,0.25990075639620724
478,0.25990069476454764
479,0.2599006333948362
480,0.2599005722854245
481,0.2599005114346784
482,0.25990045084097513
483,0.2599003905027071
484,0.25990033041828015
485,0.25990027058611215
486,0.2599002110046346
487,0.2599001516722924
488,0.25990009258754193
489,0.2599000337488529
490,0.25989997515470836
491,0.2598999168036022
492,0.2598998586940412
493,0.25989980082454484
494,0.25989974319364384
495,0.259899685799881
496,0.2598996286418107
497,0.2598995717180001
498,0.25989951502702574
499,0.25989945856747787
500,0.25989940233795605
501,0.2598993463370729
502,0.25989929056345057
503,0.2598992350157227
504,0.2598991796925343
505,0.25989912459254044
506,0.25989906971440707
507,0.2598990150568107
508,0.25989896061843837
509,0.2598989063979875
510,0.25989885239416494
511,0.2598987986056888
512,0.259898745031287
513,0.25989869166969676
514,0.2598986385196655
515,0.25989858557995066
516,0.25989853284931913
517,0.2598984803265471
518,0.25989842801042
519,0.25989837589973447
520,0.2598983239932933
521,0.2598982722899114
522,0.2598982207884114
523,0.25989816948762473
524,0.2598981183863925
525,0.25989806748356453
526,0.2598980167779989
527,0.25989796626856265
528,0.25989791595413186
529,0.2598978658335904
530,0.25989781590583116
531,0.2598977661697549
532,0.259897716624271
533,0.25989766726829755
534,0.25989761810075895
535,0.25989756912059
536,0.25989752032673186
537,0.25989747171813443
538,0.25989742329375454
539,0.2598973750525579
540,0.25989732699351714
541,0.25989727911561283
542,0.2598972314178327
543,0.25989718389917266
544,0.25989713655863494
545,0.25989708939523054
546,0.25989704240797634
547,0.25989699559589735
548,0.25989694895802545
549,0.2598969024933993
550,0.25989685620106556
551,0.259896810080076
552,0.25989676412949114
553,0.2598967183483775
554,0.2598966727358082
555,0.25989662729086355
556,0.2598965820126302
557,0.259896536900201
558,0.2598964919526764
559,0.25989644716916216
560,0.2598964025487713
561,0.2598963580906222
562,0.2598963137938411
563,0.259896269657559
564,0.2598962256809136
565,0.259896181863049
566,0.2598961382031147
567,0.25989609470026714
568,0.25989605135366806
569,0.2598960081624853
570,0.2598959651258922
571,0.2598959222430687
572,0.2598958795132
573,0.25989583693547685
574,0.25989579450909595
575,0.2598957522332597
576,0.25989571010717577
577,0.25989566813005766
578,0.2598956263011238
579,0.25989558461959866
580,0.25989554308471147
581,0.25989550169569775
582,0.259895460451797
583,0.2598954193522551
584,0.2598953783963224
585,0.2598953375832553
586,0.2598952969123136
587,0.2598952563827637
588,0.2598952159938768
589,0.25989517574492854
590,0.25989513563519967
591,0.2598950956639759
592,0.2598950558305484
593,0.2598950161342119
594,0.25989497657426636
595,0.25989493715001744
596,0.25989489786077397
597,0.25989485870585033
598,0.25989481968456585
599,0.2598947807962434
600,0.25989474204021085
601,0.25989470341580106
602,0.2598946649223503
603,0.2598946265592005
604,0.2598945883256968
605,0.2598945502211895
606,0.2598945122450327
607,0.25989447439658503
608,0.25989443667521017
609,0.2598943990802741
610,0.25989436161114826
611,0.2598943242672085
612,0.25989428704783385
613,0.25989424995240773
614,0.25989421298031806
615,0.2598941761309564
616,0.25989413940371814
617,0.2598941027980026
618,0.2598940663132139
619,0.2598940299487584
620,0.259893993704048
621,0.25989395757849687
622,0.25989392157152424
623,0.2598938856825525
624,0.25989384991100795
625,0.25989381425632013
626,0.2598937787179227
627,0.2598937432952529
628,0.2598937079877514
629,0.2598936727948628
630,0.2598936377160347
631,0.2598936027507187
632,0.2598935678983698
633,0.25989353315844627
634,0.2598934985304099
635,0.25989346401372576
636,0.25989342960786266
637,0.2598933953122927
638,0.25989336112649103
639,0.25989332704993606
640,0.2598932930821099
641,0.25989325922249734
642,0.2598932254705874
643,0.25989319182587095
644,0.2598931582878432
645,0.25989312485600163
646,0.25989309152984763
647,0.25989305830888504
648,0.2598930251926212
649,0.2598929921805662
650,0.25989295927223355
651,0.25989292646713935
652,0.25989289376480296
653,0.2598928611647466
654,0.2598928286664954
655,0.25989279626957773
656,0.2598927639735243
657,0.259892731777869
658,0.2598926996821484
659,0.25989266768590236
660,0.25989263578867305
661,0.2598926039900057
662,0.2598925722894483
663,0.2598925406865513
664,0.2598925091808683
665,0.2598924777719551
666,0.25989244645937043
667,0.2598924152426761
668,0.25989238412143606
669,0.25989235309521685
670,0.259892322163588
671,0.2598922913261211
672,0.2598922605823905
673,0.25989222993197364
674,0.2598921993744497
675,0.25989216890940087
676,0.25989213853641147
677,0.2598921082550689
678,0.2598920780649623
679,0.2598920479656834
680,0.2598920179568271
681,0.25989198803798896
682,0.25989195820876954
683,0.259891928468769
684,0.2598918988175915
685,0.25989186925484364
686,0.2598918397801333
687,0.2598918103930717
688,0.2598917810932715
689,0.2598917518803475
690,0.2598917227539179
