1,0.43032375143875756
2,0.41705865137391257
3,0.39447915108328013
4,0.35326151261036
5,0.29617650518443184
6,0.2606411063252572
7,0.2523059778952821
8,0.25133631375288157
9,0.2513053204702556
10,0.2513272979850254
11,0.25133202381155073
12,0.25132632705040514
13,0.25131646323878115
14,0.2513050852555986
15,0.2512931750439521
16,0.2512810818427116
17,0.25126892832979225
18,0.25125675751168186
19,0.2512445845504341
20,0.2512324148974691
21,0.25122025062000325
22,0.2512080926058871
23,0.2511959413317099
24,0.2511837971303306
25,0.2511716602840375
26,0.2511595310569751
27,0.2511474097064191
28,0.2511352964866842
29,0.2511231916504649
30,0.25111109544928595
31,0.2510990081336397
32,0.2510869299530175
33,0.2510748611559013
34,0.25106280198974473
35,0.2510507527009472
36,0.25103871353482976
37,0.2510266847356095
38,0.2510146665463717
39,0.25100265920904663
40,0.2509906629643838
41,0.2509786780519265
42,0.2509667047099877
43,0.2509547431756261
44,0.2509427936846229
45,0.25093085647145646
46,0.25091893176928204
47,0.25090701980990626
48,0.2508951208237677
49,0.250883235039912
50,0.25087136268597304
51,0.2508595039881498
52,0.25084765917118734
53,0.2508358284583537
54,0.25082401207142413
55,0.2508122102306571
56,0.25080042315477824
57,0.25078865106096
58,0.2507768941648043
59,0.25076515268032373
60,0.2507534268199245
61,0.2507417167943892
62,0.25073002281286033
63,0.25071834508282326
64,0.2507066838100919
65,0.2506950391987909
66,0.25068341145134404
67,0.2506718007684552
68,0.25066020734909883
69,0.2506486313905027
70,0.250637073088136
71,0.25062553263569687
72,0.2506140102250989
73,0.2506025060464599
74,0.2505910202880895
75,0.2505795531364784
76,0.250568104776288
77,0.2505566753903392
78,0.25054526515960307
79,0.25053387426319074
80,0.25052250287834515
81,0.25051115118043166
82,0.25049981934292975
83,0.2504885075374256
84,0.2504772159336049
85,0.25046594469924455
86,0.25045469400020703
87,0.25044346400043427
88,0.2504322548619412
89,0.25042106674481135
90,0.2504098998071898
91,0.25039875420528085
92,0.2503876300933426
93,0.25037652762368273
94,0.2503654469466566
95,0.2503543882106618
96,0.250343351562138
97,0.2503323371455622
98,0.2503213451034489
99,0.25031037557634667
100,0.25029942870283817
101,0.25028850461953883
102,0.25027760346109706
103,0.2502667253601914
104,0.2502558704475343
105,0.2502450388518707
106,0.2502342306999791
107,0.2502234461166725
108,0.2502126852248008
109,0.2502019481452511
110,0.2501912349969526
111,0.25018054589687583
112,0.2501698809600373
113,0.25015924029950287
114,0.2501486240263903
115,0.2501380322498729
116,0.2501274650771846
117,0.25011692261362234
118,0.25010640496255326
119,0.25009591222541744
120,0.2500854445017337
121,0.2500750018891054
122,0.25006458448322455
123,0.2500541923778813
124,0.2500438256649652
125,0.2500334844344759
126,0.2500231687745275
127,0.25001287877135575
128,0.25000261450932637
129,0.24999237607094146
130,0.24998216353684624
131,0.24997197698583873
132,0.2499618164948777
133,0.2499516821390887
134,0.24994157399177497
135,0.24993149212442456
136,0.24992143660672042
137,0.24991140750654822
138,0.24990140489000615
139,0.24989142882141538
140,0.24988147936332722
141,0.2498715565765348
142,0.24986166052008305
143,0.24985179125127738
144,0.24984194882569505
145,0.24983213329719534
146,0.24982234471793022
147,0.24981258313835417
148,0.24980284860723692
149,0.24979314117167173
150,0.24978346087708891
151,0.24977380776726632
152,0.24976418188433894
153,0.2497545832688133
154,0.24974501195957674
155,0.24973546799391078
156,0.24972595140750076
157,0.24971646223445026
158,0.24970700050729083
159,0.24969756625699552
160,0.24968815951298978
161,0.24967878030316543
162,0.24966942865389105
163,0.249660104590026
164,0.24965080813493132
165,0.2496415393104835
166,0.24963229813708643
167,0.24962308463368396
168,0.24961389881777343
169,0.24960474070541683
170,0.24959561031125552
171,0.24958650764852142
172,0.24957743272905103
173,0.24956838556329775
174,0.249559366160344
175,0.2495503745279166
176,0.2495414106723975
177,0.24953247459883762
178,0.24952356631097017
179,0.2495146858112234
180,0.2495058331007333
181,0.24949700817935702
182,0.24948821104568733
183,0.24947944169706307
184,0.24947070012958433
185,0.24946198633812425
186,0.24945330031634394
187,0.24944464205670322
188,0.2494360115504755
189,0.24942740878776049
190,0.24941883375749613
191,0.24941028644747368
192,0.24940176684434903
193,0.2493932749336567
194,0.2493848106998222
195,0.2493763741261754
196,0.24936796519496346
197,0.24935958388736376
198,0.24935123018349675
199,0.2493429040624384
200,0.2493346055022338
201,0.24932633447990962
202,0.2493180909714862
203,0.24930987495199142
204,0.24930168639547265
205,0.24929352527500964
206,0.2492853915627268
207,0.2492772852298061
208,0.24926920624649873
209,0.2492611545821389
210,0.24925313020515563
211,0.24924513308308427
212,0.24923716318257957
213,0.24922922046942825
214,0.2492213049085602
215,0.24921341646406092
216,0.24920555509918463
217,0.24919772077636387
218,0.24918991345722402
219,0.2491821331025939
220,0.24917437967251657
221,0.24916665312626346
222,0.24915895342234393
223,0.24915128051851776
224,0.24914363437180698
225,0.24913601493850593
226,0.24912842217419437
227,0.24912085603374742
228,0.24911331647134818
229,0.24910580344049715
230,0.249098316894025
231,0.24909085678410228
232,0.2490834230622511
233,0.24907601567935586
234,0.2490686345856743
235,0.2490612797308471
236,0.24905395106391023
237,0.24904664853330394
238,0.2490393720868837
239,0.2490321216719319
240,0.24902489723516594
241,0.2490176987227501
242,0.24901052608030505
243,0.24900337925291793
244,0.24899625818515286
245,0.24898916282106004
246,0.24898209310418654
247,0.24897504897758527
248,0.2489680303838245
249,0.2489610372649992
250,0.24895406956273763
251,0.24894712721821327
252,0.24894021017215345
253,0.24893331836484792
254,0.2489264517361587
255,0.2489196102255293
256,0.248912793771993
257,0.2489060023141826
258,0.24889923579033899
259,0.24889249413831965
260,0.24888577729560754
261,0.24887908519931973
262,0.24887241778621585
263,0.2488657749927074
264,0.2488591567548632
265,0.24885256300842198
266,0.24884599368879726
267,0.2488394487310864
268,0.2488329280700794
269,0.24882643164026585
270,0.24881995937584236
271,0.24881351121072318
272,0.24880708707854374
273,0.24880068691267188
274,0.24879431064621266
275,0.2487879582120181
276,0.24878162954269314
277,0.24877532457060297
278,0.24876904322788135
279,0.248762785446436
280,0.248756551157958
281,0.2487503402939265
282,0.24874415278561618
283,0.24873798856410584
284,0.24873184756028244
285,0.24872572970485002
286,0.24871963492833488
287,0.2487135631610931
288,0.24870751433331542
289,0.24870148837503628
290,0.24869548521613707
291,0.24868950478635465
292,0.2486835470152861
293,0.2486776118323959
294,0.24867169916702042
295,0.24866580894837606
296,0.2486599411055622
297,0.24865409556757023
298,0.24864827226328637
299,0.24864247112149904
300,0.24863669207090386
301,0.248630935040109
302,0.24862519995764062
303,0.24861948675194945
304,0.2486137953514135
305,0.24860812568434587
306,0.24860247767899796
307,0.24859685126356623
308,0.24859124636619606
309,0.24858566291498574
310,0.24858010083799487
311,0.248574560063245
312,0.24856904051872689
313,0.24856354213240497
314,0.24855806483222057
315,0.24855260854609793
316,0.24854717320194825
317,0.24854175872767426
318,0.2485363650511734
319,0.24853099210034388
320,0.24852563980308784
321,0.2485203080873152
322,0.2485149968809496
323,0.24850970611193018
324,0.24850443570821698
325,0.24849918559779371
326,0.24849395570867347
327,0.2484887459689007
328,0.24848355630655614
329,0.24847838664975996
330,0.24847323692667544
331,0.24846810706551206
332,0.24846299699453103
333,0.24845790664204614
334,0.24845283593642875
335,0.248447784806111
336,0.24844275317958858
337,0.24843774098542493
338,0.24843274815225286
339,0.24842777460877916
340,0.24842282028378787
341,0.24841788510614146
342,0.24841296900478638
343,0.24840807190875328
344,0.24840319374716258
345,0.24839833444922518
346,0.24839349394424662
347,0.24838867216162905
348,0.24838386903087467
349,0.2483790844815872
350,0.2483743184434762
351,0.24836957084635777
352,0.24836484162015876
353,0.24836013069491816
354,0.24835543800078894
355,0.24835076346804316
356,0.24834610702707088
357,0.24834146860838446
358,0.24833684814262158
359,0.24833224556054415
360,0.24832766079304416
361,0.2483230937711439
362,0.24831854442599807
363,0.2483140126888965
364,0.24830949849126602
365,0.24830500176467127
366,0.24830052244081835
367,0.24829606045155608
368,0.24829161572887729
369,0.24828718820492046
370,0.2482827778119731
371,0.2482783844824722
372,0.24827400814900566
373,0.24826964874431498
374,0.2482653062012959
375,0.2482609804530012
376,0.2482566714326405
377,0.2482523790735834
378,0.24824810330936042
379,0.24824384407366423
380,0.24823960130035094
381,0.24823537492344266
382,0.2482311648771266
383,0.24822697109575856
384,0.24822279351386378
385,0.24821863206613673
386,0.24821448668744434
387,0.24821035731282642
388,0.24820624387749535
389,0.24820214631684015
390,0.24819806456642468
391,0.24819399856199104
392,0.2481899482394589
393,0.2481859135349275
394,0.24818189438467636
395,0.2481778907251656
396,0.2481739024930391
397,0.24816992962512177
398,0.24816597205842397
399,0.24816202973014018
400,0.24815810257765053
401,0.24815419053852217
402,0.24815029355050855
403,0.24814641155155154
404,0.24814254447978226
405,0.24813869227352003
406,0.24813485487127504
407,0.24813103221174831
408,0.24812722423383143
409,0.24812343087660907
410,0.2481196520793577
411,0.24811588778154664
412,0.24811213792283984
413,0.24810840244309454
414,0.248104681282363
415,0.2481009743808931
416,0.2480972816791274
417,0.24809360311770506
418,0.24808993863746176
419,0.24808628817942988
420,0.24808265168483912
421,0.24807902909511673
422,0.248075420351888
423,0.24807182539697606
424,0.24806824417240345
425,0.24806467662039072
426,0.2480611226833577
427,0.24805758230392383
428,0.24805405542490794
429,0.24805054198932905
430,0.24804704194040567
431,0.2480435552215562
432,0.24804008177640036
433,0.24803662154875755
434,0.2480331744826481
435,0.248029740522293
436,0.2480263196121139
437,0.24802291169673407
438,0.2480195167209764
439,0.24801613462986616
440,0.2480127653686287
441,0.24800940888269152
442,0.24800606511768225
443,0.24800273401942988
444,0.24799941553396468
445,0.247996109607518
446,0.24799281618652233
447,0.24798953521761044
448,0.2479862666476166
449,0.2479830104235767
450,0.2479797664927251
451,0.2479765348024989
452,0.24797331530053476
453,0.24797010793466995
454,0.24796691265294224
455,0.2479637294035883
456,0.2479605581350471
457,0.24795739879595458
458,0.24795425133514848
459,0.24795111570166475
460,0.24794799184473867
461,0.2479448797138051
462,0.24794177925849706
463,0.24793869042864589
464,0.2479356131742824
465,0.24793254744563376
466,0.24792949319312624
467,0.24792645036738326
468,0.24792341891922498
469,0.24792039879966918
470,0.24791738995992973
471,0.24791439235141713
472,0.24791140592573793
473,0.24790843063469456
474,0.24790546643028408
475,0.24790251326469914
476,0.2478995710903275
477,0.2478966398597507
478,0.2478937195257439
479,0.2478908100412771
480,0.2478879113595124
481,0.2478850234338054
482,0.24788214621770438
483,0.24787927966494852
484,0.24787642372947016
485,0.24787357836539256
486,0.2478707435270294
487,0.24786791916888548
488,0.24786510524565464
489,0.2478623017122215
490,0.24785950852365943
491,0.24785672563523067
492,0.24785395300238508
493,0.24785119058076166
494,0.24784843832618575
495,0.24784569619467
496,0.24784296414241394
497,0.2478402421258026
498,0.2478375301014069
499,0.24783482802598228
500,0.24783213585646977
501,0.24782945354999297
502,0.24782678106386116
503,0.24782411835556523
504,0.24782146538277908
505,0.24781882210335884
506,0.24781618847534223
507,0.24781356445694794
508,0.2478109500065757
509,0.2478083450828047
510,0.24780574964439384
511,0.24780316365028168
512,0.24780058705958483
513,0.24779801983159777
514,0.2477954619257921
515,0.24779291330181755
516,0.2477903739194993
517,0.24778784373883855
518,0.24778532272001177
519,0.24778281082337003
520,0.24778030800943956
521,0.2477778142389189
522,0.24777532947268013
523,0.24777285367176885
524,0.24777038679740118
525,0.24776792881096613
526,0.24776547967402196
527,0.24776303934829866
528,0.24776060779569545
529,0.2477581849782806
530,0.24775577085829117
531,0.24775336539813186
532,0.24775096856037582
533,0.24774858030776217
534,0.24774620060319688
535,0.2477438294097513
536,0.24774146669066233
537,0.2477391124093307
538,0.24773676652932275
539,0.2477344290143666
540,0.24773209982835412
541,0.24772977893533923
542,0.24772746629953724
543,0.24772516188532587
544,0.24772286565724144
545,0.24772057757998162
546,0.247718297618403
547,0.2477160257375212
548,0.24771376190250935
549,0.24771150607869896
550,0.2477092582315784
551,0.24770701832679193
552,0.24770478633014031
553,0.24770256220757936
554,0.2477003459252194
555,0.24769813744932456
556,0.24769593674631366
557,0.2476937437827567
558,0.2476915585253775
559,0.24768938094105045
560,0.2476872109968022
561,0.247685048659809
562,0.24768289389739745
563,0.24768074667704315
564,0.24767860696637145
565,0.2476764747331547
566,0.24767434994531382
567,0.24767223257091578
568,0.2476701225781748
569,0.2476680199354509
570,0.24766592461124856
571,0.24766383657421778
572,0.24766175579315225
573,0.24765968223698923
574,0.247657615874809
575,0.24765555667583372
576,0.24765350460942798
577,0.2476514596450972
578,0.24764942175248705
579,0.24764739090138382
580,0.24764536706171267
581,0.247643350203538
582,0.24764134029706208
583,0.24763933731262522
584,0.2476373412207052
585,0.24763535199191541
586,0.24763336959700516
587,0.24763139400686027
588,0.24762942519250028
589,0.24762746312508005
590,0.24762550777588654
591,0.24762355911634115
592,0.24762161711799718
593,0.24761968175254073
594,0.24761775299178757
595,0.24761583080768565
596,0.2476139151723132
597,0.24761200605787775
598,0.24761010343671586
599,0.24760820728129265
600,0.24760631756420182
601,0.2476044342581635
602,0.24760255733602612
603,0.24760068677076283
604,0.24759882253547422
605,0.24759696460338473
606,0.24759511294784403
607,0.24759326754232605
608,0.24759142836042827
609,0.2475895953758709
610,0.2475877685624971
611,0.24758594789427113
612,0.24758413334527996
613,0.24758232488972998
614,0.24758052250194915
615,0.24757872615638404
616,0.24757693582760135
617,0.24757515149028614
618,0.24757337311924185
619,0.24757160068938938
620,0.2475698341757663
621,0.2475680735535271
622,0.247566318797943
623,0.24756456988439954
624,0.24756282678839803
625,0.2475610894855542
626,0.2475593579515971
627,0.24755763216237003
628,0.2475559120938285
629,0.24755419772204088
