1,0.4442963284561981
2,0.46388408457877184
3,0.45290428311415687
4,0.42979266952630213
5,0.3738939859292731
6,0.2905627867792766
7,0.2602768055541927
8,0.2574485043568382
9,0.25724586351082107
10,0.2572186521565137
11,0.25720705095544794
12,0.2571976840055778
13,0.2571887324328517
14,0.2571798433833184
15,0.2571709385650803
16,0.257161999812713
17,0.2571530227049448
18,0.25714400599357873
19,0.2571349491632467
20,0.2571258518664058
21,0.2571167137924207
22,0.25710753463721625
23,0.257098314096236
24,0.25708905186279873
25,0.25707974762770863
26,0.25707040107915563
27,0.2570610119026816
28,0.25705157978116633
29,0.257042104394811
30,0.2570325854211303
31,0.25702302253493853
32,0.257013415408342
33,0.2570037637107268
34,0.2569940671087496
35,0.2569843252663302
36,0.25697453784463953
37,0.2569647045020951
38,0.25695482489435073
39,0.25694489867429093
40,0.25693492549202346
41,0.2569249049948734
42,0.2569148368273788
43,0.25690472063128444
44,0.25689455604553907
45,0.2568843427062912
46,0.2568740802468859
47,0.2568637682978643
48,0.2568534064869613
49,0.2568429944391054
50,0.2568325317764199
51,0.25682201811822153
52,0.2568114530810256
53,0.25680083627854755
54,0.2567901673217074
55,0.2567794458186336
56,0.25676867137466997
57,0.25675784359238263
58,0.2567469620715677
59,0.2567360264092603
60,0.25672503619974474
61,0.2567139910345676
62,0.2567028905025477
63,0.25669173418979224
64,0.2566805216797111
65,0.2566692525530331
66,0.2566579263878253
67,0.25664654275951104
68,0.2566351012408919
69,0.25662360140216844
70,0.2566120428109669
71,0.25660042503236247
72,0.25658874762890616
73,0.25657701016065715
74,0.2565652121852087
75,0.2565533532577245
76,0.25654143293097165
77,0.25652945075535694
78,0.2565174062789645
79,0.25650529904759756
80,0.2564931286048193
81,0.25648089449199907
82,0.25646859624835705
83,0.2564562334110144
84,0.25644380551504575
85,0.2564313120935301
86,0.25641875267760855
87,0.25640612679654357
88,0.2563934339777785
89,0.2563806737470033
90,0.2563678456282189
91,0.2563549491438084
92,0.25634198381460827
93,0.256328949159984
94,0.2563158446979076
95,0.256302669945038
96,0.25628942441680747
97,0.256276107627507
98,0.2562627190903781
99,0.2562492583177067
100,0.2562357248209193
101,0.2562221181106856
102,0.25620843769702356
103,0.2561946830894047
104,0.2561808537968685
105,0.25616694932813766
106,0.25615296919173836
107,0.256138912896121
108,0.2561247799497921
109,0.2561105698614415
110,0.25609628214008306
111,0.2560819162951908
112,0.25606747183684575
113,0.2560529482758853
114,0.2560383451240549
115,0.25602366189416814
116,0.25600889810026917
117,0.25599405325779995
118,0.25597912688377167
119,0.25596411849694617
120,0.25594902761801286
121,0.2559338537697808
122,0.2559185964773689
123,0.25590325526840435
124,0.2558878296732267
125,0.25587231922509385
126,0.25585672346039884
127,0.2558410419188882
128,0.2558252741438858
129,0.255809419682525
130,0.2557934780859842
131,0.2557774489097283
132,0.25576133171375853
133,0.2557451260628631
134,0.2557288315268781
135,0.25571244768095414
136,0.25569597410582606
137,0.25567941038808994
138,0.2556627561204878
139,0.25564601090219674
140,0.25562917433912263
141,0.2556122460442047
142,0.255595225637721
143,0.25557811274760256
144,0.2555609070097527
145,0.2555436080683747
146,0.25552621557630223
147,0.2555087291953368
148,0.2554911485965941
149,0.25547347346085136
150,0.2554557034789054
151,0.2554378383519324
152,0.2554198777918574
153,0.2554018215217259
154,0.25538366927608386
155,0.25536542080136254
156,0.2553470758562675
157,0.25532863421217333
158,0.2553100956535265
159,0.25529145997824865
160,0.2552727269981483
161,0.2552538965393362
162,0.2552349684426441
163,0.2552159425640509
164,0.2551968187751085
165,0.2551775969633782
166,0.2551582770328635
167,0.25513885890445187
168,0.2551193425163575
169,0.25509972782456675
170,0.2550800148032891
171,0.25506020344540614
172,0.2550402937629282
173,0.2550202857874464
174,0.25500017957059085
175,0.25497997518449
176,0.25495967272222764
177,0.25493927229830254
178,0.25491877404908764
179,0.2548981781332893
180,0.25487748473240185
181,0.254856694051168
182,0.2548358063180303
183,0.2548148217855852
184,0.25479374073102984
185,0.2547725634566104
186,0.25475129029006255
187,0.25472992158504887
188,0.2547084577215923
189,0.25468689910650283
190,0.2546652461737972
191,0.25464349938511394
192,0.25462165923011854
193,0.25459972622690363
194,0.2545777009223769
195,0.25455558389264227
196,0.25453337574336926
197,0.25451107711015447
198,0.25448868865886737
199,0.2544662110859868
200,0.2544436451189241
201,0.2544209915163348
202,0.25439825106840924
203,0.2543754245971569
204,0.25435251295666933
205,0.25432951703336837
206,0.25430643774623657
207,0.25428327604702944
208,0.2542600329204727
209,0.25423670938443366
210,0.2542133064900775
211,0.25418982532200196
212,0.25416626699834777
213,0.2541426326708907
214,0.254118923525108
215,0.2540951407802223
216,0.2540712856892205
217,0.2540473595388506
218,0.2540233636495877
219,0.25399929937557986
220,0.25397516810456283
221,0.2539509712577499
222,0.25392671028969377
223,0.25390238668812
224,0.2538780019737302
225,0.2538535576999797
226,0.25382905545282175
227,0.2538044968504247
228,0.25377988354285885
229,0.25375521721174943
230,0.2537304995699035
231,0.25370573236090366
232,0.2536809173586706
233,0.2536560563669942
234,0.2536311512190343
235,0.25360620377679155
236,0.2535812159305421
237,0.25355618959824733
238,0.2535311267249291
239,0.25350602928201393
240,0.25348089926664796
241,0.2534557387009824
242,0.25343054963142775
243,0.2534053341278762
244,0.2533800942829024
245,0.2533548322109277
246,0.25332955004736046
247,0.25330424994771
248,0.25327893408667135
249,0.2532536046571858
250,0.2532282638694774
251,0.25320291395006195
252,0.2531775571407379
253,0.253152195697549
254,0.25312683188973223
255,0.2531014679986398
256,0.25307610631664473
257,0.2530507491460298
258,0.2530253987978584
259,0.25300005759082733
260,0.25297472785011177
261,0.2529494119061905
262,0.25292411209366483
263,0.2528988307500638
264,0.25287357021464446
265,0.2528483328271789
266,0.2528231209267435
267,0.25279793685049595
268,0.25277278293245536
269,0.2527476615022768
270,0.2527225748840284
271,0.25269752539496976
272,0.2526725153443333
273,0.25264754703210873
274,0.252622622747838
275,0.2525977447694123
276,0.2525729153618837
277,0.25254813677628285
278,0.2525234112484527
279,0.2524987409978937
280,0.2524741282266239
281,0.252449575118057
282,0.2524250838358964
283,0.25240065652305
284,0.2523762953005646
285,0.25235200226658144
286,0.2523277794953157
287,0.25230362903605996
288,0.2522795529122109
289,0.2522555531203271
290,0.2522316316292064
291,0.2522077903789994
292,0.2521840312803469
293,0.25216035621354926
294,0.2521367670277668
295,0.2521132655402513
296,0.25208985353560864
297,0.25206653276509633
298,0.25204330494595295
299,0.25202017176076197
300,0.25199713485684966
301,0.2519741958457184
302,0.25195135630251364
303,0.2519286177655282
304,0.25190598173573814
305,0.2518834496763799
306,0.2518610230125574
307,0.25183870313088835
308,0.25181649137918416
309,0.2517943890661666
310,0.2517723974612191
311,0.2517505177941733
312,0.25172875125512906
313,0.25170709899431165
314,0.25168556212195986
315,0.25166414170825
316,0.2516428387832517
317,0.25162165433691774
318,0.25160058931910323
319,0.25157964463961974
320,0.25155882116831807
321,0.2515381197351998
322,0.25151754113056385
323,0.251497086105173
324,0.25147675537045727
325,0.2514565495987378
326,0.25143646942348113
327,0.2514165154395766
328,0.25139668820363875
329,0.25137698823433524
330,0.2513574160127343
331,0.2513379719826773
332,0.2513186565511713
333,0.25129947008879905
334,0.2512804129301543
335,0.251261485374288
336,0.2512426876851778
337,0.2512240200922094
338,0.2512054827906785
339,0.2511870759423001
340,0.2511687996757396
341,0.25115065408714893
342,0.25113263924072116
343,0.2511147551692502
344,0.25109700187470424
345,0.25107937932880686
346,0.25106188747362823
347,0.25104452622217793
348,0.2510272954590141
349,0.2510101950408484
350,0.25099322479716235
351,0.250976384530827
352,0.2509596740187209
353,0.2509430930123585
354,0.2509266412385168
355,0.2509103183998605
356,0.25089412417557394
357,0.2508780582219862
358,0.2508621201732028
359,0.2508463096417293
360,0.2508306262190979
361,0.2508150694764893
362,0.2507996389653518
363,0.2507843342180188
364,0.25076915474831946
365,0.2507541000521874
366,0.25073916960826387
367,0.250724362878494
368,0.2507096793087208
369,0.2506951183292697
370,0.2506806793555286
371,0.2506663617885219
372,0.2506521650154745
373,0.25063808841037205
