1,0.3899997882544102
2,0.25223919344645873
3,0.2505906991299549
4,0.2505319685658915
5,0.2505288595698865
6,0.25052867696594433
7,0.25052865304680766
8,0.25052863775569273
9,0.25052862294254685
10,0.25052860816462047
11,0.25052859339783073
12,0.25052857864085015
13,0.25052856389359385
14,0.2505285491560483
15,0.2505285344282066
16,0.25052851971006196
17,0.2505285050016082
18,0.2505284903028393
19,0.2505284756137484
20,0.2505284609343288
21,0.250528446264573
22,0.2505284316044733
23,0.25052841695402267
24,0.25052840231321194
25,0.25052838768203395
26,0.25052837306047937
27,0.2505283584485405
28,0.2505283438462085
29,0.2505283292534745
30,0.2505283146703298
31,0.2505283000967663
32,0.2505282855327745
33,0.25052827097834646
34,0.2505282564334724
35,0.25052824189814454
36,0.2505282273723533
37,0.25052821285609045
38,0.25052819834934664
39,0.25052818385211373
40,0.2505281693643822
41,0.2505281548861437
42,0.2505281404173896
43,0.25052812595811114
44,0.25052811150829907
45,0.2505280970679449
46,0.2505280826370403
47,0.2505280682155756
48,0.2505280538035431
49,0.25052803940093354
50,0.25052802500773813
51,0.25052801062394897
52,0.25052799624955646
53,0.25052798188455216
54,0.25052796752892736
55,0.2505279531826738
56,0.25052793884578245
57,0.2505279245182449
58,0.25052791020005266
59,0.2505278958911965
60,0.25052788159166833
61,0.2505278673014599
62,0.2505278530205619
63,0.25052783874896617
64,0.2505278244866638
65,0.2505278102336464
66,0.2505277959899061
67,0.2505277817554333
68,0.2505277675302202
69,0.25052775331425814
70,0.250527739107538
71,0.25052772491005204
72,0.25052771072179175
73,0.25052769654274826
74,0.2505276823729132
75,0.25052766821227884
76,0.2505276540608357
77,0.25052763991857574
78,0.25052762578549076
79,0.2505276116615724
80,0.2505275975468116
81,0.25052758344120035
82,0.2505275693447305
83,0.25052755525739384
84,0.25052754117918113
85,0.2505275271100851
86,0.25052751305009646
87,0.2505274989992076
88,0.25052748495740973
89,0.2505274709246947
90,0.2505274569010538
91,0.25052744288647955
92,0.25052742888096313
93,0.2505274148844965
94,0.2505274008970709
95,0.2505273869186786
96,0.25052737294931166
97,0.2505273589889611
98,0.2505273450376188
99,0.2505273310952769
100,0.25052731716192717
101,0.25052730323756134
102,0.2505272893221706
103,0.25052727541574776
104,0.25052726151828425
105,0.2505272476297714
106,0.2505272337502021
107,0.2505272198795673
108,0.2505272060178591
109,0.2505271921650699
110,0.2505271783211912
111,0.25052716448621415
112,0.25052715066013215
113,0.25052713684293565
114,0.25052712303461805
115,0.25052710923517013
116,0.25052709544458424
117,0.2505270816628518
118,0.25052706788996576
119,0.2505270541259177
120,0.2505270403706998
121,0.2505270266243029
122,0.2505270128867199
123,0.25052699915794335
124,0.2505269854379645
125,0.2505269717267753
126,0.2505269580243682
127,0.2505269443307352
128,0.25052693064586834
129,0.25052691696975954
130,0.2505269033024006
131,0.25052688964378406
132,0.2505268759939021
133,0.25052686235274624
134,0.2505268487203098
135,0.25052683509658313
136,0.2505268214815597
137,0.2505268078752311
138,0.25052679427758956
139,0.2505267806886273
140,0.2505267671083363
141,0.25052675353670917
142,0.25052673997373787
143,0.2505267264194144
144,0.25052671287373096
145,0.2505266993366799
146,0.2505266858082534
147,0.2505266722884441
148,0.25052665877724367
149,0.2505266452746445
150,0.25052663178063883
151,0.2505266182952191
152,0.2505266048183775
153,0.25052659135010624
154,0.2505265778903971
155,0.2505265644392437
156,0.2505265509966373
157,0.25052653756257054
158,0.2505265241370353
159,0.250526510720025
160,0.2505264973115305
161,0.25052648391154525
162,0.2505264705200614
163,0.2505264571370712
164,0.250526443762567
165,0.2505264303965412
166,0.2505264170389863
167,0.2505264036898947
168,0.2505263903492587
169,0.2505263770170707
170,0.2505263636933232
171,0.2505263503780085
172,0.25052633707111926
173,0.2505263237726481
174,0.2505263104825866
175,0.25052629720092834
176,0.2505262839276654
177,0.2505262706627902
178,0.25052625740629486
179,0.25052624415817243
180,0.25052623091841597
181,0.25052621768701666
182,0.2505262044639674
183,0.2505261912492611
184,0.2505261780428907
185,0.2505261648448481
186,0.2505261516551259
187,0.2505261384737167
188,0.25052612530061347
189,0.2505261121358081
190,0.25052609897929395
191,0.2505260858310633
192,0.25052607269110877
193,0.25052605955942264
194,0.25052604643599835
195,0.25052603332082796
196,0.25052602021390413
197,0.25052600711521983
198,0.2505259940247674
199,0.2505259809425397
200,0.25052596786852893
201,0.25052595480272866
202,0.2505259417451311
203,0.25052592869572887
204,0.2505259156545147
205,0.2505259026214818
206,0.25052588959662225
207,0.2505258765799292
208,0.2505258635713955
209,0.2505258505710133
210,0.25052583757877583
211,0.2505258245946759
212,0.2505258116187061
213,0.25052579865085955
214,0.2505257856911283
215,0.2505257727395058
216,0.25052575979598524
217,0.25052574686055856
218,0.2505257339332191
219,0.2505257210139595
220,0.2505257081027725
221,0.250525695199651
222,0.2505256823045885
223,0.2505256694175772
224,0.2505256565386103
225,0.2505256436676801
226,0.25052563080478
227,0.25052561794990297
228,0.2505256051030416
229,0.2505255922641892
230,0.2505255794333386
231,0.2505255666104828
232,0.2505255537956141
233,0.250525540988726
234,0.2505255281898117
235,0.25052551539886386
236,0.25052550261587525
237,0.25052548984083917
238,0.2505254770737486
239,0.2505254643145966
240,0.2505254515633752
241,0.250525438820079
242,0.2505254260846999
243,0.2505254133572315
244,0.2505254006376667
245,0.2505253879259986
246,0.2505253752222197
247,0.2505253625263237
248,0.25052534983830355
249,0.25052533715815223
250,0.2505253244858626
251,0.2505253118214283
252,0.2505252991648421
253,0.25052528651609707
254,0.2505252738751867
255,0.2505252612421031
256,0.2505252486168409
257,0.25052523599939175
258,0.25052522338975
259,0.25052521078790807
260,0.25052519819385954
261,0.25052518560759746
262,0.25052517302911487
263,0.25052516045840517
264,0.25052514789546093
265,0.25052513534027643
266,0.25052512279284384
267,0.25052511025315705
268,0.2505250977212093
269,0.25052508519699324
270,0.2505250726805028
271,0.2505250601717306
272,0.25052504767067024
273,0.25052503517731467
274,0.2505250226916578
275,0.2505250102136923
276,0.2505249977434116
277,0.25052498528080935
278,0.2505249728258784
279,0.2505249603786122
280,0.2505249479390045
281,0.2505249355070473
282,0.2505249230827358
