1,0.3026351924857791
2,0.2670267947229991
3,0.25402274596745233
4,0.25308524167377483
5,0.2530895546230458
6,0.2531099768367945
7,0.25311686008113127
8,0.25311880423912203
9,0.2531193266756405
10,0.2531194601396079
11,0.2531194885509013
12,0.25311948868578565
13,0.2531194812154262
14,0.25311947169881993
15,0.25311946163045274
16,0.25311945141206926
17,0.25311944115166307
18,0.25311943087826366
19,0.2531194205996727
20,0.25311941031798835
21,0.25311940003377353
22,0.2531193897471783
23,0.2531193794582434
24,0.2531193691669782
25,0.25311935887338605
26,0.25311934857746593
27,0.25311933827921745
28,0.25311932797864034
29,0.25311931767573337
30,0.2531193073704961
31,0.25311929706292746
32,0.253119286753027
33,0.25311927644079346
34,0.25311926612622687
35,0.25311925580932526
36,0.2531192454900892
37,0.2531192351685165
38,0.2531192248446078
39,0.2531192145183614
40,0.2531192041897767
41,0.2531191938588529
42,0.2531191835255894
43,0.25311917318998534
44,0.2531191628520397
45,0.2531191525117519
46,0.25311914216912135
47,0.2531191318241472
48,0.2531191214768281
49,0.25311911112716406
50,0.25311910077515365
51,0.2531190904207966
52,0.2531190800640916
53,0.25311906970503834
54,0.25311905934363604
55,0.25311904897988335
56,0.2531190386137805
57,0.25311902824532556
58,0.2531190178745182
59,0.25311900750135763
60,0.25311899712584335
61,0.25311898674797406
62,0.2531189763677495
63,0.2531189659851684
64,0.2531189556002303
65,0.2531189452129342
66,0.25311893482327963
67,0.2531189244312653
68,0.2531189140368906
69,0.25311890364015494
70,0.25311889324105746
71,0.2531188828395973
72,0.25311887243577375
73,0.25311886202958617
74,0.2531188516210331
75,0.25311884121011446
76,0.25311883079682906
77,0.2531188203811762
78,0.25311880996315517
79,0.25311879954276534
80,0.2531187891200055
81,0.2531187786948748
82,0.25311876826737334
83,0.25311875783749943
84,0.25311874740525214
85,0.2531187369706314
86,0.25311872653363593
87,0.2531187160942651
88,0.25311870565251815
89,0.2531186952083944
90,0.2531186847618923
91,0.25311867431301216
92,0.2531186638617523
93,0.25311865340811224
94,0.25311864295209124
95,0.25311863249368904
96,0.2531186220329034
97,0.25311861156973475
98,0.25311860110418205
99,0.25311859063624403
100,0.25311858016592054
101,0.2531185696932102
102,0.2531185592181125
103,0.25311854874062645
104,0.2531185382607517
105,0.2531185277784867
106,0.25311851729383145
107,0.2531185068067847
108,0.25311849631734545
109,0.2531184858255134
110,0.2531184753312875
111,0.25311846483466693
112,0.2531184543356508
113,0.25311844383423837
114,0.25311843333042905
115,0.2531184228242219
116,0.2531184123156159
117,0.2531184018046106
118,0.2531183912912047
119,0.2531183807753977
120,0.2531183702571888
121,0.25311835973657715
122,0.25311834921356197
123,0.2531183386881422
124,0.25311832816031776
125,0.25311831763008685
126,0.2531183070974496
127,0.2531182965624043
128,0.2531182860249508
129,0.253118275485088
130,0.2531182649428153
131,0.2531182543981314
132,0.2531182438510362
133,0.25311823330152816
134,0.253118222749607
135,0.2531182121952716
136,0.25311820163852133
137,0.25311819107935524
138,0.25311818051777263
139,0.2531181699537725
140,0.25311815938735416
141,0.2531181488185172
142,0.25311813824726
143,0.25311812767358205
144,0.25311811709748294
145,0.2531181065189613
146,0.2531180959380168
147,0.25311808535464814
148,0.2531180747688546
149,0.2531180641806357
150,0.25311805358999034
151,0.25311804299691765
152,0.25311803240141706
153,0.2531180218034874
154,0.25311801120312827
155,0.2531180006003386
156,0.2531179899951175
157,0.2531179793874643
158,0.25311796877737797
159,0.2531179581648581
160,0.2531179475499034
161,0.25311793693251317
162,0.25311792631268687
163,0.2531179156904231
164,0.2531179050657216
165,0.25311789443858135
166,0.25311788380900146
167,0.25311787317698115
168,0.25311786254251994
169,0.2531178519056164
170,0.25311784126626996
171,0.25311783062447957
172,0.2531178199802449
173,0.2531178093335649
174,0.25311779868443857
175,0.253117788032865
176,0.2531177773788438
177,0.25311776672237385
178,0.2531177560634541
179,0.25311774540208437
180,0.2531177347382634
181,0.25311772407199007
182,0.25311771340326406
183,0.2531177027320842
184,0.2531176920584499
185,0.25311768138236035
186,0.2531176707038146
187,0.2531176600228118
188,0.25311764933935105
189,0.25311763865343145
190,0.2531176279650523
191,0.25311761727421317
192,0.2531176065809123
193,0.2531175958851499
194,0.25311758518692407
195,0.25311757448623473
196,0.253117563783081
197,0.2531175530774617
198,0.2531175423693762
199,0.2531175316588238
200,0.2531175209458031
201,0.25311751023031387
202,0.25311749951235507
203,0.2531174887919256
204,0.25311747806902507
205,0.2531174673436521
206,0.2531174566158066
207,0.25311744588548724
208,0.2531174351526929
209,0.253117424417423
210,0.25311741367967705
211,0.25311740293945384
212,0.2531173921967528
213,0.2531173814515725
214,0.25311737070391266
215,0.2531173599537722
216,0.25311734920115037
217,0.2531173384460465
218,0.25311732768845946
219,0.25311731692838846
220,0.2531173061658325
221,0.2531172954007908
222,0.2531172846332627
223,0.2531172738632474
224,0.25311726309074384
225,0.2531172523157514
226,0.25311724153826876
227,0.2531172307582957
228,0.25311721997583075
229,0.2531172091908736
230,0.2531171984034231
231,0.25311718761347857
232,0.25311717682103885
233,0.25311716602610335
234,0.2531171552286712
235,0.2531171444287415
236,0.25311713362631366
237,0.253117122821386
238,0.25311711201395865
239,0.2531171012040302
240,0.25311709039160013
241,0.25311707957666696
242,0.2531170687592309
243,0.2531170579392897
244,0.25311704711684385
245,0.2531170362918916
246,0.2531170254644325
247,0.2531170146344658
248,0.2531170038019899
249,0.25311699296700496
250,0.25311698212950945
251,0.2531169712895025
252,0.25311696044698384
253,0.2531169496019522
254,0.2531169387544064
255,0.2531169279043461
256,0.25311691705177036
257,0.25311690619667804
258,0.2531168953390687
259,0.2531168844789409
260,0.2531168736162941
261,0.2531168627511279
262,0.25311685188344024
263,0.25311684101323156
264,0.25311683014050024
265,0.25311681926524593
266,0.25311680838746714
267,0.2531167975071634
268,0.2531167866243338
269,0.2531167757389771
270,0.25311676485109325
271,0.2531167539606805
272,0.2531167430677387
273,0.25311673217226643
274,0.25311672127426316
275,0.25311671037372796
276,0.25311669947065996
277,0.2531166885650578
278,0.25311667765692164
279,0.25311666674624944
280,0.2531166558330415
281,0.2531166449172963
282,0.2531166339990126
283,0.2531166230781903
284,0.25311661215482834
285,0.2531166012289253
286,0.2531165903004808
287,0.25311657936949383
288,0.2531165684359637
289,0.2531165574998895
290,0.25311654656127025
291,0.2531165356201048
292,0.2531165246763928
293,0.25311651373013316
294,0.25311650278132464
295,0.253116491829967
296,0.253116480876059
297,0.2531164699195998
298,0.25311645896058865
299,0.2531164479990243
300,0.2531164370349062
301,0.25311642606823365
302,0.2531164150990055
303,0.2531164041272206
304,0.2531163931528785
305,0.25311638217597826
306,0.25311637119651886
307,0.2531163602144995
308,0.25311634922991955
309,0.2531163382427775
310,0.25311632725307315
311,0.253116316260805
312,0.2531163052659728
313,0.2531162942685746
314,0.2531162832686113
315,0.2531162722660803
316,0.2531162612609816
317,0.2531162502533139
318,0.25311623924307686
319,0.253116228230269
320,0.2531162172148896
321,0.25311620619693814
322,0.25311619517641337
323,0.2531161841533144
324,0.2531161731276404
325,0.2531161620993903
326,0.253116151068564
327,0.25311614003515936
328,0.2531161289991765
329,0.2531161179606144
330,0.25311610691947156
331,0.2531160958757474
332,0.2531160848294415
333,0.25311607378055245
334,0.2531160627290794
335,0.25311605167502177
336,0.25311604061837834
337,0.2531160295591481
338,0.2531160184973306
339,0.25311600743292495
340,0.2531159963659296
341,0.2531159852963444
342,0.2531159742241682
343,0.2531159631493997
344,0.2531159520720384
345,0.25311594099208334
346,0.2531159299095339
347,0.25311591882438855
348,0.25311590773664744
349,0.2531158966463085
350,0.2531158855533714
351,0.25311587445783507
352,0.2531158633596985
353,0.2531158522589614
354,0.25311584115562236
355,0.25311583004968036
356,0.25311581894113516
357,0.253115807829985
358,0.25311579671622997
359,0.2531157855998681
360,0.25311577448089917
361,0.2531157633593223
362,0.2531157522351361
363,0.25311574110833973
364,0.2531157299789328
365,0.25311571884691403
366,0.25311570771228276
367,0.2531156965750383
368,0.2531156854351785
369,0.25311567429270365
370,0.2531156631476126
371,0.2531156519999041
372,0.25311564084957794
373,0.25311562969663265
374,0.2531156185410673
375,0.25311560738288114
376,0.2531155962220735
377,0.25311558505864296
378,0.2531155738925888
379,0.2531155627239101
380,0.25311555155260634
381,0.2531155403786761
382,0.253115529202119
383,0.2531155180229334
384,0.2531155068411186
385,0.2531154956566743
386,0.2531154844695992
387,0.25311547327989214
388,0.2531154620875525
389,0.25311545089257903
390,0.2531154396949711
391,0.2531154284947279
392,0.2531154172918482
393,0.25311540608633154
394,0.2531153948781763
395,0.25311538366738234
396,0.25311537245394816
397,0.2531153612378731
398,0.25311535001915625
399,0.25311533879779663
400,0.2531153275737934
401,0.2531153163471455
402,0.25311530511785235
403,0.2531152938859123
404,0.25311528265132477
405,0.25311527141408946
406,0.25311526017420466
407,0.2531152489316698
408,0.2531152376864841
409,0.2531152264386462
410,0.25311521518815566
411,0.25311520393501097
412,0.25311519267921173
413,0.25311518142075695
414,0.25311517015964546
415,0.2531151588958762
416,0.2531151476294488
417,0.2531151363603619
418,0.25311512508861483
419,0.2531151138142065
420,0.25311510253713587
421,0.25311509125740245
422,0.25311507997500476
423,0.25311506868994216
424,0.2531150574022137
425,0.25311504611181873
426,0.2531150348187557
427,0.2531150235230242
428,0.253115012224623
429,0.2531150009235513
430,0.25311498961980833
431,0.2531149783133925
432,0.253114967004304
433,0.2531149556925409
434,0.25311494437810256
435,0.25311493306098837
436,0.253114921741197
437,0.2531149104187274
438,0.2531148990935792
439,0.253114887765751
440,0.25311487643524216
441,0.2531148651020514
442,0.2531148537661782
443,0.25311484242762117
444,0.2531148310863797
445,0.25311481974245287
446,0.25311480839583944
447,0.2531147970465388
448,0.2531147856945498
449,0.25311477433987145
450,0.2531147629825032
451,0.25311475162244346
452,0.2531147402596921
453,0.2531147288942473
454,0.2531147175261088
455,0.2531147061552753
456,0.25311469478174625
457,0.2531146834055201
458,0.2531146720265964
459,0.253114660644974
460,0.25311464926065186
461,0.25311463787362964
462,0.2531146264839056
463,0.25311461509147914
464,0.2531146036963491
465,0.2531145922985151
466,0.25311458089797556
467,0.2531145694947297
468,0.2531145580887769
469,0.2531145466801158
470,0.2531145352687457
471,0.25311452385466576
472,0.2531145124378746
473,0.25311450101837174
474,0.2531144895961559
475,0.2531144781712262
476,0.2531144667435817
477,0.25311445531322135
478,0.2531144438801446
479,0.2531144324443499
480,0.25311442100583675
481,0.2531144095646044
482,0.2531143981206511
483,0.2531143866739765
484,0.25311437522457947
485,0.25311436377245894
486,0.25311435231761414
487,0.2531143408600443
488,0.25311432939974815
489,0.25311431793672456
490,0.253114306470973
491,0.2531142950024923
492,0.2531142835312817
493,0.25311427205733983
494,0.2531142605806663
495,0.2531142491012594
496,0.25311423761911883
497,0.2531142261342435
498,0.2531142146466319
499,0.2531142031562839
500,0.25311419166319804
501,0.25311418016737325
502,0.25311416866880904
503,0.2531141571675043
504,0.25311414566345763
505,0.25311413415666867
506,0.25311412264713606
507,0.25311411113485877
508,0.2531140996198362
509,0.2531140881020671
510,0.2531140765815509
511,0.25311406505828615
512,0.25311405353227195
513,0.25311404200350746
514,0.2531140304719917
515,0.2531140189377234
516,0.25311400740070256
517,0.2531139958609274
518,0.2531139843183967
519,0.2531139727731098
520,0.25311396122506613
521,0.2531139496742646
522,0.2531139381207035
523,0.2531139265643826
524,0.25311391500530106
525,0.2531139034434571
526,0.2531138918788503
527,0.2531138803114797
528,0.25311386874134423
529,0.2531138571684427
530,0.25311384559277433
531,0.25311383401433846
532,0.2531138224331336
533,0.25311381084915896
534,0.2531137992624136
535,0.25311378767289655
536,0.2531137760806067
537,0.2531137644855433
538,0.2531137528877053
539,0.25311374128709163
540,0.2531137296837013
541,0.25311371807753325
542,0.2531137064685869
543,0.25311369485686075
544,0.2531136832423541
545,0.253113671625066
546,0.25311366000499513
547,0.253113648382141
548,0.2531136367565023
549,0.2531136251280783
550,0.25311361349686773
551,0.25311360186286974
552,0.2531135902260832
553,0.2531135785865077
554,0.25311356694414133
555,0.2531135552989837
556,0.25311354365103367
557,0.2531135320002903
558,0.25311352034675283
559,0.25311350869041965
560,0.2531134970312904
561,0.25311348536936396
562,0.25311347370463894
563,0.25311346203711454
564,0.2531134503667902
565,0.2531134386936644
566,0.2531134270177361
567,0.25311341533900505
568,0.25311340365746954
569,0.25311339197312865
570,0.25311338028598135
571,0.25311336859602723
572,0.2531133569032648
573,0.2531133452076929
574,0.253113333509311
575,0.25311332180811774
576,0.2531133101041123
577,0.2531132983972935
578,0.2531132866876607
579,0.25311327497521247
580,0.25311326325994815
581,0.25311325154186665
582,0.25311323982096695
583,0.25311322809724823
584,0.25311321637070905
585,0.25311320464134857
586,0.2531131929091662
587,0.2531131811741603
588,0.2531131694363303
589,0.25311315769567505
590,0.2531131459521935
591,0.25311313420588477
592,0.2531131224567477
593,0.25311311070478154
594,0.2531130989499852
595,0.2531130871923577
596,0.2531130754318977
597,0.2531130636686045
598,0.2531130519024772
599,0.2531130401335145
600,0.2531130283617153
601,0.2531130165870789
602,0.2531130048096044
603,0.2531129930292905
604,0.25311298124613596
605,0.25311296946014056
606,0.25311295767130254
607,0.25311294587962124
608,0.25311293408509555
609,0.2531129222877245
610,0.25311291048750717
611,0.25311289868444226
612,0.253112886878529
613,0.25311287506976593
614,0.25311286325815296
615,0.2531128514436883
616,0.25311283962637127
617,0.2531128278062008
618,0.25311281598317553
619,0.25311280415729465
620,0.2531127923285575
621,0.2531127804969627
622,0.25311276866250937
623,0.25311275682519624
624,0.25311274498502273
