1,0.30461407633295096
2,0.2521152813982508
3,0.2521079392427969
4,0.2521079327068267
5,0.2521079326888084
6,0.25210793268875886
7,0.25210793268875825
8,0.25210793268875825
9,0.25210793268875825
10,0.25210793268875825
11,0.25210793268875825
12,0.25210793268875825
13,0.25210793268875825
14,0.25210793268875825
15,0.25210793268875825
16,0.25210793268875825
17,0.25210793268875825
18,0.25210793268875825
19,0.25210793268875825
20,0.25210793268875825
21,0.25210793268875825
22,0.25210793268875825
23,0.25210793268875825
24,0.25210793268875825
25,0.25210793268875825
26,0.25210793268875825
27,0.25210793268875825
28,0.25210793268875825
29,0.25210793268875825
30,0.25210793268875825
31,0.25210793268875825
32,0.25210793268875825
33,0.25210793268875825
34,0.25210793268875825
35,0.25210793268875825
36,0.25210793268875825
37,0.25210793268875825
38,0.25210793268875825
39,0.25210793268875825
40,0.25210793268875825
41,0.25210793268875825
42,0.25210793268875825
43,0.25210793268875825
44,0.25210793268875825
45,0.25210793268875825
46,0.25210793268875825
47,0.25210793268875825
48,0.25210793268875825
49,0.25210793268875825
50,0.25210793268875825
51,0.25210793268875825
52,0.25210793268875825
53,0.25210793268875825
54,0.25210793268875825
55,0.25210793268875825
56,0.25210793268875825
57,0.25210793268875825
58,0.25210793268875825
59,0.25210793268875825
60,0.25210793268875825
61,0.25210793268875825
62,0.25210793268875825
63,0.25210793268875825
64,0.25210793268875825
65,0.25210793268875825
66,0.25210793268875825
67,0.25210793268875825
68,0.25210793268875825
69,0.25210793268875825
70,0.25210793268875825
71,0.25210793268875825
72,0.25210793268875825
73,0.25210793268875825
74,0.25210793268875825
75,0.25210793268875825
76,0.25210793268875825
77,0.25210793268875825
78,0.25210793268875825
79,0.25210793268875825
80,0.25210793268875825
81,0.25210793268875825
82,0.25210793268875825
83,0.25210793268875825
84,0.25210793268875825
85,0.25210793268875825
86,0.25210793268875825
87,0.25210793268875825
88,0.25210793268875825
89,0.25210793268875825
90,0.25210793268875825
91,0.25210793268875825
92,0.25210793268875825
93,0.25210793268875825
94,0.25210793268875825
95,0.25210793268875825
96,0.25210793268875825
97,0.25210793268875825
98,0.25210793268875825
99,0.25210793268875825
100,0.25210793268875825
101,0.25210793268875825
102,0.25210793268875825
103,0.25210793268875825
104,0.25210793268875825
105,0.25210793268875825
106,0.25210793268875825
107,0.25210793268875825
108,0.25210793268875825
109,0.25210793268875825
110,0.25210793268875825
111,0.25210793268875825
112,0.25210793268875825
113,0.25210793268875825
114,0.25210793268875825
115,0.25210793268875825
116,0.25210793268875825
117,0.25210793268875825
118,0.25210793268875825
119,0.25210793268875825
120,0.25210793268875825
121,0.25210793268875825
122,0.25210793268875825
123,0.25210793268875825
124,0.25210793268875825
125,0.25210793268875825
126,0.25210793268875825
127,0.25210793268875825
128,0.25210793268875825
129,0.25210793268875825
130,0.25210793268875825
131,0.25210793268875825
132,0.25210793268875825
133,0.25210793268875825
134,0.25210793268875825
135,0.25210793268875825
136,0.25210793268875825
137,0.25210793268875825
138,0.25210793268875825
139,0.25210793268875825
140,0.25210793268875825
141,0.25210793268875825
142,0.25210793268875825
143,0.25210793268875825
144,0.25210793268875825
145,0.25210793268875825
146,0.25210793268875825
147,0.25210793268875825
148,0.25210793268875825
149,0.25210793268875825
150,0.25210793268875825
151,0.25210793268875825
152,0.25210793268875825
153,0.25210793268875825
154,0.25210793268875825
155,0.25210793268875825
156,0.25210793268875825
157,0.25210793268875825
158,0.25210793268875825
159,0.25210793268875825
160,0.25210793268875825
161,0.25210793268875825
162,0.25210793268875825
163,0.25210793268875825
164,0.25210793268875825
165,0.25210793268875825
166,0.25210793268875825
167,0.25210793268875825
168,0.25210793268875825
169,0.25210793268875825
170,0.25210793268875825
171,0.25210793268875825
172,0.25210793268875825
173,0.25210793268875825
174,0.25210793268875825
175,0.25210793268875825
176,0.25210793268875825
177,0.25210793268875825
178,0.25210793268875825
179,0.25210793268875825
180,0.25210793268875825
181,0.25210793268875825
182,0.25210793268875825
183,0.25210793268875825
184,0.25210793268875825
185,0.25210793268875825
186,0.25210793268875825
187,0.25210793268875825
188,0.25210793268875825
189,0.25210793268875825
190,0.25210793268875825
191,0.25210793268875825
192,0.25210793268875825
193,0.25210793268875825
194,0.25210793268875825
195,0.25210793268875825
196,0.25210793268875825
197,0.25210793268875825
198,0.25210793268875825
199,0.25210793268875825
200,0.25210793268875825
201,0.25210793268875825
202,0.25210793268875825
203,0.25210793268875825
204,0.25210793268875825
205,0.25210793268875825
206,0.25210793268875825
207,0.25210793268875825
208,0.25210793268875825
209,0.25210793268875825
210,0.25210793268875825
211,0.25210793268875825
212,0.25210793268875825
213,0.25210793268875825
214,0.25210793268875825
215,0.25210793268875825
216,0.25210793268875825
217,0.25210793268875825
218,0.25210793268875825
219,0.25210793268875825
220,0.25210793268875825
221,0.25210793268875825
222,0.25210793268875825
223,0.25210793268875825
224,0.25210793268875825
225,0.25210793268875825
226,0.25210793268875825
227,0.25210793268875825
228,0.25210793268875825
229,0.25210793268875825
230,0.25210793268875825
231,0.25210793268875825
232,0.25210793268875825
233,0.25210793268875825
234,0.25210793268875825
235,0.25210793268875825
236,0.25210793268875825
237,0.25210793268875825
238,0.25210793268875825
239,0.25210793268875825
240,0.25210793268875825
241,0.25210793268875825
242,0.25210793268875825
243,0.25210793268875825
244,0.25210793268875825
245,0.25210793268875825
246,0.25210793268875825
247,0.25210793268875825
248,0.25210793268875825
249,0.25210793268875825
250,0.25210793268875825
251,0.25210793268875825
252,0.25210793268875825
253,0.25210793268875825
254,0.25210793268875825
255,0.25210793268875825
256,0.25210793268875825
257,0.25210793268875825
258,0.25210793268875825
259,0.25210793268875825
260,0.25210793268875825
261,0.25210793268875825
262,0.25210793268875825
263,0.25210793268875825
264,0.25210793268875825
265,0.25210793268875825
266,0.25210793268875825
267,0.25210793268875825
268,0.25210793268875825
269,0.25210793268875825
270,0.25210793268875825
271,0.25210793268875825
272,0.25210793268875825
273,0.25210793268875825
274,0.25210793268875825
275,0.25210793268875825
276,0.25210793268875825
277,0.25210793268875825
278,0.25210793268875825
279,0.25210793268875825
280,0.25210793268875825
281,0.25210793268875825
282,0.25210793268875825
283,0.25210793268875825
284,0.25210793268875825
285,0.25210793268875825
286,0.25210793268875825
287,0.25210793268875825
288,0.25210793268875825
289,0.25210793268875825
290,0.25210793268875825
291,0.25210793268875825
292,0.25210793268875825
293,0.25210793268875825
294,0.25210793268875825
295,0.25210793268875825
296,0.25210793268875825
297,0.25210793268875825
298,0.25210793268875825
299,0.25210793268875825
300,0.25210793268875825
301,0.25210793268875825
302,0.25210793268875825
303,0.25210793268875825
304,0.25210793268875825
305,0.25210793268875825
306,0.25210793268875825
307,0.25210793268875825
308,0.25210793268875825
309,0.25210793268875825
310,0.25210793268875825
311,0.25210793268875825
312,0.25210793268875825
313,0.25210793268875825
314,0.25210793268875825
315,0.25210793268875825
316,0.25210793268875825
317,0.25210793268875825
318,0.25210793268875825
319,0.25210793268875825
320,0.25210793268875825
321,0.25210793268875825
322,0.25210793268875825
323,0.25210793268875825
324,0.25210793268875825
325,0.25210793268875825
326,0.25210793268875825
327,0.25210793268875825
328,0.25210793268875825
329,0.25210793268875825
330,0.25210793268875825
331,0.25210793268875825
332,0.25210793268875825
333,0.25210793268875825
334,0.25210793268875825
335,0.25210793268875825
336,0.25210793268875825
337,0.25210793268875825
338,0.25210793268875825
339,0.25210793268875825
340,0.25210793268875825
341,0.25210793268875825
342,0.25210793268875825
343,0.25210793268875825
344,0.25210793268875825
345,0.25210793268875825
346,0.25210793268875825
347,0.25210793268875825
348,0.25210793268875825
349,0.25210793268875825
350,0.25210793268875825
351,0.25210793268875825
352,0.25210793268875825
353,0.25210793268875825
354,0.25210793268875825
355,0.25210793268875825
356,0.25210793268875825
357,0.25210793268875825
358,0.25210793268875825
359,0.25210793268875825
360,0.25210793268875825
361,0.25210793268875825
362,0.25210793268875825
363,0.25210793268875825
364,0.25210793268875825
365,0.25210793268875825
366,0.25210793268875825
367,0.25210793268875825
368,0.25210793268875825
369,0.25210793268875825
370,0.25210793268875825
371,0.25210793268875825
372,0.25210793268875825
373,0.25210793268875825
374,0.25210793268875825
375,0.25210793268875825
376,0.25210793268875825
377,0.25210793268875825
378,0.25210793268875825
379,0.25210793268875825
380,0.25210793268875825
381,0.25210793268875825
382,0.25210793268875825
383,0.25210793268875825
384,0.25210793268875825
385,0.25210793268875825
386,0.25210793268875825
387,0.25210793268875825
388,0.25210793268875825
389,0.25210793268875825
390,0.25210793268875825
391,0.25210793268875825
392,0.25210793268875825
393,0.25210793268875825
394,0.25210793268875825
395,0.25210793268875825
396,0.25210793268875825
397,0.25210793268875825
