1,0.27729687012899473
2,0.2517842612023593
3,0.2520276985557123
4,0.2520365082763383
5,0.2520367670636209
6,0.25203677462452057
7,0.25203677484539005
8,0.25203677485184195
9,0.2520367748520305
10,0.252036774852036
11,0.25203677485203607
12,0.2520367748520361
13,0.2520367748520361
14,0.2520367748520361
15,0.2520367748520361
16,0.2520367748520361
17,0.2520367748520361
18,0.2520367748520361
19,0.2520367748520361
20,0.2520367748520361
21,0.2520367748520361
22,0.2520367748520361
23,0.2520367748520361
24,0.2520367748520361
25,0.2520367748520361
26,0.2520367748520361
27,0.2520367748520361
28,0.2520367748520361
29,0.2520367748520361
30,0.2520367748520361
31,0.2520367748520361
32,0.2520367748520361
33,0.2520367748520361
34,0.2520367748520361
35,0.2520367748520361
36,0.2520367748520361
37,0.2520367748520361
38,0.2520367748520361
39,0.2520367748520361
40,0.2520367748520361
41,0.2520367748520361
42,0.2520367748520361
43,0.2520367748520361
44,0.2520367748520361
45,0.2520367748520361
46,0.2520367748520361
47,0.2520367748520361
48,0.2520367748520361
49,0.2520367748520361
50,0.2520367748520361
51,0.2520367748520361
52,0.2520367748520361
53,0.2520367748520361
54,0.2520367748520361
55,0.2520367748520361
56,0.2520367748520361
57,0.2520367748520361
58,0.2520367748520361
59,0.2520367748520361
60,0.2520367748520361
61,0.2520367748520361
62,0.2520367748520361
63,0.2520367748520361
64,0.2520367748520361
65,0.2520367748520361
66,0.2520367748520361
67,0.2520367748520361
68,0.2520367748520361
69,0.2520367748520361
70,0.2520367748520361
71,0.2520367748520361
72,0.2520367748520361
73,0.2520367748520361
74,0.2520367748520361
75,0.2520367748520361
76,0.2520367748520361
77,0.2520367748520361
78,0.2520367748520361
79,0.2520367748520361
80,0.2520367748520361
81,0.2520367748520361
82,0.2520367748520361
83,0.2520367748520361
84,0.2520367748520361
85,0.2520367748520361
86,0.2520367748520361
87,0.2520367748520361
88,0.2520367748520361
89,0.2520367748520361
90,0.2520367748520361
91,0.2520367748520361
92,0.2520367748520361
93,0.2520367748520361
94,0.2520367748520361
95,0.2520367748520361
96,0.2520367748520361
97,0.2520367748520361
98,0.2520367748520361
99,0.2520367748520361
100,0.2520367748520361
101,0.2520367748520361
102,0.2520367748520361
103,0.2520367748520361
104,0.2520367748520361
105,0.2520367748520361
106,0.2520367748520361
107,0.2520367748520361
108,0.2520367748520361
109,0.2520367748520361
110,0.2520367748520361
111,0.2520367748520361
112,0.2520367748520361
113,0.2520367748520361
114,0.2520367748520361
115,0.2520367748520361
116,0.2520367748520361
117,0.2520367748520361
118,0.2520367748520361
119,0.2520367748520361
120,0.2520367748520361
121,0.2520367748520361
122,0.2520367748520361
123,0.2520367748520361
124,0.2520367748520361
125,0.2520367748520361
126,0.2520367748520361
127,0.2520367748520361
128,0.2520367748520361
129,0.2520367748520361
130,0.2520367748520361
131,0.2520367748520361
132,0.2520367748520361
133,0.2520367748520361
134,0.2520367748520361
135,0.2520367748520361
136,0.2520367748520361
137,0.2520367748520361
138,0.2520367748520361
139,0.2520367748520361
140,0.2520367748520361
141,0.2520367748520361
142,0.2520367748520361
143,0.2520367748520361
144,0.2520367748520361
145,0.2520367748520361
146,0.2520367748520361
147,0.2520367748520361
148,0.2520367748520361
149,0.2520367748520361
150,0.2520367748520361
151,0.2520367748520361
152,0.2520367748520361
153,0.2520367748520361
154,0.2520367748520361
155,0.2520367748520361
156,0.2520367748520361
157,0.2520367748520361
158,0.2520367748520361
159,0.2520367748520361
160,0.2520367748520361
161,0.2520367748520361
162,0.2520367748520361
163,0.2520367748520361
164,0.2520367748520361
165,0.2520367748520361
166,0.2520367748520361
167,0.2520367748520361
168,0.2520367748520361
169,0.2520367748520361
170,0.2520367748520361
171,0.2520367748520361
172,0.2520367748520361
173,0.2520367748520361
174,0.2520367748520361
175,0.2520367748520361
176,0.2520367748520361
177,0.2520367748520361
178,0.2520367748520361
179,0.2520367748520361
180,0.2520367748520361
181,0.2520367748520361
182,0.2520367748520361
183,0.2520367748520361
184,0.2520367748520361
185,0.2520367748520361
186,0.2520367748520361
187,0.2520367748520361
188,0.2520367748520361
189,0.2520367748520361
190,0.2520367748520361
191,0.2520367748520361
192,0.2520367748520361
193,0.2520367748520361
194,0.2520367748520361
195,0.2520367748520361
196,0.2520367748520361
197,0.2520367748520361
198,0.2520367748520361
199,0.2520367748520361
200,0.2520367748520361
201,0.2520367748520361
202,0.2520367748520361
203,0.2520367748520361
204,0.2520367748520361
205,0.2520367748520361
206,0.2520367748520361
207,0.2520367748520361
208,0.2520367748520361
209,0.2520367748520361
210,0.2520367748520361
211,0.2520367748520361
212,0.2520367748520361
213,0.2520367748520361
214,0.2520367748520361
215,0.2520367748520361
216,0.2520367748520361
217,0.2520367748520361
218,0.2520367748520361
219,0.2520367748520361
220,0.2520367748520361
221,0.2520367748520361
222,0.2520367748520361
223,0.2520367748520361
224,0.2520367748520361
225,0.2520367748520361
226,0.2520367748520361
227,0.2520367748520361
228,0.2520367748520361
229,0.2520367748520361
230,0.2520367748520361
231,0.2520367748520361
232,0.2520367748520361
233,0.2520367748520361
234,0.2520367748520361
235,0.2520367748520361
236,0.2520367748520361
237,0.2520367748520361
238,0.2520367748520361
239,0.2520367748520361
240,0.2520367748520361
241,0.2520367748520361
242,0.2520367748520361
243,0.2520367748520361
244,0.2520367748520361
245,0.2520367748520361
246,0.2520367748520361
247,0.2520367748520361
248,0.2520367748520361
249,0.2520367748520361
250,0.2520367748520361
251,0.2520367748520361
252,0.2520367748520361
253,0.2520367748520361
254,0.2520367748520361
255,0.2520367748520361
256,0.2520367748520361
257,0.2520367748520361
258,0.2520367748520361
259,0.2520367748520361
260,0.2520367748520361
261,0.2520367748520361
262,0.2520367748520361
263,0.2520367748520361
264,0.2520367748520361
265,0.2520367748520361
266,0.2520367748520361
267,0.2520367748520361
268,0.2520367748520361
269,0.2520367748520361
270,0.2520367748520361
271,0.2520367748520361
272,0.2520367748520361
273,0.2520367748520361
274,0.2520367748520361
275,0.2520367748520361
276,0.2520367748520361
277,0.2520367748520361
278,0.2520367748520361
279,0.2520367748520361
280,0.2520367748520361
281,0.2520367748520361
282,0.2520367748520361
283,0.2520367748520361
284,0.2520367748520361
285,0.2520367748520361
286,0.2520367748520361
287,0.2520367748520361
288,0.2520367748520361
289,0.2520367748520361
290,0.2520367748520361
291,0.2520367748520361
292,0.2520367748520361
293,0.2520367748520361
294,0.2520367748520361
295,0.2520367748520361
296,0.2520367748520361
297,0.2520367748520361
298,0.2520367748520361
299,0.2520367748520361
300,0.2520367748520361
301,0.2520367748520361
302,0.2520367748520361
303,0.2520367748520361
304,0.2520367748520361
305,0.2520367748520361
306,0.2520367748520361
307,0.2520367748520361
308,0.2520367748520361
309,0.2520367748520361
310,0.2520367748520361
311,0.2520367748520361
312,0.2520367748520361
313,0.2520367748520361
314,0.2520367748520361
315,0.2520367748520361
316,0.2520367748520361
317,0.2520367748520361
318,0.2520367748520361
319,0.2520367748520361
320,0.2520367748520361
321,0.2520367748520361
322,0.2520367748520361
323,0.2520367748520361
324,0.2520367748520361
325,0.2520367748520361
326,0.2520367748520361
327,0.2520367748520361
328,0.2520367748520361
329,0.2520367748520361
330,0.2520367748520361
331,0.2520367748520361
332,0.2520367748520361
333,0.2520367748520361
334,0.2520367748520361
335,0.2520367748520361
336,0.2520367748520361
337,0.2520367748520361
338,0.2520367748520361
339,0.2520367748520361
340,0.2520367748520361
341,0.2520367748520361
342,0.2520367748520361
343,0.2520367748520361
344,0.2520367748520361
345,0.2520367748520361
346,0.2520367748520361
347,0.2520367748520361
348,0.2520367748520361
349,0.2520367748520361
350,0.2520367748520361
351,0.2520367748520361
352,0.2520367748520361
353,0.2520367748520361
354,0.2520367748520361
355,0.2520367748520361
356,0.2520367748520361
357,0.2520367748520361
358,0.2520367748520361
359,0.2520367748520361
360,0.2520367748520361
361,0.2520367748520361
362,0.2520367748520361
363,0.2520367748520361
364,0.2520367748520361
365,0.2520367748520361
366,0.2520367748520361
367,0.2520367748520361
368,0.2520367748520361
369,0.2520367748520361
370,0.2520367748520361
371,0.2520367748520361
372,0.2520367748520361
373,0.2520367748520361
374,0.2520367748520361
375,0.2520367748520361
376,0.2520367748520361
377,0.2520367748520361
378,0.2520367748520361
379,0.2520367748520361
380,0.2520367748520361
381,0.2520367748520361
382,0.2520367748520361
383,0.2520367748520361
384,0.2520367748520361
385,0.2520367748520361
386,0.2520367748520361
387,0.2520367748520361
388,0.2520367748520361
389,0.2520367748520361
390,0.2520367748520361
391,0.2520367748520361
392,0.2520367748520361
393,0.2520367748520361
394,0.2520367748520361
395,0.2520367748520361
396,0.2520367748520361
397,0.2520367748520361
398,0.2520367748520361
399,0.2520367748520361
400,0.2520367748520361
401,0.2520367748520361
402,0.2520367748520361
403,0.2520367748520361
404,0.2520367748520361
405,0.2520367748520361
406,0.2520367748520361
407,0.2520367748520361
408,0.2520367748520361
409,0.2520367748520361
410,0.2520367748520361
411,0.2520367748520361
412,0.2520367748520361
413,0.2520367748520361
414,0.2520367748520361
415,0.2520367748520361
416,0.2520367748520361
417,0.2520367748520361
418,0.2520367748520361
419,0.2520367748520361
420,0.2520367748520361
421,0.2520367748520361
422,0.2520367748520361
423,0.2520367748520361
424,0.2520367748520361
425,0.2520367748520361
426,0.2520367748520361
427,0.2520367748520361
428,0.2520367748520361
429,0.2520367748520361
430,0.2520367748520361
431,0.2520367748520361
432,0.2520367748520361
433,0.2520367748520361
434,0.2520367748520361
435,0.2520367748520361
436,0.2520367748520361
437,0.2520367748520361
438,0.2520367748520361
439,0.2520367748520361
440,0.2520367748520361
441,0.2520367748520361
442,0.2520367748520361
443,0.2520367748520361
444,0.2520367748520361
445,0.2520367748520361
446,0.2520367748520361
447,0.2520367748520361
448,0.2520367748520361
449,0.2520367748520361
450,0.2520367748520361
451,0.2520367748520361
452,0.2520367748520361
453,0.2520367748520361
454,0.2520367748520361
455,0.2520367748520361
456,0.2520367748520361
457,0.2520367748520361
458,0.2520367748520361
459,0.2520367748520361
460,0.2520367748520361
461,0.2520367748520361
462,0.2520367748520361
463,0.2520367748520361
464,0.2520367748520361
465,0.2520367748520361
466,0.2520367748520361
467,0.2520367748520361
468,0.2520367748520361
469,0.2520367748520361
470,0.2520367748520361
471,0.2520367748520361
472,0.2520367748520361
473,0.2520367748520361
474,0.2520367748520361
475,0.2520367748520361
476,0.2520367748520361
477,0.2520367748520361
478,0.2520367748520361
479,0.2520367748520361
480,0.2520367748520361
481,0.2520367748520361
482,0.2520367748520361
483,0.2520367748520361
484,0.2520367748520361
485,0.2520367748520361
486,0.2520367748520361
487,0.2520367748520361
488,0.2520367748520361
489,0.2520367748520361
490,0.2520367748520361
491,0.2520367748520361
492,0.2520367748520361
493,0.2520367748520361
494,0.2520367748520361
495,0.2520367748520361
496,0.2520367748520361
497,0.2520367748520361
498,0.2520367748520361
499,0.2520367748520361
500,0.2520367748520361
501,0.2520367748520361
502,0.2520367748520361
503,0.2520367748520361
504,0.2520367748520361
505,0.2520367748520361
506,0.2520367748520361
507,0.2520367748520361
508,0.2520367748520361
509,0.2520367748520361
510,0.2520367748520361
511,0.2520367748520361
512,0.2520367748520361
513,0.2520367748520361
514,0.2520367748520361
515,0.2520367748520361
516,0.2520367748520361
517,0.2520367748520361
518,0.2520367748520361
519,0.2520367748520361
520,0.2520367748520361
521,0.2520367748520361
522,0.2520367748520361
523,0.2520367748520361
524,0.2520367748520361
525,0.2520367748520361
526,0.2520367748520361
527,0.2520367748520361
528,0.2520367748520361
529,0.2520367748520361
530,0.2520367748520361
531,0.2520367748520361
532,0.2520367748520361
533,0.2520367748520361
534,0.2520367748520361
535,0.2520367748520361
536,0.2520367748520361
537,0.2520367748520361
538,0.2520367748520361
539,0.2520367748520361
540,0.2520367748520361
541,0.2520367748520361
542,0.2520367748520361
543,0.2520367748520361
544,0.2520367748520361
545,0.2520367748520361
546,0.2520367748520361
547,0.2520367748520361
548,0.2520367748520361
549,0.2520367748520361
550,0.2520367748520361
551,0.2520367748520361
552,0.2520367748520361
553,0.2520367748520361
554,0.2520367748520361
555,0.2520367748520361
556,0.2520367748520361
557,0.2520367748520361
558,0.2520367748520361
559,0.2520367748520361
560,0.2520367748520361
561,0.2520367748520361
562,0.2520367748520361
563,0.2520367748520361
564,0.2520367748520361
565,0.2520367748520361
566,0.2520367748520361
567,0.2520367748520361
568,0.2520367748520361
569,0.2520367748520361
570,0.2520367748520361
571,0.2520367748520361
572,0.2520367748520361
573,0.2520367748520361
574,0.2520367748520361
575,0.2520367748520361
576,0.2520367748520361
577,0.2520367748520361
578,0.2520367748520361
579,0.2520367748520361
580,0.2520367748520361
581,0.2520367748520361
582,0.2520367748520361
583,0.2520367748520361
584,0.2520367748520361
585,0.2520367748520361
586,0.2520367748520361
587,0.2520367748520361
588,0.2520367748520361
589,0.2520367748520361
590,0.2520367748520361
591,0.2520367748520361
592,0.2520367748520361
593,0.2520367748520361
594,0.2520367748520361
595,0.2520367748520361
596,0.2520367748520361
597,0.2520367748520361
598,0.2520367748520361
599,0.2520367748520361
600,0.2520367748520361
601,0.2520367748520361
602,0.2520367748520361
603,0.2520367748520361
604,0.2520367748520361
605,0.2520367748520361
606,0.2520367748520361
607,0.2520367748520361
608,0.2520367748520361
609,0.2520367748520361
610,0.2520367748520361
611,0.2520367748520361
612,0.2520367748520361
613,0.2520367748520361
614,0.2520367748520361
615,0.2520367748520361
616,0.2520367748520361
617,0.2520367748520361
618,0.2520367748520361
619,0.2520367748520361
620,0.2520367748520361
621,0.2520367748520361
622,0.2520367748520361
623,0.2520367748520361
624,0.2520367748520361
625,0.2520367748520361
626,0.2520367748520361
627,0.2520367748520361
628,0.2520367748520361
629,0.2520367748520361
630,0.2520367748520361
631,0.2520367748520361
632,0.2520367748520361
633,0.2520367748520361
634,0.2520367748520361
635,0.2520367748520361
636,0.2520367748520361
637,0.2520367748520361
638,0.2520367748520361
639,0.2520367748520361
640,0.2520367748520361
641,0.2520367748520361
642,0.2520367748520361
643,0.2520367748520361
644,0.2520367748520361
645,0.2520367748520361
646,0.2520367748520361
647,0.2520367748520361
648,0.2520367748520361
649,0.2520367748520361
650,0.2520367748520361
651,0.2520367748520361
652,0.2520367748520361
653,0.2520367748520361
654,0.2520367748520361
655,0.2520367748520361
656,0.2520367748520361
657,0.2520367748520361
658,0.2520367748520361
659,0.2520367748520361
660,0.2520367748520361
661,0.2520367748520361
662,0.2520367748520361
663,0.2520367748520361
664,0.2520367748520361
665,0.2520367748520361
666,0.2520367748520361
667,0.2520367748520361
668,0.2520367748520361
669,0.2520367748520361
670,0.2520367748520361
671,0.2520367748520361
672,0.2520367748520361
673,0.2520367748520361
674,0.2520367748520361
675,0.2520367748520361
676,0.2520367748520361
677,0.2520367748520361
678,0.2520367748520361
679,0.2520367748520361
680,0.2520367748520361
681,0.2520367748520361
682,0.2520367748520361
683,0.2520367748520361
684,0.2520367748520361
685,0.2520367748520361
686,0.2520367748520361
687,0.2520367748520361
688,0.2520367748520361
689,0.2520367748520361
690,0.2520367748520361
691,0.2520367748520361
692,0.2520367748520361
693,0.2520367748520361
694,0.2520367748520361
695,0.2520367748520361
696,0.2520367748520361
697,0.2520367748520361
698,0.2520367748520361
699,0.2520367748520361
700,0.2520367748520361
701,0.2520367748520361
702,0.2520367748520361
703,0.2520367748520361
704,0.2520367748520361
705,0.2520367748520361
706,0.2520367748520361
707,0.2520367748520361
708,0.2520367748520361
709,0.2520367748520361
710,0.2520367748520361
711,0.2520367748520361
712,0.2520367748520361
713,0.2520367748520361
714,0.2520367748520361
715,0.2520367748520361
716,0.2520367748520361
717,0.2520367748520361
718,0.2520367748520361
719,0.2520367748520361
720,0.2520367748520361
721,0.2520367748520361
722,0.2520367748520361
723,0.2520367748520361
724,0.2520367748520361
725,0.2520367748520361
726,0.2520367748520361
727,0.2520367748520361
728,0.2520367748520361
729,0.2520367748520361
730,0.2520367748520361
731,0.2520367748520361
732,0.2520367748520361
733,0.2520367748520361
734,0.2520367748520361
735,0.2520367748520361
736,0.2520367748520361
737,0.2520367748520361
738,0.2520367748520361
739,0.2520367748520361
740,0.2520367748520361
741,0.2520367748520361
742,0.2520367748520361
743,0.2520367748520361
744,0.2520367748520361
745,0.2520367748520361
746,0.2520367748520361
747,0.2520367748520361
748,0.2520367748520361
749,0.2520367748520361
750,0.2520367748520361
751,0.2520367748520361
752,0.2520367748520361
753,0.2520367748520361
754,0.2520367748520361
755,0.2520367748520361
756,0.2520367748520361
757,0.2520367748520361
758,0.2520367748520361
759,0.2520367748520361
760,0.2520367748520361
761,0.2520367748520361
762,0.2520367748520361
763,0.2520367748520361
764,0.2520367748520361
765,0.2520367748520361
766,0.2520367748520361
767,0.2520367748520361
768,0.2520367748520361
769,0.2520367748520361
770,0.2520367748520361
771,0.2520367748520361
772,0.2520367748520361
773,0.2520367748520361
774,0.2520367748520361
775,0.2520367748520361
776,0.2520367748520361
777,0.2520367748520361
778,0.2520367748520361
779,0.2520367748520361
780,0.2520367748520361
781,0.2520367748520361
782,0.2520367748520361
783,0.2520367748520361
784,0.2520367748520361
785,0.2520367748520361
786,0.2520367748520361
787,0.2520367748520361
788,0.2520367748520361
789,0.2520367748520361
790,0.2520367748520361
791,0.2520367748520361
792,0.2520367748520361
793,0.2520367748520361
794,0.2520367748520361
795,0.2520367748520361
796,0.2520367748520361
797,0.2520367748520361
798,0.2520367748520361
799,0.2520367748520361
800,0.2520367748520361
801,0.2520367748520361
802,0.2520367748520361
803,0.2520367748520361
804,0.2520367748520361
805,0.2520367748520361
806,0.2520367748520361
807,0.2520367748520361
808,0.2520367748520361
809,0.2520367748520361
810,0.2520367748520361
811,0.2520367748520361
812,0.2520367748520361
813,0.2520367748520361
814,0.2520367748520361
815,0.2520367748520361
816,0.2520367748520361
817,0.2520367748520361
818,0.2520367748520361
819,0.2520367748520361
820,0.2520367748520361
821,0.2520367748520361
822,0.2520367748520361
823,0.2520367748520361
824,0.2520367748520361
825,0.2520367748520361
826,0.2520367748520361
827,0.2520367748520361
828,0.2520367748520361
829,0.2520367748520361
830,0.2520367748520361
831,0.2520367748520361
832,0.2520367748520361
833,0.2520367748520361
834,0.2520367748520361
835,0.2520367748520361
836,0.2520367748520361
837,0.2520367748520361
838,0.2520367748520361
839,0.2520367748520361
840,0.2520367748520361
841,0.2520367748520361
842,0.2520367748520361
843,0.2520367748520361
844,0.2520367748520361
845,0.2520367748520361
846,0.2520367748520361
847,0.2520367748520361
848,0.2520367748520361
849,0.2520367748520361
850,0.2520367748520361
851,0.2520367748520361
852,0.2520367748520361
853,0.2520367748520361
854,0.2520367748520361
855,0.2520367748520361
856,0.2520367748520361
857,0.2520367748520361
858,0.2520367748520361
859,0.2520367748520361
860,0.2520367748520361
861,0.2520367748520361
862,0.2520367748520361
863,0.2520367748520361
864,0.2520367748520361
865,0.2520367748520361
866,0.2520367748520361
867,0.2520367748520361
868,0.2520367748520361
869,0.2520367748520361
870,0.2520367748520361
871,0.2520367748520361
872,0.2520367748520361
873,0.2520367748520361
874,0.2520367748520361
875,0.2520367748520361
876,0.2520367748520361
877,0.2520367748520361
878,0.2520367748520361
879,0.2520367748520361
880,0.2520367748520361
881,0.2520367748520361
882,0.2520367748520361
883,0.2520367748520361
884,0.2520367748520361
885,0.2520367748520361
886,0.2520367748520361
887,0.2520367748520361
888,0.2520367748520361
889,0.2520367748520361
890,0.2520367748520361
891,0.2520367748520361
892,0.2520367748520361
893,0.2520367748520361
894,0.2520367748520361
895,0.2520367748520361
896,0.2520367748520361
897,0.2520367748520361
898,0.2520367748520361
899,0.2520367748520361
900,0.2520367748520361
901,0.2520367748520361
902,0.2520367748520361
903,0.2520367748520361
904,0.2520367748520361
905,0.2520367748520361
906,0.2520367748520361
907,0.2520367748520361
908,0.2520367748520361
909,0.2520367748520361
910,0.2520367748520361
911,0.2520367748520361
912,0.2520367748520361
913,0.2520367748520361
914,0.2520367748520361
915,0.2520367748520361
916,0.2520367748520361
917,0.2520367748520361
918,0.2520367748520361
919,0.2520367748520361
920,0.2520367748520361
921,0.2520367748520361
922,0.2520367748520361
923,0.2520367748520361
924,0.2520367748520361
925,0.2520367748520361
926,0.2520367748520361
927,0.2520367748520361
928,0.2520367748520361
929,0.2520367748520361
930,0.2520367748520361
931,0.2520367748520361
932,0.2520367748520361
933,0.2520367748520361
934,0.2520367748520361
935,0.2520367748520361
936,0.2520367748520361
937,0.2520367748520361
938,0.2520367748520361
939,0.2520367748520361
940,0.2520367748520361
941,0.2520367748520361
942,0.2520367748520361
943,0.2520367748520361
944,0.2520367748520361
945,0.2520367748520361
946,0.2520367748520361
947,0.2520367748520361
948,0.2520367748520361
949,0.2520367748520361
950,0.2520367748520361
951,0.2520367748520361
952,0.2520367748520361
953,0.2520367748520361
954,0.2520367748520361
955,0.2520367748520361
956,0.2520367748520361
957,0.2520367748520361
958,0.2520367748520361
959,0.2520367748520361
960,0.2520367748520361
961,0.2520367748520361
962,0.2520367748520361
963,0.2520367748520361
964,0.2520367748520361
965,0.2520367748520361
966,0.2520367748520361
967,0.2520367748520361
968,0.2520367748520361
969,0.2520367748520361
970,0.2520367748520361
971,0.2520367748520361
972,0.2520367748520361
973,0.2520367748520361
974,0.2520367748520361
975,0.2520367748520361
976,0.2520367748520361
977,0.2520367748520361
978,0.2520367748520361
979,0.2520367748520361
980,0.2520367748520361
981,0.2520367748520361
982,0.2520367748520361
983,0.2520367748520361
984,0.2520367748520361
985,0.2520367748520361
986,0.2520367748520361
987,0.2520367748520361
988,0.2520367748520361
989,0.2520367748520361
990,0.2520367748520361
991,0.2520367748520361
992,0.2520367748520361
993,0.2520367748520361
994,0.2520367748520361
995,0.2520367748520361
996,0.2520367748520361
997,0.2520367748520361
998,0.2520367748520361
999,0.2520367748520361
1000,0.2520367748520361
1001,0.2520367748520361
1002,0.2520367748520361
1003,0.2520367748520361
1004,0.2520367748520361
1005,0.2520367748520361
1006,0.2520367748520361
1007,0.2520367748520361
1008,0.2520367748520361
1009,0.2520367748520361
1010,0.2520367748520361
1011,0.2520367748520361
1012,0.2520367748520361
1013,0.2520367748520361
1014,0.2520367748520361
1015,0.2520367748520361
1016,0.2520367748520361
1017,0.2520367748520361
1018,0.2520367748520361
1019,0.2520367748520361
1020,0.2520367748520361
1021,0.2520367748520361
1022,0.2520367748520361
1023,0.2520367748520361
1024,0.2520367748520361
1025,0.2520367748520361
1026,0.2520367748520361
1027,0.2520367748520361
1028,0.2520367748520361
1029,0.2520367748520361
1030,0.2520367748520361
1031,0.2520367748520361
1032,0.2520367748520361
1033,0.2520367748520361
1034,0.2520367748520361
1035,0.2520367748520361
1036,0.2520367748520361
1037,0.2520367748520361
1038,0.2520367748520361
1039,0.2520367748520361
1040,0.2520367748520361
1041,0.2520367748520361
1042,0.2520367748520361
1043,0.2520367748520361
1044,0.2520367748520361
1045,0.2520367748520361
1046,0.2520367748520361
1047,0.2520367748520361
1048,0.2520367748520361
1049,0.2520367748520361
1050,0.2520367748520361
1051,0.2520367748520361
1052,0.2520367748520361
1053,0.2520367748520361
1054,0.2520367748520361
1055,0.2520367748520361
1056,0.2520367748520361
1057,0.2520367748520361
1058,0.2520367748520361
1059,0.2520367748520361
1060,0.2520367748520361
1061,0.2520367748520361
1062,0.2520367748520361
1063,0.2520367748520361
1064,0.2520367748520361
1065,0.2520367748520361
1066,0.2520367748520361
1067,0.2520367748520361
1068,0.2520367748520361
1069,0.2520367748520361
1070,0.2520367748520361
1071,0.2520367748520361
1072,0.2520367748520361
1073,0.2520367748520361
1074,0.2520367748520361
1075,0.2520367748520361
1076,0.2520367748520361
1077,0.2520367748520361
1078,0.2520367748520361
1079,0.2520367748520361
1080,0.2520367748520361
1081,0.2520367748520361
1082,0.2520367748520361
1083,0.2520367748520361
1084,0.2520367748520361
1085,0.2520367748520361
1086,0.2520367748520361
1087,0.2520367748520361
1088,0.2520367748520361
1089,0.2520367748520361
1090,0.2520367748520361
1091,0.2520367748520361
1092,0.2520367748520361
1093,0.2520367748520361
1094,0.2520367748520361
1095,0.2520367748520361
1096,0.2520367748520361
1097,0.2520367748520361
1098,0.2520367748520361
1099,0.2520367748520361
