1,0.3401954531575693
2,0.2589920409758885
3,0.2590515687487862
4,0.25904843371813346
5,0.25904525525322264
6,0.2590420438687898
7,0.25903879911987526
8,0.2590355205528227
9,0.25903220770702695
10,0.25902886011483445
11,0.2590254773014442
12,0.2590220587848071
13,0.2590186040755254
14,0.2590151126767525
15,0.25901158408409264
16,0.2590080177854984
17,0.2590044132611707
18,0.2590007699834584
19,0.2589970874167561
20,0.2589933650174057
21,0.25898960223359535
22,0.25898579850526
23,0.2589819532639818
24,0.2589780659328962
25,0.25897413592658935
26,0.2589701626510077
27,0.25896614550335967
28,0.2589620838720254
29,0.25895797713646374
30,0.2589538246671246
31,0.2589496258253608
32,0.25894537996334394
33,0.2589410864239816
34,0.25893674454083876
35,0.25893235363806083
36,0.258927913030302
37,0.25892342202265506
38,0.25891887991058754
39,0.2589142859798804
40,0.25890963950657225
41,0.25890493975690876
42,0.2589001859872974
43,0.25889537744426816
44,0.2588905133644399
45,0.2588855929744951
46,0.25888061549116004
47,0.2588755801211938
48,0.2588704860613858
49,0.2588653324985607
50,0.25886011860959374
51,0.2588548435614373
52,0.2588495065111554
53,0.2588441066059709
54,0.25883864298332465
55,0.25883311477094795
56,0.25882752108694645
57,0.2588218610398995
58,0.2588161337289751
59,0.258810338244059
60,0.2588044736659019
61,0.2587985390662822
62,0.258792533508191
63,0.25878645604603107
64,0.2587803057258427
65,0.2587740815855441
66,0.25876778265520006
67,0.2587614079573109
68,0.25875495650712815
69,0.25874842731299486
70,0.25874181937671314
71,0.25873513169394013
72,0.2587283632546154
73,0.2587215130434155
74,0.25871458004024467
75,0.25870756322075733
76,0.2587004615569144
77,0.25869327401757897
78,0.2586859995691469
79,0.2586786371762189
80,0.2586711858023122
81,0.2586636444106142
82,0.25865601196478005
83,0.25864828742977747
84,0.2586404697727745
85,0.2586325579640776
86,0.25862455097812076
87,0.258616447794502
88,0.25860824739907606
89,0.25859994878509895
90,0.258591550954428
91,0.2585830529187801
92,0.2585744537010443
93,0.258565752336658
94,0.25855694787503924
95,0.25854803938108284
96,0.25853902593671735
97,0.2585299066425242
98,0.25852068061942185
99,0.2585113470104137
100,0.2585019049823998
101,0.25849235372805124
102,0.25848269246775424
103,0.2584729204516123
104,0.2584630369615172
105,0.2584530413132798
106,0.25844293285882486
107,0.25843271098844517
108,0.2584223751331172
109,0.25841192476687186
110,0.25840135940922127
111,0.25839067862763976
112,0.258379882040091
113,0.2583689693176048
114,0.2583579401868937
115,0.2583467944330104
116,0.2583355319020359
117,0.2583241525037975
118,0.25831265621460886
119,0.25830104308002777
120,0.2582893132176213
121,0.25827746681973646
122,0.25826550415626304
123,0.2582534255773856
124,0.25824123151631106
125,0.25822892249196744
126,0.25821649911166034
127,0.25820396207367646
128,0.25819131216982955
129,0.25817855028792797
130,0.25816567741416063
131,0.2581526946353861
132,0.2581396031413105
133,0.25812640422654554
134,0.2581130992925318
135,0.2580996898493123
136,0.25808617751714624
137,0.25807256402795054
138,0.2580588512265478
139,0.2580450410717199
140,0.25803113563704394
141,0.25801713711150087
142,0.258003047799848
143,0.2579888701227365
144,0.2579746066165709
145,0.2579602599330893
146,0.25794583283866446
147,0.25793132821331344
148,0.25791674904939976
149,0.2579020984500371
150,0.257887379627169
151,0.25787259589934114
152,0.2578577506891419
153,0.2578428475203266
154,0.25782789001461376
155,0.257812881888162
156,0.2577978269477258
157,0.2577827290864966
158,0.2577675922796361
159,0.25775242057951164
160,0.2577372181106366
161,0.2577219890643381
162,0.25770673769315744
163,0.25769146830500034
164,0.25767618525705654
165,0.2576608929495056
166,0.2576455958190266
167,0.25763029833213613
168,0.2576150049783785
169,0.2575997202633862
170,0.2575844487018418
171,0.2575691948103628
172,0.2575539631003378
173,0.2575387580707411
174,0.2575235842009499
175,0.2575084459435944
176,0.25749334771747057
177,0.2574782939005334
178,0.25746328882300934
179,0.25744833676064366
180,0.25743344192811457
181,0.25741860847263426
182,0.257403840467765
183,0.2573891419074651
184,0.2573745167003918
185,0.2573599686644767
186,0.25734550152179136
187,0.2573311188937194
188,0.2573168242964483
189,0.2573026211367928
190,0.25728851270835906
191,0.25727450218806025
192,0.2572605926329848
193,0.2572467869776277
194,0.257233088031479
195,0.25721949847697884
196,0.25720602086782857
197,0.25719265762766175
198,0.2571794110490657
199,0.25716628329294833
200,0.2571532763882415
201,0.2571403922319337
202,0.2571276325894176
203,0.2571149990951432
204,0.2571024932535644
205,0.2570901164403617
206,0.2570778699039299
207,0.2570657547671137
208,0.2570537720291777
209,0.25704192256798997
210,0.2570302071424111
211,0.2570186263948615
212,0.25700718085406116
213,0.256995870937918
214,0.25698469695655063
215,0.2569736591154323
216,0.25696275751863434
217,0.2569519921721617
218,0.2569413629873559
219,0.2569308697843613
220,0.2569205122956336
221,0.25691029016947975
222,0.25690020297361804
223,0.2568902501987442
224,0.25688043126209265
225,0.25687074551098665
226,0.2568611922263594
227,0.25685177062624426
228,0.2568424798692241
229,0.2568333190578286
230,0.25682428724187717
231,0.2568153834217593
232,0.2568066065516446
233,0.25679795554262225
234,0.25678942926576126
235,0.2567810265550897
236,0.25677274621048934
237,0.25676458700050375
238,0.2567565476650555
239,0.25674862691807465
240,0.25674082345003163
241,0.256733135930381
242,0.25672556300990756
243,0.25671810332298234
244,0.25671075548972205
245,0.2567035181180592
246,0.25669638980571646
247,0.2566893691420934
248,0.2566824547100603
249,0.2566756450876683
250,0.25666893884976805
251,0.25666233456954696
252,0.25665583081998405
253,0.2566494261752218
254,0.2566431192118609
255,0.2566369085101804
256,0.25663079265528105
257,0.25662477023815916
258,0.2566188398567108
259,0.25661300011667
260,0.2566072496324812
261,0.2566015870281116
262,0.25659601093780315
263,0.2565905200067669
264,0.2565851128918255
265,0.2565797882619999
266,0.2565745447990492
267,0.25656938119796086
268,0.25656429616739596
269,0.2565592884300924
270,0.25655435672322524
271,0.2565494997987289
272,0.25654471642358273
273,0.2565400053800606
274,0.25653536546594796
275,0.25653079549472757
276,0.2565262942957341
277,0.2565218607142837
278,0.2565174936117744
279,0.25651319186576477
280,0.25650895437002574
281,0.25650478003457466
282,0.25650066778568503
283,0.2564966165658819
284,0.25649262533391487
285,0.2564886930647168
286,0.25648481874934864
287,0.2564810013949266
288,0.2564772400245396
289,0.2564735336771508
290,0.2564698814074924
291,0.25646628228594626
292,0.2564627353984156
293,0.2564592398461916
294,0.25645579474580715
295,0.25645239922888574
296,0.2564490524419848
297,0.25644575354643273
298,0.2564425017181575
299,0.25643929614751626
300,0.25643613603911625
301,0.2564330206116341
302,0.2564299490976317
303,0.2564269207433694
304,0.2564239348086159
305,0.2564209905664586
306,0.25641808730311083
307,0.25641522431771774
308,0.2564124009221621
309,0.25640961644086885
310,0.25640687021061115
311,0.2564041615803134
312,0.25640148991085776
313,0.25639885457488915
314,0.25639625495662133
315,0.25639369045164295
316,0.2563911604667283
317,0.2563886644196432
318,0.2563862017389592
319,0.2563837718638619
320,0.2563813742439682
321,0.25637900833913907
322,0.2563766736192982
323,0.2563743695642509
324,0.25637209566350483
325,0.2563698514160936
326,0.25636763633040205
327,0.2563654499239938
328,0.2563632917234406
329,0.25636116126415454
330,0.2563590580902227
331,0.25635698175424326
332,0.2563549318171657
333,0.25635290784813053
334,0.25635090942431393
335,0.25634893613077525
336,0.2563469875603027
337,0.256345063313268
338,0.25634316299747817
339,0.2563412862280304
340,0.2563394326271729
341,0.25633760182416376
342,0.2563357934551353
343,0.2563340071629595
344,0.2563322425971161
345,0.25633049941356173
346,0.25632877727460396
347,0.256327075848777
348,0.25632539481071664
349,0.2563237338410418
350,0.2563220926262359
351,0.25632047085853044
352,0.25631886823579164
353,0.25631728446140895
354,0.2563157192441855
355,0.2563141722982303
356,0.2563126433428547
357,0.25631113210246687
358,0.2563096383064725
359,0.2563081616891735
360,0.2563067019896745
361,0.25630525895178335
362,0.25630383232392057
363,0.2563024218590268
364,0.2563010273144732
365,0.2562996484519736
366,0.2562982850374989
367,0.25629693684119176
368,0.25629560363728504
369,0.2562942852040202
370,0.2562929813235675
371,0.25629169178195055
372,0.2562904163689674
373,0.2562891548781174
374,0.2562879071065284
375,0.25628667285488543
376,0.2562854519273592
377,0.2562842441315394
378,0.2562830492783672
379,0.2562818671820679
380,0.25628069766008826
381,0.2562795405330331
382,0.25627839562460303
383,0.25627726276153456
384,0.256276141773541
385,0.2562750324932532
386,0.2562739347561646
387,0.25627284840057435
388,0.2562717732675336
389,0.2562707092007919
390,0.25626965604674495
391,0.25626861365438364
392,0.2562675818752438
393,0.25626656056335784
394,0.2562655495752062
395,0.25626454876967
396,0.2562635580079858
397,0.25626257715370154
398,0.2562616060726293
399,0.25626064463280523
400,0.256259692704446
401,0.25625875015990657
402,0.25625781687364163
403,0.25625689272216484
404,0.2562559775840089
405,0.25625507133968906
406,0.25625417387166505
407,0.25625328506430506
408,0.2562524048038497
409,0.25625153297837555
410,0.2562506694777647
411,0.25624981419366655
412,0.2562489670194677
413,0.2562481278502593
414,0.2562472965828043
415,0.2562464731155083
416,0.25624565734838833
417,0.25624484918304313
418,0.25624404852262345
419,0.256243255271805
420,0.2562424693367599
421,0.2562416906251283
422,0.25624091904599466
423,0.25624015450985665
424,0.25623939692860465
425,0.25623864621549314
426,0.2562379022851167
427,0.2562371650533872
428,0.25623643443750815
429,0.2562357103559533
430,0.2562349927284421
431,0.25623428147591915
432,0.25623357652053175
433,0.2562328777856071
434,0.25623218519563373
435,0.2562314986762393
436,0.25623081815417076
437,0.25623014355727486
438,0.25622947481447905
439,0.2562288118557713
440,0.2562281546121831
441,0.25622750301576996
442,0.25622685699959447
443,0.2562262164977075
444,0.256225581445133
445,0.25622495177784915
446,0.256224327432773
447,0.2562237083477435
448,0.2562230944615073
449,0.25622248571370076
450,0.25622188204483637
451,0.2562212833962877
452,0.25622068971027323
453,0.2562201009298445
454,0.25621951699886936
455,0.25621893786202016
456,0.2562183634647586
457,0.256217793753324
458,0.25621722867471813
459,0.2562166681766955
460,0.25621611220774704
461,0.2562155607170902
462,0.2562150136546572
463,0.25621447097108085
464,0.25621393261768555
465,0.2562133985464738
466,0.2562128687101159
467,0.2562123430619397
468,0.25621182155591743
469,0.25621130414665794
470,0.25621079078939474
471,0.2562102814399759
472,0.25620977605485373
473,0.2562092745910768
474,0.2562087770062771
475,0.25620828325866374
476,0.25620779330701193
477,0.2562073071106544
478,0.2562068246294719
479,0.2562063458238849
480,0.2562058706548454
481,0.25620539908382767
482,0.2562049310728198
483,0.2562044665843163
484,0.2562040055813099
485,0.2562035480272829
486,0.25620309388620105
487,0.2562026431225042
488,0.25620219570109987
489,0.25620175158735503
490,0.25620131074709085
491,0.256200873146573
492,0.25620043875250753
493,0.25620000753203104
494,0.2561995794527069
495,0.2561991544825163
496,0.25619873258985343
497,0.25619831374351865
498,0.25619789791271197
499,0.2561974850670267
500,0.25619707517644513
501,0.25619666821132964
502,0.2561962641424203
503,0.25619586294082664
504,0.25619546457802206
505,0.2561950690258414
506,0.25619467625647147
507,0.25619428624244855
508,0.2561938989566516
509,0.25619351437229776
510,0.2561931324629382
511,0.25619275320245094
512,0.2561923765650383
513,0.2561920025252205
514,0.2561916310578318
515,0.2561912621380156
516,0.25619089574122
517,0.2561905318431928
518,0.25619017041997816
519,0.256189811447912
520,0.2561894549036157
521,0.2561891007639955
522,0.256188749006236
523,0.2561883996077962
524,0.2561880525464062
525,0.2561877078000637
526,0.2561873653470284
527,0.25618702516582065
528,0.2561866872352158
529,0.25618635153424063
530,0.25618601804217156
531,0.2561856867385293
532,0.25618535760307576
533,0.2561850306158115
534,0.2561847057569714
535,0.2561843830070206
536,0.25618406234665464
537,0.256183743756792
538,0.2561834272185734
539,0.25618311271335864
540,0.2561828002227226
541,0.2561824897284536
542,0.25618218121254827
543,0.2561818746572109
544,0.2561815700448495
545,0.2561812673580734
546,0.2561809665796895
547,0.2561806676927013
548,0.25618037068030464
549,0.2561800755258852
550,0.2561797822130178
551,0.2561794907254606
552,0.2561792010471559
553,0.25617891316222546
554,0.25617862705496836
555,0.25617834270986023
556,0.25617806011154837
557,0.25617777924485163
558,0.25617750009475676
559,0.25617722264641685
560,0.25617694688514836
561,0.25617667279643064
562,0.25617640036590156
563,0.2561761295793566
564,0.2561758604227471
565,0.25617559288217756
566,0.2561753269439029
567,0.25617506259432915
568,0.25617479982000796
569,0.2561745386076375
570,0.25617427894405936
571,0.2561740208162561
572,0.2561737642113508
573,0.2561735091166047
574,0.25617325551941456
575,0.25617300340731164
576,0.2561727527679615
577,0.25617250358915866
578,0.25617225585882786
579,0.2561720095650222
580,0.2561717646959196
581,0.25617152123982384
582,0.25617127918515986
583,0.256171038520476
584,0.25617079923443875
585,0.25617056131583293
586,0.2561703247535613
587,0.25617008953664144
588,0.2561698556542038
589,0.2561696230954929
590,0.2561693918498631
591,0.2561691619067787
592,0.2561689332558126
593,0.2561687058866443
594,0.25616847978905904
595,0.25616825495294687
596,0.25616803136829924
597,0.25616780902521136
598,0.2561675879138776
599,0.25616736802459217
600,0.25616714934774687
601,0.25616693187383094
602,0.25616671559342896
603,0.2561665004972201
604,0.25616628657597634
605,0.2561660738205629
606,0.2561658622219352
607,0.2561656517711393
608,0.25616544245930983
609,0.25616523427766913
610,0.2561650272175267
611,0.25616482127027806
612,0.25616461642740224
613,0.2561644126804631
614,0.25616421002110745
615,0.25616400844106285
616,0.256163807932138
617,0.2561636084862214
618,0.25616341009528126
619,0.25616321275136256
620,0.2561630164465881
621,0.25616282117315586
622,0.25616262692333974
623,0.25616243368948866
624,0.2561622414640237
625,0.256162050239439
626,0.25616186000830143
627,0.25616167076324714
628,0.2561614824969837
629,0.2561612952022876
630,0.25616110887200416
631,0.25616092349904535
632,0.2561607390763918
633,0.25616055559708867
634,0.2561603730542477
635,0.2561601914410446
636,0.25616001075071965
637,0.25615983097657574
638,0.2561596521119788
639,0.2561594741503562
640,0.25615929708519636
641,0.25615912091004867
642,0.25615894561852165
643,0.2561587712042825
