1,0.34389868127071055
2,0.25487594376576544
3,0.2548661979293617
4,0.25485922233826713
5,0.2548521849368386
6,0.25484508713405196
7,0.2548379304403649
8,0.25483071646844274
9,0.2548234469335894
10,0.25481612365386025
11,0.2548087485498417
12,0.25480132364407065
13,0.25479385106009395
14,0.2547863330211451
15,0.25477877184842684
16,0.25477116995899846
17,0.25476352986324924
18,0.254755854161966
19,0.25474814554298497
20,0.25474040677743476
21,0.2547326407155673
22,0.25472485028219743
23,0.254717038471748
24,0.2547092083429229
25,0.25470136301302554
26,0.2546935056519371
27,0.2546856394757863
28,0.25467776774033113
29,0.2546698937340864
30,0.25466202077122563
31,0.2546541521842962
32,0.25464629131677835
33,0.2546384415155358
34,0.25463060612318567
35,0.2546227884704422
36,0.25461499186846126
37,0.25460721960124405
38,0.2545994749181255
39,0.2545917610264001
40,0.25458408108412134
41,0.2545764381931102
42,0.25456883539221753
43,0.2545612756508673
44,0.25455376186291695
45,0.2545462968408666
46,0.25453888331043817
47,0.25453152390555395
48,0.2545242211637283
49,0.254516977521898
50,0.25450979531269285
51,0.2545026767611674
52,0.2544956239819896
53,0.2544886389770981
54,0.25448172363381827
55,0.2544748797234379
56,0.2544681089002353
57,0.25446141270094275
58,0.2544547925446441
59,0.25444824973307734
60,0.2544417854513331
61,0.2544354007689291
62,0.2544290966412318
63,0.2544228739112123
64,0.2544167333115075
65,0.25441067546675883
66,0.2544047008962128
67,0.2543988100165462
68,0.2543930031449012
69,0.2543872805021003
70,0.2543816422160113
71,0.25437608832505076
72,0.2543706187817881
73,0.2543652334566394
74,0.2543599321416211
75,0.25435471455414577
76,0.25434958034084365
77,0.2543445290813872
78,0.2543395602923028
79,0.254334673430757
80,0.25432986789829837
81,0.25432514304454623
82,0.2543204981708136
83,0.2543159325336489
84,0.2543114453482987
85,0.25430703579207076
86,0.25430270300759755
87,0.25429844610599583
88,0.254294264169915
89,0.25429015625646745
90,0.25428612140004386
91,0.25428215861501136
92,0.2542782668982864
93,0.2542744452317923
94,0.25427069258479057
95,0.2542670079160968
96,0.2542633901761744
97,0.25425983830911575
98,0.25425635125450424
99,0.2542529279491658
100,0.2542495673288126
101,0.254246268329578
102,0.2542430298894499
103,0.25423985094960433
104,0.25423673045564055
105,0.25423366735872854
106,0.25423066061666305
107,0.2542277091948356
108,0.2542248120671239
109,0.25422196821670373
110,0.254219176636789
111,0.25421643633129976
112,0.2542137463154642
113,0.25421110561635996
114,0.25420851327339344
115,0.2542059683387258
116,0.2542034698776416
117,0.2542010169688766
118,0.25419860870489147
119,0.2541962441921032
120,0.25419392255108153
121,0.2541916429167005
122,0.2541894044382614
123,0.2541872062795771
124,0.2541850476190288
125,0.2541829276495994
126,0.2541808455788706
127,0.25417880062900583
128,0.2541767920367066
129,0.25417481905315154
130,0.2541728809439116
131,0.25417097698885754
132,0.25416910648204283
133,0.25416726873158063
134,0.2541654630595021
135,0.2541636888016088
136,0.25416194530731173
137,0.2541602319394626
138,0.2541585480741792
139,0.2541568931006598
140,0.2541552664209967
141,0.25415366744997875
142,0.2541520956148968
143,0.2541505503553384
144,0.25414903112298537
145,0.2541475373814044
146,0.2541460686058404
147,0.25414462428300416
148,0.2541432039108618
149,0.2541418069984251
150,0.2541404330655387
151,0.25413908164266924
152,0.25413775227069707
153,0.2541364445007059
154,0.25413515789377555
155,0.2541338920207777
156,0.25413264646216904
157,0.25413142080779216
158,0.25413021465667407
159,0.25412902761682926
160,0.2541278593050646
161,0.2541267093467887
162,0.2541255773758198
163,0.2541244630342016
164,0.25412336597201746
165,0.25412228584721214
166,0.25412122232541184
167,0.25412017507974993
168,0.25411914379069805
169,0.2541181281458936
170,0.25411712783997803
171,0.25411614257443343
172,0.2541151720574239
173,0.2541142160036388
174,0.2541132741341426
175,0.2541123461762226
176,0.2541114318632459
177,0.2541105309345139
178,0.2541096431351225
179,0.254108768215826
180,0.25410790593290267
181,0.2541070560480235
182,0.2541062183281242
183,0.2541053925452802
184,0.2541045784765842
185,0.25410377590402694
186,0.2541029846143792
187,0.2541022043990801
188,0.25410143505412314
189,0.25410067637994943
190,0.25409992818134086
191,0.25409919026731564
192,0.2540984624510282
193,0.2540977445496715
194,0.25409703638437786
195,0.2540963377801273
196,0.2540956485656556
197,0.25409496857336306
198,0.25409429763922997
199,0.2540936356027296
200,0.25409298230674543
201,0.2540923375974905
202,0.25409170132442865
203,0.25409107334019765
204,0.254090453500532
205,0.25408984166419357
206,0.25408923769289654
207,0.25408864145124
208,0.254088052806639
209,0.2540874716292582
210,0.2540868977919487
211,0.2540863311701835
212,0.2540857716419978
213,0.25408521908792636
214,0.25408467339094887
215,0.2540841344364306
216,0.25408360211206815
217,0.2540830763078336
218,0.25408255691592424
219,0.25408204383070937
220,0.25408153694868185
221,0.25408103616840744
222,0.25408054139047853
223,0.2540800525174665
224,0.2540795694538788
225,0.2540790921061109
226,0.25407862038240736
227,0.25407815419281765
228,0.2540776934491555
229,0.25407723806495947
230,0.25407678795545324
231,0.25407634303750776
232,0.25407590322960594
233,0.25407546845180445
234,0.2540750386256991
235,0.2540746136743915
236,0.25407419352245314
237,0.2540737780958966
238,0.25407336732214036
239,0.254072961129979
240,0.25407255944955226
241,0.25407216221231727
242,0.254071769351017
243,0.25407138079965386
244,0.25407099649346265
245,0.2540706163688823
246,0.25407024036353076
247,0.2540698684161787
248,0.25406950046672544
249,0.2540691364561748
250,0.2540687763266095
251,0.25406842002117186
252,0.25406806748403576
253,0.25406771866039013
254,0.25406737349641334
255,0.2540670319392549
256,0.2540666939370135
257,0.25406635943871736
258,0.2540660283943039
259,0.25406570075460316
260,0.25406537647131605
261,0.254065055496998
262,0.2540647377850409
263,0.2540644232896556
264,0.2540641119658557
265,0.2540638037694388
266,0.2540634986569735
267,0.2540631965857809
268,0.2540628975139206
269,0.25406260140017595
270,0.25406230820403736
271,0.2540620178856911
272,0.25406173040600205
273,0.25406144572650213
274,0.2540611638093755
275,0.25406088461744664
276,0.2540606081141673
277,0.2540603342636033
