1,0.4988896179521914
2,0.4977351921028838
3,0.4961085659832472
4,0.4921602454797013
5,0.46631151182559627
6,0.27345205550884216
7,0.25619256633042836
8,0.25619166684285927
9,0.25619166675011334
10,0.256191666750104
11,0.25619166675010396
12,0.25619166675010396
13,0.25619166675010396
14,0.25619166675010396
15,0.25619166675010396
16,0.25619166675010396
17,0.25619166675010396
18,0.25619166675010396
19,0.25619166675010396
20,0.25619166675010396
21,0.25619166675010396
22,0.25619166675010396
23,0.25619166675010396
24,0.25619166675010396
25,0.25619166675010396
26,0.25619166675010396
27,0.25619166675010396
28,0.25619166675010396
29,0.25619166675010396
30,0.25619166675010396
31,0.25619166675010396
32,0.25619166675010396
33,0.25619166675010396
34,0.25619166675010396
35,0.25619166675010396
36,0.25619166675010396
37,0.25619166675010396
38,0.25619166675010396
39,0.25619166675010396
40,0.25619166675010396
41,0.25619166675010396
42,0.25619166675010396
43,0.25619166675010396
44,0.25619166675010396
45,0.25619166675010396
46,0.25619166675010396
47,0.25619166675010396
48,0.25619166675010396
49,0.25619166675010396
50,0.25619166675010396
51,0.25619166675010396
52,0.25619166675010396
53,0.25619166675010396
54,0.25619166675010396
55,0.25619166675010396
56,0.25619166675010396
57,0.25619166675010396
58,0.25619166675010396
59,0.25619166675010396
60,0.25619166675010396
61,0.25619166675010396
62,0.25619166675010396
63,0.25619166675010396
64,0.25619166675010396
65,0.25619166675010396
66,0.25619166675010396
67,0.25619166675010396
68,0.25619166675010396
69,0.25619166675010396
70,0.25619166675010396
71,0.25619166675010396
72,0.25619166675010396
73,0.25619166675010396
74,0.25619166675010396
75,0.25619166675010396
76,0.25619166675010396
77,0.25619166675010396
78,0.25619166675010396
79,0.25619166675010396
80,0.25619166675010396
81,0.25619166675010396
82,0.25619166675010396
83,0.25619166675010396
84,0.25619166675010396
85,0.25619166675010396
86,0.25619166675010396
87,0.25619166675010396
88,0.25619166675010396
89,0.25619166675010396
90,0.25619166675010396
91,0.25619166675010396
92,0.25619166675010396
93,0.25619166675010396
94,0.25619166675010396
95,0.25619166675010396
96,0.25619166675010396
97,0.25619166675010396
98,0.25619166675010396
99,0.25619166675010396
100,0.25619166675010396
101,0.25619166675010396
102,0.25619166675010396
103,0.25619166675010396
104,0.25619166675010396
105,0.25619166675010396
106,0.25619166675010396
107,0.25619166675010396
108,0.25619166675010396
109,0.25619166675010396
110,0.25619166675010396
111,0.25619166675010396
112,0.25619166675010396
113,0.25619166675010396
114,0.25619166675010396
115,0.25619166675010396
116,0.25619166675010396
117,0.25619166675010396
118,0.25619166675010396
119,0.25619166675010396
120,0.25619166675010396
121,0.25619166675010396
122,0.25619166675010396
123,0.25619166675010396
124,0.25619166675010396
125,0.25619166675010396
126,0.25619166675010396
127,0.25619166675010396
128,0.25619166675010396
129,0.25619166675010396
130,0.25619166675010396
131,0.25619166675010396
132,0.25619166675010396
133,0.25619166675010396
134,0.25619166675010396
135,0.25619166675010396
136,0.25619166675010396
137,0.25619166675010396
138,0.25619166675010396
139,0.25619166675010396
140,0.25619166675010396
141,0.25619166675010396
142,0.25619166675010396
143,0.25619166675010396
144,0.25619166675010396
145,0.25619166675010396
146,0.25619166675010396
147,0.25619166675010396
148,0.25619166675010396
149,0.25619166675010396
150,0.25619166675010396
151,0.25619166675010396
152,0.25619166675010396
153,0.25619166675010396
154,0.25619166675010396
155,0.25619166675010396
156,0.25619166675010396
157,0.25619166675010396
158,0.25619166675010396
159,0.25619166675010396
160,0.25619166675010396
161,0.25619166675010396
162,0.25619166675010396
163,0.25619166675010396
164,0.25619166675010396
165,0.25619166675010396
166,0.25619166675010396
167,0.25619166675010396
168,0.25619166675010396
169,0.25619166675010396
170,0.25619166675010396
171,0.25619166675010396
172,0.25619166675010396
173,0.25619166675010396
174,0.25619166675010396
175,0.25619166675010396
176,0.25619166675010396
177,0.25619166675010396
178,0.25619166675010396
179,0.25619166675010396
180,0.25619166675010396
181,0.25619166675010396
182,0.25619166675010396
183,0.25619166675010396
184,0.25619166675010396
185,0.25619166675010396
186,0.25619166675010396
187,0.25619166675010396
188,0.25619166675010396
189,0.25619166675010396
190,0.25619166675010396
191,0.25619166675010396
192,0.25619166675010396
193,0.25619166675010396
194,0.25619166675010396
195,0.25619166675010396
196,0.25619166675010396
197,0.25619166675010396
198,0.25619166675010396
199,0.25619166675010396
200,0.25619166675010396
201,0.25619166675010396
202,0.25619166675010396
203,0.25619166675010396
204,0.25619166675010396
205,0.25619166675010396
206,0.25619166675010396
207,0.25619166675010396
208,0.25619166675010396
209,0.25619166675010396
210,0.25619166675010396
211,0.25619166675010396
212,0.25619166675010396
213,0.25619166675010396
214,0.25619166675010396
215,0.25619166675010396
216,0.25619166675010396
217,0.25619166675010396
218,0.25619166675010396
219,0.25619166675010396
220,0.25619166675010396
221,0.25619166675010396
222,0.25619166675010396
223,0.25619166675010396
224,0.25619166675010396
225,0.25619166675010396
226,0.25619166675010396
227,0.25619166675010396
228,0.25619166675010396
229,0.25619166675010396
230,0.25619166675010396
231,0.25619166675010396
232,0.25619166675010396
233,0.25619166675010396
234,0.25619166675010396
235,0.25619166675010396
236,0.25619166675010396
237,0.25619166675010396
238,0.25619166675010396
239,0.25619166675010396
240,0.25619166675010396
241,0.25619166675010396
242,0.25619166675010396
243,0.25619166675010396
244,0.25619166675010396
245,0.25619166675010396
246,0.25619166675010396
247,0.25619166675010396
248,0.25619166675010396
249,0.25619166675010396
250,0.25619166675010396
251,0.25619166675010396
252,0.25619166675010396
253,0.25619166675010396
254,0.25619166675010396
255,0.25619166675010396
256,0.25619166675010396
257,0.25619166675010396
258,0.25619166675010396
259,0.25619166675010396
260,0.25619166675010396
261,0.25619166675010396
262,0.25619166675010396
263,0.25619166675010396
264,0.25619166675010396
265,0.25619166675010396
266,0.25619166675010396
267,0.25619166675010396
268,0.25619166675010396
269,0.25619166675010396
270,0.25619166675010396
271,0.25619166675010396
272,0.25619166675010396
273,0.25619166675010396
274,0.25619166675010396
275,0.25619166675010396
276,0.25619166675010396
277,0.25619166675010396
278,0.25619166675010396
279,0.25619166675010396
280,0.25619166675010396
281,0.25619166675010396
282,0.25619166675010396
283,0.25619166675010396
284,0.25619166675010396
285,0.25619166675010396
286,0.25619166675010396
287,0.25619166675010396
288,0.25619166675010396
289,0.25619166675010396
290,0.25619166675010396
291,0.25619166675010396
292,0.25619166675010396
293,0.25619166675010396
294,0.25619166675010396
295,0.25619166675010396
296,0.25619166675010396
297,0.25619166675010396
298,0.25619166675010396
299,0.25619166675010396
300,0.25619166675010396
301,0.25619166675010396
302,0.25619166675010396
303,0.25619166675010396
304,0.25619166675010396
305,0.25619166675010396
306,0.25619166675010396
307,0.25619166675010396
308,0.25619166675010396
309,0.25619166675010396
310,0.25619166675010396
311,0.25619166675010396
312,0.25619166675010396
313,0.25619166675010396
314,0.25619166675010396
315,0.25619166675010396
316,0.25619166675010396
317,0.25619166675010396
318,0.25619166675010396
319,0.25619166675010396
320,0.25619166675010396
321,0.25619166675010396
322,0.25619166675010396
323,0.25619166675010396
324,0.25619166675010396
325,0.25619166675010396
326,0.25619166675010396
327,0.25619166675010396
328,0.25619166675010396
329,0.25619166675010396
330,0.25619166675010396
331,0.25619166675010396
332,0.25619166675010396
333,0.25619166675010396
334,0.25619166675010396
335,0.25619166675010396
336,0.25619166675010396
337,0.25619166675010396
338,0.25619166675010396
339,0.25619166675010396
340,0.25619166675010396
341,0.25619166675010396
342,0.25619166675010396
343,0.25619166675010396
344,0.25619166675010396
345,0.25619166675010396
346,0.25619166675010396
347,0.25619166675010396
348,0.25619166675010396
349,0.25619166675010396
350,0.25619166675010396
351,0.25619166675010396
352,0.25619166675010396
353,0.25619166675010396
354,0.25619166675010396
355,0.25619166675010396
356,0.25619166675010396
357,0.25619166675010396
358,0.25619166675010396
359,0.25619166675010396
360,0.25619166675010396
361,0.25619166675010396
362,0.25619166675010396
363,0.25619166675010396
364,0.25619166675010396
365,0.25619166675010396
366,0.25619166675010396
367,0.25619166675010396
368,0.25619166675010396
369,0.25619166675010396
370,0.25619166675010396
371,0.25619166675010396
372,0.25619166675010396
373,0.25619166675010396
374,0.25619166675010396
375,0.25619166675010396
376,0.25619166675010396
377,0.25619166675010396
378,0.25619166675010396
379,0.25619166675010396
380,0.25619166675010396
381,0.25619166675010396
382,0.25619166675010396
383,0.25619166675010396
384,0.25619166675010396
385,0.25619166675010396
386,0.25619166675010396
387,0.25619166675010396
388,0.25619166675010396
389,0.25619166675010396
390,0.25619166675010396
391,0.25619166675010396
392,0.25619166675010396
393,0.25619166675010396
394,0.25619166675010396
395,0.25619166675010396
396,0.25619166675010396
397,0.25619166675010396
398,0.25619166675010396
399,0.25619166675010396
400,0.25619166675010396
401,0.25619166675010396
402,0.25619166675010396
403,0.25619166675010396
404,0.25619166675010396
405,0.25619166675010396
406,0.25619166675010396
407,0.25619166675010396
408,0.25619166675010396
409,0.25619166675010396
410,0.25619166675010396
411,0.25619166675010396
412,0.25619166675010396
413,0.25619166675010396
414,0.25619166675010396
415,0.25619166675010396
416,0.25619166675010396
417,0.25619166675010396
418,0.25619166675010396
419,0.25619166675010396
420,0.25619166675010396
421,0.25619166675010396
422,0.25619166675010396
423,0.25619166675010396
424,0.25619166675010396
425,0.25619166675010396
426,0.25619166675010396
427,0.25619166675010396
428,0.25619166675010396
429,0.25619166675010396
430,0.25619166675010396
431,0.25619166675010396
432,0.25619166675010396
433,0.25619166675010396
434,0.25619166675010396
435,0.25619166675010396
436,0.25619166675010396
437,0.25619166675010396
438,0.25619166675010396
439,0.25619166675010396
440,0.25619166675010396
441,0.25619166675010396
442,0.25619166675010396
443,0.25619166675010396
444,0.25619166675010396
445,0.25619166675010396
446,0.25619166675010396
447,0.25619166675010396
448,0.25619166675010396
449,0.25619166675010396
450,0.25619166675010396
451,0.25619166675010396
452,0.25619166675010396
453,0.25619166675010396
454,0.25619166675010396
455,0.25619166675010396
456,0.25619166675010396
457,0.25619166675010396
458,0.25619166675010396
459,0.25619166675010396
460,0.25619166675010396
461,0.25619166675010396
462,0.25619166675010396
463,0.25619166675010396
464,0.25619166675010396
465,0.25619166675010396
466,0.25619166675010396
467,0.25619166675010396
468,0.25619166675010396
469,0.25619166675010396
470,0.25619166675010396
471,0.25619166675010396
472,0.25619166675010396
473,0.25619166675010396
474,0.25619166675010396
475,0.25619166675010396
476,0.25619166675010396
477,0.25619166675010396
478,0.25619166675010396
479,0.25619166675010396
480,0.25619166675010396
481,0.25619166675010396
482,0.25619166675010396
483,0.25619166675010396
484,0.25619166675010396
485,0.25619166675010396
486,0.25619166675010396
487,0.25619166675010396
488,0.25619166675010396
489,0.25619166675010396
490,0.25619166675010396
491,0.25619166675010396
492,0.25619166675010396
493,0.25619166675010396
494,0.25619166675010396
495,0.25619166675010396
496,0.25619166675010396
497,0.25619166675010396
498,0.25619166675010396
499,0.25619166675010396
500,0.25619166675010396
501,0.25619166675010396
502,0.25619166675010396
503,0.25619166675010396
504,0.25619166675010396
505,0.25619166675010396
506,0.25619166675010396
507,0.25619166675010396
508,0.25619166675010396
509,0.25619166675010396
510,0.25619166675010396
511,0.25619166675010396
512,0.25619166675010396
513,0.25619166675010396
514,0.25619166675010396
515,0.25619166675010396
516,0.25619166675010396
517,0.25619166675010396
518,0.25619166675010396
519,0.25619166675010396
520,0.25619166675010396
521,0.25619166675010396
522,0.25619166675010396
523,0.25619166675010396
524,0.25619166675010396
525,0.25619166675010396
526,0.25619166675010396
527,0.25619166675010396
528,0.25619166675010396
529,0.25619166675010396
530,0.25619166675010396
531,0.25619166675010396
532,0.25619166675010396
533,0.25619166675010396
534,0.25619166675010396
535,0.25619166675010396
536,0.25619166675010396
537,0.25619166675010396
538,0.25619166675010396
539,0.25619166675010396
540,0.25619166675010396
541,0.25619166675010396
542,0.25619166675010396
543,0.25619166675010396
544,0.25619166675010396
545,0.25619166675010396
546,0.25619166675010396
547,0.25619166675010396
548,0.25619166675010396
549,0.25619166675010396
550,0.25619166675010396
551,0.25619166675010396
552,0.25619166675010396
553,0.25619166675010396
554,0.25619166675010396
555,0.25619166675010396
556,0.25619166675010396
557,0.25619166675010396
558,0.25619166675010396
559,0.25619166675010396
560,0.25619166675010396
561,0.25619166675010396
562,0.25619166675010396
563,0.25619166675010396
564,0.25619166675010396
565,0.25619166675010396
566,0.25619166675010396
567,0.25619166675010396
568,0.25619166675010396
569,0.25619166675010396
570,0.25619166675010396
571,0.25619166675010396
572,0.25619166675010396
573,0.25619166675010396
574,0.25619166675010396
575,0.25619166675010396
576,0.25619166675010396
577,0.25619166675010396
578,0.25619166675010396
579,0.25619166675010396
580,0.25619166675010396
581,0.25619166675010396
582,0.25619166675010396
583,0.25619166675010396
584,0.25619166675010396
585,0.25619166675010396
586,0.25619166675010396
587,0.25619166675010396
588,0.25619166675010396
589,0.25619166675010396
590,0.25619166675010396
591,0.25619166675010396
592,0.25619166675010396
593,0.25619166675010396
594,0.25619166675010396
595,0.25619166675010396
596,0.25619166675010396
597,0.25619166675010396
598,0.25619166675010396
599,0.25619166675010396
600,0.25619166675010396
601,0.25619166675010396
602,0.25619166675010396
603,0.25619166675010396
604,0.25619166675010396
605,0.25619166675010396
606,0.25619166675010396
607,0.25619166675010396
608,0.25619166675010396
609,0.25619166675010396
610,0.25619166675010396
611,0.25619166675010396
612,0.25619166675010396
613,0.25619166675010396
614,0.25619166675010396
615,0.25619166675010396
616,0.25619166675010396
617,0.25619166675010396
618,0.25619166675010396
619,0.25619166675010396
