1,0.2738420368743222
2,0.2597809088388527
3,0.2597331172188247
4,0.25968331517956955
5,0.25963172186174877
6,0.25957829189030374
7,0.25952298354123393
8,0.25946575964185575
9,0.25940658855318616
10,0.25934544523566605
11,0.2592823123901237
12,0.25921718166133406
13,0.2591500548863141
14,0.2590809453636831
15,0.2590098791142053
16,0.2589368960962915
17,0.2588620513341253
18,0.25878541591071236
19,0.2587070777740391
20,0.2586271423023494
21,0.25854573257489405
22,0.25846298929797995
23,0.2583790703431798
24,0.2582941498653888
25,0.25820841698292274
26,0.2581220740196243
27,0.2580353343290926
28,0.2579484197424717
29,0.25786155770219055
30,0.2577749781629624
31,0.25768891035652935
32,0.25760357952667123
33,0.2575192037447909
34,0.25743599091347846
35,0.2573541360559987
36,0.25727381897438706
37,0.2571952023391138
38,0.2571184302507597
39,0.2570436272906683
40,0.2569708980549297
41,0.2569003271458093
42,0.2568319795780917
43,0.2567659015454279
44,0.2567021214839351
45,0.2566406513668531
46,0.2565814881644805
47,0.2565246154072516
48,0.25647000479582277
49,0.25641761780959804
50,0.2563674072735079
51,0.2563193188513897
52,0.25627329244249103
53,0.2562292634651226
54,0.2561871640180227
55,0.25614692391551164
56,0.256108471596951
57,0.2560717349144694
58,0.25603664180541896
59,0.25600312085773974
60,0.2559711017774542
61,0.25594051576800597
62,0.255911295831226
63,0.2558833769994711
64,0.25585669650799886
65,0.25583119391603315
66,0.25580681118425147
67,0.2557834927156873
68,0.2557611853662767
69,0.2557398384305479
70,0.2557194036072514
71,0.25569983494908427
72,0.2556810888000704
73,0.25566312372362354
74,0.25564590042384483
75,0.2556293816621911
76,0.2556135321712802
77,0.25559831856728105
78,0.2555837092620706
79,0.25556967437609346
80,0.2555561856526749
81,0.2555432163743642
82,0.25553074128174014
83,0.25551873649500595
84,0.255507179438595
85,0.255496048768932
86,0.25548532430543003
87,0.2554749869647573
88,0.2554650186983512
89,0.2554554024331452
90,0.2554461220154328
91,0.2554371621577814
92,0.25542850838888814
93,0.2554201470062764
94,0.2554120650317003
95,0.2554042501691407
96,0.2553966907652713
97,0.25538937577226173
98,0.25538229471280266
99,0.25537543764722864
100,0.2553687951426225
101,0.25536235824378756
102,0.25535611844598394
103,0.25535006766931434
104,0.25534419823467425
105,0.2553385028411593
106,0.2553329745448495
107,0.25532760673887955
108,0.25532239313472027
109,0.25531732774459204
110,0.25531240486493956
111,0.25530761906090443
112,0.2553029651517297
113,0.2552984381970375
114,0.25529403348392593
115,0.25528974651483366
116,0.2552855729961216
117,0.2552815088273289
118,0.2552775500910598
119,0.2552736930434594
120,0.25526993410524584
121,0.25526626985326023
122,0.25526269701250237
123,0.2552592124486241
124,0.25525581316085066
125,0.2552524962753004
126,0.2552492590386847
127,0.2552460988123603
128,0.2552430130667103
129,0.25523999937584024
130,0.2552370554125662
131,0.2552341789436739
132,0.2552313678254408
133,0.255228619999398
134,0.2552259334883216
135,0.2552233063924364
136,0.2552207368858253
137,0.2552182232130255
138,0.25521576368580445
139,0.2552133566801045
140,0.2552110006331469
141,0.25520869404068414
142,0.25520643545439314
143,0.2552042234794026
144,0.25520205677194524
145,0.25519993403712615
146,0.255197854026807
147,0.25519581553759213
148,0.2551938174089144
149,0.2551918585212182
150,0.2551899377942273
151,0.2551880541852985
152,0.25518620668785535
153,0.25518439432989715
154,0.25518261617257537
155,0.2551808713088435
156,0.25517915886216475
157,0.2551774779852845
158,0.255175827859058
159,0.25517420769133087
160,0.2551726167158736
161,0.25517105419136377
162,0.2551695194004143
163,0.2551680116486445
164,0.25516653026379565
165,0.25516507459488263
166,0.2551636440113862
167,0.25516223790247766
168,0.255160855676281
169,0.2551594967591643
170,0.25515816059506385
171,0.25515684664483507
172,0.2551555543856338
173,0.25515428331032214
174,0.25515303292689956
175,0.25515180275795907
176,0.25515059234016474
177,0.25514940122375157
178,0.25514822897204664
179,0.2551470751610076
180,0.25514593937878444
181,0.2551448212252928
182,0.25514372031181093
183,0.2551426362605889
184,0.2551415687044742
185,0.2551405172865522
186,0.2551394816598021
187,0.25513846148676417
188,0.2551374564392219
189,0.2551364661978951
190,0.2551354904521467
191,0.2551345288996979
192,0.25513358124635743
193,0.25513264720575884
194,0.25513172649910815
195,0.2551308188549424
196,0.2551299240088948
197,0.25512904170347134
198,0.25512817168783253
199,0.2551273137175867
200,0.2551264675545881
201,0.2551256329667431
202,0.2551248097278242
203,0.2551239976172899
204,0.2551231964201111
205,0.255122405926605
206,0.2551216259322716
207,0.25512085623764025
208,0.2551200966481188
209,0.255119346973848
210,0.2551186070295625
211,0.255117876634456
212,0.2551171556120494
213,0.2551164437900666
214,0.2551157410003127
215,0.25511504707855454
216,0.25511436186441006
217,0.2551136852012359
218,0.2551130169360237
219,0.2551123569192959
220,0.2551117050050066
221,0.255111061050447
222,0.2551104249161515
223,0.2551097964658079
224,0.2551091755661718
225,0.2551085620869813
226,0.2551079559008759
227,0.2551073568833191
228,0.2551067649125199
229,0.25510617986936107
230,0.25510560163732676
231,0.2551050301024326
232,0.25510446515316093
233,0.255103906680393
234,0.2551033545773479
235,0.25510280873952107
236,0.25510226906462463
237,0.2551017354525308
238,0.2551012078052154
239,0.25510068602670505
240,0.25510017002302415
241,0.2550996597021437
242,0.2550991549739336
243,0.2550986557501127
244,0.25509816194420515
245,0.2550976734714927
246,0.25509719024897265
247,0.2550967121953153
248,0.25509623923082264
249,0.25509577127738836
250,0.255095308258458
251,0.25509485009899385
252,0.255094396725436
253,0.2550939480656667
254,0.2550935040489782
255,0.25509306460603626
256,0.25509262966884916
257,0.25509219917073567
258,0.2550917730462932
259,0.2550913512313704
260,0.2550909336630346
261,0.2550905202795459
262,0.25509011102032847
263,0.25508970582594404
264,0.2550893046380658
265,0.2550889073994529
266,0.2550885140539253
267,0.255088124546341
268,0.2550877388225708
269,0.25508735682947725
270,0.2550869785148914
271,0.2550866038275914
272,0.255086232717281
273,0.2550858651345705
274,0.25508550103095545
275,0.2550851403587975
276,0.25508478307130605
277,0.2550844291225188
278,0.2550840784672845
279,0.2550837310612452
280,0.25508338686081977
281,0.25508304582318586
282,0.2550827079062655
283,0.2550823730687075
284,0.25508204126987355
285,0.25508171246982186
286,0.2550813866292943
287,0.2550810637096999
288,0.25508074367310235
289,0.2550804264822062
290,0.2550801121003433
291,0.25507980049146045
292,0.25507949162010557
293,0.2550791854514174
294,0.2550788819511106
295,0.2550785810854675
296,0.25507828282132367
297,0.25507798712605767
298,0.25507769396758123
299,0.255077403314328
300,0.2550771151352415
301,0.2550768293997673
302,0.25507654607784225
303,0.25507626513988446
304,0.2550759865567841
305,0.2550757102998948
306,0.2550754363410223
307,0.2550751646524192
308,0.2550748952067736
309,0.2550746279772013
310,0.2550743629372381
311,0.25507410006083236
312,0.2550738393223343
313,0.25507358069649205
314,0.2550733241584414
315,0.2550730696836998
316,0.2550728172481588
317,0.2550725668280767
318,0.25507231840007294
319,0.25507207194111936
320,0.25507182742853524
321,0.2550715848399803
322,0.25507134415344934
323,0.2550711053472638
324,0.25507086840006815
325,0.2550706332908235
326,0.25507039999880055
327,0.25507016850357545
328,0.25506993878502293
329,0.2550697108233129
330,0.2550694845989033
331,0.25506926009253506
332,0.25506903728522845
333,0.25506881615827687
334,0.2550685966932432
335,0.25506837887195244
336,0.25506816267649085
337,0.25506794808919814
338,0.25506773509266495
339,0.2550675236697279
340,0.2550673138034648
341,0.25506710547719097
342,0.2550668986744561
343,0.2550666933790385
344,0.25506648957494177
345,0.255066287246391
346,0.2550660863778301
347,0.2550658869539161
348,0.25506568895951703
349,0.2550654923797076
350,0.2550652971997664
351,0.25506510340517163
352,0.25506491098159845
353,0.25506471991491525
354,0.25506453019118114
355,0.2550643417966416
356,0.2550641547177274
357,0.2550639689410484
358,0.2550637844533939
359,0.2550636012417277
360,0.2550634192931858
361,0.2550632385950742
362,0.25506305913486493
363,0.25506288090019463
364,0.2550627038788606
365,0.25506252805881924
366,0.25506235342818334
367,0.2550621799752194
368,0.25506200768834475
369,0.2550618365561263
370,0.25506166656727697
371,0.2550614977106538
372,0.2550613299752566
373,0.25506116335022355
374,0.25506099782483205
375,0.25506083338849345
376,0.2550606700307533
377,0.2550605077412875
378,0.25506034650990217
379,0.25506018632653016
380,0.2550600271812296
381,0.2550598690641812
382,0.25505971196568883
383,0.25505955587617446
384,0.2550594007861788
385,0.2550592466863572
386,0.25505909356748135
387,0.2550589414204338
388,0.255058790236208
389,0.2550586400059081
390,0.2550584907207438
391,0.2550583423720324
392,0.2550581949511944
393,0.25505804844975427
394,0.2550579028593364
395,0.25505775817166587
396,0.2550576143785663
397,0.25505747147195795
398,0.2550573294438564
399,0.25505718828637164
400,0.2550570479917059
401,0.2550569085521539
402,0.25505676996009896
403,0.25505663220801433
404,0.2550564952884604
405,0.25505635919408376
406,0.2550562239176162
407,0.25505608945187297
408,0.25505595578975254
409,0.25505582292423457
410,0.2550556908483782
411,0.2550555595553227
412,0.25505542903828554
413,0.2550552992905603
414,0.2550551703055176
415,0.2550550420766014
416,0.25505491459733076
417,0.2550547878612968
418,0.2550546618621625
419,0.2550545365936621
420,0.2550544120495987
421,0.2550542882238452
422,0.2550541651103413
423,0.2550540427030952
424,0.2550539209961794
425,0.2550537999837329
426,0.2550536796599584
427,0.2550535600191221
428,0.2550534410555527
429,0.25505332276364057
430,0.255053205137837
431,0.2550530881726535
432,0.2550529718626606
433,0.2550528562024875
434,0.25505274118682075
435,0.25505262681040464
436,0.2550525130680384
437,0.2550523999545778
438,0.2550522874649327
439,0.2550521755940671
440,0.2550520643369988
441,0.25505195368879724
442,0.25505184364458466
443,0.2550517341995336
444,0.2550516253488683
445,0.2550515170878613
446,0.2550514094118365
447,0.2550513023161652
448,0.25505119579626645
449,0.25505108984760705
450,0.2550509844657011
451,0.25505087964610806
452,0.255050775384434
453,0.25505067167632867
454,0.25505056851748725
455,0.2550504659036487
456,0.2550503638305956
457,0.25505026229415234
458,0.25505016129018676
459,0.25505006081460774
460,0.2550499608633651
461,0.25504986143245006
462,0.255049762517894
463,0.2550496641157678
464,0.25504956622218133
465,0.2550494688332835
466,0.2550493719452614
467,0.25504927555433987
468,0.255049179656781
469,0.25504908424888434
470,0.25504898932698483
471,0.2550488948874542
472,0.25504880092669907
473,0.25504870744116204
474,0.2550486144273201
475,0.2550485218816834
476,0.25504842980079767
477,0.25504833818124145
478,0.2550482470196253
479,0.2550481563125942
480,0.2550480660568243
481,0.25504797624902387
482,0.25504788688593244
483,0.2550477979643212
484,0.25504770948099165
485,0.2550476214327762
486,0.2550475338165366
487,0.2550474466291652
488,0.25504735986758287
489,0.2550472735287398
490,0.2550471876096152
491,0.2550471021072159
492,0.25504701701857707
493,0.25504693234076237
494,0.2550468480708616
495,0.2550467642059922
496,0.2550466807432981
497,0.25504659767995014
498,0.25504651501314474
499,0.2550464327401046
500,0.2550463508580778
501,0.25504626936433733
502,0.2550461882561817
503,0.25504610753093415
504,0.2550460271859415
505,0.25504594721857554
506,0.2550458676262314
507,0.25504578840632813
508,0.25504570955630845
509,0.25504563107363704
510,0.25504555295580206
511,0.25504547520031495
512,0.2550453978047079
513,0.2550453207665366
514,0.2550452440833774
515,0.255045167752829
516,0.2550450917725113
517,0.2550450161400653
518,0.25504494085315216
519,0.255044865909455
520,0.25504479130667645
521,0.25504471704253917
522,0.25504464311478686
523,0.25504456952118165
524,0.2550444962595064
525,0.25504442332756205
526,0.25504435072317005
527,0.25504427844417
528,0.25504420648842013
529,0.2550441348537974
530,0.2550440635381972
531,0.25504399253953286
532,0.2550439218557357
533,0.25504385148475456
534,0.2550437814245565
535,0.2550437116731252
536,0.2550436422284619
537,0.25504357308858466
538,0.25504350425152894
539,0.25504343571534593
540,0.2550433674781039
541,0.255043299537887
542,0.2550432318927962
543,0.255043164540948
544,0.2550430974804744
545,0.25504303070952355
546,0.2550429642262588
547,0.2550428980288587
548,0.2550428321155177
549,0.2550427664844444
550,0.25504270113386207
551,0.2550426360620099
552,0.2550425712671403
553,0.2550425067475209
554,0.25504244250143315
555,0.25504237852717315
556,0.2550423148230499
557,0.25504225138738773
558,0.2550421882185231
559,0.25504212531480686
560,0.25504206267460333
561,0.25504200029629004
562,0.255041938178257
563,0.25504187631890796
564,0.25504181471665954
565,0.25504175336994056
566,0.255041692277193
567,0.25504163143687114
568,0.25504157084744156
569,0.25504151050738305
570,0.2550414504151866
571,0.25504139056935526
572,0.2550413309684042
573,0.2550412716108595
574,0.25504121249526013
575,0.2550411536201557
576,0.25504109498410743
577,0.2550410365856883
578,0.2550409784234813
579,0.2550409204960823
580,0.2550408628020968
581,0.25504080534014145
582,0.2550407481088443
583,0.25504069110684335
584,0.25504063433278745
585,0.2550405777853359
586,0.25504052146315837
587,0.2550404653649349
588,0.25504040948935525
589,0.25504035383512064
590,0.25504029840094017
591,0.2550402431855343
592,0.25504018818763297
593,0.25504013340597576
594,0.2550400788393118
595,0.25504002448639984
596,0.255039970346008
597,0.2550399164169139
598,0.2550398626979037
599,0.25503980918777397
600,0.2550397558853293
601,0.25503970278938365
