1,0.4873624610990191
2,0.2946517235185823
3,0.2690907489813013
4,0.26872893645947415
5,0.26830605969706206
6,0.26781840669627666
7,0.2672689491280944
8,0.26667105757342857
9,0.26605006246004637
10,0.2654397932619274
11,0.2648739711639915
12,0.2643769414415552
13,0.26395923909197744
14,0.26361924372770074
15,0.2633479681746981
16,0.263133659084662
17,0.2629647514910735
18,0.26283123924493873
19,0.2627250374259806
20,0.2626398536225993
21,0.26257088503504666
22,0.262514496787928
23,0.2624679422662059
24,0.262429140332149
25,0.2623965054915574
26,0.26236882131095435
27,0.26234514706281015
28,0.2623247491110577
29,0.26230705042945784
30,0.26229159331999974
31,0.26227801172739745
32,0.2622660105440241
33,0.2622553500286439
34,0.2622458339870237
35,0.2622373007377215
36,0.2622296161542204
37,0.2622226682661
38,0.2622163630393057
39,0.2622106210546481
40,0.26220537487543655
41,0.26220056694751825
42,0.2621961479134402
43,0.2621920752508457
44,0.2621883121663393
45,0.2621848266918799
46,0.2621815909426848
47,0.26217858050464865
48,0.2621757739262159
49,0.26217315229490573
50,0.26217069888281763
51,0.2621683988485927
52,0.26216623898582136
53,0.26216420750980773
54,0.26216229387616924
55,0.2621604886259505
56,0.2621587832529154
57,0.26215717008946937
58,0.26215564220826354
59,0.26215419333707873
60,0.26215281778496907
61,0.26215151037798995
62,0.2621502664031221
63,0.2621490815592009
64,0.2621479519138804
65,0.26214687386578844
66,0.2621458441111652
67,0.262144859614396
68,0.2621439175819121
69,0.26214301543903545
70,0.262142150809391
71,0.262141321496556
72,0.26214052546768474
73,0.262139760838858
74,0.2621390258619548
75,0.26213831891287037
76,0.2621376384809183
77,0.26213698315928813
78,0.26213635163643334
79,0.2621357426882914
80,0.2621351551712432
81,0.2621345880157304
82,0.26213404022046277
83,0.2621335108471567
84,0.26213299901574044
85,0.26213250389998877
86,0.26213202472353786
87,0.2621315607562442
88,0.2621311113108543
89,0.262130675739954
90,0.2621302534331709
91,0.2621298438146071
92,0.2621294463404779
93,0.26212906049694207
94,0.26212868579810183
95,0.2621283217841586
96,0.26212796801971294
97,0.26212762409219176
98,0.2621272896103963
99,0.2621269642031562
100,0.26212664751808434
101,0.2621263392204222
102,0.26212603899196707
103,0.2621257465300769
104,0.2621254615467452
105,0.26212518376773947
106,0.2621249129318003
107,0.2621246487898933
108,0.26212439110451524
109,0.2621241396490414
110,0.26212389420711935
111,0.2621236545721032
112,0.2621234205465214
113,0.26212319194158035
114,0.26212296857670137
115,0.2621227502790829
116,0.2621225368832926
117,0.2621223282308845
118,0.26212212417003866
119,0.26212192455522215
120,0.26212172924687305
121,0.26212153811109945
122,0.2621213510193985
123,0.2621211678483905
124,0.26212098847957055
125,0.2621208127990698
126,0.26212064069743396
127,0.26212047206941236
128,0.2621203068137557
129,0.2621201448330268
130,0.26211998603341496
131,0.2621198303245558
132,0.2621196776193513
133,0.26211952783376924
134,0.26211938088659964
135,0.26211923669906856
136,0.2621190951939961
137,0.26211895629317056
138,0.2621188199047207
139,0.2621186858003833
140,0.2621185416189522
141,0.26154905311527615
142,0.26154886102707436
143,0.26154867261852544
144,0.261548487787315
145,0.2615483064348325
146,0.2615481284660034
147,0.26154795378913825
148,0.2615477823157811
149,0.26154761396057186
150,0.26154744864111196
151,0.26154728627784074
152,0.26154712679391257
153,0.26154697011508526
154,0.26154681616961084
155,0.261546664888134
156,0.261546516203592
157,0.2615463700511246
158,0.2615462263679817
159,0.26154608509344296
160,0.2615459461687348
161,0.26154580953695356
162,0.2615456751429936
163,0.2615455429334771
164,0.261545412856688
165,0.2615452848625066
166,0.26154515890235147
167,0.26154503492912134
168,0.26154491289713633
169,0.2615447927620895
170,0.26154467448099367
171,0.26154455801213405
172,0.2615444433150211
173,0.2615443303503478
174,0.2615442190799451
175,0.2615441094667429
176,0.2615440014747318
177,0.2615438950689233
178,0.2615437902153158
179,0.2615436868808623
180,0.26154358503343256
181,0.261543484641787
182,0.2615433856755423
183,0.2615432881051451
184,0.2615431919018433
185,0.26154309703765855
186,0.26154300348536175
187,0.26154291121844886
188,0.2615428202111136
189,0.2615427304382302
190,0.26154264187532755
191,0.26154255449856917
192,0.2615424682847323
193,0.2615423832111912
194,0.26154229925589306
195,0.2615422163973469
196,0.26154213461459913
197,0.26154205388722224
198,0.2615419741952961
199,0.2615418955193916
200,0.2615418178405589
201,0.2615417411403091
202,0.26154166540060375
203,0.2615415906038384
204,0.26154151673283277
205,0.26154144377081606
206,0.26154137170141395
207,0.26154130050864094
208,0.26154123017688446
209,0.2615411606908975
210,0.2615410920357865
211,0.2615410241970018
212,0.26154095716032655
213,0.26154089091186994
214,0.26154082543805557
215,0.26154076072561305
216,0.2615406967615714
217,0.26154063353324797
218,0.26154057102824263
219,0.26154050923442884
220,0.261540448139947
221,0.26154038773319616
222,0.26154032800282895
223,0.26154026893774174
224,0.2615402105270722
225,0.2615401527601886
226,0.2615400956266863
227,0.26154003911638185
228,0.2615399832193065
229,0.2615399279256998
230,0.2615398732260063
231,0.2615398191108678
232,0.2615397655711209
233,0.26153971259778963
234,0.26153966018208136
235,0.26153960831538514
236,0.2615395569892607
237,0.26153950619544214
238,0.2615394559258261
239,0.2615394061724727
240,0.26153935692759994
241,0.2615393081835796
242,0.26153925993293275
243,0.2615392121683295
244,0.26153916488258017
245,0.26153911806863644
246,0.26153907171958574
247,0.2615390258286486
248,0.2615389803891744
249,0.2615389353946414
250,0.26153889083864995
251,0.26153884671492117
252,0.26153880301729504
253,0.2615387597397272
254,0.2615387168762844
255,0.26153867442114503
256,0.2615386323685945
257,0.2615385907130223
258,0.26153854944892235
259,0.261538508570888
260,0.2615384680736099
261,0.2615384279518761
262,0.26153838820056813
263,0.26153834881465843
264,0.2615383097892095
265,0.2615382711193724
266,0.26153823280038185
267,0.2615381948275582
268,0.261538157196304
269,0.26153811990210096
270,0.26153808294050934
271,0.26153804630716776
272,0.261538009997789
273,0.26153797400815826
274,0.26153793833413524
275,0.2615379029716485
276,0.26153786791669625
277,0.26153783316534446
278,0.2615377987137237
279,0.2615377645580324
280,0.2615377306945296
281,0.2615376971195377
282,0.2615376638294398
283,0.261537630820679
284,0.26153759808975613
285,0.26153756563323016
286,0.26153753344771485
287,0.26153750152988037
288,0.26153746987644977
289,0.26153743848419875
290,0.26153740734995545
291,0.2615373764705984
292,0.26153734584305527
293,0.26153731546430325
294,0.2615372853313671
295,0.261537255441318
296,0.26153722579127314
297,0.2615371963783952
298,0.2615371671998905
299,0.2615371382530088
300,0.2615371095350422
301,0.26153708104332535
302,0.2615370527752326
303,0.2615370247281785
304,0.2615369968996173
305,0.2615369692870422
306,0.2615369418879839
307,0.2615369147000098
308,0.2615368877207246
309,0.2615368609477679
310,0.26153683437881536
311,0.261536808011577
312,0.26153678184379525
313,0.26153675587324815
314,0.26153673009774403
315,0.26153670451512523
316,0.2615366791232644
317,0.2615366539200649
318,0.2615366289034612
319,0.2615366040714171
320,0.26153657942192576
321,0.2615365549530095
322,0.2615365306627178
323,0.2615365065491283
324,0.2615364826103472
325,0.26153645884450566
326,0.2615364352497618
327,0.26153641182429943
328,0.26153638856632827
329,0.2615363654740826
330,0.2615363425458212
331,0.26153631977982716
332,0.2615362971744068
333,0.26153627472789015
334,0.26153625243862977
335,0.26153623030500145
336,0.2615362083254021
337,0.2615361864982512
338,0.26153616482198905
339,0.2615361432950772
340,0.26153612191599773
341,0.2615361006832536
342,0.2615360795953665
343,0.2615360586508792
344,0.26153603784835344
345,0.26153601718636904
346,0.2615359966635254
347,0.26153597627844066
348,0.26153595602974944
349,0.2615359359161063
350,0.2615359159361821
351,0.2615358960886648
352,0.2615358763722595
353,0.2615358567856889
354,0.2615358373276903
355,0.2615358179970192
356,0.2615357987924448
357,0.2615357797127544
358,0.26153576075674834
359,0.2615357419232443
360,0.2615357232110727
361,0.2615357046190812
362,0.26153568614612915
363,0.261535667791092
364,0.2615356495528593
365,0.2615356314303325
366,0.26153561342242887
367,0.2615355955280781
