1,0.4576994285245753
2,0.35898093097791184
3,0.25760757596924483
4,0.2517017865727092
5,0.2516423011344014
6,0.2516404961189843
7,0.251640275531546
8,0.25164016408909234
9,0.25164006139180384
10,0.2516399592871726
11,0.25163985710191505
12,0.2516397547799669
13,0.25163965231622343
14,0.25163954970971236
15,0.25163944695968155
16,0.25163934406521155
17,0.2516392410250732
18,0.2516391378375073
19,0.25163903449981134
20,0.2516389310074674
21,0.25163882735212173
22,0.2516387235161935
23,0.2516386194554963
24,0.25163851502412243
25,0.25163840942902627
26,0.251638286339618
27,0.25083258599430597
28,0.2508312835725537
29,0.2508306166754856
30,0.2508299918236828
31,0.2508293707396193
32,0.25082875029068064
33,0.2508281302202629
34,0.2508275105086177
35,0.2508268911555123
36,0.2508262721623167
37,0.2508256535305301
38,0.25082503526165667
39,0.2508244173571982
40,0.250823799818651
41,0.2508231826475071
42,0.2508225658452538
43,0.2508219494133741
44,0.2508213333533464
45,0.25082071766664343
46,0.2508201023547349
47,0.25081948741908405
48,0.2508188728611509
49,0.25081825868238944
50,0.2508176448842497
51,0.2508170314681777
52,0.250816418435612
53,0.2508158057879891
54,0.2508151935267403
55,0.25081458165329035
56,0.25081397016906043
57,0.2508133590754673
58,0.2508127483739214
59,0.25081213806582997
60,0.250811528152594
61,0.2508109186356101
62,0.2508103095162699
63,0.2508097007959599
64,0.25080909247606253
65,0.2508084845579535
66,0.2508078770430053
67,0.2508072699325843
68,0.25080666322805273
69,0.2508060569307663
70,0.2508054510420775
71,0.25080484556333293
72,0.2508042404958737
73,0.25080363584103676
74,0.25080303160015316
75,0.2508024277745493
76,0.2508018243655463
77,0.2508012213744601
78,0.2508006188026016
79,0.2508000166512771
80,0.25079941492178653
81,0.25079881361542505
82,0.2507982127334836
83,0.25079761227724684
84,0.2507970122479948
85,0.2507964126470014
86,0.2507958134755373
87,0.2507952147348652
88,0.2507946164262449
89,0.2507940185509301
90,0.2507934211101688
91,0.2507928241052039
92,0.2507922275372735
93,0.2507916314076103
94,0.25079103571744127
95,0.2507904404679882
96,0.25078984566046775
97,0.2507892512960913
98,0.2507886573760646
99,0.25078806390158814
100,0.2507874708738573
101,0.2507868782940616
102,0.2507862861633855
103,0.25078569448300875
104,0.25078510325410425
105,0.25078451247784056
106,0.2507839221553801
107,0.25078333228788136
108,0.2507827428764954
109,0.2507821539223693
110,0.25078156542664426
111,0.25078097739045596
112,0.25078038981493495
113,0.250779802701205
114,0.250779216050387
115,0.2507786298635937
116,0.250778044141934
117,0.25077745888651126
118,0.2507768740984223
119,0.2507762897787595
120,0.25077570592860937
121,0.2507751225490527
122,0.25077453964116536
123,0.2507739572060168
124,0.25077337524467236
125,0.2507727937581908
126,0.25077221274762457
127,0.2507716322140225
128,0.2507710521584273
129,0.25077047258187496
130,0.25076989348539735
131,0.2507693148700201
132,0.25076873673676325
133,0.2507681590866415
134,0.2507675819206648
135,0.250767005239836
136,0.250766429045153
137,0.2507658533376088
138,0.2507652781181897
139,0.2507647033878774
140,0.2507641291476478
141,0.25076355539847106
142,0.25076298214131154
143,0.25076240937712796
144,0.2507618371068748
145,0.25076126533149934
146,0.2507606940519437
147,0.2507601232691451
148,0.25075955298403463
149,0.25075898319753714
150,0.25075841391057346
151,0.25075784512405747
152,0.25075727683889865
153,0.25075670905599917
154,0.2507561417762579
155,0.25075557500056606
156,0.25075500872980966
157,0.25075444296487087
158,0.25075387770662394
159,0.25075331295593944
160,0.2507527487136804
161,0.25075218498070634
162,0.25075162175786925
163,0.2507510590460175
164,0.2507504968459918
165,0.2507499351586292
166,0.25074937398476016
167,0.2507488133252093
168,0.25074825318079635
169,0.2507476935523348
170,0.25074713444063357
171,0.2507465758464951
172,0.25074601777071603
173,0.2507454602140886
174,0.25074490317739834
175,0.2507443466614259
176,0.2507437906669462
177,0.25074323519472874
178,0.25074268024553675
179,0.25074212582012856
180,0.25074157191925733
181,0.25074101854366926
182,0.25074046569410663
183,0.2507399133713051
184,0.25073936157599525
185,0.25073881030890205
186,0.2507382595707445
187,0.25073770936223716
188,0.25073715968408783
189,0.2507366105369997
190,0.2507360619216695
191,0.25073551383878945
192,0.2507349662890457
193,0.25073441927311946
194,0.2507338727916856
195,0.2507333268454135
196,0.25073278143496824
197,0.25073223656100796
198,0.25073169222418706
199,0.25073114842515193
200,0.2507306051645459
201,0.2507300624430055
202,0.2507295202611627
203,0.2507289786196434
204,0.25072843751906776
205,0.25072789696005143
206,0.2507273569432033
207,0.2507268174691284
208,0.2507262785384257
209,0.25072574015168747
210,0.25072520230950324
211,0.2507246650124548
212,0.2507241282611192
213,0.25072359205606914
214,0.2507230563978702
215,0.2507225212870839
216,0.25072198672426577
217,0.25072145270996593
218,0.2507209192447301
219,0.25072038632909727
220,0.2507198539636024
221,0.25071932214877324
222,0.25071879088513466
223,0.25071826017320464
224,0.25071773001349623
225,0.2507172004065165
226,0.25071667135276887
227,0.25071614285275073
228,0.25071561490695243
229,0.25071508751586147
230,0.2507145606799592
231,0.2507140343997219
232,0.25071350867561976
233,0.2507129835081193
234,0.25071245889767985
235,0.2507119348447578
236,0.25071141134980257
237,0.25071088841325834
238,0.250710366035565
239,0.2507098442171575
240,0.2507093229584647
241,0.2507088022599109
242,0.25070828212191437
243,0.2507077625448892
244,0.25070724352924456
245,0.25070672507538344
246,0.2507062071837043
247,0.25070568985460034
248,0.25070517308845985
249,0.250704656885666
250,0.25070414124659707
251,0.2507036261716256
252,0.25070311166111975
253,0.2507025977154426
254,0.25070208433495145
255,0.25070157151999956
256,0.2507010592709351
257,0.2507005475880998
258,0.2507000364718324
