1,0.4413149396536756
2,0.4900209112148104
3,0.48749478172531513
4,0.48358840913486667
5,0.4768083763487773
6,0.4625291706709189
7,0.4204423431543637
8,0.30966129157850636
9,0.25972247846240626
10,0.25731321354358666
11,0.2571581524576123
12,0.2571093941226063
13,0.25707050980746227
14,0.2570324235238762
15,0.25699410051626387
16,0.25695541847418857
17,0.2569163617164229
18,0.25687692715541555
19,0.25683711328704195
20,0.2567969189055186
21,0.25675634295801725
22,0.25671538453290366
23,0.25667404286371476
24,0.25663231733504877
25,0.2565902074887462
26,0.2565477130301572
27,0.25650483383447187
28,0.2564615699530915
29,0.25641792162003746
30,0.2563738892583785
31,0.2563294734866667
32,0.2562846751253713
33,0.25623949520329065
34,0.25619393496392834
35,0.25614799587181747
36,0.25610167961877967
37,0.25605498813009314
38,0.25600792357055946
39,0.2559604883504395
40,0.25591268513125154
41,0.2558645168313963
42,0.2558159866316002
43,0.2557670979801405
44,0.2557178545978454
45,0.25566826048283403
46,0.2556183199149741
47,0.25556803746003814
48,0.2555174179735313
49,0.25546646660416333
50,0.25541518879694397
51,0.2553635902958766
52,0.2553116771462248
53,0.25525945569632646
54,0.2552069325989367
55,0.255154114812071
56,0.2551010095993278
57,0.2550476245296737
58,0.2549939674766629
59,0.2549400466170778
60,0.25488587042896843
61,0.25483144768908045
62,0.2547767874696481
63,0.2547218991345453
64,0.2546667923347833
65,0.2546114770033406
66,0.25455596334932595
67,0.2545002618514619
68,0.2544443832508934
69,0.2543883385433177
70,0.2543321389704358
71,0.25427579601074407
72,0.2542193213696565
73,0.25416272696898323
74,0.25410602493577267
75,0.2540492275905365
76,0.25399234743488175
77,0.25393539713856167
78,0.25387838952598757
79,0.2538213375622137
80,0.25376425433844246
81,0.25370715305707153
82,0.2536500470163278
83,0.25359294959452433
84,0.2535358742339798
85,0.2534788344246495
86,0.2534218436875066
87,0.2533649155577268
88,0.2533080635677186
89,0.2532513012300546
90,0.25319464202034975
91,0.2531380993601397
92,0.2530816865998121
93,0.2530254170016362
94,0.2529693037229519
95,0.2529133597995592
96,0.25285759812936537
97,0.25280203145633373
98,0.25274667235478837
99,0.2526915332141092
100,0.25263662622388017
101,0.2525819633595109
102,0.2525275563683933
103,0.2524734167566122
104,0.25241955577626307
105,0.2523659844133898
106,0.25231271337658767
107,0.25225975308629306
108,0.25220711366477533
109,0.25215480492686526
110,0.25210283637141995
111,0.2520512171735532
112,0.2519999561776321
113,0.25194906189104127
114,0.25189854247874005
115,0.25184840575857986
116,0.25179865919741284
117,0.25174930990795896
118,0.2517003646464394
119,0.25165182981095535
120,0.2516037114406028
121,0.2515560152153052
122,0.2515087464563422
123,0.2514619101275599
124,0.25141551083723224
125,0.2513695528405511
126,0.25132404004272424
127,0.2512789760026412
128,0.25123436393709225
129,0.25119020672549813
130,0.2511465069151315
131,0.2511032667267841
132,0.25106048806086595
133,0.25101817250388786
134,0.25097632133530584
135,0.2509349355346932
136,0.2508940157892013
137,0.25085356250129237
138,0.25081357579670044
139,0.2507740555325925
140,0.25073500130590615
141,0.25069641246183044
142,0.25065828810240265
143,0.2506206270951952
144,0.2505834280820644
145,0.2505466894879423
146,0.2505104095296398
147,0.25047458622464674
148,0.2504392173999015
149,0.2504043007005163
150,0.2503698335984325
151,0.250335813400997
152,0.2503022372594342
153,0.2502691021772079
154,0.25023640501825223
155,0.25020414251506534
156,0.2501723112766461
157,0.2501409077962748
158,0.25010992845911867
159,0.2500793695496619
160,0.250049227258945
161,0.25001949769161846
162,0.24999017687279537
163,0.2499612607547037
164,0.24993274522313605
165,0.24990462610369063
166,0.24987689916780664
167,0.24984956013858656
168,0.24982260469641163
169,0.24979602848434712
170,0.249769827113338
171,0.24974399616719906
172,0.24971853120739737
173,0.24969342777763368
174,0.2496686814082217
175,0.24964428762027177
176,0.2496202419296769
177,0.24959653985091362
178,0.24957317690065145
179,0.24955014860118288
180,0.2495274504836725
181,0.24950507809123695
182,0.2494830269818504
183,0.24946129273108963
184,0.2494398709347192
185,0.24941875721111864
186,0.24939794720356442
187,0.24937743658236516
188,0.24935722104685443
189,0.24933729632725413
190,0.24931765818640278
191,0.24929830242136147
192,0.2492792248648971
193,0.24926042138685517
194,0.2492418878954136
195,0.24922362033823856
196,0.2492056147035332
197,0.2491878670209901
198,0.24917037336265427
199,0.24915312984369153
200,0.2491361326230778
201,0.24911937790420544
202,0.24910286193541212
203,0.24908658101043957
204,0.24907053146882188
205,0.24905470969620624
206,0.24903911212461705
207,0.24902373523265475
208,0.24900857554564554
209,0.2489936296357334
210,0.24897889412192625
211,0.2489643656700957
212,0.24895004099292933
213,0.2489359168498469
214,0.24892199004687693
215,0.2489082574364923
216,0.24889471591742035
217,0.24888136243441472
218,0.2488681939780019
219,0.24885520758419788
220,0.2488424003342026
221,0.24882976935406548
222,0.24881731181433514
223,0.24880502492968418
224,0.24879290595851605
225,0.24878095220255517
226,0.2487691610064159
227,0.24875752975716095
228,0.24874605588383403
229,0.24873473685698202
230,0.24872357018814883
231,0.24871255342934376
232,0.24870168417246294
233,0.2486909600486454
234,0.24868037872750273
235,0.24866993791609862
236,0.24865963535739966
237,0.24864946882744327
238,0.24863943612900086
