1,0.2594651989549027
2,0.25083049045107014
3,0.2507933469901556
4,0.2509186828437223
5,0.2509436693021338
6,0.2509479953695809
7,0.2509487285474151
8,0.25094885236639136
9,0.250948873264465
10,0.25094887679127165
11,0.25094887738645355
12,0.25094887748689576
13,0.2509488775038464
14,0.2509488775067068
15,0.25094887750718947
16,0.2509488775072709
17,0.2509488775072846
18,0.25094887750728717
19,0.2509488775072876
20,0.2509488775072876
21,0.2509488775072876
22,0.25094887750728767
23,0.2509488775072877
24,0.25094887750728767
25,0.25094887750728767
26,0.2509488775072877
27,0.25094887750728767
28,0.25094887750728767
29,0.2509488775072877
30,0.25094887750728767
31,0.25094887750728767
32,0.2509488775072877
33,0.25094887750728767
34,0.25094887750728767
35,0.2509488775072877
36,0.25094887750728767
37,0.25094887750728767
38,0.2509488775072877
39,0.25094887750728767
40,0.25094887750728767
41,0.2509488775072877
42,0.25094887750728767
43,0.25094887750728767
44,0.2509488775072877
45,0.25094887750728767
46,0.25094887750728767
47,0.2509488775072877
48,0.25094887750728767
49,0.25094887750728767
50,0.2509488775072877
51,0.25094887750728767
52,0.25094887750728767
53,0.2509488775072877
54,0.25094887750728767
55,0.25094887750728767
56,0.2509488775072877
57,0.25094887750728767
58,0.25094887750728767
59,0.2509488775072877
60,0.25094887750728767
61,0.25094887750728767
62,0.2509488775072877
63,0.25094887750728767
64,0.25094887750728767
65,0.2509488775072877
66,0.25094887750728767
67,0.25094887750728767
68,0.2509488775072877
69,0.25094887750728767
70,0.25094887750728767
71,0.2509488775072877
72,0.25094887750728767
73,0.25094887750728767
74,0.2509488775072877
75,0.25094887750728767
76,0.25094887750728767
77,0.2509488775072877
78,0.25094887750728767
79,0.25094887750728767
80,0.2509488775072877
81,0.25094887750728767
82,0.25094887750728767
83,0.2509488775072877
84,0.25094887750728767
85,0.25094887750728767
86,0.2509488775072877
87,0.25094887750728767
88,0.25094887750728767
89,0.2509488775072877
90,0.25094887750728767
91,0.25094887750728767
92,0.2509488775072877
93,0.25094887750728767
94,0.25094887750728767
95,0.2509488775072877
96,0.25094887750728767
97,0.25094887750728767
98,0.2509488775072877
99,0.25094887750728767
100,0.25094887750728767
101,0.2509488775072877
102,0.25094887750728767
103,0.25094887750728767
104,0.2509488775072877
105,0.25094887750728767
106,0.25094887750728767
107,0.2509488775072877
108,0.25094887750728767
109,0.25094887750728767
110,0.2509488775072877
111,0.25094887750728767
112,0.25094887750728767
113,0.2509488775072877
114,0.25094887750728767
115,0.25094887750728767
116,0.2509488775072877
117,0.25094887750728767
118,0.25094887750728767
119,0.2509488775072877
120,0.25094887750728767
121,0.25094887750728767
122,0.2509488775072877
123,0.25094887750728767
124,0.25094887750728767
125,0.2509488775072877
126,0.25094887750728767
127,0.25094887750728767
128,0.2509488775072877
129,0.25094887750728767
130,0.25094887750728767
131,0.2509488775072877
132,0.25094887750728767
133,0.25094887750728767
134,0.2509488775072877
135,0.25094887750728767
136,0.25094887750728767
137,0.2509488775072877
138,0.25094887750728767
139,0.25094887750728767
140,0.2509488775072877
141,0.25094887750728767
142,0.25094887750728767
143,0.2509488775072877
144,0.25094887750728767
145,0.25094887750728767
146,0.2509488775072877
147,0.25094887750728767
148,0.25094887750728767
149,0.2509488775072877
150,0.25094887750728767
151,0.25094887750728767
152,0.2509488775072877
153,0.25094887750728767
154,0.25094887750728767
155,0.2509488775072877
156,0.25094887750728767
157,0.25094887750728767
158,0.2509488775072877
159,0.25094887750728767
160,0.25094887750728767
161,0.2509488775072877
162,0.25094887750728767
163,0.25094887750728767
164,0.2509488775072877
165,0.25094887750728767
166,0.25094887750728767
167,0.2509488775072877
168,0.25094887750728767
169,0.25094887750728767
170,0.2509488775072877
171,0.25094887750728767
172,0.25094887750728767
173,0.2509488775072877
174,0.25094887750728767
175,0.25094887750728767
176,0.2509488775072877
177,0.25094887750728767
178,0.25094887750728767
179,0.2509488775072877
180,0.25094887750728767
181,0.25094887750728767
182,0.2509488775072877
183,0.25094887750728767
184,0.25094887750728767
185,0.2509488775072877
186,0.25094887750728767
187,0.25094887750728767
188,0.2509488775072877
189,0.25094887750728767
190,0.25094887750728767
191,0.2509488775072877
192,0.25094887750728767
193,0.25094887750728767
194,0.2509488775072877
195,0.25094887750728767
196,0.25094887750728767
197,0.2509488775072877
198,0.25094887750728767
199,0.25094887750728767
200,0.2509488775072877
201,0.25094887750728767
202,0.25094887750728767
203,0.2509488775072877
204,0.25094887750728767
205,0.25094887750728767
206,0.2509488775072877
207,0.25094887750728767
208,0.25094887750728767
209,0.2509488775072877
210,0.25094887750728767
211,0.25094887750728767
212,0.2509488775072877
213,0.25094887750728767
214,0.25094887750728767
215,0.2509488775072877
216,0.25094887750728767
217,0.25094887750728767
218,0.2509488775072877
219,0.25094887750728767
220,0.25094887750728767
221,0.2509488775072877
222,0.25094887750728767
223,0.25094887750728767
224,0.2509488775072877
225,0.25094887750728767
226,0.25094887750728767
227,0.2509488775072877
228,0.25094887750728767
229,0.25094887750728767
230,0.2509488775072877
231,0.25094887750728767
232,0.25094887750728767
233,0.2509488775072877
234,0.25094887750728767
235,0.25094887750728767
236,0.2509488775072877
237,0.25094887750728767
238,0.25094887750728767
239,0.2509488775072877
240,0.25094887750728767
241,0.25094887750728767
242,0.2509488775072877
243,0.25094887750728767
244,0.25094887750728767
245,0.2509488775072877
246,0.25094887750728767
247,0.25094887750728767
248,0.2509488775072877
249,0.25094887750728767
250,0.25094887750728767
251,0.2509488775072877
252,0.25094887750728767
253,0.25094887750728767
254,0.2509488775072877
255,0.25094887750728767
256,0.25094887750728767
257,0.2509488775072877
258,0.25094887750728767
259,0.25094887750728767
260,0.2509488775072877
261,0.25094887750728767
262,0.25094887750728767
263,0.2509488775072877
264,0.25094887750728767
265,0.25094887750728767
266,0.2509488775072877
267,0.25094887750728767
268,0.25094887750728767
269,0.2509488775072877
270,0.25094887750728767
271,0.25094887750728767
272,0.2509488775072877
273,0.25094887750728767
274,0.25094887750728767
275,0.2509488775072877
276,0.25094887750728767
277,0.25094887750728767
278,0.2509488775072877
279,0.25094887750728767
280,0.25094887750728767
281,0.2509488775072877
282,0.25094887750728767
283,0.25094887750728767
284,0.2509488775072877
285,0.25094887750728767
286,0.25094887750728767
287,0.2509488775072877
288,0.25094887750728767
289,0.25094887750728767
290,0.2509488775072877
291,0.25094887750728767
292,0.25094887750728767
293,0.2509488775072877
294,0.25094887750728767
295,0.25094887750728767
296,0.2509488775072877
297,0.25094887750728767
298,0.25094887750728767
299,0.2509488775072877
300,0.25094887750728767
301,0.25094887750728767
302,0.2509488775072877
303,0.25094887750728767
304,0.25094887750728767
305,0.2509488775072877
306,0.25094887750728767
307,0.25094887750728767
308,0.2509488775072877
309,0.25094887750728767
310,0.25094887750728767
311,0.2509488775072877
312,0.25094887750728767
313,0.25094887750728767
314,0.2509488775072877
315,0.25094887750728767
316,0.25094887750728767
317,0.2509488775072877
318,0.25094887750728767
319,0.25094887750728767
320,0.2509488775072877
321,0.25094887750728767
322,0.25094887750728767
323,0.2509488775072877
324,0.25094887750728767
325,0.25094887750728767
326,0.2509488775072877
327,0.25094887750728767
328,0.25094887750728767
329,0.2509488775072877
330,0.25094887750728767
331,0.25094887750728767
332,0.2509488775072877
333,0.25094887750728767
334,0.25094887750728767
335,0.2509488775072877
336,0.25094887750728767
337,0.25094887750728767
338,0.2509488775072877
339,0.25094887750728767
340,0.25094887750728767
341,0.2509488775072877
342,0.25094887750728767
343,0.25094887750728767
344,0.2509488775072877
345,0.25094887750728767
346,0.25094887750728767
347,0.2509488775072877
348,0.25094887750728767
349,0.25094887750728767
350,0.2509488775072877
351,0.25094887750728767
352,0.25094887750728767
353,0.2509488775072877
354,0.25094887750728767
355,0.25094887750728767
356,0.2509488775072877
357,0.25094887750728767
358,0.25094887750728767
359,0.2509488775072877
360,0.25094887750728767
361,0.25094887750728767
362,0.2509488775072877
363,0.25094887750728767
364,0.25094887750728767
365,0.2509488775072877
366,0.25094887750728767
367,0.25094887750728767
368,0.2509488775072877
369,0.25094887750728767
370,0.25094887750728767
371,0.2509488775072877
372,0.25094887750728767
373,0.25094887750728767
374,0.2509488775072877
375,0.25094887750728767
376,0.25094887750728767
377,0.2509488775072877
378,0.25094887750728767
379,0.25094887750728767
380,0.2509488775072877
381,0.25094887750728767
382,0.25094887750728767
383,0.2509488775072877
384,0.25094887750728767
385,0.25094887750728767
386,0.2509488775072877
387,0.25094887750728767
388,0.25094887750728767
389,0.2509488775072877
390,0.25094887750728767
391,0.25094887750728767
392,0.2509488775072877
393,0.25094887750728767
394,0.25094887750728767
395,0.2509488775072877
396,0.25094887750728767
397,0.25094887750728767
398,0.2509488775072877
399,0.25094887750728767
400,0.25094887750728767
401,0.2509488775072877
402,0.25094887750728767
403,0.25094887750728767
404,0.2509488775072877
405,0.25094887750728767
406,0.25094887750728767
407,0.2509488775072877
408,0.25094887750728767
409,0.25094887750728767
410,0.2509488775072877
411,0.25094887750728767
412,0.25094887750728767
413,0.2509488775072877
414,0.25094887750728767
415,0.25094887750728767
416,0.2509488775072877
417,0.25094887750728767
418,0.25094887750728767
419,0.2509488775072877
420,0.25094887750728767
421,0.25094887750728767
422,0.2509488775072877
423,0.25094887750728767
424,0.25094887750728767
425,0.2509488775072877
426,0.25094887750728767
427,0.25094887750728767
428,0.2509488775072877
429,0.25094887750728767
430,0.25094887750728767
431,0.2509488775072877
432,0.25094887750728767
433,0.25094887750728767
434,0.2509488775072877
435,0.25094887750728767
436,0.25094887750728767
437,0.2509488775072877
438,0.25094887750728767
439,0.25094887750728767
440,0.2509488775072877
441,0.25094887750728767
442,0.25094887750728767
443,0.2509488775072877
444,0.25094887750728767
445,0.25094887750728767
446,0.2509488775072877
447,0.25094887750728767
448,0.25094887750728767
449,0.2509488775072877
450,0.25094887750728767
451,0.25094887750728767
452,0.2509488775072877
453,0.25094887750728767
454,0.25094887750728767
455,0.2509488775072877
456,0.25094887750728767
457,0.25094887750728767
458,0.2509488775072877
459,0.25094887750728767
460,0.25094887750728767
461,0.2509488775072877
462,0.25094887750728767
463,0.25094887750728767
464,0.2509488775072877
465,0.25094887750728767
466,0.25094887750728767
467,0.2509488775072877
468,0.25094887750728767
469,0.25094887750728767
470,0.2509488775072877
471,0.25094887750728767
472,0.25094887750728767
473,0.2509488775072877
474,0.25094887750728767
475,0.25094887750728767
476,0.2509488775072877
477,0.25094887750728767
478,0.25094887750728767
479,0.2509488775072877
480,0.25094887750728767
481,0.25094887750728767
482,0.2509488775072877
483,0.25094887750728767
484,0.25094887750728767
485,0.2509488775072877
486,0.25094887750728767
487,0.25094887750728767
488,0.2509488775072877
489,0.25094887750728767
490,0.25094887750728767
491,0.2509488775072877
492,0.25094887750728767
493,0.25094887750728767
494,0.2509488775072877
495,0.25094887750728767
496,0.25094887750728767
497,0.2509488775072877
498,0.25094887750728767
499,0.25094887750728767
500,0.2509488775072877
501,0.25094887750728767
502,0.25094887750728767
503,0.2509488775072877
504,0.25094887750728767
505,0.25094887750728767
506,0.2509488775072877
507,0.25094887750728767
508,0.25094887750728767
509,0.2509488775072877
510,0.25094887750728767
511,0.25094887750728767
512,0.2509488775072877
513,0.25094887750728767
514,0.25094887750728767
515,0.2509488775072877
516,0.25094887750728767
517,0.25094887750728767
518,0.2509488775072877
519,0.25094887750728767
520,0.25094887750728767
521,0.2509488775072877
522,0.25094887750728767
523,0.25094887750728767
524,0.2509488775072877
525,0.25094887750728767
526,0.25094887750728767
527,0.2509488775072877
528,0.25094887750728767
529,0.25094887750728767
530,0.2509488775072877
531,0.25094887750728767
532,0.25094887750728767
533,0.2509488775072877
534,0.25094887750728767
535,0.25094887750728767
536,0.2509488775072877
537,0.25094887750728767
538,0.25094887750728767
539,0.2509488775072877
540,0.25094887750728767
541,0.25094887750728767
542,0.2509488775072877
543,0.25094887750728767
544,0.25094887750728767
545,0.2509488775072877
546,0.25094887750728767
547,0.25094887750728767
548,0.2509488775072877
549,0.25094887750728767
550,0.25094887750728767
551,0.2509488775072877
552,0.25094887750728767
553,0.25094887750728767
554,0.2509488775072877
555,0.25094887750728767
556,0.25094887750728767
557,0.2509488775072877
558,0.25094887750728767
559,0.25094887750728767
560,0.2509488775072877
561,0.25094887750728767
562,0.25094887750728767
563,0.2509488775072877
564,0.25094887750728767
565,0.25094887750728767
566,0.2509488775072877
567,0.25094887750728767
568,0.25094887750728767
569,0.2509488775072877
570,0.25094887750728767
571,0.25094887750728767
572,0.2509488775072877
573,0.25094887750728767
574,0.25094887750728767
575,0.2509488775072877
576,0.25094887750728767
577,0.25094887750728767
578,0.2509488775072877
579,0.25094887750728767
580,0.25094887750728767
581,0.2509488775072877
582,0.25094887750728767
583,0.25094887750728767
584,0.2509488775072877
585,0.25094887750728767
586,0.25094887750728767
587,0.2509488775072877
588,0.25094887750728767
589,0.25094887750728767
590,0.2509488775072877
591,0.25094887750728767
592,0.25094887750728767
593,0.2509488775072877
594,0.25094887750728767
595,0.25094887750728767
596,0.2509488775072877
597,0.25094887750728767
598,0.25094887750728767
599,0.2509488775072877
600,0.25094887750728767
601,0.25094887750728767
602,0.2509488775072877
603,0.25094887750728767
604,0.25094887750728767
605,0.2509488775072877
606,0.25094887750728767
607,0.25094887750728767
608,0.2509488775072877
609,0.25094887750728767
610,0.25094887750728767
