1,0.47941242594325384
2,0.2857990629104093
3,0.24894090794676324
4,0.24910258136319222
5,0.24910786436490856
6,0.24910800131006766
7,0.24910800481480933
8,0.24910800487750986
9,0.24910800485143797
10,0.24910800482307768
11,0.24910800479466033
12,0.24910800476624262
13,0.2491080047378264
14,0.24910800470941163
15,0.2491080046809985
16,0.24910800465258653
17,0.2491080046241762
18,0.2491080045957674
19,0.24910800456736024
20,0.2491080045389544
21,0.24910800451055012
22,0.24910800448214707
23,0.24910800445374573
24,0.2491080044253459
25,0.2491080043969475
26,0.24910800436855024
27,0.24910800434015468
28,0.2491080043117606
29,0.2491080042833683
30,0.24910800425497703
31,0.2491080042265873
32,0.24910800419819945
33,0.2491080041698124
34,0.2491080041414276
35,0.24910800411304349
36,0.24910800408466127
37,0.24910800405628075
38,0.24910800402790134
39,0.24910800399952354
40,0.24910800397114724
41,0.2491080039427724
42,0.24910800391439908
43,0.24910800388602702
44,0.24910800385765666
45,0.24910800382928774
46,0.24910800380092024
47,0.24910800377255413
48,0.24910800374418965
49,0.24910800371582636
50,0.24910800368746502
51,0.24910800365910502
52,0.2491080036307462
53,0.24910800360238916
54,0.24910800357403332
55,0.2491080035456791
56,0.24910800351732626
57,0.24910800348897513
58,0.24910800346062534
59,0.2491080034322769
60,0.2491080034039303
61,0.24910800337558467
62,0.24910800334724092
63,0.24910800331889849
64,0.24910800329055724
65,0.24910800326221794
66,0.24910800323387988
67,0.24910800320554327
68,0.24910800317720808
69,0.24910800314887485
70,0.24910800312054257
71,0.2491080030922117
72,0.2491080030638824
73,0.24910800303555505
74,0.24910800300722857
75,0.24910800297890384
76,0.2491080029505803
77,0.2491080029222588
78,0.2491080028939384
79,0.24910800286561957
80,0.24910800283730206
81,0.24910800280898626
82,0.24910800278067152
83,0.24910800275235873
84,0.24910800272404707
85,0.24910800269573685
86,0.24910800266742836
87,0.24910800263912128
88,0.24910800261081545
89,0.24910800258251128
90,0.2491080025542085
91,0.2491080025259072
92,0.2491080024976076
93,0.24910800246930942
94,0.24910800244101264
95,0.24910800241271724
96,0.2491080023844231
97,0.24910800235613068
98,0.2491080023278398
99,0.24910800229955027
100,0.24910800227126217
101,0.2491080022429757
102,0.24910800221469054
103,0.249108002186407
104,0.24910800215812456
105,0.24910800212984407
106,0.2491080021015648
107,0.24910800207328684
108,0.24910800204501093
109,0.2491080020167359
110,0.2491080019884625
111,0.24910800196019067
112,0.2491080019319202
113,0.24910800190365134
114,0.24910800187538382
115,0.24910800184711782
116,0.24910800181885318
117,0.2491080017905899
118,0.24910800176232847
119,0.24910800173406825
120,0.24910800170580943
121,0.24910800167755243
122,0.24910800164929658
123,0.2491080016210423
124,0.2491080015927894
125,0.2491080015645381
126,0.24910800153628823
127,0.24910800150803952
128,0.24910800147979273
129,0.2491080014515473
130,0.24910800142330325
131,0.24910800139506073
132,0.24910800136681932
133,0.24910800133857974
134,0.24910800131034153
135,0.24910800128210497
136,0.24910800125386973
137,0.24910800122563603
138,0.24910800119740364
139,0.24910800116917267
140,0.2491080011409434
141,0.24910800111271517
142,0.24910800108448874
143,0.24910800105626374
144,0.24910800102804023
145,0.2491080009998181
146,0.24910800097159777
147,0.24910800094337845
148,0.2491080009151606
149,0.24910800088694454
150,0.24910800085872967
151,0.2491080008305165
152,0.24910800080230464
153,0.24910800077409426
154,0.2491080007458853
155,0.24910800071767789
156,0.2491080006894719
157,0.24910800066126726
158,0.24910800063306432
159,0.2491080006048625
160,0.2491080005766625
161,0.2491080005484635
162,0.24910800052026644
163,0.2491080004920708
164,0.2491080004638764
165,0.24910800043568365
166,0.24910800040749217
167,0.24910800037930234
168,0.24910800035111372
169,0.24910800032292676
170,0.24910800029474112
171,0.24910800026655702
172,0.24910800023837446
173,0.24910800021019328
174,0.24910800018201354
175,0.24910800015383533
176,0.2491080001256585
177,0.24910800009748316
178,0.2491080000693096
179,0.2491080000411371
180,0.24910800001296599
181,0.24910799998479663
182,0.24910799995662875
183,0.24910799992846197
184,0.249107999900297
185,0.2491079998721334
186,0.24910799984397097
187,0.2491079998158102
188,0.24910799978765094
189,0.24910799975949313
190,0.24910799973133688
191,0.2491079997031821
192,0.2491079996750287
193,0.24910799964687647
194,0.24910799961872604
195,0.24910799959057695
196,0.24910799956242927
197,0.24910799953428314
198,0.24910799950613852
199,0.2491079994779951
200,0.24910799944985348
201,0.24910799942171324
202,0.24910799939357425
203,0.24910799936543693
204,0.249107999337301
205,0.24910799930916638
206,0.24910799928103305
207,0.24910799925290167
208,0.24910799922477156
209,0.24910799919664287
210,0.24910799916851573
211,0.24910799914038995
212,0.24910799911226567
213,0.2491079990841429
214,0.2491079990560215
215,0.2491079990279014
216,0.249107998999783
217,0.24910799897166577
218,0.24910799894355026
219,0.2491079989154361
220,0.24910799888732352
221,0.24910799885921237
222,0.2491079988311026
223,0.24910799880299406
224,0.24910799877488723
225,0.24910799874678194
226,0.249107998718678
227,0.24910799869057534
228,0.24910799866247443
229,0.24910799863437486
230,0.24910799860627672
231,0.24910799857818006
232,0.24910799855008486
233,0.24910799852199092
234,0.24910799849389878
235,0.24910799846580803
236,0.24910799843771853
237,0.2491079984096305
238,0.24910799838154402
239,0.24910799835345918
240,0.2491079983253754
241,0.24910799829729321
242,0.24910799826921243
243,0.2491079982411335
244,0.24910799821305543
245,0.24910799818497908
246,0.24910799815690424
247,0.24910799812883097
248,0.24910799810075887
249,0.24910799807268819
250,0.2491079980446191
251,0.24910799801655142
252,0.24910799798848537
253,0.2491079979604207
254,0.24910799793235724
255,0.24910799790429575
256,0.2491079978762351
257,0.2491079978481764
258,0.24910799782011875
259,0.2491079977920628
260,0.24910799776400816
261,0.24910799773595507
262,0.2491079977079036
263,0.2491079976798532
264,0.24910799765180444
265,0.24910799762375677
266,0.24910799759571137
267,0.2491079975676669
268,0.24910799753962384
269,0.24910799751158225
270,0.24910799748354207
271,0.24910799745550347
272,0.2491079974274664
273,0.2491079973994306
274,0.2491079973713963
275,0.24910799734336372
276,0.24910799731533229
277,0.2491079972873023
278,0.24910799725927363
279,0.24910799723124677
280,0.24910799720322122
281,0.24910799717519694
282,0.24910799714717427
283,0.24910799711915305
284,0.24910799709113293
285,0.24910799706311484
286,0.24910799703509795
287,0.2491079970070823
288,0.2491079969790683
289,0.24910799695105584
290,0.24910799692304483
291,0.24910799689503504
292,0.24910799686702675
293,0.24910799683902013
294,0.24910799681101461
295,0.2491079967830107
296,0.24910799675500836
297,0.24910799672700742
298,0.24910799669900788
299,0.24910799667100983
300,0.24910799664301309
301,0.24910799661501778
302,0.24910799658702415
303,0.2491079965590317
304,0.24910799653104104
305,0.24910799650305132
306,0.24910799647506346
307,0.24910799644707696
308,0.2491079964190917
309,0.24910799639110817
310,0.249107996363126
311,0.24910799633514533
312,0.24910799630716576
313,0.249107996279188
314,0.2491079962512115
315,0.24910799622323648
316,0.2491079961952631
317,0.24910799616729098
318,0.24910799613932028
319,0.2491079961113511
320,0.2491079960833833
321,0.24910799605541703
322,0.24910799602745212
323,0.2491079959994888
324,0.24910799597152655
325,0.24910799594356622
326,0.2491079959156068
327,0.24910799588764926
328,0.24910799585969304
329,0.24910799583173832
330,0.2491079958037851
331,0.2491079957758331
332,0.24910799574788256
333,0.2491079957199336
334,0.2491079956919861
335,0.2491079956640399
336,0.24910799563609537
337,0.24910799560815194
338,0.24910799558021013
339,0.24910799555226976
340,0.2491079955243308
341,0.24910799549639345
342,0.24910799546845744
343,0.24910799544052278
344,0.24910799541258963
345,0.24910799538465797
346,0.24910799535672773
347,0.24910799532879868
348,0.24910799530087147
349,0.24910799527294536
350,0.24910799524502064
351,0.24910799521709778
352,0.24910799518917615
353,0.2491079951612561
354,0.2491079951333372
355,0.24910799510541984
356,0.24910799507750403
357,0.2491079950495896
358,0.2491079950216767
359,0.2491079949937651
360,0.24910799496585495
361,0.2491079949379463
362,0.2491079949100391
363,0.24910799488213323
364,0.24910799485422896
365,0.24910799482632598
366,0.24910799479842452
367,0.24910799477052448
368,0.24910799474262574
369,0.24910799471472864
370,0.24910799468683287
371,0.24910799465893885
372,0.24910799463104574
373,0.24910799460315428
374,0.24910799457526436
375,0.24910799454737578
376,0.24910799451948873
377,0.24910799449160295
378,0.24910799446371878
379,0.2491079944358359
380,0.24910799440795442
381,0.2491079943800747
382,0.2491079943521961
383,0.24910799432431904
384,0.24910799429644373
385,0.24910799426856942
386,0.24910799424069655
387,0.2491079942128253
388,0.2491079941849553
389,0.2491079941570871
390,0.24910799412921997
391,0.2491079941013543
392,0.24910799407349024
393,0.24910799404562747
394,0.24910799401776643
395,0.24910799398990657
396,0.24910799396204814
397,0.24910799393419109
398,0.24910799390633545
399,0.24910799387848173
400,0.24910799385062865
401,0.2491079938227777
402,0.24910799379492798
403,0.24910799376707948
404,0.2491079937392324
405,0.24910799371138717
406,0.24910799368354308
407,0.24910799365570047
408,0.2491079936278593
409,0.2491079936000196
410,0.2491079935721813
411,0.24910799354434443
412,0.24910799351650903
413,0.24910799348867488
414,0.24910799346084234
415,0.24910799343301127
416,0.24910799340518155
417,0.24910799337735318
418,0.24910799334952638
419,0.24910799332170086
420,0.2491079932938772
421,0.2491079932660544
422,0.2491079932382332
423,0.24910799321041363
424,0.24910799318259552
425,0.2491079931547785
426,0.24910799312696325
427,0.24910799309914916
428,0.24910799307133674
429,0.2491079930435258
430,0.249107993015716
431,0.24910799298790767
432,0.24910799296010105
433,0.24910799293229555
434,0.24910799290449165
435,0.2491079928766889
436,0.24910799284888802
437,0.24910799282108834
438,0.24910799279329013
439,0.2491079927654935
440,0.24910799273769785
441,0.24910799270990397
442,0.24910799268211162
443,0.24910799265432051
444,0.2491079926265309
445,0.24910799259874275
446,0.2491079925709563
447,0.2491079925431707
448,0.2491079925153867
449,0.24910799248760407
450,0.2491079924598232
451,0.24910799243204362
452,0.24910799240426537
453,0.24910799237648865
454,0.24910799234871325
455,0.2491079923209394
456,0.24910799229316674
457,0.24910799226539584
458,0.24910799223762606
459,0.24910799220985816
460,0.24910799218209137
461,0.24910799215432558
462,0.24910799212656182
463,0.24910799209879927
464,0.2491079920710383
465,0.24910799204327866
466,0.24910799201552059
467,0.24910799198776373
468,0.24910799196000843
469,0.24910799193225439
470,0.2491079919045019
471,0.2491079918767508
472,0.24910799184900126
473,0.24910799182125282
474,0.24910799179350632
475,0.24910799176576073
476,0.24910799173801698
477,0.2491079917102746
478,0.2491079916825332
479,0.2491079916547936
480,0.24910799162705538
481,0.24910799159931885
482,0.24910799157158336
483,0.24910799154384938
484,0.24910799151611657
485,0.24910799148838572
486,0.249107991460656
487,0.2491079914329278
488,0.2491079914052009
489,0.24910799137747563
490,0.24910799134975148
491,0.24910799132202902
492,0.24910799129430775
493,0.24910799126658806
494,0.2491079912388697
495,0.2491079912111531
496,0.24910799118343757
497,0.24910799115572355
498,0.24910799112801105
499,0.24910799110029966
500,0.24910799107259013
501,0.2491079910448816
502,0.2491079910171747
503,0.2491079909894692
504,0.2491079909617653
505,0.24910799093406283
506,0.2491079909063614
507,0.2491079908786618
508,0.2491079908509634
509,0.24910799082326626
510,0.249107990795571
511,0.24910799076787687
512,0.24910799074018403
513,0.24910799071249295
514,0.24910799068480322
515,0.24910799065711473
516,0.2491079906294277
517,0.2491079906017421
518,0.24910799057405805
519,0.2491079905463754
520,0.24910799051869392
521,0.24910799049101393
522,0.2491079904633357
523,0.2491079904356587
524,0.24910799040798298
525,0.2491079903803089
526,0.2491079903526361
527,0.24910799032496478
528,0.2491079902972947
529,0.24910799026962638
530,0.24910799024195898
531,0.24910799021429336
532,0.24910799018662924
533,0.2491079901589666
534,0.2491079901313051
535,0.24910799010364515
536,0.24910799007598658
537,0.2491079900483294
538,0.24910799002067371
539,0.24910798999301934
540,0.2491079899653665
541,0.24910798993771502
542,0.24910798991006497
543,0.24910798988241623
544,0.2491079898547691
545,0.24910798982712326
546,0.24910798979947907
547,0.249107989771836
548,0.24910798974419465
549,0.24910798971655435
550,0.24910798968891565
551,0.24910798966127828
552,0.24910798963364242
553,0.24910798960600794
554,0.24910798957837516
