1,0.2536145054140066
2,0.2490114490407276
3,0.2490115060252204
4,0.24901150021898477
5,0.24901149435926093
6,0.2490114884305221
7,0.2490114822114447
8,0.24901147272870947
9,0.2879346027108908
10,0.2788811655271725
11,0.2526994565077778
12,0.25269915818357314
13,0.2526991581544152
14,0.2526991581544122
15,0.2526991581544122
16,0.2526991581544122
17,0.2526991581544122
18,0.2526991581544122
19,0.2526991581544122
20,0.2526991581544122
21,0.2526991581544122
22,0.2526991581544122
23,0.2526991581544122
24,0.2526991581544122
25,0.2526991581544122
26,0.2526991581544122
27,0.2526991581544122
28,0.2526991581544122
29,0.2526991581544122
30,0.2526991581544122
31,0.2526991581544122
32,0.2526991581544122
33,0.2526991581544122
34,0.2526991581544122
35,0.2526991581544122
36,0.2526991581544122
37,0.2526991581544122
38,0.2526991581544122
39,0.2526991581544122
40,0.2526991581544122
41,0.2526991581544122
42,0.2526991581544122
43,0.2526991581544122
44,0.2526991581544122
45,0.2526991581544122
46,0.2526991581544122
47,0.2526991581544122
48,0.2526991581544122
49,0.2526991581544122
50,0.2526991581544122
51,0.2526991581544122
52,0.2526991581544122
53,0.2526991581544122
54,0.2526991581544122
55,0.2526991581544122
56,0.2526991581544122
57,0.2526991581544122
58,0.2526991581544122
59,0.2526991581544122
60,0.2526991581544122
61,0.2526991581544122
62,0.2526991581544122
63,0.2526991581544122
64,0.2526991581544122
65,0.2526991581544122
66,0.2526991581544122
67,0.2526991581544122
68,0.2526991581544122
69,0.2526991581544122
70,0.2526991581544122
71,0.2526991581544122
72,0.2526991581544122
73,0.2526991581544122
74,0.2526991581544122
75,0.2526991581544122
76,0.2526991581544122
77,0.2526991581544122
78,0.2526991581544122
79,0.2526991581544122
80,0.2526991581544122
81,0.2526991581544122
82,0.2526991581544122
83,0.2526991581544122
84,0.2526991581544122
85,0.2526991581544122
86,0.2526991581544122
87,0.2526991581544122
88,0.2526991581544122
89,0.2526991581544122
90,0.2526991581544122
91,0.2526991581544122
92,0.2526991581544122
93,0.2526991581544122
94,0.2526991581544122
95,0.2526991581544122
96,0.2526991581544122
97,0.2526991581544122
98,0.2526991581544122
99,0.2526991581544122
100,0.2526991581544122
101,0.2526991581544122
102,0.2526991581544122
103,0.2526991581544122
104,0.2526991581544122
105,0.2526991581544122
106,0.2526991581544122
107,0.2526991581544122
108,0.2526991581544122
109,0.2526991581544122
110,0.2526991581544122
111,0.2526991581544122
112,0.2526991581544122
113,0.2526991581544122
114,0.2526991581544122
115,0.2526991581544122
116,0.2526991581544122
117,0.2526991581544122
118,0.2526991581544122
119,0.2526991581544122
120,0.2526991581544122
121,0.2526991581544122
122,0.2526991581544122
123,0.2526991581544122
124,0.2526991581544122
125,0.2526991581544122
126,0.2526991581544122
127,0.2526991581544122
128,0.2526991581544122
129,0.2526991581544122
130,0.2526991581544122
131,0.2526991581544122
132,0.2526991581544122
133,0.2526991581544122
134,0.2526991581544122
135,0.2526991581544122
136,0.2526991581544122
137,0.2526991581544122
138,0.2526991581544122
139,0.2526991581544122
140,0.2526991581544122
141,0.2526991581544122
142,0.2526991581544122
143,0.2526991581544122
144,0.2526991581544122
145,0.2526991581544122
146,0.2526991581544122
147,0.2526991581544122
148,0.2526991581544122
149,0.2526991581544122
150,0.2526991581544122
151,0.2526991581544122
152,0.2526991581544122
153,0.2526991581544122
154,0.2526991581544122
155,0.2526991581544122
156,0.2526991581544122
157,0.2526991581544122
158,0.2526991581544122
159,0.2526991581544122
160,0.2526991581544122
161,0.2526991581544122
162,0.2526991581544122
163,0.2526991581544122
164,0.2526991581544122
165,0.2526991581544122
166,0.2526991581544122
167,0.2526991581544122
168,0.2526991581544122
169,0.2526991581544122
170,0.2526991581544122
171,0.2526991581544122
172,0.2526991581544122
173,0.2526991581544122
174,0.2526991581544122
175,0.2526991581544122
176,0.2526991581544122
177,0.2526991581544122
178,0.2526991581544122
179,0.2526991581544122
180,0.2526991581544122
181,0.2526991581544122
182,0.2526991581544122
183,0.2526991581544122
184,0.2526991581544122
185,0.2526991581544122
186,0.2526991581544122
187,0.2526991581544122
188,0.2526991581544122
189,0.2526991581544122
190,0.2526991581544122
191,0.2526991581544122
192,0.2526991581544122
193,0.2526991581544122
194,0.2526991581544122
195,0.2526991581544122
196,0.2526991581544122
197,0.2526991581544122
198,0.2526991581544122
199,0.2526991581544122
200,0.2526991581544122
201,0.2526991581544122
202,0.2526991581544122
203,0.2526991581544122
204,0.2526991581544122
205,0.2526991581544122
206,0.2526991581544122
207,0.2526991581544122
208,0.2526991581544122
209,0.2526991581544122
210,0.2526991581544122
211,0.2526991581544122
212,0.2526991581544122
213,0.2526991581544122
214,0.2526991581544122
215,0.2526991581544122
216,0.2526991581544122
217,0.2526991581544122
218,0.2526991581544122
219,0.2526991581544122
220,0.2526991581544122
221,0.2526991581544122
222,0.2526991581544122
223,0.2526991581544122
224,0.2526991581544122
225,0.2526991581544122
226,0.2526991581544122
227,0.2526991581544122
228,0.2526991581544122
229,0.2526991581544122
230,0.2526991581544122
231,0.2526991581544122
232,0.2526991581544122
233,0.2526991581544122
234,0.2526991581544122
235,0.2526991581544122
236,0.2526991581544122
237,0.2526991581544122
238,0.2526991581544122
239,0.2526991581544122
240,0.2526991581544122
241,0.2526991581544122
242,0.2526991581544122
243,0.2526991581544122
244,0.2526991581544122
245,0.2526991581544122
246,0.2526991581544122
247,0.2526991581544122
248,0.2526991581544122
249,0.2526991581544122
250,0.2526991581544122
251,0.2526991581544122
252,0.2526991581544122
253,0.2526991581544122
254,0.2526991581544122
255,0.2526991581544122
256,0.2526991581544122
257,0.2526991581544122
258,0.2526991581544122
259,0.2526991581544122
260,0.2526991581544122
261,0.2526991581544122
262,0.2526991581544122
263,0.2526991581544122
264,0.2526991581544122
265,0.2526991581544122
266,0.2526991581544122
267,0.2526991581544122
268,0.2526991581544122
269,0.2526991581544122
270,0.2526991581544122
271,0.2526991581544122
272,0.2526991581544122
273,0.2526991581544122
274,0.2526991581544122
275,0.2526991581544122
276,0.2526991581544122
277,0.2526991581544122
278,0.2526991581544122
279,0.2526991581544122
280,0.2526991581544122
281,0.2526991581544122
282,0.2526991581544122
283,0.2526991581544122
284,0.2526991581544122
285,0.2526991581544122
286,0.2526991581544122
287,0.2526991581544122
288,0.2526991581544122
289,0.2526991581544122
290,0.2526991581544122
291,0.2526991581544122
292,0.2526991581544122
293,0.2526991581544122
294,0.2526991581544122
295,0.2526991581544122
296,0.2526991581544122
297,0.2526991581544122
298,0.2526991581544122
299,0.2526991581544122
300,0.2526991581544122
301,0.2526991581544122
302,0.2526991581544122
303,0.2526991581544122
304,0.2526991581544122
305,0.2526991581544122
306,0.2526991581544122
307,0.2526991581544122
308,0.2526991581544122
309,0.2526991581544122
310,0.2526991581544122
311,0.2526991581544122
312,0.2526991581544122
313,0.2526991581544122
314,0.2526991581544122
315,0.2526991581544122
316,0.2526991581544122
317,0.2526991581544122
318,0.2526991581544122
319,0.2526991581544122
320,0.2526991581544122
321,0.2526991581544122
322,0.2526991581544122
323,0.2526991581544122
324,0.2526991581544122
325,0.2526991581544122
326,0.2526991581544122
327,0.2526991581544122
328,0.2526991581544122
329,0.2526991581544122
330,0.2526991581544122
331,0.2526991581544122
332,0.2526991581544122
333,0.2526991581544122
334,0.2526991581544122
335,0.2526991581544122
