1,0.31621210535982563
2,0.2508644772624476
3,0.2508767344101256
4,0.2508740490153136
5,0.2508714366197301
6,0.2508688983581869
7,0.4108936792500732
8,0.2633921458912755
9,0.25145684397716994
10,0.2515125746039115
11,0.2515124050546165
12,0.25151222163865283
13,0.25151204022956225
14,0.2515118608003173
15,0.25151168332022167
16,0.2515115077591911
17,0.25151133408773174
18,0.2515111622769333
19,0.2515109922984512
20,0.2515108241244943
21,0.25151065772781156
22,0.25151049308167933
23,0.2515103301598892
24,0.25151016893673617
25,0.25151000938700596
26,0.25150985148596466
27,0.2515096952093482
28,0.25150954053334984
29,0.25150938743461043
30,0.25150923589020896
31,0.2515090858776521
32,0.2515089373748641
33,0.2515087903601773
34,0.2515086448123244
35,0.2515085007104284
36,0.2515083580339936
37,0.25150821676289775
38,0.2515080768773836
39,0.2515079383580512
40,0.25150780118584987
41,0.2515076653420699
42,0.2515075308083358
43,0.25150739756660007
44,0.2515072655991343
45,0.25150713488852244
46,0.2515070054176551
47,0.2515068771697233
48,0.25150675012821105
49,0.25150662427688875
50,0.25150649959980875
51,0.25150637608129767
52,0.25150625370595286
53,0.25150613245863496
54,0.251506012324461
55,0.25150589328880335
56,0.25150577533728175
57,0.2515056584557573
58,0.2515055426303291
59,0.2515054278473305
60,0.2515053140933203
61,0.25150520135508264
62,0.25150508961962054
63,0.25150497887415024
64,0.2515048691060987
65,0.251504760303099
66,0.2515046524529874
67,0.25150454554379453
68,0.25150443956374835
69,0.25150433450126525
70,0.2515042303449484
71,0.25150412708358383
72,0.2515040247061367
73,0.25150392320174686
74,0.25150382255972853
75,0.25150372276956234
76,0.25150362382089675
77,0.25150352570354084
78,0.251503428407465
79,0.25150333192279456
80,0.25150323623980825
81,0.25150314134893664
82,0.25150304724075695
83,0.2515029539059907
84,0.25150286133550226
85,0.2515027695202963
86,0.2515026784515127
87,0.2515025881204268
88,0.2515024985184456
89,0.25150240963710524
90,0.2515023214680691
91,0.25150223400312605
92,0.25150214723418624
93,0.2515020611532803
94,0.25150197575255806
95,0.2515018910242836
96,0.25150180696083557
97,0.2515017235547054
98,0.2515016407984919
99,0.25150155868490476
100,0.251501477206757
101,0.2515013963569662
102,0.2515013161285541
103,0.25150123651464007
104,0.25150115750844354
105,0.2515010791032811
106,0.2515010012925641
107,0.2515009240697972
108,0.2515008474285773
109,0.25150077136259186
110,0.25150069586561585
111,0.251500620931514
112,0.25150054655423454
113,0.2515004727278111
114,0.25150039944635905
115,0.2515003267040773
116,0.2515002544952423
117,0.25150018281421166
118,0.25150011165541836
119,0.25150004101337303
120,0.25149997088266
121,0.2514999012579379
122,0.25149983213393734
123,0.25149976350546066
124,0.25149969536737926
125,0.2514996277146339
126,0.25149956054223377
127,0.2514994938452537
128,0.25149942761883365
129,0.2514993618581794
130,0.2514992965585587
131,0.2514992317153031
132,0.2514991673238049
133,0.25149910337951586
134,0.2514990398779487
135,0.2514989768146736
136,0.25149891418531845
137,0.25149885198556815
138,0.2514987902111635
139,0.2514987288578984
140,0.2514986679216236
141,0.25149860739824015
142,0.251498547283703
143,0.2514984875740184
144,0.25149842826524366
145,0.2514983693534843
146,0.2514983108348968
147,0.25149825270568543
148,0.25149819496210124
149,0.25149813760044376
150,0.25149808061705664
151,0.25149802400833143
152,0.2514979677707031
153,0.2514979119006494
154,0.25149785639469413
155,0.25149780124940174
156,0.2514977464613803
157,0.25149769202727895
158,0.2514976379437864
159,0.25149758420763335
160,0.25149753081558995
161,0.2514974777644639
162,0.25149742505110334
163,0.25149737267239264
164,0.2514973206252548
165,0.2514972689066492
166,0.25149721751357135
167,0.2514971664430518
168,0.25149711569215877
169,0.251497065257992
170,0.25149701513768746
171,0.2514969653284148
172,0.2514969158273753
173,0.25149686663180537
174,0.2514968177389714
175,0.2514967691461729
176,0.2514967208507408
177,0.25149667285003624
178,0.2514966251414514
179,0.2514965777224083
180,0.25149653059035804
181,0.2514964837427823
182,0.25149643717718984
183,0.25149639089111875
184,0.25149634488213557
185,0.2514962991478336
186,0.25149625368583334
187,0.25149620849378324
188,0.2514961635693562
189,0.2514961189102532
190,0.25149607451419986
191,0.2514960303789478
192,0.2514959865022733
193,0.25149594288197724
194,0.25149589951588514
195,0.25149585640184635
196,0.25149581353773415
197,0.25149577092144487
198,0.2514957285508989
199,0.25149568642403697
200,0.2514956445388254
201,0.25149560289325046
202,0.25149556148532115
203,0.25149552031306777
204,0.2514954793745416
205,0.25149543866781604
206,0.2514953981909839
207,0.2514953579421591
208,0.25149531791947527
209,0.2514952781210874
210,0.2514952385451677
211,0.25149519918991
212,0.25149516005352557
213,0.25149512113424627
214,0.25149508243032115
215,0.251495043940018
216,0.25149500566162364
217,0.25149496759344186
218,0.25149492973379356
219,0.25149489208101944
220,0.2514948546334753
221,0.2514948173895347
222,0.25149478034758815
223,0.2514947435060424
224,0.25149470686332104
225,0.25149467041786344
226,0.2514946341681252
227,0.25149459811257735
228,0.2514945622497071
229,0.2514945265780163
230,0.2514944910960229
231,0.2514944558022587
232,0.2514944206952715
233,0.2514943857736234
234,0.25149435103589
235,0.2514943164806621
236,0.251494282106545
237,0.25149424791215685
238,0.25149421389612964
239,0.2514941800571099
240,0.2514941463937572
241,0.25149411290474327
242,0.251494079588755
243,0.2514940464444903
244,0.25149401347066075
245,0.2514939806659903
246,0.2514939480292161
247,0.2514939155590862
248,0.25149388325436206
249,0.251493851113817
250,0.2514938191362355
251,0.25149378732041416
252,0.25149375566516163
