1,0.4462140344397388
2,0.4157670872873507
3,0.2752721698487252
4,0.2541580928288489
5,0.25368348418828096
6,0.2532617496584938
7,0.2528662678471605
8,0.25249752018086935
9,0.25215543062880735
10,0.25183937359028397
11,0.2515483087172337
12,0.25128090680680765
13,0.2510356588997977
14,0.2508109654427162
15,0.2506052053900323
16,0.25041678700297854
17,0.25024418305004176
18,0.25008595339984263
19,0.24994075786888553
20,0.24980736183973318
21,0.2496846367340374
22,0.24957155699227962
23,0.24946719482212903
24,0.24937071364859534
25,0.24928136093467157
26,0.24919846083591146
27,0.2491214069976464
28,0.24904965568989354
29,0.2489827193935126
30,0.24892016089419589
31,0.24886158790215698
32,0.2488066481899772
33,0.24875502522521276
34,0.24870643426517763
35,0.2486606188767586
36,0.24861734784261727
37,0.2485764124156515
38,0.2485376238853204
39,0.24850081142188607
40,0.24846582016742075
41,0.2484325095453241
42,0.2484007517629558
43,0.24837043048470905
44,0.2483414396553798
45,0.24831368245600713
46,0.24828707037645356
47,0.24826152239086957
48,0.24823696422386665
49,0.24821332769669868
50,0.24819055014405528
51,0.24816857389323127
52,0.24814734579843595
53,0.24812681682389381
54,0.2481069416701596
55,0.24808767843875593
56,0.24806898833082572
57,0.24805083537600736
58,0.24803318618820797
59,0.24801600974532562
60,0.2479992771903352
61,0.24798296165144643
62,0.24796703807930967
63,0.2479514830994821
64,0.24793627487856412
65,0.24792139300260357
66,0.24790681836651546
67,0.247892533073412
68,0.24787852034284835
69,0.24786476442710992
70,0.2478512505347541
71,0.24783796476070727
72,0.24782489402228725
73,0.24781202600059402
74,0.24779934908676404
75,0.24778685233264228
76,0.24777452540545825
77,0.24776235854615333
78,0.24775034253102407
79,0.24773846863639087
80,0.24772672860602465
81,0.24771511462109141
82,0.24770361927239937
83,0.2476922355347499
84,0.24768095674321805
85,0.24766977657119804
86,0.24765868901007135
87,0.24764768835035986
88,0.2476367691642494
89,0.24762592628936902
90,0.24761515481372942
91,0.24760445006172527
92,0.24759380758112412
93,0.24758322313095973
94,0.24757269267026652
95,0.2475622123475847
96,0.24755177849118482
97,0.24754138759995348
98,0.24753103633489343
99,0.24752072151119206
100,0.24751044009081932
101,0.24750018917561253
102,0.24748996600081832
103,0.24747976792905566
104,0.2474695924446712
105,0.24745943714846147
106,0.24744929975273255
107,0.24743917807667823
108,0.24742907004204956
109,0.2474189736691042
110,0.24740888707280495
111,0.24739880845926074
112,0.24738873612238957
113,0.24737866844078638
114,0.24736860387478773
115,0.24735854096371176
116,0.24734847832327092
117,0.24733841464313902
118,0.24732834868466527
119,0.24731827927872282
120,0.24730820532368558
121,0.247298125783524
122,0.24728803968600846
123,0.24727794612101642
124,0.2472678442389344
125,0.247257733249148
126,0.24724761241861343
127,0.24723748107050572
128,0.24722733858293433
129,0.24721718438772705
130,0.24720701796927114
131,0.247196838863408
132,0.24718664665638063
133,0.24717644098382532
134,0.24716622152980441
135,0.24715598802587682
136,0.24714574025020536
137,0.24713547802668903
138,0.24712520122412776
139,0.24711490975540812
140,0.2471046035767106
141,0.24709428268673536
142,0.2470839471259425
143,0.24707359697580727
144,0.24706323235808106
145,0.24705285343406783
146,0.24704246040389807
147,0.24703205350581423
148,0.2470216330154521
149,0.24701119924512757
150,0.2470007525431172
151,0.24699029329293867
152,0.24697982191262807
153,0.2469693388540068
154,0.24695884460194586
155,0.2469483396736185
156,0.2469378246177479
157,0.2469273000138411
158,0.2469167664714126
159,0.24690622462919848
160,0.2468956751543574
161,0.24688511874165722
162,0.24687455611265127
163,0.24686398801484016
164,0.24685341522081997
165,0.24684283852741648
166,0.2468322587548075
167,0.24682167674563024
168,0.2468110933640739
169,0.2468005094949647
170,0.24678992604283134
171,0.24677934393096335
172,0.24676876410045465
173,0.24675818750923864
174,0.24674761513111074
175,0.24673704795474075
176,0.24672648698268054
177,0.2467159332303582
178,0.2467053877250691
179,0.24669485150495943
180,0.24668432561800469
181,0.24667381112098521
182,0.24666330907845818
183,0.2466528205617275
184,0.24664234664781712
185,0.24663188841843897
186,0.24662144695896834
187,0.2466110233574223
188,0.24660061870343966
189,0.24659023408727185
190,0.2465798705987762
191,0.2465695293264238
192,0.24655921135631179
193,0.24654891777119234
194,0.24653864964951158
195,0.2465284080644624
196,0.2465181940830544
197,0.2465080087651998
198,0.24649785316281714
199,0.24648772831895416
200,0.24647763526693034
201,0.24646757502950106
202,0.24645754861804547
203,0.2464475570317745
204,0.2464376012569665
205,0.24642768226622644
206,0.24641780101776992
207,0.24640795845473706
208,0.2463981555045303
209,0.24638839307818255
210,0.24637867206975375
211,0.24636899335575546
212,0.24635935779460638
213,0.2463497662261159
214,0.24634021947100104
215,0.24633071833043124
216,0.24632126358560355
217,0.24631185599735098
218,0.24630249630577966
219,0.24629318522993715
220,0.24628392346751243
221,0.24627471169456433
222,0.24626555056528265
223,0.24625644071177713
224,0.24624738274389765
225,0.24623837724908246
226,0.24622942479223717
227,0.24622052591563903
228,0.24621168113887223
229,0.2462028909587884
230,0.24619415584949364
231,0.24618547626236392
232,0.24617685262608255
233,0.24616828534670337
234,0.24615977480773926
235,0.24615132137027165
236,0.24614292537308227
237,0.246134587132808
238,0.24612630694411355
239,0.2461180850798873
240,0.246109921791453
241,0.2461018173087992
242,0.24609377184082876
243,0.24608578557562094
244,0.24607785868071164
245,0.24606999130338497
246,0.24606218357098097
247,0.24605443559121473
248,0.24604674745250746
249,0.24603911922432706
250,0.24603155095754112
251,0.24602404268477612
252,0.24601659442078844
253,0.24600920616283883
254,0.2460018778910769
255,0.24599460956892896
256,0.24598740114349335
257,0.2459802525459385
258,0.24597316369190528
259,0.24596613448191146
260,0.24595916480176003
261,0.24595225452294847
262,0.24594540350307814
263,0.24593861158626606
264,0.24593187860355437
265,0.24592520437332122
266,0.2459185887016884
267,0.24591203138292866
268,0.24590553219987157
269,0.2458990909243033
270,0.2458927073173683
271,0.2458863811299634
272,0.24588011210312977
273,0.24587389996844128
274,0.2458677444483869
275,0.24586164525674867
276,0.24585560209897686
277,0.24584961467255564
278,0.24584368266736611
279,0.24583780576604264
280,0.24583198364432365
281,0.2458262159713962
282,0.24582050241023168
283,0.24581484261791994
284,0.24580923624599227
285,0.24580368294073904
286,0.24579818234352185
287,0.24579273409107788
288,0.24578733781581527
289,0.24578199314610508
290,0.24577669970656368
291,0.245771457118329
292,0.24576626499932883
293,0.24576112296454347
294,0.24575603062625898
295,0.24575098759431696
296,0.24574599347635306
297,0.24574104787803203
298,0.24573615040327387
299,0.24573130065447282
300,0.24572649823271192
301,0.24572174273796804
302,0.2457170337693109
303,0.24571237092509735
304,0.24570775380315762
305,0.2457031820009734
306,0.2456986551158539
307,0.24569417274510189
308,0.2456897344861752
309,0.24568533993684286
310,0.24568098869533284
311,0.24567668036047743
312,0.24567241453185015
313,0.24566819080989835
314,0.2456640087960703
315,0.245659868092937
316,0.24565576830430755
317,0.24565170903534267
318,0.24564768989265848
319,0.24564371048443068
320,0.2456397704204886
321,0.24563586931241013
322,0.24563200677360805
323,0.24562818241941328
324,0.24562439586715487
325,0.2456206467362355
326,0.2456169346482001
327,0.2456132592268063
328,0.2456096200980851
329,0.24560601689040273
330,0.2456024492345152
331,0.2455989167636222
332,0.24559541911341642
333,0.2455919559221286
334,0.24558852683057253
335,0.24558513148218325
336,0.2455817695230556
337,0.24557844060197812
338,0.2455751443704648
339,0.2455718804827826
340,0.24556864859598185
341,0.24556544836991515
342,0.24556227946726322
343,0.24555914155355257
344,0.24555603429717254
345,0.24555295736939065
346,0.24554991044436766
347,0.24554689319916553
348,0.24554390531375914
349,0.24554094647104294
350,0.24553801635683675
351,0.24553511465989125
352,0.2455322410718887
353,0.24552939528744597
354,0.24552657700411243
355,0.24552378592237026
356,0.24552102174562976
357,0.24551828418022642
358,0.24551557293541487
359,0.24551288772336194
360,0.2455102282591403
361,0.24550759426071875
362,0.24550498544895283
363,0.24550240154757397
364,0.2454998422831787
365,0.24549730738521625
366,0.24549479658597415
367,0.24549230962056623
368,0.2454898462269169
369,0.24548740614574666
370,0.24548498912055558
371,0.24548259489760652
372,0.24548022322590904
373,0.24547787385720157
374,0.2454755465459335
375,0.2454732410492456
376,0.2454709571269526
377,0.24546869454152334
378,0.2454664530580601
379,0.24546423244428034
380,0.24546203247049464
381,0.24545985290958738
382,0.24545769353699456
383,0.24545555413068418
384,0.24545343447113346
385,0.24545133434130817
386,0.24544925352664046
387,0.2454471918150065
388,0.24544514899670572
389,0.24544312486443734
390,0.2454411192132787
391,0.24543913184066346
392,0.24543716254635758
393,0.24543521113243866
394,0.24543327740327125
395,0.24543136116548722
396,0.24542946222795997
397,0.24542758040178447
398,0.24542571550025302
399,0.24542386733883345
400,0.2454220357351464
401,0.2454202205089427
402,0.2454184214820819
403,0.24541663847850786
404,0.24541487132422876
405,0.24541311984729317
406,0.24541138387776867
407,0.24540966324772026
408,0.24540795779118682
409,0.2454062673441613
410,0.24540459174456766
411,0.24540293083223966
412,0.24540128444889847
413,0.24539965243813394
414,0.24539803464538004
415,0.24539643091789606
416,0.2453948411047446
417,0.2453932650567718
418,0.24539170262658525
419,0.24539015366853525
420,0.24538861803869264
421,0.24538709559482985
422,0.24538558619640125
423,0.24538408970452116
424,0.24538260598194717
425,0.24538113489305854
426,0.24537967630383722
427,0.24537823008184936
428,0.24537679609622579
429,0.24537537421764277
430,0.2453739643183052
431,0.2453725662719256
432,0.24537117995370797
433,0.24536980524032834
434,0.24536844200991784
435,0.24536709014204378
436,0.24536574951769377
437,0.24536442001925673
438,0.24536310153050664
439,0.24536179393658528
440,0.24536049712398528
441,0.24535921098053362
442,0.2453579353953749
443,0.24535667025895622
444,0.24535541546300874
445,0.24535417090053405
446,0.24535293646578812
447,0.2453517120542635
448,0.24535049756267682
449,0.24534929288895196
450,0.24534809793220536
451,0.24534691259273123
452,0.24534573677198665
453,0.24534457037257776
454,0.24534341329824383
455,0.24534226545384488
456,0.24534112674534667
457,0.24533999707980705
458,0.2453388763653624
459,0.24533776451121397
460,0.24533666142761476
461,0.24533556702585568
462,0.24533448121825352
463,0.2453334039181378
464,0.2453323350398369
465,0.24533127449866765
466,0.24533022221092068
467,0.24532917809385013
468,0.24532814206566034
469,0.2453271140454943
470,0.245326093953422
471,0.24532508171042886
472,0.2453240772384032
473,0.24532308046012674
474,0.24532209129926202
475,0.24532110968034201
476,0.24532013552875798
477,0.24531916877075163
478,0.24531820933340076
479,0.2453172571446108
480,0.2453163121331052
481,0.24531537422841368
482,0.24531444336086217
483,0.24531351946156374
484,0.24531260246240888
485,0.24531169229605454
486,0.2453107888959158
487,0.24530989219615543
488,0.24530900213167575
489,0.24530811863810825
490,0.2453072416518049
491,0.24530637110983014
492,0.2453055069499494
493,0.24530464911062438
494,0.24530379753100073
495,0.24530295215090095
496,0.24530211291081677
497,0.24530127975189972
498,0.2453004526159535
499,0.24529963144542583
500,0.24529881618340016
501,0.24529800677358868
502,0.24529720316032358
503,0.24529640528854993
