1,0.499127296743544
2,0.49911947844702276
3,0.4991106207096937
4,0.4991005016170711
5,0.4990888312718186
6,0.4990752236082585
7,0.49905915291757713
8,0.4990398844453838
9,0.49901635902781066
10,0.4989869918388164
11,0.4989493000385837
12,0.4988991614421265
13,0.4988291925406363
14,0.49872472032089615
15,0.4985517881934207
16,0.4982094497355913
17,0.49718720845958364
18,0.4195805861126689
19,0.25924337082978444
20,0.2592317258282893
21,0.25921999747232655
22,0.2592081920020882
23,0.25919631582291425
24,0.2591843757320101
25,0.25917237890534145
26,0.2591603328636508
27,0.25914824515206136
28,0.2598461920251384
29,0.2595369971902691
30,0.2595257436390388
31,0.2595144674568385
32,0.25950317788828847
33,0.2594918844682264
34,0.259480596892714
35,0.259469324977878
36,0.25945807861671677
37,0.2594468677342857
38,0.25943570224170975
39,0.2594245919895131
40,0.2594135467207734
41,0.2594025760246195
42,0.2593916892906085
43,0.2593808956644917
44,0.25937020400587885
45,0.25935962284827013
46,0.2593491603618931
47,0.2593388243197372
48,0.259328622067116
49,0.2593185604950359
50,0.2593086460175816
51,0.2592988845534647
52,0.259289281511805
53,0.25927984178216784
54,0.25927056972878465
55,0.25926146918886467
56,0.2592525434748052
57,0.25924379538010756
58,0.25923522718871866
59,0.2592268406875227
60,0.25921863718165755
61,0.25921061751232144
62,0.25920278207672803
63,0.25919513084985707
64,0.2591876634076606
65,0.2591803789513814
66,0.25917327633267007
67,0.2591663540791967
68,0.25915961042046565
69,0.25915304331359273
70,0.2591466504687988
71,0.2591404293744231
72,0.2591343773212768
73,0.2591284914261854
74,0.2591227686545939
75,0.25911720584213893
76,0.25911179971510084
77,0.2591065469096945
78,0.2591014439901451
79,0.2590964874655454
80,0.2590916738054798
81,0.25908699945443164
82,0.2590824608449915
83,0.2590780544098993
84,0.2590737765929577
85,0.25906962385886345
86,0.2590655927020064
87,0.2590616796542899
88,0.25905788129202273
89,0.2590541942419561
90,0.25905061518650085
91,0.25904714086820296
92,0.2590437680935225
93,0.2590404937359706
94,0.2590373147386705
95,0.25903422811637505
96,0.2590312309570075
97,0.25902832042276197
98,0.2590254937508076
99,0.259022748253642
100,0.25902008131913207
101,0.2590174904102712
102,0.25901497306469673
103,0.2590125268939876
104,0.2590101495827774
105,0.2590078388877053
106,0.25900559263622985
107,0.259003408725328
108,0.25900128512009213
109,0.2589992198522519
110,0.2589972110186313
111,0.2589952567795545
112,0.25899335535721496
113,0.25899150503402035
114,0.25898970415091793
115,0.25898795110571554
116,0.2589862443514012
117,0.25898458239447075
118,0.25898296379326835
119,0.2589813871563429
120,0.2589798511408293
121,0.258978354450855
122,0.25897689583597483
123,0.25897547408963817
124,0.2589740880476864
125,0.2589727365868931
126,0.25897141862353196
127,0.2589701331119897
128,0.25896887904341115
129,0.25896765544438927
130,0.25896646137568713
131,0.258965295931005
132,0.2589641582357812
133,0.2589630474460362
134,0.25896196274725025
135,0.25896090335328054
136,0.25895986850531505
137,0.25895885747086445
138,0.25895786954278416
139,0.2589569040383368
140,0.25895596029828477
141,0.2589550376860162
142,0.2589541355867054
143,0.2589532534065002
144,0.25895239057174263
145,0.258951546528217
146,0.2589507207404286
147,0.2589499126909046
148,0.25894912187952973
149,0.2589483478228984
150,0.25894759005369805
151,0.25894684812011376
152,0.25894612158525426
153,0.2589454100266043
154,0.2589447130354936
155,0.25894403021659074
156,0.258943361187412
