1,0.49690323644920975
2,0.49647855632634313
3,0.4957416980534653
4,0.493984234893065
5,0.4803491273080145
6,0.2739133869525209
7,0.2591783830103683
8,0.25894595704120793
9,0.258735120762534
10,0.25854583624573363
11,0.25837711154187265
12,0.2582274116508794
13,0.2580949654763902
14,0.25797796367842235
15,0.257874671029218
16,0.25778348177636906
17,0.2577029409936902
18,0.25763174733491756
19,0.2575687464291742
20,0.25751292003934095
21,0.2574633736647737
22,0.2574193239359801
23,0.25738008645962834
24,0.25734506442764166
25,0.25731373813202296
26,0.2572856554373896
27,0.25726042321254916
28,0.2572376996911647
29,0.25721718771134533
30,0.2571986287711799
31,0.25718179783004275
32,0.2571664987826461
33,0.2571525605333291
34,0.2571398336009672
35,0.25712818718938246
36,0.25711750666358174
37,0.25710769137800815
38,0.2570986528088874
39,0.2570903129484654
40,0.2570826029242362
41,0.2570754618111443
42,0.2570688356090949
43,0.25706267636198865
44,0.2570569413978753
45,0.2570515926727762
46,0.2570465962032732
47,0.25704192157514244
48,0.2570375415171971
49,0.2570334315310937
50,0.2570295695692284
51,0.2570259357540069
52,0.2570225121327524
53,0.2570192824633652
54,0.25701623202654716
55,0.25701334746101623
56,0.2570106166186428
57,0.25700802843688386
58,0.2570055728262547
59,0.25700324057089685
60,0.25700102324057245
61,0.25699891311264167
62,0.25699690310277556
63,0.25699498670333026
64,0.2569931579284453
65,0.2569914112650588
66,0.2569897416291295
67,0.2569881443264593
68,0.25698661501757386
69,0.25698514968620373
70,0.25698374461094486
71,0.25698239633975245
72,0.25698110166694926
73,0.2569798576124666
74,0.2569786614030902
75,0.25697751045547884
76,0.2569764023607819
77,0.25697533487067975
78,0.25697430588470505
79,0.25697331343870755
80,0.2569723556943549
81,0.25697143092955804
82,0.2569705375297338
83,0.25696967397982234
84,0.2569688388569836
85,0.25696803082391373
86,0.2569672486227155
87,0.2569664910692759
88,0.2569657570481024
89,0.2569650455075733
90,0.2569643554555717
91,0.25696368595545793
92,0.25696303612236304
93,0.2569624051197613
94,0.25696179215631115
95,0.2569611964829293
96,0.25696061739008913
97,0.25696005420531387
98,0.2569595062908573
99,0.2569589730415502
100,0.2569584538828024
101,0.2569579482687479
102,0.2569574556805168
103,0.2569569756246336
104,0.25695650763151784
105,0.25695605125409643
106,0.2569556060665009
107,0.25695517166286047
108,0.25695474765616544
109,0.2569543336772155
110,0.25695392937362943
111,0.25695353440892116
112,0.25695314846163403
113,0.2569527712245322
114,0.2569524024038387
115,0.2569520417185255
116,0.25695168889964326
117,0.25695134368969413
118,0.2569510058420431
119,0.2569506751203623
120,0.2569503512981108
121,0.25695003415804346
122,0.25694972349175
123,0.2569494190992176
124,0.2569491207884238
125,0.25694882837494704
126,0.25694854168160447
127,0.2569482605381046
128,0.2569479847807243
129,0.25694771425200114
130,0.25694744880044085
131,0.25694718828024515
132,0.25694693255105033
133,0.2569466814776816
134,0.25694643492991887
135,0.25694619278227837
136,0.2569459549138006
137,0.25694572120785375
138,0.25694549155194396
139,0.2569452658375378
140,0.2569450439598921
141,0.25694482581789274
142,0.2569446113139018
143,0.2569444003536115
144,0.2569441928459064
145,0.25694398870273116
146,0.25694378783896493
147,0.25694359017230356
148,0.2569433956231453
149,0.256943204114481
150,0.2569430155717925
151,0.2569428299229552
152,0.25694264709814235
153,0.2569424670297365
154,0.2569422896522435
155,0.2569421149022131
156,0.2569419427181573
157,0.25694177304048005
158,0.25694160581140363
159,0.2569414409749018
160,0.2569412784766345
161,0.256941118263886
162,0.25694096028550495
163,0.2569408044918487
164,0.25694065083472656
165,0.2569404992673518
166,0.256940349744287
167,0.256940202221399
168,0.2569400566558126
169,0.256939913005867
170,0.25693977123107226
171,0.25693963129207037
172,0.2569394931505952
173,0.25693935676943735
174,0.2569392221124062
175,0.25693908914429625
176,0.25693895783085496
177,0.2569388281387506
178,0.2569387000355417
179,0.25693857348964805
180,0.25693844847032254
181,0.2569383249476242
182,0.2569382028923927
183,0.2569380822762218
184,0.2569379630714373
185,0.25693784525107266
186,0.256937728788847
187,0.2569376136591441
188,0.2569374998369904
189,0.2569373872980369
190,0.25693727601853916
191,0.25693716597533844
192,0.256937057145844
193,0.25693694950801704
194,0.2569368430403521
195,0.25693673772186326
196,0.2569366335320673
197,0.2569365304509691
198,0.25693642845904807
199,0.25693632753724305
200,0.2569362276669394
201,0.25693612882995726
202,0.2569360310085372
203,0.25693593418532923
204,0.2569358383433815
205,0.25693574346612774
206,0.2569356495373774
207,0.25693555654130545
208,0.256935464462441
209,0.2569353732856584
210,0.2569352829961677
211,0.25693519357950534
212,0.2569351050215242
213,0.2569350173083871
214,0.25693493042655674
215,0.256934844362788
216,0.2569347591041214
217,0.2569346746378728
218,0.2569345909516291
219,0.2569345080332393
220,0.25693442587080784
221,0.2569343444526887
222,0.25693426376747774
223,0.2569341838040086
224,0.25693410455134336
225,0.25693402599876924
226,0.2569339481357925
227,0.2569338709521324
228,0.25693379443771497
229,0.2569337185826709
230,0.25693364337732594
231,0.25693356881220014
232,0.2569334948780008
233,0.2569334215656185
234,0.2569333488661227
235,0.25693327677075695
236,0.2569332052709351
237,0.2569331343582375
238,0.2569330640244056
239,0.25693299426133986
240,0.25693292506109494
241,0.2569328564158764
242,0.2569327883180366
243,0.256932720760072
244,0.25693265373461893
245,0.2569325872344518
246,0.2569325212524783
247,0.256932455781737
248,0.25693239081539465
249,0.25693232634674235
250,0.2569322623691936
251,0.25693219887628155
252,0.2569321358616558
253,0.2569320733190793
254,0.2569320112424274
255,0.2569319496256844
256,0.25693188846294013
257,0.2569318277483895
258,0.25693176747632945
259,0.25693170764115575
260,0.2569316482373624
261,0.2569315892595389
262,0.25693153070236713
263,0.2569314725606215
264,0.25693141482916504
265,0.25693135750294865
266,0.2569313005770083
267,0.25693124404646406
268,0.2569311879065183
269,0.25693113215245283
270,0.2569310767796293
271,0.2569310217834854
272,0.2569309671595343
273,0.2569309129033633
274,0.256930859010632
275,0.25693080547707076
276,0.256930752298479
277,0.2569306994707245
278,0.2569306469897416
279,0.2569305948515295
280,0.256930543052152
281,0.25693049158773495
282,0.2569304404544661
283,0.25693038964859277
284,0.2569303391664215
285,0.25693028900431736
286,0.25693023915870156
287,0.2569301896260502
288,0.2569301404028955
289,0.2569300914858213
290,0.2569300428714656
291,0.25692999455651666
292,0.25692994653771295
293,0.2569298988118439
294,0.25692985137574603
295,0.25692980422630385
296,0.2569297573604489
297,0.2569297107751581
298,0.25692966446745363
299,0.25692961843440154
300,0.25692957267311106
301,0.2569295271807346
302,0.256929481954466
303,0.2569294369915389
304,0.25692939228922934
305,0.25692934784485083
306,0.25692930365575667
307,0.2569292597193375
308,0.256929216033022
309,0.25692917259427517
310,0.25692912940059803
311,0.25692908644952717
312,0.25692904373863346
313,0.25692900126552215
314,0.2569289590278326
315,0.25692891702323584
316,0.2569288752494363
317,0.2569288337041703
318,0.25692879238520383
319,0.25692875129033554
320,0.2569287104173931
321,0.25692866976423356
322,0.2569286293287442
323,0.25692858910884003
324,0.2569285491024651
325,0.25692850930758915
326,0.25692846972221156
327,0.2569284303443568
328,0.2569283911720762
329,0.25692835220344695
330,0.25692831343657146
331,0.256928274869577
332,0.25692823650061547
333,0.25692819832786357
334,0.2569281603495206
335,0.25692812256381026
