1,0.2787575224934268
2,0.27244074825949605
3,0.2723276540095416
4,0.27220896633562347
5,0.2720848532674941
6,0.2719556035805981
7,0.2718216393310202
8,0.2716835232966471
9,0.2715419592989003
10,0.2713977836980926
11,0.271251947070564
12,0.27110548616076136
13,0.2709594875166296
14,0.2708150455184486
15,0.27067321850549103
16,0.270534987135395
17,0.27040121884880663
18,0.27027264140591756
19,0.27014982712617996
20,0.27003318800415016
21,0.2699229805926141
22,0.26981931864816455
23,0.26972219110470397
24,0.2696314829387146
25,0.2695469968019256
26,0.2694684737817111
27,0.2693956121808616
28,0.26932808369591926
29,0.26926554676705633
30,0.26920765715635386
31,0.26915407599191327
32,0.26910447561108025
33,0.2690585435694446
34,0.26901598517414377
35,0.26897652486748813
36,0.26893990674260054
37,0.26890589442527074
38,0.2688742705106686
39,0.2688448357028495
40,0.26881740777021207
41,0.26879182040141036
42,0.2687679220232437
43,0.2687455746240378
44,0.2687246526122002
45,0.268705041729204
46,0.26868663802855286
47,0.26866934692667327
48,0.26865308232772844
49,0.26863776582160115
50,0.26862332595248073
51,0.2686096975543459
52,0.2685968211489676
53,0.2685846424017543
54,0.2685731116306596
55,0.2685621833634335
56,0.2685518159385275
57,0.26854197114461914
58,0.268532613890732
59,0.26852371187177965
60,0.268515234571468
61,0.27003183340651704
62,0.26647841762362323
63,0.26647841784867216
64,0.26647841784867216
65,0.26647841784867216
66,0.26647841784867216
67,0.26647841784867216
68,0.26647841784867216
69,0.26647841784867216
70,0.26647841784867216
71,0.26647841784867216
72,0.26647841784867216
73,0.26647841784867216
74,0.26647841784867216
75,0.26647841784867216
76,0.26647841784867216
77,0.26647841784867216
78,0.26647841784867216
79,0.26647841784867216
80,0.26647841784867216
81,0.26647841784867216
82,0.26647841784867216
83,0.26647841784867216
84,0.26647841784867216
85,0.26647841784867216
86,0.26647841784867216
87,0.26647841784867216
88,0.26647841784867216
89,0.26647841784867216
90,0.26647841784867216
91,0.26647841784867216
92,0.26647841784867216
93,0.26647841784867216
94,0.26647841784867216
95,0.26647841784867216
96,0.26647841784867216
97,0.26647841784867216
98,0.26647841784867216
99,0.26647841784867216
100,0.26647841784867216
101,0.26647841784867216
102,0.26647841784867216
103,0.26647841784867216
104,0.26647841784867216
105,0.26647841784867216
106,0.26647841784867216
107,0.26647841784867216
108,0.26647841784867216
109,0.26647841784867216
110,0.26647841784867216
111,0.26647841784867216
112,0.26647841784867216
113,0.26647841784867216
114,0.26647841784867216
115,0.26647841784867216
116,0.26647841784867216
117,0.26647841784867216
118,0.26647841784867216
119,0.26647841784867216
120,0.26647841784867216
121,0.26647841784867216
122,0.26647841784867216
123,0.26647841784867216
124,0.26647841784867216
125,0.26647841784867216
126,0.26647841784867216
127,0.26647841784867216
128,0.26647841784867216
129,0.26647841784867216
130,0.26647841784867216
131,0.26647841784867216
132,0.26647841784867216
133,0.26647841784867216
134,0.26647841784867216
135,0.26647841784867216
136,0.26647841784867216
137,0.26647841784867216
138,0.26647841784867216
139,0.26647841784867216
140,0.26647841784867216
141,0.26647841784867216
142,0.26647841784867216
143,0.26647841784867216
144,0.26647841784867216
145,0.26647841784867216
146,0.26647841784867216
147,0.26647841784867216
148,0.26647841784867216
149,0.26647841784867216
150,0.26647841784867216
151,0.26647841784867216
152,0.26647841784867216
153,0.26647841784867216
154,0.26647841784867216
155,0.26647841784867216
156,0.26647841784867216
157,0.26647841784867216
158,0.26647841784867216
159,0.26647841784867216
160,0.26647841784867216
161,0.26647841784867216
162,0.26647841784867216
163,0.26647841784867216
164,0.26647841784867216
165,0.26647841784867216
166,0.26647841784867216
167,0.26647841784867216
168,0.26647841784867216
169,0.26647841784867216
170,0.26647841784867216
171,0.26647841784867216
172,0.26647841784867216
173,0.26647841784867216
174,0.26647841784867216
175,0.26647841784867216
176,0.26647841784867216
177,0.26647841784867216
178,0.26647841784867216
179,0.26647841784867216
180,0.26647841784867216
181,0.26647841784867216
182,0.26647841784867216
183,0.26647841784867216
184,0.26647841784867216
185,0.26647841784867216
186,0.26647841784867216
187,0.26647841784867216
188,0.26647841784867216
189,0.26647841784867216
190,0.26647841784867216
191,0.26647841784867216
192,0.26647841784867216
193,0.26647841784867216
194,0.26647841784867216
195,0.26647841784867216
196,0.26647841784867216
197,0.26647841784867216
198,0.26647841784867216
199,0.26647841784867216
200,0.26647841784867216
201,0.26647841784867216
202,0.26647841784867216
203,0.26647841784867216
204,0.26647841784867216
205,0.26647841784867216
206,0.26647841784867216
207,0.26647841784867216
208,0.26647841784867216
209,0.26647841784867216
210,0.26647841784867216
211,0.26647841784867216
212,0.26647841784867216
213,0.26647841784867216
214,0.26647841784867216
215,0.26647841784867216
216,0.26647841784867216
217,0.26647841784867216
218,0.26647841784867216
219,0.26647841784867216
220,0.26647841784867216
221,0.26647841784867216
222,0.26647841784867216
223,0.26647841784867216
224,0.26647841784867216
225,0.26647841784867216
226,0.26647841784867216
227,0.26647841784867216
228,0.26647841784867216
229,0.26647841784867216
230,0.26647841784867216
231,0.26647841784867216
232,0.26647841784867216
233,0.26647841784867216
234,0.26647841784867216
235,0.26647841784867216
236,0.26647841784867216
237,0.26647841784867216
238,0.26647841784867216
239,0.26647841784867216
240,0.26647841784867216
241,0.26647841784867216
242,0.26647841784867216
243,0.26647841784867216
244,0.26647841784867216
245,0.26647841784867216
246,0.26647841784867216
247,0.26647841784867216
248,0.26647841784867216
249,0.26647841784867216
250,0.26647841784867216
251,0.26647841784867216
252,0.26647841784867216
253,0.26647841784867216
254,0.26647841784867216
255,0.26647841784867216
256,0.26647841784867216
257,0.26647841784867216
258,0.26647841784867216
259,0.26647841784867216
260,0.26647841784867216
261,0.26647841784867216
262,0.26647841784867216
263,0.26647841784867216
264,0.26647841784867216
265,0.26647841784867216
266,0.26647841784867216
267,0.26647841784867216
268,0.26647841784867216
269,0.26647841784867216
270,0.26647841784867216
271,0.26647841784867216
272,0.26647841784867216
273,0.26647841784867216
274,0.26647841784867216
275,0.26647841784867216
276,0.26647841784867216
277,0.26647841784867216
278,0.26647841784867216
279,0.26647841784867216
280,0.26647841784867216
281,0.26647841784867216
282,0.26647841784867216
283,0.26647841784867216
284,0.26647841784867216
285,0.26647841784867216
286,0.26647841784867216
287,0.26647841784867216
288,0.26647841784867216
289,0.26647841784867216
290,0.26647841784867216
291,0.26647841784867216
292,0.26647841784867216
293,0.26647841784867216
294,0.26647841784867216
295,0.26647841784867216
296,0.26647841784867216
297,0.26647841784867216
298,0.26647841784867216
299,0.26647841784867216
300,0.26647841784867216
301,0.26647841784867216
302,0.26647841784867216
303,0.26647841784867216
304,0.26647841784867216
305,0.26647841784867216
306,0.26647841784867216
307,0.26647841784867216
308,0.26647841784867216
309,0.26647841784867216
310,0.26647841784867216
311,0.26647841784867216
312,0.2664784178486722
313,0.26647841784867216
314,0.26647841784867216
315,0.2664784178486722
316,0.26647841784867216
317,0.26647841784867216
318,0.2664784178486722
319,0.26647841784867216
320,0.26647841784867216
321,0.2664784178486722
322,0.26647841784867216
323,0.26647841784867216
324,0.2664784178486722
325,0.26647841784867216
326,0.26647841784867216
327,0.2664784178486722
328,0.26647841784867216
329,0.26647841784867216
330,0.2664784178486722
331,0.26647841784867216
332,0.26647841784867216
333,0.2664784178486722
334,0.26647841784867216
335,0.26647841784867216
336,0.2664784178486722
337,0.26647841784867216
338,0.26647841784867216
339,0.2664784178486722
340,0.26647841784867216
341,0.26647841784867216
342,0.2664784178486722
343,0.26647841784867216
344,0.26647841784867216
345,0.2664784178486722
346,0.26647841784867216
347,0.26647841784867216
348,0.2664784178486722
349,0.26647841784867216
350,0.26647841784867216
351,0.2664784178486722
352,0.26647841784867216
353,0.26647841784867216
354,0.2664784178486722
355,0.26647841784867216
356,0.26647841784867216
357,0.2664784178486722
358,0.26647841784867216
359,0.26647841784867216
360,0.2664784178486722
361,0.26647841784867216
362,0.26647841784867216
363,0.2664784178486722
364,0.26647841784867216
