1,0.2558527146309136
2,0.2514623213250283
3,0.2514622819639005
4,0.2514622819570501
5,0.25146228195704895
6,0.25146228195704895
7,0.25146228195704895
8,0.25146228195704895
9,0.25146228195704895
10,0.25146228195704895
11,0.25146228195704895
12,0.25146228195704895
13,0.25146228195704895
14,0.25146228195704895
15,0.25146228195704895
16,0.25146228195704895
17,0.25146228195704895
18,0.25146228195704895
19,0.25146228195704895
20,0.25146228195704895
21,0.25146228195704895
22,0.25146228195704895
23,0.25146228195704895
24,0.25146228195704895
25,0.25146228195704895
26,0.25146228195704895
27,0.25146228195704895
28,0.25146228195704895
29,0.25146228195704895
30,0.25146228195704895
31,0.25146228195704895
32,0.25146228195704895
33,0.25146228195704895
34,0.25146228195704895
35,0.25146228195704895
36,0.25146228195704895
37,0.25146228195704895
38,0.25146228195704895
39,0.25146228195704895
40,0.25146228195704895
41,0.25146228195704895
42,0.25146228195704895
43,0.25146228195704895
44,0.25146228195704895
45,0.25146228195704895
46,0.25146228195704895
47,0.25146228195704895
48,0.25146228195704895
49,0.25146228195704895
50,0.25146228195704895
51,0.25146228195704895
52,0.25146228195704895
53,0.25146228195704895
54,0.25146228195704895
55,0.25146228195704895
56,0.25146228195704895
57,0.25146228195704895
58,0.25146228195704895
59,0.25146228195704895
60,0.25146228195704895
61,0.25146228195704895
62,0.25146228195704895
63,0.25146228195704895
64,0.25146228195704895
65,0.25146228195704895
66,0.25146228195704895
67,0.25146228195704895
68,0.25146228195704895
69,0.25146228195704895
70,0.25146228195704895
71,0.25146228195704895
72,0.25146228195704895
73,0.25146228195704895
74,0.25146228195704895
75,0.25146228195704895
76,0.25146228195704895
77,0.25146228195704895
78,0.25146228195704895
79,0.25146228195704895
80,0.25146228195704895
81,0.25146228195704895
82,0.25146228195704895
83,0.25146228195704895
84,0.25146228195704895
85,0.25146228195704895
86,0.25146228195704895
87,0.25146228195704895
88,0.25146228195704895
89,0.25146228195704895
90,0.25146228195704895
91,0.25146228195704895
92,0.25146228195704895
93,0.25146228195704895
94,0.25146228195704895
95,0.25146228195704895
96,0.25146228195704895
97,0.25146228195704895
98,0.25146228195704895
99,0.25146228195704895
100,0.25146228195704895
101,0.25146228195704895
102,0.25146228195704895
103,0.25146228195704895
104,0.25146228195704895
105,0.25146228195704895
106,0.25146228195704895
107,0.25146228195704895
108,0.25146228195704895
109,0.25146228195704895
110,0.25146228195704895
111,0.25146228195704895
112,0.25146228195704895
113,0.25146228195704895
114,0.25146228195704895
115,0.25146228195704895
116,0.25146228195704895
117,0.25146228195704895
118,0.25146228195704895
119,0.25146228195704895
120,0.25146228195704895
121,0.25146228195704895
122,0.25146228195704895
123,0.25146228195704895
124,0.25146228195704895
125,0.25146228195704895
126,0.25146228195704895
127,0.25146228195704895
128,0.25146228195704895
129,0.25146228195704895
130,0.25146228195704895
131,0.25146228195704895
132,0.25146228195704895
133,0.25146228195704895
134,0.25146228195704895
135,0.25146228195704895
136,0.25146228195704895
137,0.25146228195704895
138,0.25146228195704895
139,0.25146228195704895
140,0.25146228195704895
141,0.25146228195704895
142,0.25146228195704895
143,0.25146228195704895
144,0.25146228195704895
145,0.25146228195704895
146,0.25146228195704895
147,0.25146228195704895
148,0.25146228195704895
149,0.25146228195704895
150,0.25146228195704895
151,0.25146228195704895
152,0.25146228195704895
153,0.25146228195704895
154,0.25146228195704895
155,0.25146228195704895
156,0.25146228195704895
157,0.25146228195704895
158,0.25146228195704895
159,0.25146228195704895
160,0.25146228195704895
161,0.25146228195704895
162,0.25146228195704895
163,0.25146228195704895
164,0.25146228195704895
165,0.25146228195704895
166,0.25146228195704895
167,0.25146228195704895
168,0.25146228195704895
169,0.25146228195704895
170,0.25146228195704895
171,0.25146228195704895
172,0.25146228195704895
173,0.25146228195704895
174,0.25146228195704895
175,0.25146228195704895
176,0.25146228195704895
177,0.25146228195704895
178,0.25146228195704895
179,0.25146228195704895
180,0.25146228195704895
181,0.25146228195704895
182,0.25146228195704895
183,0.25146228195704895
184,0.25146228195704895
185,0.25146228195704895
186,0.25146228195704895
187,0.25146228195704895
188,0.25146228195704895
189,0.25146228195704895
190,0.25146228195704895
191,0.25146228195704895
192,0.25146228195704895
193,0.25146228195704895
194,0.25146228195704895
195,0.25146228195704895
196,0.25146228195704895
197,0.25146228195704895
198,0.25146228195704895
199,0.25146228195704895
200,0.25146228195704895
201,0.25146228195704895
202,0.25146228195704895
203,0.25146228195704895
204,0.25146228195704895
205,0.25146228195704895
206,0.25146228195704895
207,0.25146228195704895
208,0.25146228195704895
209,0.25146228195704895
210,0.25146228195704895
211,0.25146228195704895
212,0.25146228195704895
213,0.25146228195704895
214,0.25146228195704895
215,0.25146228195704895
216,0.25146228195704895
217,0.25146228195704895
218,0.25146228195704895
219,0.25146228195704895
220,0.25146228195704895
221,0.25146228195704895
222,0.25146228195704895
223,0.25146228195704895
224,0.25146228195704895
225,0.25146228195704895
226,0.25146228195704895
227,0.25146228195704895
228,0.25146228195704895
229,0.25146228195704895
230,0.25146228195704895
231,0.25146228195704895
232,0.25146228195704895
233,0.25146228195704895
234,0.25146228195704895
235,0.25146228195704895
236,0.25146228195704895
237,0.25146228195704895
238,0.25146228195704895
239,0.25146228195704895
240,0.25146228195704895
241,0.25146228195704895
242,0.25146228195704895
243,0.25146228195704895
244,0.25146228195704895
245,0.25146228195704895
246,0.25146228195704895
247,0.25146228195704895
248,0.25146228195704895
249,0.25146228195704895
250,0.25146228195704895
251,0.25146228195704895
252,0.25146228195704895
253,0.25146228195704895
254,0.25146228195704895
255,0.25146228195704895
256,0.25146228195704895
257,0.25146228195704895
258,0.25146228195704895
259,0.25146228195704895
260,0.25146228195704895
261,0.25146228195704895
262,0.25146228195704895
263,0.25146228195704895
264,0.25146228195704895
265,0.25146228195704895
266,0.25146228195704895
267,0.25146228195704895
268,0.25146228195704895
269,0.25146228195704895
270,0.25146228195704895
271,0.25146228195704895
272,0.25146228195704895
273,0.25146228195704895
274,0.25146228195704895
275,0.25146228195704895
276,0.25146228195704895
277,0.25146228195704895
278,0.25146228195704895
279,0.25146228195704895
280,0.25146228195704895
281,0.25146228195704895
282,0.25146228195704895
283,0.25146228195704895
284,0.25146228195704895
285,0.25146228195704895
286,0.25146228195704895
287,0.25146228195704895
288,0.25146228195704895
289,0.25146228195704895
290,0.25146228195704895
291,0.25146228195704895
292,0.25146228195704895
293,0.25146228195704895
294,0.25146228195704895
295,0.25146228195704895
296,0.25146228195704895
297,0.25146228195704895
298,0.25146228195704895
299,0.25146228195704895
300,0.25146228195704895
301,0.25146228195704895
302,0.25146228195704895
303,0.25146228195704895
304,0.25146228195704895
305,0.25146228195704895
306,0.25146228195704895
307,0.25146228195704895
308,0.25146228195704895
309,0.25146228195704895
310,0.25146228195704895
311,0.25146228195704895
312,0.25146228195704895
313,0.25146228195704895
314,0.25146228195704895
315,0.25146228195704895
316,0.25146228195704895
317,0.25146228195704895
318,0.25146228195704895
319,0.25146228195704895
320,0.25146228195704895
321,0.25146228195704895
322,0.25146228195704895
323,0.25146228195704895
324,0.25146228195704895
325,0.25146228195704895
326,0.25146228195704895
327,0.25146228195704895
328,0.25146228195704895
329,0.25146228195704895
330,0.25146228195704895
331,0.25146228195704895
332,0.25146228195704895
333,0.25146228195704895
334,0.25146228195704895
335,0.25146228195704895
336,0.25146228195704895
337,0.25146228195704895
338,0.25146228195704895
339,0.25146228195704895
340,0.25146228195704895
341,0.25146228195704895
342,0.25146228195704895
343,0.25146228195704895
344,0.25146228195704895
345,0.25146228195704895
346,0.25146228195704895
347,0.25146228195704895
348,0.25146228195704895
349,0.25146228195704895
350,0.25146228195704895
351,0.25146228195704895
352,0.25146228195704895
353,0.25146228195704895
354,0.25146228195704895
355,0.25146228195704895
356,0.25146228195704895
357,0.25146228195704895
358,0.25146228195704895
359,0.25146228195704895
360,0.25146228195704895
361,0.25146228195704895
362,0.25146228195704895
363,0.25146228195704895
364,0.25146228195704895
365,0.25146228195704895
366,0.25146228195704895
367,0.25146228195704895
368,0.25146228195704895
369,0.25146228195704895
370,0.25146228195704895
371,0.25146228195704895
372,0.25146228195704895
373,0.25146228195704895
374,0.25146228195704895
375,0.25146228195704895
376,0.25146228195704895
377,0.25146228195704895
378,0.25146228195704895
379,0.25146228195704895
380,0.25146228195704895
381,0.25146228195704895
382,0.25146228195704895
383,0.25146228195704895
384,0.25146228195704895
385,0.25146228195704895
386,0.25146228195704895
387,0.25146228195704895
388,0.25146228195704895
389,0.25146228195704895
390,0.25146228195704895
391,0.25146228195704895
392,0.25146228195704895
393,0.25146228195704895
394,0.25146228195704895
395,0.25146228195704895
396,0.25146228195704895
397,0.25146228195704895
398,0.25146228195704895
399,0.25146228195704895
400,0.25146228195704895
401,0.25146228195704895
402,0.25146228195704895
403,0.25146228195704895
404,0.25146228195704895
405,0.25146228195704895
406,0.25146228195704895
407,0.25146228195704895
408,0.25146228195704895
409,0.25146228195704895
410,0.25146228195704895
411,0.25146228195704895
412,0.25146228195704895
413,0.25146228195704895
414,0.25146228195704895
415,0.25146228195704895
416,0.25146228195704895
417,0.25146228195704895
418,0.25146228195704895
419,0.25146228195704895
420,0.25146228195704895
421,0.25146228195704895
422,0.25146228195704895
