1,0.266299929127049
2,0.2648190304181427
3,0.2648190209434772
4,0.2648190114997049
5,0.26481900208667725
6,0.2648189927042468
7,0.2648189833522669
8,0.26481897403059157
9,0.26481896473907546
10,0.26481895547757506
11,0.2648189462459474
12,0.2648189370440501
13,0.264818927871742
14,0.2648189187288825
15,0.2648189096153321
16,0.26481890053095297
17,0.2648188914756058
18,0.2648188824491548
19,0.26481887345146343
20,0.26481886448239716
21,0.2648188555418207
22,0.2648188466296011
23,0.2648188377456049
24,0.264818828889701
25,0.2648188200617581
26,0.26481881126164586
27,0.2648188024892346
28,0.26481879374439604
29,0.26481878502700124
30,0.2648187763369245
31,0.2648187676740387
32,0.2648187590382181
33,0.26481875042933845
34,0.2648187418472753
35,0.2648187332919051
36,0.2648187247631061
37,0.26481871626075587
38,0.26481870778473326
39,0.2648186993349184
40,0.26481869091119137
41,0.26481868251343343
42,0.26481867414152616
43,0.2648186657953524
44,0.2648186574747947
45,0.2648186491797382
46,0.2648186409100662
47,0.2648186326656651
48,0.26481862444641974
49,0.264818616252218
50,0.2648186080829467
51,0.2648185999384936
52,0.2648185918187478
53,0.26481858372359846
54,0.26481857565293554
55,0.26481856760664957
56,0.26481855958463196
57,0.26481855158677486
58,0.2648185436129702
59,0.26481853566311214
60,0.26481852773709336
61,0.26481851983480925
62,0.2648185119561541
63,0.2648185041010245
64,0.26481849626931575
65,0.26481848846092515
66,0.2648184806757503
67,0.2648184729136891
68,0.26481846517464036
69,0.264818457458503
70,0.2648184497651772
71,0.26481844209456307
72,0.26481843444656167
73,0.26481842682107476
74,0.2648184192180046
75,0.2648184116372529
76,0.26481840407872387
77,0.2648183965423211
78,0.26481838902794863
79,0.26481838153551135
80,0.26481837406491515
81,0.26481836661606584
82,0.2648183591888696
83,0.26481835178323343
84,0.2648183443990651
85,0.26481833703627283
86,0.26481832969476493
87,0.2648183223744504
88,0.2648183150752395
89,0.26481830779704174
90,0.264818300539768
91,0.2648182933033293
92,0.26481828608763747
93,0.2648182788926043
94,0.26481827171814265
95,0.26481826456416596
96,0.26481825743058723
97,0.2648182503173206
98,0.2648182432242808
99,0.2648182361513831
100,0.2648182290985426
101,0.2648182220656754
102,0.26481821505269787
103,0.26481820805952716
104,0.2648182010860804
105,0.2648181941322752
106,0.2648181871980301
107,0.2648181802832637
108,0.2648181733878953
109,0.26481816651184437
110,0.2648181596550312
111,0.2648181528173756
112,0.26481814599879927
113,0.26481813919922276
114,0.2648181324185685
115,0.26481812565675833
116,0.26481811891371504
117,0.2648181121893613
118,0.2648181054836211
119,0.26481809879641766
120,0.26481809212767615
121,0.26481808547732044
122,0.26481807884527603
123,0.2648180722314681
124,0.26481806563582266
125,0.26481805905826605
126,0.2648180524987252
127,0.26481804595712666
128,0.26481803943339816
129,0.2648180329274676
130,0.2648180264392632
131,0.26481801996871357
132,0.2648180135157475
133,0.2648180070802948
134,0.26481800066228484
135,0.26481799426164787
136,0.2648179878783142
137,0.2648179815122149
138,0.2648179751632815
139,0.2648179688314449
140,0.2648179625166373
141,0.2648179562187911
142,0.26481794993783897
