1,0.3194146462817901
2,0.2947637218495907
3,0.2779510450354146
4,0.266634733892843
5,0.2596507458456449
6,0.25557403229562276
7,0.2532703757312709
8,0.25199164429930143
9,0.25128867967780055
10,0.2509044121775925
11,0.2506951940831812
12,0.25058169446539424
13,0.25052035369128584
14,0.2504873278472613
15,0.2504695948120659
16,0.2504600606201753
17,0.25045487431885377
18,0.2504519562470032
19,0.2504501919075287
20,0.2504489907966113
21,0.250448045329182
22,0.2504471994374752
23,0.2504463772292929
24,0.2504455444810833
25,0.2504446880321379
26,0.2504438048969585
27,0.25044289662058244
28,0.25044196643683403
29,0.2504410179051722
30,0.2504400543120846
31,0.2504390784557129
32,0.2504380926129162
33,0.25043709858524094
34,0.2504360977721411
35,0.25043509124706576
36,0.250434079826035
37,0.25043306412529087
38,0.2504320446078649
39,0.2504310216202601
40,0.25042999542087196
41,0.25042896620176175
42,0.2504279341052019
43,0.25042689923618056
44,0.2504258616718127
45,0.2504248214684022
46,0.25042377866672955
47,0.2504227332960037
48,0.2504216853768153
49,0.2504206349233377
50,0.2504195819449695
51,0.2504185264475577
52,0.25041746843430884
53,0.25041640790646935
54,0.2504153448638308
55,0.25041427930510407
56,0.25041321122820415
57,0.2504121406304545
58,0.2504110675087456
59,0.2504099918596491
60,0.2504089136795044
61,0.25040783296448377
62,0.25040674971063903
63,0.25040566391393804
64,0.2504045755702916
65,0.2504034846755723
66,0.25040239122563096
67,0.2504012952163065
68,0.2504001966434358
69,0.2503990955028581
70,0.2503979917904216
71,0.25039688550198613
72,0.2503957766334267
73,0.2503946651806348
74,0.25039355113952094
75,0.2503924345060158
76,0.2503913152760707
77,0.2503901934456607
78,0.25038906901078084
79,0.2503879419674533
80,0.2503868123117212
81,0.2503856800396548
82,0.2503845451473486
83,0.25038340763092265
84,0.25038226748652376
85,0.2503811247103247
86,0.25037997929852585
87,0.25037883124735494
88,0.25037768055306714
89,0.25037652721194625
90,0.2503753712203048
91,0.2503742125744838
92,0.2503730512708546
93,0.25037188730581794
94,0.25037072067580496
95,0.2503695513772779
96,0.2503683794067291
97,0.2503672047606833
98,0.2503660274356968
99,0.25036484742835835
100,0.2503636647352898
101,0.25036247935314554
102,0.25036129127861423
103,0.25036010050841845
104,0.2503589070393144
105,0.25035771086809494
106,0.2503565119915862
107,0.2503553104066518
108,0.2503541061101907
109,0.2503528990991389
110,0.25035168937046814
111,0.2503504769211905
112,0.2503492617483536
113,0.25034804384904424
114,0.2503468232203878
115,0.2503455998595503
116,0.2503443737637357
117,0.25034314493018917
118,0.2503419133561971
119,0.2503406790390863
120,0.2503394419762251
121,0.25033820216502417
122,0.2503369596029373
123,0.25033571428746043
124,0.25033446621613326
125,0.25033321538654013
126,0.25033196179630884
127,0.2503307054431131
128,0.250329446324671
129,0.25032818443874694
130,0.25032691978315325
131,0.2503256523557463
132,0.2503243821544313
133,0.2503231091771624
134,0.2503218334219402
135,0.25032055488681487
136,0.25031927356988665
137,0.2503179894693042
138,0.25031670258326716
139,0.2503154129100266
140,0.2503141204478843
141,0.25031282519519377
142,0.2503115271503612
143,0.2503102263118455
144,0.2503089226781588
145,0.2503076162478675
146,0.25030630701959206
147,0.2503049949920073
148,0.25030368016384485
149,0.2503023625338909
150,0.250301042100989
151,0.2502997188640388
152,0.25029839282199834
153,0.25029706397388285
154,0.2502957323187667
155,0.25029439785578284
156,0.2502930605841245
157,0.25029172050304377
158,0.2502903776118544
159,0.25028903190993085
160,0.2502876833967096
161,0.25028633207168854
162,0.25028497793442933
163,0.250283620984556
164,0.25028226122175723
165,0.2502808986457851
166,0.2502795332564568
167,0.2502781650536557
168,0.2502767940373301
169,0.2502754202074948
170,0.25027404356423233
171,0.2502726641076921
172,0.2502712818380918
173,0.25026989675571776
174,0.25026850886092494
175,0.2502671181541387
176,0.2502657246358545
177,0.2502643283066376
178,0.2502629291671259
179,0.2502615272180276
180,0.2502601224601242
181,0.2502587148942703
182,0.2502573045213933
183,0.25025589134249454
184,0.2502544753586501
185,0.25025305657101066
186,0.25025163498080294
187,0.2502502105893294
188,0.25024878339796935
189,0.2502473534081788
190,0.25024592062149154
191,0.25024448503952
192,0.2502430466639546
193,0.2502416054965658
194,0.25024016153920303
195,0.25023871479379617
196,0.25023726526235623
197,0.2502358129469756
198,0.250234357849828
199,0.25023289997316955
200,0.2502314393193402
201,0.25022997589076174
