1,0.30845454236127023
2,0.2518530146204495
3,0.2517794829998558
4,0.25177733336682884
5,0.25177521588173823
6,0.2517731226714588
7,0.25177105335250144
8,0.2517690075558918
9,0.2517669849196019
10,0.25176498508839396
11,0.25176300771367627
12,0.2517610524533594
13,0.251759118971718
14,0.2517572069392553
15,0.2517553160325696
16,0.2517534459342274
17,0.25175159633263283
18,0.2517497669219087
19,0.25174795740177175
20,0.25174616747741857
21,0.25174439685940697
22,0.2517426452635459
23,0.251740912410785
24,0.25173919802710665
25,0.2517375018434215
26,0.251735823595466
27,0.25173416302370233
28,0.2517325198732207
29,0.25173089389364267
30,0.25172928483902984
31,0.25172769246779064
32,0.2517261165425916
33,0.25172455683027095
34,0.25172301310175293
35,0.2517214851319638
36,0.2517199726997515
37,0.2517184755878067
38,0.2517169935825829
39,0.25171552647422224
40,0.25171407405648105
41,0.25171263612665645
42,0.2517112124855156
43,0.25170980293722783
44,0.251708407289294
45,0.2517070253524826
46,0.251705656940764
47,0.251704301871247
48,0.25170295996411685
49,0.25170163104257465
50,0.2517003149327789
51,0.2516990114637851
52,0.251697720467493
53,0.2516964417785871
54,0.25169517523448537
55,0.2516939206752841
56,0.2516926779437081
57,0.2516914468850577
58,0.251690227347161
59,0.251689019180325
60,0.25168782223728625
61,0.2516866363731672
62,0.25168546144542836
63,0.25168429731382563
64,0.251683143840365
65,0.2516820008892612
66,0.2516808683268964
67,0.2516797460217772
68,0.25167863384449735
69,0.2516775316676971
70,0.25167643936602485
71,0.2516753568161014
72,0.25167428389648094
73,0.2516732204876171
74,0.2516721664718266
75,0.25167112173325523
76,0.2516700861578453
77,0.2516690596333007
78,0.2516680420490559
79,0.25166703329624435
80,0.251666033267667
81,0.2516650418577627
82,0.25166405896257743
83,0.251663084479737
84,0.2516621183084169
85,0.2516611603493146
86,0.2516602105046238
87,0.2516592686780057
88,0.2516583347745646
89,0.2516574087008202
90,0.25165649036468485
91,0.2516555796754371
92,0.25165467654369816
93,0.25165378088140833
94,0.25165289260180407
95,0.2516520116193942
96,0.25165113784993937
97,0.2516502712104293
98,0.25164941161906
99,0.2516485589952167
100,0.2516477132594488
101,0.25164687433345284
102,0.251646042140052
103,0.25164521660317596
104,0.25164439764784274
105,0.2516435852001406
106,0.2516427791872081
107,0.25164197953721845
108,0.25164118617935993
109,0.25164039904382013
110,0.25163961806176877
111,0.2516388431653404
112,0.25163807428762003
113,0.2516373113626252
114,0.2516365543252913
115,0.251635803111457
116,0.25163505765784816
117,0.2516343179020634
118,0.25163358378256034
119,0.25163285523864054
120,0.25163213221043584
121,0.251631414638896
122,0.2516307024657733
123,0.25162999563361066
124,0.25162929408572915
125,0.25162859776621377
126,0.2516279066199033
127,0.2516272205923765
128,0.25162653962994
129,0.25162586367961787
130,0.2516251926891402
131,0.2516245266069297
132,0.251623865382093
133,0.251623208964409
134,0.2516225573043174
135,0.25162191035290976
136,0.2516212680619181
137,0.2516206303837047
138,0.25161999727125267
139,0.25161936867815726
140,0.25161874455861394
141,0.25161812486741075
142,0.2516175095599189
143,0.25161689859208364
144,0.25161629192041457
145,0.25161568950197816
146,0.25161509129438814
147,0.2516144972557984
148,0.25161390734489303
149,0.2516133215208793
150,0.25161273974348036
151,0.2516121619729249
152,0.2516115881699429
153,0.25161101829575455
154,0.2516104523120654
155,0.2516098901810589
156,0.2516093318653869
157,0.25160877732816594
158,0.25160822653296716
159,0.25160767944381235
160,0.2516071360251644
161,0.2516065962419235
162,0.25160606005941943
163,0.25160552744340425
164,0.25160499836004735
165,0.25160447277592984
166,0.25160395065803665
167,0.25160343197375223
168,0.2516029166908538
169,0.25160240477750634
170,0.2516018962022564
171,0.25160139093402706
172,0.25160088894211163
173,0.25160039019616914
174,0.2515998946662198
175,0.25159940232263694
176,0.2515989131361456
177,0.2515984270778149
178,0.2515979441190545
179,0.25159746423160867
180,0.25159698738755293
181,0.25159651355928786
182,0.25159604271953595
183,0.2515955748413358
184,0.2515951098980387
185,0.25159464786330304
186,0.2515941887110923
187,0.25159373241566724
188,0.25159327895158523
189,0.2515928282936946
190,0.25159238041713067
191,0.25159193529731083
192,0.2515914929099329
193,0.2515910532309698
194,0.2515906162366653
195,0.2515901819035319
196,0.2515897502083456
197,0.25158932112814336
198,0.2515888946402192
199,0.25158847072211993
200,0.25158804935164414
201,0.25158763050683525
202,0.2515872141659819
203,0.25158680030761116
204,0.2515863889104885
205,0.2515859799536121
206,0.25158557341621124
207,0.25158516927774327
208,0.2515847675178889
209,0.25158436811655116
210,0.25158397105385183
211,0.25158357631012834
212,0.2515831838659308
213,0.2515827937020198
214,0.25158240579936253
215,0.2515820201391318
216,0.2515816367027018
217,0.25158125547164634
218,0.25158087642773597
219,0.25158049955293504
220,0.2515801248294003
221,0.25157975223947715
222,0.2515793817656981
223,0.25157901339077987
224,0.25157864709762134
225,0.25157828286930056
226,0.251577920689074
227,0.25157756054037234
228,0.2515772024067996
229,0.25157684627213067
230,0.2515764921203083
231,0.2515761399354427
232,0.25157578970180755
233,0.2515754414038387
234,0.2515750950261335
235,0.2515747505534462
236,0.2515744079706879
237,0.2515740672629239
238,0.25157372841537157
239,0.2515733914133997
240,0.2515730562425245
241,0.2515727228884098
242,0.25157239133686415
243,0.2515720615738396
244,0.251571733585429
245,0.2515714073578655
246,0.2515710828775201
247,0.25157076013089974
248,0.2515704391046466
249,0.25157011978553534
250,0.25156980216047337
251,0.25156948621649533
252,0.25156917194076656
253,0.251568859320578
254,0.25156854834334635
255,0.2515682389966111
256,0.2515679312680345
257,0.2515676251454002
258,0.2515673206166094
259,0.25156701766968304
260,0.25156671629275773
261,0.25156641647408484
262,0.25156611820203034
263,0.25156582146507184
264,0.25156552625179834
265,0.2515652325509088
266,0.25156494035121024
267,0.25156464964161707
268,0.2515643604111501
269,0.2515640726489343
270,0.25156378634419857
271,0.2515635014862734
272,0.2515632180645913
273,0.2515629360686843
274,0.2515626554881834
275,0.251562376312817
276,0.25156209853241024
277,0.25156182213688427
278,0.25156154711625317
279,0.25156127346062546
280,0.2515610011602015
281,0.2515607302052729
282,0.25156046058622133
283,0.25156019229351745
284,0.25155992531772037
285,0.2515596596494762
286,0.25155939527951665
287,0.25155913219865894
288,0.25155887039780483
289,0.25155860986793926
290,0.2515583506001288
291,0.25155809258552214
292,0.25155783581534846
293,0.25155758028091585
294,0.2515573259736119
295,0.25155707288490176
296,0.25155682100632765
297,0.251556570329508
298,0.2515563208461362
299,0.2515560725479804
300,0.2515558254268823
301,0.251555579474757
302,0.25155533468359054
303,0.2515550910454413
304,0.251554848552438
305,0.2515546071967786
306,0.25155436697073064
307,0.25155412786662906
308,0.25155388987687727
309,0.2515536529939452
310,0.2515534172103685
311,0.25155318251874836
312,0.2515529489117506
313,0.2515527163821052
314,0.25155248492260524
315,0.25155225452610636
316,0.2515520251855263
317,0.25155179689384394
318,0.2515515696440993
319,0.25155134342939134
320,0.2515511182428796
321,0.2515508940777813
322,0.2515506709273728
323,0.25155044878498706
324,0.2515502276440146
325,0.251550007497902
326,0.25154978834015135
327,0.2515495701643203
328,0.25154935296402114
329,0.25154913673291945
330,0.2515489214647355
331,0.25154870715324096
332,0.2515484937922609
333,0.2515482813756726
334,0.2515480698974028
335,0.25154785935143115
336,0.2515476497317861
337,0.2515474410325465
338,0.2515472332478402
339,0.25154702637184373
340,0.251546820398782
341,0.25154661532292755
342,0.25154641113860027
343,0.25154620784016674
344,0.2515460054220397
345,0.2515458038786781
346,0.25154560320458613
347,0.2515454033943127
348,0.2515452044424513
349,0.25154500634364
350,0.2515448090925593
351,0.2515446126839338
352,0.2515444171125304
353,0.2515442223731587
354,0.25154402846067003
355,0.2515438353699566
356,0.2515436430959527
357,0.2515434516336325
358,0.25154326097801094
359,0.2515430711241422
360,0.2515428820671208
361,0.25154269380207916
362,0.2515425063241899
363,0.2515423196286626
364,0.25154213371074574
365,0.25154194856572515
366,0.25154176418892304
367,0.2515415805756997
368,0.2515413977214514
369,0.2515412156216108
370,0.25154103427164565
371,0.25154085366705997
372,0.25154067380339246
373,0.2515404946762169
374,0.2515403162811415
375,0.25154013861380786
376,0.2515399616698929
377,0.2515397854451053
378,0.25153960993518787
379,0.25153943513591653
380,0.25153926104309876
381,0.2515390876525749
382,0.25153891496021774
383,0.2515387429619304
384,0.2515385716536483
385,0.25153840103133746
386,0.25153823109099466
387,0.2515380618286475
388,0.25153789324035375
389,0.25153772532220015
390,0.25153755807030437
391,0.25153739148081256
392,0.2515372255498999
393,0.2515370602737709
394,0.25153689564865783
395,0.2515367316708227
396,0.25153656833655375
397,0.2515364056421679
398,0.25153624358400956
399,0.25153608215845014
400,0.251535921361888
401,0.25153576119074894
402,0.25153560164148403
403,0.25153544271057166
404,0.251535284394516
405,0.2515351266898467
406,0.25153496959311905
407,0.2515348131009137
408,0.251534657209837
409,0.25153450191651877
410,0.2515343472176152
411,0.2515341931098053
412,0.25153403958979365
413,0.2515338866543077
414,0.25153373430009923
415,0.2515335825239438
416,0.25153343132263956
417,0.2515332806930086
418,0.2515331306318958
419,0.2515329811361682
420,0.251532832202716
421,0.2515326838284512
422,0.2515325360103087
423,0.25153238874524453
424,0.25153224203023694
425,0.25153209586228586
426,0.2515319502384119
427,0.2515318051556574
428,0.25153166061108606
429,0.25153151660178125
430,0.25153137312484836
431,0.251531230177412
432,0.2515310877566179
433,0.2515309458596318
434,0.25153080448363835
435,0.2515306636258436
436,0.25153052328347175
