1,0.30869651642816465
2,0.25177170152117645
3,0.2519523818538587
4,0.25192565320366683
5,0.25189851367019794
6,0.25187109292996757
7,0.2518433980413444
8,0.2518154367253265
9,0.2517872174142026
10,0.2517587492592445
11,0.2517300421352585
12,0.2517011066417487
13,0.25167195410046217
14,0.2516425965490902
15,0.25161304673094304
16,0.2515833180804278
17,0.251553424704199
18,0.2515233813578918
19,0.25149320341838927
20,0.25146290685161277
21,0.2514325081758911
22,0.25140202442099246
23,0.2513714730829788
24,0.2513408720750826
25,0.25131023967486327
26,0.2512795944679553
27,0.25124895528876645
28,0.2512183411585392
29,0.25118777122121955
30,0.25115726467762545
31,0.2511268407184317
32,0.25109651845651615
33,0.2510663168592232
34,0.25103625468111224
35,0.25100635039775737
36,0.25097662214115696
37,0.25094708763728407
38,0.2509177641463032
39,0.2508886684059173
40,0.25085981657830025
41,0.2508312242009907
42,0.250802906142099
43,0.25077487656010616
44,0.25074714886848043
45,0.2507197357052774
46,0.25069264890782894
47,0.2506658994925635
48,0.25063949763994164
49,0.2506134526844412
50,0.25058777310946406
51,0.25056246654700054
52,0.2505375397818323
53,0.25051299876003047
54,0.25048884860146226
55,0.25046509361600205
56,0.2504417373231193
57,0.25041878247450416
58,0.2503962310793783
59,0.2503740844321454
60,0.2503523431420273
61,0.2503310071643401
62,0.2503100758330866
63,0.2502895478945299
64,0.2502694215414617
65,0.25024969444786693
66,0.2502303638037276
67,0.25021142634971993
68,0.250192878411586
69,0.2501747159339803
70,0.2501569345136183
71,0.25013952943157264
72,0.25012249568458617
73,0.2501058280152958
74,0.25008952094126763
75,0.2500735687827883
76,0.2500579656893358
77,0.250042705664717
78,0.2500277825908261
79,0.25001319025002916
80,0.24999892234616553
81,0.24998497252418625
82,0.24997133438844457
83,0.24995800151966463
84,0.2499449674906332
85,0.24993222588064268
86,0.249919770288738
87,0.2499075943458104
88,0.24989569172559567
89,0.24988405615461834
90,0.24987268142114766
91,0.2498615613832088
92,0.24985068997571241
93,0.24984006121674635
94,0.24982966921309332
95,0.24981950816502022
96,0.24980957237038576
97,0.24979985622812292
98,0.24979035424114085
99,0.2497810610186863
100,0.24977197127821402
101,0.24976307984680418
102,0.2497543816621631
103,0.24974587177324997
104,0.249737545340559
105,0.24972939763608995
106,0.24972142404304146
107,0.24971362005525138
108,0.24970598127641153
109,0.2496985034190838
110,0.24969118230353654
111,0.24968401385642866
112,0.2496769941093529
113,0.2496701191972629
114,0.24966338535679838
115,0.2496567889245216
116,0.2496503263350853
117,0.24964399411933486
118,0.24963778890236746
119,0.2496317074015486
120,0.2496257464245044
121,0.24961990286709168
122,0.2496141737113552
123,0.2496085560234827
124,0.24960304695176047
125,0.24959764372453305
126,0.24959234364817662
127,0.24958714410509186
128,0.24958204255171024
129,0.2495770365165281
130,0.24957212359816724
131,0.2495673014634622
132,0.24956256784558065
133,0.24955792054217593
134,0.24955335741357224
135,0.2495488763809899
136,0.24954447542480435
137,0.24954015258284265
138,0.2495359059487198
139,0.24953173367021025
140,0.24952763394766525
141,0.2495236050324608
142,0.24951964522549042
143,0.24951575287569389
144,0.2495119263786269
145,0.24950816417506555
146,0.24950446474965232
147,0.24950082662957856
148,0.24949724838330034
149,0.24949372861929742
150,0.24949026598486093
151,0.24948685916492125
