1,0.5363272408970609
2,0.5363200919550819
3,0.5363126012061227
4,0.5363047435145898
5,0.5362964911869313
6,0.5362878134698567
7,0.53627774215372
8,0.5362669232954876
9,0.5362564582000708
10,0.5362453787240213
11,0.5362336291528131
12,0.5362211468276715
13,0.5362078610291572
14,0.5361936916382547
15,0.5361785475214758
16,0.5361623245712499
17,0.5361449033126162
18,0.5361261459599567
19,0.5361058927705024
20,0.536083957490483
21,0.536060121619189
22,0.5360341271168422
23,0.5360056670404645
24,0.5359743733869251
25,0.5359398011207394
26,0.5359014069129624
27,0.5358585204290787
28,0.5358103049312064
29,0.535755702249233
30,0.5356933543750309
31,0.5356214892136594
32,0.5355377498026087
33,0.5354389314372727
34,0.535320563052204
35,0.535176213423722
36,0.5349962851978312
37,0.5347657936910772
38,0.5344599702720882
39,0.5340347176542921
40,0.5334031664016802
41,0.5323670546567996
42,0.5303521163738195
43,0.5246625607517121
44,0.43571377956819146
45,0.25025092139955785
46,0.25019049694687956
47,0.2501902416343609
48,0.2501899633084364
49,0.25018968627676097
50,0.25018941052952326
51,0.2501891360568567
52,0.25018886284996467
53,0.2501885909005601
54,0.25018832020063836
55,0.2501880507423678
56,0.25018778251803653
57,0.25018751552002516
58,0.2501872497407914
59,0.25018698517285975
60,0.25018672180881824
61,0.25018645964131303
62,0.2501861986630476
63,0.2501859388667816
64,0.2501856802453289
65,0.2501854227915567
66,0.25018516649838607
67,0.250184911358789
68,0.2501846573657913
69,0.25018440451246776
70,0.25018415279194617
71,0.25018390219740333
72,0.25018365272206683
73,0.2501834043592137
74,0.2501831571021687
75,0.25018291094430695
76,0.2501826658790511
77,0.2501824218998719
78,0.2501821790002871
79,0.2501819371738619
80,0.25018169641420784
81,0.25018145671498315
82,0.25018121806989135
83,0.25018098047268256
84,0.2501807439171503
85,0.2501805083971348
86,0.2501802739065191
87,0.25018004043923137
88,0.25017980798924266
89,0.25017957655056783
90,0.2501793461172642
91,0.2501791166834324
92,0.2501788882432145
93,0.250178660790795
94,0.2501784343204003
95,0.2501782088262966
96,0.25017798430279276
97,0.2501777607442368
98,0.2501775381450179
99,0.25017731649956426
100,0.2501770958023446
101,0.25017687604786587
102,0.2501766572306751
103,0.2501764393453565
104,0.2501762223865338
105,0.250176006348868
106,0.2501757912270584
107,0.2501755770158407
108,0.2501753637099888
109,0.25017515130431217
110,0.2501749397936581
111,0.2501747291729088
112,0.2501745194369827
113,0.2501743105808349
114,0.2501741025994534
115,0.2501738954878642
116,0.2501736892411254
117,0.2501734838543309
118,0.2501732793226091
119,0.25017307564112135
120,0.2501728728050629
121,0.25017267080966243
122,0.2501724696501823
123,0.25017226932191633
124,0.25017206982019213
125,0.2501718711403696
126,0.25017167327783973
127,0.2501714762280256
128,0.25017127998638267
129,0.25017108454839737
130,0.2501708899095858
131,0.25017069606549663
132,0.2501705030117084
133,0.2501703107438292
134,0.2501701192574987
135,0.2501699285483854
136,0.2501697386121875
137,0.25016954944463243
138,0.25016936104147697
139,0.2501691733985067
140,0.25016898651153613
141,0.2501688003764076
142,0.2501686149889927
143,0.25016843034518943
144,0.250168246440925
145,0.2501680632721533
146,0.2501678808348555
147,0.2501676991250416
148,0.2501675181387459
149,0.2501673378720309
150,0.2501671583209856
151,0.25016697948172484
152,0.2501668013503896
153,0.2501666239231467
154,0.25016644719618975
155,0.2501662711657356
156,0.2501660958280275
157,0.2501659211793349
158,0.2501657472159501
159,0.250165573934192
160,0.2501654013304021
161,0.2501652294009476
162,0.25016505814221884
163,0.25016488755063193
164,0.2501647176226241
165,0.25016454835465785
166,0.25016437974321826
167,0.25016421178481524
168,0.25016404447597884
169,0.25016387781326466
170,0.25016371179324887
171,0.2501635464125322
172,0.25016338166773616
173,0.25016321755550447
174,0.25016305407250405
175,0.2501628912154221
176,0.2501627289809684
177,0.2501625673658744
178,0.2501624063668909
179,0.25016224598079323
180,0.25016208620437486
181,0.2501619270344515
182,0.25016176846785837
183,0.2501616105014525
184,0.25016145313211086
185,0.2501612963567301
186,0.2501611401722273
187,0.25016098457553976
188,0.250160829563624
189,0.2501606751334561
190,0.2501605212820319
191,0.2501603680063665
192,0.2501602153034947
193,0.25016006317046874
194,0.25015991160436113
195,0.2501597606022634
196,0.25015961016128346
197,0.2501594602785502
198,0.25015931095121013
199,0.25015916217642675
200,0.2501590139513823
201,0.25015886627327805
202,0.25015871913933113
203,0.25015857254677815
204,0.25015842649287134
205,0.25015828097488163
206,0.2501581359900973
207,0.2501579915358224
208,0.2501578476093794
209,0.2501577042081066
210,0.2501575613293602
211,0.2501574189705122
212,0.2501572771289507
213,0.25015713580208104
214,0.2501569949873244
215,0.25015685468211823
216,0.2501567148839158
217,0.25015657559018656
218,0.25015643679841537
219,0.2501562985061026
220,0.2501561607107656
221,0.25015602340993476
222,0.250155886601158
223,0.2501557502819973
224,0.2501556144500299
225,0.2501554791028477
226,0.25015534423805874
227,0.2501552098532843
228,0.25015507594616104
229,0.25015494251434023
230,0.2501548095554873
231,0.2501546770672825
232,0.25015454504741974
233,0.25015441349360784
234,0.25015428240356813
235,0.2501541517750381
236,0.25015402160576683
237,0.2501538918935185
238,0.2501537626360709
239,0.2501536338312151
240,0.2501535054767547
241,0.25015337757050826
242,0.2501532501103065
243,0.2501531230939936
244,0.250152996519427
245,0.2501528703844768
246,0.2501527446870258
247,0.25015261942497025
248,0.25015249459621886
249,0.25015237019869196
250,0.2501522462303234
251,0.25015212268905995
252,0.25015199957285883
253,0.25015187687969176
254,0.2501517546075407
255,0.2501516327544009
256,0.2501515113182793
257,0.25015139029719413
258,0.25015126968917606
259,0.25015114949226747
260,0.2501510297045226
261,0.2501509103240061
262,0.2501507913487959
263,0.2501506727769794
264,0.2501505546066572
265,0.25015043683593946
266,0.2501503194629483
267,0.25015020248581726
268,0.2501500859026907
269,0.25014996971172293
270,0.2501498539110811
271,0.250149738498941
272,0.2501496234734898
273,0.2501495088329266
274,0.2501493945754594
275,0.2501492806993077
