1,0.37908789287406247
2,0.2573981015456905
3,0.2527885561097998
4,0.2524701136749597
5,0.2524699925039411
6,0.2524698800773388
7,0.2524697680405176
8,0.25246965639144825
9,0.25246954512827835
10,0.25246943424916635
11,0.25246932375228076
12,0.25246921363580277
13,0.25246910389792254
14,0.2524689945368422
15,0.2524688855507736
16,0.25246877693794006
17,0.2524686686965749
18,0.25246856082492214
19,0.25246845332123535
20,0.2524683461837805
21,0.25246823941083046
22,0.25246813300067183
23,0.25246802695159926
24,0.25246792126191653
25,0.2524678159299402
26,0.2524677109539937
27,0.2524676063324126
28,0.2524675020635407
29,0.2524673981457324
30,0.2524672945773513
31,0.25246719135677026
32,0.2524670884823724
33,0.2524669859525492
34,0.2524668837657026
35,0.2524667819202428
36,0.2524666804145894
37,0.2524665792471728
38,0.25246647841643033
39,0.2524663779208084
40,0.2524662777587643
41,0.25246617792876236
42,0.2524660784292768
43,0.2524659792587903
44,0.2524658804157945
45,0.25246578189878804
46,0.25246568370628075
47,0.2524655858367901
48,0.2524654882888414
49,0.25246539106096805
50,0.25246529415171376
51,0.25246519755962865
52,0.2524651012832717
53,0.2524650053212106
54,0.25246490967202084
55,0.2524648143342857
56,0.2524647193065964
57,0.25246462458755337
58,0.25246453017576315
59,0.2524644360698422
60,0.25246434226841274
61,0.2524642487701066
62,0.252464155573562
63,0.2524640626774252
64,0.2524639700803502
65,0.2524638777809993
66,0.25246378577804085
67,0.25246369407015173
68,0.25246360265601603
69,0.2524635115343249
70,0.25246342070377736
71,0.2524633301630787
72,0.2524632399109429
73,0.2524631499460897
74,0.25246306026724685
75,0.25246297087314934
76,0.25246288176253806
77,0.2524627929341622
78,0.2524627043867767
79,0.2524626161191448
80,0.2524625281300355
81,0.25246244041822424
82,0.25246235298249503
83,0.25246226582163656
84,0.2524621789344458
85,0.2524620923197255
86,0.2524620059762842
87,0.25246191990293937
88,0.25246183409851286
89,0.2524617485618336
90,0.25246166329173686
91,0.2524615782870651
92,0.2524614935466662
93,0.252461409069394
94,0.2524613248541099
95,0.25246124089968053
96,0.2524611572049788
97,0.25246107376888405
98,0.2524609905902821
99,0.25246090766806284
100,0.25246082500112504
101,0.25246074258837153
102,0.25246066042871157
103,0.25246057852106046
104,0.252460496864339
105,0.2524604154574744
106,0.25246033429939824
107,0.25246025338905087
108,0.2524601727253745
109,0.2524600923073196
110,0.25246001213384184
111,0.2524599322039019
112,0.2524598525164664
113,0.2524597730705074
114,0.25245969386500283
115,0.2524596148989355
116,0.25245953617129396
117,0.25245945768107203
118,0.252459379427269
119,0.25245930140888956
120,0.25245922362494316
121,0.2524591460744457
122,0.2524590687564166
123,0.25245899166988217
124,0.25245891481387217
125,0.25245883818742326
126,0.25245876178957616
127,0.25245868561937684
128,0.2524586096758761
129,0.2524585339581302
130,0.25245845846519976
131,0.25245838319615044
132,0.2524583081500542
133,0.2524582333259853
134,0.2524581587230255
135,0.2524580843402592
136,0.2524580101767766
137,0.25245793623167323
138,0.2524578625040479
139,0.25245778899300547
140,0.25245771569765474
141,0.25245764261710896
142,0.2524575697504863
143,0.25245749709691023
144,0.2524574246555074
145,0.2524573524254099
146,0.2524572804057537
147,0.2524572085956805
148,0.25245713699433436
149,0.25245706560086584
150,0.25245699441442804
151,0.2524569234341803
152,0.2524568526592848
153,0.2524567820889087
154,0.25245671172222356
155,0.2524566415584043
156,0.252456571596631
157,0.25245650183608803
158,0.25245643227596304
159,0.25245636291544804
160,0.2524562937537402
161,0.25245622479003926
162,0.25245615602355076
163,0.25245608745348236
164,0.25245601907904724
165,0.25245595089946166
166,0.2524558829139465
167,0.25245581512172677
168,0.2524557475220301
169,0.25245568011408925
170,0.25245561289714075
171,0.2524555458704245
172,0.25245547903318455
173,0.25245541238466845
174,0.252455345924128
175,0.25245527965081843
176,0.2524552135639987
177,0.252455147662932
178,0.2524550819468845
179,0.2524550164151258
180,0.2524549510669303
181,0.25245488590157594
182,0.2524548209183427
183,0.25245475611651635
184,0.25245469149538396
185,0.25245462705423766
186,0.2524545627923729
187,0.2524544987090881
188,0.2524544348036857
189,0.25245437107547175
190,0.25245430752375436
191,0.2524542441478472
192,0.2524541809470657
193,0.2524541179207296
194,0.2524540550681607
195,0.25245399238868566
196,0.2524539298816342
197,0.25245386754633775
198,0.2524538053821336
199,0.2524537433883597
200,0.2524536815643594
201,0.2524536199094785
202,0.25245355842306505
203,0.2524534971044713
204,0.25245343595305264
205,0.2524533749681676
206,0.2524533141491771
