1,0.2684958579728757
2,0.2525717550442407
3,0.2525715265264198
4,0.2525713015458437
5,0.25257108324633554
6,0.2525708714576865
7,0.2525706660134215
8,0.2525704667507413
9,0.252570273510462
10,0.2525700861369576
11,0.2525699044780975
12,0.25256972838518926
13,0.25256955771291817
14,0.2525693923192872
15,0.2525692320655592
16,0.25256907681619717
17,0.2525689264388067
18,0.25256878080407696
19,0.25256863978572247
20,0.25256850326042735
21,0.25256837110778696
22,0.2525682432102525
23,0.252568119453074
24,0.2525679997242461
25,0.25256788391445256
26,0.2525677719170121
27,0.2525676636278261
28,0.25256755894532346
29,0.25256745777041034
30,0.2525673600064173
31,0.2525672655590491
32,0.2525671743363342
33,0.2525670862485759
34,0.25256700120830206
35,0.25256691913021856
36,0.252566839931162
37,0.2525667635300506
38,0.2525666898478434
39,0.25256661880748965
40,0.2525665503338873
41,0.2525664843538395
42,0.25256642079601116
43,0.252566359590887
44,0.2525663006707295
45,0.25256624396953964
46,0.2525661894230156
47,0.2525661369685148
48,0.25256608654501483
49,0.2525660380930755
50,0.25256599155480247
51,0.2525659468738109
52,0.25256590399518986
53,0.252565862865467
54,0.25256582343257505
55,0.2525657856458178
56,0.2525657494558375
57,0.2525657148145828
58,0.25256568167527804
59,0.25256564999239006
60,0.2525656197216022
61,0.25256559081978014
62,0.2525655632449453
63,0.2525655369562472
64,0.25256551191393434
65,0.2525654880793282
66,0.252565465414796
67,0.25256544388372515
68,0.2525654234504976
69,0.25256540408046585
70,0.2525653857399278
71,0.25256536839610405
72,0.25256535201711344
73,0.2525653365719521
74,0.2525653220304697
75,0.2525653083633487
76,0.2525652955420838
77,0.2525652835389604
78,0.252565272327034
79,0.25256526188011236
80,0.25256525217273534
81,0.25256524318015416
82,0.25256523487831767
83,0.2525652272438496
84,0.2525652202540343
85,0.25256521388679826
86,0.252565208120694
87,0.2525652029348835
88,0.2525651983091228
89,0.25256519422374607
90,0.2525651906596507
91,0.2525651875982826
92,0.25256518502162206
93,0.25256518291216884
94,0.2525651812529296
95,0.25256518002740397
96,0.25256517921957167
97,0.25256517881387963
98,0.2525651787952295
99,0.2525651791489666
100,0.2525651798608661
101,0.25256518091712427
102,0.2525651823043451
103,0.25256518400952926
104,0.2525651860200659
105,0.25256518832371944
106,0.2525651909086203
107,0.2525651937632572
108,0.25256519687646384
109,0.2525652002374122
110,0.252565203835602
111,0.252565207660854
112,0.25256521170329777
113,0.2525652159533665
114,0.2525652204017865
115,0.2525652250395709
116,0.2525652298580105
117,0.2525652348486668
118,0.25256524000336467
119,0.2525652453141842
120,0.2525652507734557
121,0.25256525637374994
122,0.2525652621078735
123,0.2525652679688617
124,0.2525652739499731
125,0.2525652800446808
126,0.25256528624667
127,0.2525652925498285
128,0.2525652989482434
129,0.2525653054361957
130,0.2525653120081524
131,0.2525653186587639
132,0.25256532538285786
133,0.2525653321754332
134,0.25256533903165745
135,0.25256534594685953
136,0.2525653529165269
137,0.25256535993630097
138,0.25256536700197074
139,0.25256537410947166
140,0.25256538125487865
141,0.2525653884344044
142,0.2525653956443924
143,0.2525654028813172
144,0.2525654101417768
145,0.252565417422492
146,0.2525654247203009
147,0.25256543203215537
148,0.2525654393551204
149,0.25256544668636677
150,0.252565454023172
151,0.2525654613629136
152,0.25256546870306895
153,0.2525654760412111
154,0.2525654833750053
155,0.2525654907022075
156,0.25256549802066136
157,0.2525655053282949
158,0.25256551262311966
159,0.25256551990322446
160,0.2525655271667784
161,0.2525655344120243
162,0.2525655416372783
163,0.25256554884092647
164,0.2525655560214242
165,0.2525655631772929
166,0.2525655703071181
167,0.25256557740954816
168,0.2525655844832916
169,0.25256559152711583
170,0.2525655985398437
171,0.2525656055203553
172,0.2525656124675821
173,0.25256561938050814
174,0.2525656262581664
175,0.25256563309964
176,0.25256563990405695
177,0.25256564667059134
178,0.2525656533984618
179,0.2525656600869285
180,0.25256566673529357
181,0.252565673342898
182,0.25256567990912193
183,0.252565686433382
184,0.2525656929151318
185,0.2525656993538593
186,0.25256570574908555
187,0.252565712100365
188,0.2525657184072829
189,0.25256572466945554
190,0.25256573088652756
191,0.2525657370581731
192,0.2525657431840922
193,0.2525657492640129
194,0.25256575529768754
195,0.2525657612848942
196,0.25256576722543406
197,0.2525657731191308
198,0.2525657789658304
199,0.25256578476540137
200,0.25256579051773115
201,0.2525657962227278
202,0.2525658018803181
203,0.2525658074904475
204,0.2525658130530786
205,0.2525658185681928
206,0.25256582403578537
207,0.2525658294558684
208,0.25256583482846945
209,0.252565840153631
210,0.2525658454314091
211,0.2525658506618721
212,0.25256585584510316
213,0.25256586098119677
214,0.25256586607025944
215,0.25256587111240936
216,0.25256587610777537
217,0.2525658810564971
218,0.25256588595872365
219,0.2525658908146144
220,0.25256589562433746
221,0.25256590038806986
222,0.2525659051059969
223,0.2525659097783119
224,0.25256591440521636
225,0.25256591898691827
226,0.2525659235236328
227,0.25256592801558214
228,0.25256593246299436
229,0.2525659368661029
