1,0.2581417802862338
2,0.25236025411788676
3,0.2522049160374585
4,0.25205715762293374
5,0.25191668907622683
6,0.2517831673773957
7,0.2516562155797457
8,0.2515354391975788
9,0.25142043969386846
10,0.25131082522465864
11,0.2512062189104908
12,0.2511062649571161
13,0.2510106329558702
14,0.25091902067391536
15,0.25083115560857666
16,0.2507467955374898
17,0.25066572825373035
18,0.2505877706366515
19,0.25051276717730386
20,0.2504405880531723
21,0.25037112683076496
22,0.25030429786576225
23,0.2502400334678785
24,0.2501782808997546
25,0.25011899928415704
26,0.2500621564994649
27,0.2500077261478759
28,0.2499556846820463
29,0.2499060087727945
30,0.24985867299219439
31,0.24981364787299043
32,0.24977089838749264
33,0.249730382868351
34,0.24969205237166037
35,0.2496558504616447
36,0.24962171337750316
37,0.24958957052825534
38,0.24955934525155474
39,0.24953095576764245
40,0.24950431625971875
41,0.24947933801625968
42,0.24945593057823412
43,0.24943400284369902
44,0.24941346409274923
45,0.24939422490638277
46,0.2493761979627025
47,0.24935929870260684
48,0.2493434458642896
49,0.24932856189152458
50,0.2493145732247579
51,0.24930141048673612
52,0.24928900857585493
53,0.24927730668096018
54,0.24926624823108143
55,0.2492557807928726
56,0.24924585592741058
57,0.2492364290167459
58,0.2492274590692066
59,0.24921890851112385
60,0.2492107429713264
61,0.24920293106357816
62,0.2491954441710595
63,0.2491882562360498
64,0.24918134355718338
65,0.24917468459596648
66,0.2491682597936892
67,0.24916205139940975
68,0.24915604330933386
69,0.24915022091762398
70,0.2491445709784519
71,0.24913908147896677
72,0.24913374152270965
73,0.24912854122294997
74,0.24912347160535492
75,0.2491185245193907
76,0.24911369255783494
77,0.24910896898379595
78,0.24910434766464107
79,0.24909982301226935
80,0.2490953899291863
81,0.249091043759869
82,0.24908678024694875
83,0.24908259549175724
84,0.24907848591884454
85,0.24907444824407138
86,0.2490704794459412
87,0.24906657673984964
88,0.2490627375549675
89,0.24905895951348697
90,0.24905524041199834
91,0.24905157820477986
92,0.24904797098880335
93,0.24904441699028004
94,0.2490409145525897
95,0.24903746212544717
96,0.249034058255179
97,0.24903070157599197
98,0.24902739080213504
99,0.24902412472085486
100,0.24902090218606437
101,0.2490177221126542
102,0.2490145834713669
103,0.24901148528419148
104,0.24900842662020664
105,0.24900540659184253
106,0.24900242435149852
107,0.24899947908849782
108,0.24899657002633194
109,0.2489936964201674
110,0.24899085755458975
111,0.24898805274155764
112,0.24898528131854922
113,0.24898254264687136
114,0.24897983611013041
115,0.24897716111283202
116,0.24897451707910762
117,0.24897190345155154
118,0.24896931969015448
119,0.24896676527133002
120,0.24896423968701975
121,0.2489617424438695
122,0.24895927306247628
123,0.24895683107668642
124,0.24895441603295476
125,0.24895202748974782
126,0.24894966501699312
127,0.24894732819556276
128,0.2489450166168047
129,0.24894272988209212
130,0.24894046760241476
131,0.24893822939799168
132,0.24893601489790598
133,0.24893382373977246
134,0.24893165556941318
135,0.24892951004056318
136,0.2489273868145855
137,0.24892528556020768
138,0.24892320595326764
139,0.24892114767648102
140,0.24891911041921175
141,0.24891709387726194
142,0.24891509775266718
143,0.24891312175350583
144,0.2489111655937139
145,0.24890922899291193
146,0.24890731167623745
147,0.24890541337418573
148,0.24890353382245786
149,0.24890167276181466
150,0.24889982993793852
151,0.24889800510129717
152,0.24889619800701748
153,0.24889440841476151
154,0.2488926360886069
155,0.248890880796935
156,0.2488891423123197
157,0.24888742041142178
158,0.24888571487488909
159,0.24888402548725366
160,0.24888235203684372
161,0.24888069431568635
162,0.24887905211942238
163,0.2488774252472203
164,0.24887581350169263
165,0.24887421668881748
166,0.24887263461786124
167,0.24887106710130275
168,0.24886951395476126
169,0.2488679749969268
170,0.248866450049491
171,0.24886493893708275
172,0.24886344148720177
173,0.2488619575301586
174,0.2488604868990141
175,0.2488590294295185
176,0.2488575849600578
177,0.24885615333159575
178,0.24885473438762196
179,0.24885332797409912
180,0.24885193393941143
181,0.24885055213431642
182,0.24884918241189571
183,0.24884782462750887
184,0.2488464786387475
185,0.24884514430539173
186,0.2488438214893662
187,0.2488425100546969
188,0.24884120986747363
189,0.24883992079580602
190,0.24883864270978692
191,0.24883737548145432
192,0.2488361189847529
193,0.24883487309549976
194,0.248833637691348
195,0.24883241265175296
196,0.24883119785793648
197,0.24882999319285892
198,0.24882879854118234
199,0.2488276137892416
200,0.24882643882501326
201,0.24882527353808676
202,0.24882411781963318
203,0.2488229715623799
204,0.24882183466057933
205,0.24882070700998535
206,0.2488195885078232
207,0.24881847905276683
208,0.2488173785449106
209,0.2488162868857469
210,0.24881520397814033
211,0.24881412972630473
212,0.2488130640357798
213,0.24881200681340762
214,0.24881095796731184
215,0.2488099174068747
216,0.24880888504271576
217,0.24880786078667233
218,0.248806844551778
219,0.24880583625224242
220,0.24880483580343266
221,0.2488038431218519
222,0.24880285812512476
223,0.24880188073197443
224,0.24880091086220799
225,0.2487999484366956
226,0.24879899337735656
