1,0.527882059151505
2,0.5276613152549163
3,0.5272797600699757
4,0.5264553245040103
5,0.5231023813512969
6,0.34922696263035724
7,0.26157252346701443
8,0.25622922697294215
9,0.25595735339430575
10,0.2557051661018362
11,0.25547237186895294
12,0.25525830883365536
13,0.25506205174340935
14,0.2548825052505382
15,0.25471848127106456
16,0.2545687595071067
17,0.2544321322344575
18,0.2543074355230455
19,0.2541935694402409
20,0.25408950973568206
21,0.25399431322202104
22,0.25390711868801813
23,0.2538271447941893
24,0.25375368605200416
25,0.2536861076942708
26,0.2536238400100288
27,0.2535663725370542
28,0.2535132483706677
29,0.25346405874989664
30,0.2534184380129248
31,0.2533760589660432
32,0.25333662867840073
33,0.25329988469423725
34,0.2532655916417092
35,0.25323353821037603
36,0.2532035344661176
37,0.25317540947143763
38,0.253149009179835
39,0.2531241945746205
40,0.2531008400247238
41,0.2530788318324763
42,0.2530580669507949
43,0.25303845184959023
44,0.253019901513474
45,0.2530023385548966
46,0.2529856924287495
47,0.2529698987361383
48,0.25295489860654835
49,0.25294063814895684
50,0.2529270679636191
51,0.2529141427072893
52,0.25290182070554135
53,0.25289006360664235
54,0.2528788360721309
55,0.25286810549983535
56,0.25285784177562465
57,0.2528480170505985
58,0.25283860554086945
59,0.25282958334739847
60,0.25282092829367336
61,0.2528126197792764
62,0.2528046386476154
63,0.2527969670663026
64,0.25278958841883736
65,0.2527824872064048
66,0.2527756489587392
67,0.25276906015311995
68,0.25276270814067436
69,0.2527565810792478
70,0.25275066787218975
71,0.25274495811247255
72,0.25273944203162196
73,0.2527341104529973
74,0.2527289547490012
75,0.2527239668018557
76,0.25271913896760245
77,0.2527144640430376
78,0.25270993523530405
79,0.252705546133908
80,0.2527012906849397
81,0.25269716316730007
82,0.25269315817076116
83,0.2526892705757006
84,0.2526854955343627
85,0.2526818284535206
86,0.2526782649784187
87,0.25267480097788797
88,0.2526714325305409
89,0.25266815591195274
90,0.25266496758275286
91,0.25266186417755165
92,0.252658842494638
93,0.25265589948638373
94,0.25265303225030344
95,0.25265023802071684
96,0.2526475141609669
97,0.252644858156157
98,0.2526422676063571
99,0.25263974022025987
100,0.2526372738092371
101,0.25263486628177856
102,0.25263251563828104
103,0.25263021996616486
104,0.25262797743528836
105,0.25262578629365195
106,0.25262364486335476
107,0.2526215515368013
108,0.2526195047731338
109,0.2526175030948734
110,0.25261554508476247
111,0.25261362938278636
112,0.25261175468337266
113,0.2526099197327454
114,0.2526081233264331
115,0.25260636430691413
116,0.2526046415613989
117,0.25260295401972543
118,0.25260130065238195
119,0.2525996804686274
120,0.2525980925147182
121,0.25259653587223163
122,0.25259500965647125
123,0.25259351301496574
124,0.2525920451260382
125,0.25259060519745535
126,0.2525891924651433
127,0.25258780619196786
128,0.25258644566658145
129,0.2525851102023232
130,0.2525837991361766
131,0.25258251182777813
132,0.25258124765847284
133,0.25258000603042086
134,0.25257878636574216
135,0.2525775881057042
136,0.2525764107099507
137,0.25257525365576194
138,0.25257411643735583
139,0.2525729985652165
140,0.2525718995654573
141,0.25257081897921335
142,0.25256975636205675
143,0.25256871128344655
144,0.25256768332619695
145,0.2525666720859719
146,0.2525656771708025
147,0.2525646982006249
148,0.2525637348068382
149,0.25256278663188314
150,0.2525618533288377
151,0.2525609345610308
152,0.25256003000167077
153,0.252559139333494
154,0.25255826224842215
155,0.2525573984472395
156,0.25255654763928026
157,0.2525557095421297
158,0.2525548838813392
159,0.252554070390149
160,0.25255326880922724
161,0.25255247888641524
162,0.2525517003764863
163,0.25255093304091014
164,0.252550176647632
165,0.2525494309708558
166,0.2525486957908379
167,0.25254797089368886
168,0.2525472560711814
169,0.25254655112056845
170,0.25254585584440575
171,0.25254517005038224
172,0.25254449355115527
173,0.2525438261641963
174,0.2525431677116359
175,0.25254251802012156
176,0.2525418769206739
177,0.25254124424855395
178,0.2525406198431309
179,0.2525400035477581
180,0.2525393952096517
181,0.25253879467977197
182,0.25253820181271375
183,0.2525376164665955
184,0.25253703850295606
185,0.2525364677866526
186,0.2525359041857631
187,0.25253534757149276
188,0.2525347978180838
189,0.2525342548027248
190,0.25253371840546973
191,0.2525331885091522
192,0.2525326649993107
193,0.2525321477641076
194,0.25253163669425766
195,0.2525311316829564
196,0.2525306326258115
197,0.25253013942077385
198,0.2525296519680756
199,0.2525291701701656
200,0.2525286939316498
201,0.252528223159232
202,0.25252775776165903
203,0.2525272976496631
204,0.2525268427359106
205,0.2525263929349506
206,0.252525948163164
207,0.25252550833871634
208,0.2525250733815106
209,0.25252464321314033
210,0.2525242177568494
211,0.25252379693748644
212,0.2525233806814637
213,0.25252296891671866
214,0.2525225615726728
215,0.2525221585801979
216,0.2525217598715751
217,0.2525213653804619
218,0.2525209750418581
219,0.252520588792071
220,0.25252020656868324
221,0.25251982831052333
