1,0.2630256200936391
2,0.2565573161211776
3,0.25655731612105476
4,0.25655731612105476
5,0.25655731612105476
6,0.25655731612105476
7,0.25655731612105476
8,0.25655731612105476
9,0.25655731612105476
10,0.25655731612105476
11,0.25655731612105476
12,0.25655731612105476
13,0.25655731612105476
14,0.25655731612105476
15,0.25655731612105476
16,0.25655731612105476
17,0.25655731612105476
18,0.25655731612105476
19,0.25655731612105476
20,0.25655731612105476
21,0.25655731612105476
22,0.25655731612105476
23,0.25655731612105476
24,0.25655731612105476
25,0.25655731612105476
26,0.25655731612105476
27,0.25655731612105476
28,0.25655731612105476
29,0.25655731612105476
30,0.25655731612105476
31,0.25655731612105476
32,0.25655731612105476
33,0.25655731612105476
34,0.25655731612105476
35,0.25655731612105476
36,0.25655731612105476
37,0.25655731612105476
38,0.25655731612105476
39,0.25655731612105476
40,0.25655731612105476
41,0.25655731612105476
42,0.25655731612105476
43,0.25655731612105476
44,0.25655731612105476
45,0.25655731612105476
46,0.25655731612105476
47,0.25655731612105476
48,0.25655731612105476
49,0.25655731612105476
50,0.25655731612105476
51,0.25655731612105476
52,0.25655731612105476
53,0.25655731612105476
54,0.25655731612105476
55,0.25655731612105476
56,0.25655731612105476
57,0.25655731612105476
58,0.25655731612105476
59,0.25655731612105476
60,0.25655731612105476
61,0.25655731612105476
62,0.25655731612105476
63,0.25655731612105476
64,0.25655731612105476
65,0.25655731612105476
66,0.25655731612105476
67,0.25655731612105476
68,0.25655731612105476
69,0.25655731612105476
70,0.25655731612105476
71,0.25655731612105476
72,0.25655731612105476
73,0.25655731612105476
74,0.25655731612105476
75,0.25655731612105476
76,0.25655731612105476
77,0.25655731612105476
78,0.25655731612105476
79,0.25655731612105476
80,0.25655731612105476
81,0.25655731612105476
82,0.25655731612105476
83,0.25655731612105476
84,0.25655731612105476
85,0.25655731612105476
86,0.25655731612105476
87,0.25655731612105476
88,0.25655731612105476
89,0.25655731612105476
90,0.25655731612105476
91,0.25655731612105476
92,0.25655731612105476
93,0.25655731612105476
94,0.25655731612105476
95,0.25655731612105476
96,0.25655731612105476
97,0.25655731612105476
98,0.25655731612105476
99,0.25655731612105476
100,0.25655731612105476
101,0.25655731612105476
102,0.25655731612105476
103,0.25655731612105476
104,0.25655731612105476
105,0.25655731612105476
106,0.25655731612105476
107,0.25655731612105476
108,0.25655731612105476
109,0.25655731612105476
110,0.25655731612105476
111,0.25655731612105476
112,0.25655731612105476
113,0.25655731612105476
114,0.25655731612105476
115,0.25655731612105476
116,0.25655731612105476
117,0.25655731612105476
118,0.25655731612105476
119,0.25655731612105476
120,0.25655731612105476
121,0.25655731612105476
122,0.25655731612105476
123,0.25655731612105476
124,0.25655731612105476
125,0.25655731612105476
126,0.25655731612105476
127,0.25655731612105476
128,0.25655731612105476
129,0.25655731612105476
130,0.25655731612105476
131,0.25655731612105476
132,0.25655731612105476
133,0.25655731612105476
134,0.25655731612105476
135,0.25655731612105476
136,0.25655731612105476
137,0.25655731612105476
138,0.25655731612105476
139,0.25655731612105476
140,0.25655731612105476
141,0.25655731612105476
142,0.25655731612105476
143,0.25655731612105476
144,0.25655731612105476
145,0.25655731612105476
146,0.25655731612105476
147,0.25655731612105476
148,0.25655731612105476
149,0.25655731612105476
150,0.25655731612105476
151,0.25655731612105476
152,0.25655731612105476
153,0.25655731612105476
154,0.25655731612105476
155,0.25655731612105476
156,0.25655731612105476
157,0.25655731612105476
158,0.25655731612105476
159,0.25655731612105476
160,0.25655731612105476
161,0.25655731612105476
162,0.25655731612105476
163,0.25655731612105476
164,0.25655731612105476
165,0.25655731612105476
166,0.25655731612105476
167,0.25655731612105476
168,0.25655731612105476
169,0.25655731612105476
170,0.25655731612105476
171,0.25655731612105476
172,0.25655731612105476
173,0.25655731612105476
174,0.25655731612105476
175,0.25655731612105476
176,0.25655731612105476
177,0.25655731612105476
178,0.25655731612105476
179,0.25655731612105476
180,0.25655731612105476
181,0.25655731612105476
182,0.25655731612105476
183,0.25655731612105476
184,0.25655731612105476
185,0.25655731612105476
186,0.25655731612105476
187,0.25655731612105476
188,0.25655731612105476
189,0.25655731612105476
190,0.25655731612105476
191,0.25655731612105476
192,0.25655731612105476
193,0.25655731612105476
194,0.25655731612105476
195,0.25655731612105476
196,0.25655731612105476
197,0.25655731612105476
198,0.25655731612105476
199,0.25655731612105476
200,0.25655731612105476
201,0.25655731612105476
202,0.25655731612105476
203,0.25655731612105476
204,0.25655731612105476
205,0.25655731612105476
206,0.25655731612105476
207,0.25655731612105476
208,0.25655731612105476
209,0.25655731612105476
210,0.25655731612105476
211,0.25655731612105476
212,0.25655731612105476
213,0.25655731612105476
214,0.25655731612105476
215,0.25655731612105476
216,0.25655731612105476
217,0.25655731612105476
218,0.25655731612105476
219,0.25655731612105476
220,0.25655731612105476
221,0.25655731612105476
222,0.25655731612105476
223,0.25655731612105476
224,0.25655731612105476
225,0.25655731612105476
226,0.25655731612105476
227,0.25655731612105476
228,0.25655731612105476
229,0.25655731612105476
230,0.25655731612105476
231,0.25655731612105476
232,0.25655731612105476
233,0.25655731612105476
234,0.25655731612105476
235,0.25655731612105476
236,0.25655731612105476
237,0.25655731612105476
238,0.25655731612105476
239,0.25655731612105476
240,0.25655731612105476
241,0.25655731612105476
242,0.25655731612105476
243,0.25655731612105476
244,0.25655731612105476
245,0.25655731612105476
246,0.25655731612105476
247,0.25655731612105476
248,0.25655731612105476
249,0.25655731612105476
250,0.25655731612105476
251,0.25655731612105476
252,0.25655731612105476
253,0.25655731612105476
254,0.25655731612105476
255,0.25655731612105476
256,0.25655731612105476
257,0.25655731612105476
258,0.25655731612105476
259,0.25655731612105476
260,0.25655731612105476
261,0.25655731612105476
262,0.25655731612105476
263,0.25655731612105476
264,0.25655731612105476
265,0.25655731612105476
266,0.25655731612105476
267,0.25655731612105476
268,0.25655731612105476
269,0.25655731612105476
270,0.25655731612105476
271,0.25655731612105476
272,0.25655731612105476
273,0.25655731612105476
274,0.25655731612105476
275,0.25655731612105476
276,0.25655731612105476
277,0.25655731612105476
278,0.25655731612105476
279,0.25655731612105476
280,0.25655731612105476
281,0.25655731612105476
282,0.25655731612105476
283,0.25655731612105476
284,0.25655731612105476
285,0.25655731612105476
286,0.25655731612105476
287,0.25655731612105476
288,0.25655731612105476
289,0.25655731612105476
290,0.25655731612105476
291,0.25655731612105476
292,0.25655731612105476
293,0.25655731612105476
294,0.25655731612105476
295,0.25655731612105476
296,0.25655731612105476
297,0.25655731612105476
298,0.25655731612105476
299,0.25655731612105476
300,0.25655731612105476
301,0.25655731612105476
302,0.25655731612105476
303,0.25655731612105476
304,0.25655731612105476
305,0.25655731612105476
306,0.25655731612105476
307,0.25655731612105476
308,0.25655731612105476
309,0.25655731612105476
310,0.25655731612105476
311,0.25655731612105476
312,0.25655731612105476
313,0.25655731612105476
314,0.25655731612105476
315,0.25655731612105476
316,0.25655731612105476
317,0.25655731612105476
318,0.25655731612105476
319,0.25655731612105476
320,0.25655731612105476
321,0.25655731612105476
322,0.25655731612105476
323,0.25655731612105476
324,0.25655731612105476
325,0.25655731612105476
326,0.25655731612105476
327,0.25655731612105476
328,0.25655731612105476
329,0.25655731612105476
330,0.25655731612105476
331,0.25655731612105476
332,0.25655731612105476
333,0.25655731612105476
334,0.25655731612105476
335,0.25655731612105476
336,0.25655731612105476
337,0.25655731612105476
338,0.25655731612105476
339,0.25655731612105476
340,0.25655731612105476
341,0.25655731612105476
342,0.25655731612105476
343,0.25655731612105476
344,0.25655731612105476
345,0.25655731612105476
346,0.25655731612105476
347,0.25655731612105476
348,0.25655731612105476
349,0.25655731612105476
350,0.25655731612105476
351,0.25655731612105476
352,0.25655731612105476
353,0.25655731612105476
354,0.25655731612105476
355,0.25655731612105476
356,0.25655731612105476
357,0.25655731612105476
358,0.25655731612105476
359,0.25655731612105476
360,0.25655731612105476
361,0.25655731612105476
362,0.25655731612105476
363,0.25655731612105476
364,0.25655731612105476
365,0.25655731612105476
366,0.25655731612105476
367,0.25655731612105476
368,0.25655731612105476
369,0.25655731612105476
370,0.25655731612105476
371,0.25655731612105476
372,0.25655731612105476
373,0.25655731612105476
374,0.25655731612105476
375,0.25655731612105476
376,0.25655731612105476
377,0.25655731612105476
378,0.25655731612105476
379,0.25655731612105476
380,0.25655731612105476
381,0.25655731612105476
382,0.25655731612105476
383,0.25655731612105476
384,0.25655731612105476
385,0.25655731612105476
386,0.25655731612105476
387,0.25655731612105476
388,0.25655731612105476
389,0.25655731612105476
390,0.25655731612105476
391,0.25655731612105476
392,0.25655731612105476
393,0.25655731612105476
394,0.25655731612105476
395,0.25655731612105476
396,0.25655731612105476
397,0.25655731612105476
398,0.25655731612105476
399,0.25655731612105476
400,0.25655731612105476
401,0.25655731612105476
402,0.25655731612105476
403,0.25655731612105476
404,0.25655731612105476
405,0.25655731612105476
406,0.25655731612105476
407,0.25655731612105476
408,0.25655731612105476
409,0.25655731612105476
410,0.25655731612105476
411,0.25655731612105476
412,0.25655731612105476
413,0.25655731612105476
414,0.25655731612105476
415,0.25655731612105476
416,0.25655731612105476
417,0.25655731612105476
418,0.25655731612105476
419,0.25655731612105476
420,0.25655731612105476
421,0.25655731612105476
422,0.25655731612105476
423,0.25655731612105476
424,0.25655731612105476
425,0.25655731612105476
426,0.25655731612105476
427,0.25655731612105476
428,0.25655731612105476
429,0.25655731612105476
430,0.25655731612105476
431,0.25655731612105476
432,0.25655731612105476
433,0.25655731612105476
434,0.25655731612105476
435,0.25655731612105476
436,0.25655731612105476
437,0.25655731612105476
438,0.25655731612105476
439,0.25655731612105476
440,0.25655731612105476
441,0.25655731612105476
442,0.25655731612105476
443,0.25655731612105476
444,0.25655731612105476
445,0.25655731612105476
446,0.25655731612105476
447,0.25655731612105476
448,0.25655731612105476
449,0.25655731612105476
450,0.25655731612105476
451,0.25655731612105476
452,0.25655731612105476
453,0.25655731612105476
454,0.25655731612105476
455,0.25655731612105476
456,0.25655731612105476
457,0.25655731612105476
458,0.25655731612105476
459,0.25655731612105476
460,0.25655731612105476
461,0.25655731612105476
462,0.25655731612105476
463,0.25655731612105476
464,0.25655731612105476
465,0.25655731612105476
466,0.25655731612105476
467,0.25655731612105476
468,0.25655731612105476
469,0.25655731612105476
470,0.25655731612105476
471,0.25655731612105476
472,0.25655731612105476
473,0.25655731612105476
474,0.25655731612105476
475,0.25655731612105476
476,0.25655731612105476
477,0.25655731612105476
478,0.25655731612105476
479,0.25655731612105476
480,0.25655731612105476
481,0.25655731612105476
482,0.25655731612105476
483,0.25655731612105476
484,0.25655731612105476
485,0.25655731612105476
486,0.25655731612105476
487,0.25655731612105476
488,0.25655731612105476
489,0.25655731612105476
490,0.25655731612105476
491,0.25655731612105476
492,0.25655731612105476
493,0.25655731612105476
494,0.25655731612105476
495,0.25655731612105476
496,0.25655731612105476
497,0.25655731612105476
498,0.25655731612105476
499,0.25655731612105476
500,0.25655731612105476
501,0.25655731612105476
502,0.25655731612105476
503,0.25655731612105476
504,0.25655731612105476
505,0.25655731612105476
506,0.25655731612105476
507,0.25655731612105476
508,0.25655731612105476
509,0.25655731612105476
510,0.25655731612105476
511,0.25655731612105476
512,0.25655731612105476
513,0.25655731612105476
514,0.25655731612105476
515,0.25655731612105476
516,0.25655731612105476
517,0.25655731612105476
518,0.25655731612105476
519,0.25655731612105476
520,0.25655731612105476
521,0.25655731612105476
522,0.25655731612105476
523,0.25655731612105476
524,0.25655731612105476
525,0.25655731612105476
526,0.25655731612105476
527,0.25655731612105476
528,0.25655731612105476
529,0.25655731612105476
530,0.25655731612105476
531,0.25655731612105476
532,0.25655731612105476
533,0.25655731612105476
534,0.25655731612105476
535,0.25655731612105476
536,0.25655731612105476
537,0.25655731612105476
538,0.25655731612105476
539,0.25655731612105476
540,0.25655731612105476
541,0.25655731612105476
542,0.25655731612105476
543,0.25655731612105476
544,0.25655731612105476
545,0.25655731612105476
546,0.25655731612105476
547,0.25655731612105476
548,0.25655731612105476
549,0.25655731612105476
550,0.25655731612105476
551,0.25655731612105476
552,0.25655731612105476
553,0.25655731612105476
554,0.25655731612105476
555,0.25655731612105476
556,0.25655731612105476
557,0.25655731612105476
558,0.25655731612105476
559,0.25655731612105476
560,0.25655731612105476
561,0.25655731612105476
562,0.25655731612105476
563,0.25655731612105476
564,0.25655731612105476
565,0.25655731612105476
566,0.25655731612105476
567,0.25655731612105476
568,0.25655731612105476
569,0.25655731612105476
570,0.25655731612105476
571,0.25655731612105476
572,0.25655731612105476
573,0.25655731612105476
574,0.25655731612105476
575,0.25655731612105476
576,0.25655731612105476
577,0.25655731612105476
578,0.25655731612105476
579,0.25655731612105476
580,0.25655731612105476
581,0.25655731612105476
582,0.25655731612105476
583,0.25655731612105476
584,0.25655731612105476
585,0.25655731612105476
586,0.25655731612105476
587,0.25655731612105476
588,0.25655731612105476
589,0.25655731612105476
590,0.25655731612105476
591,0.25655731612105476
592,0.25655731612105476
593,0.25655731612105476
594,0.25655731612105476
595,0.25655731612105476
596,0.25655731612105476
597,0.25655731612105476
598,0.25655731612105476
599,0.25655731612105476
600,0.25655731612105476
601,0.25655731612105476
602,0.25655731612105476
603,0.25655731612105476
604,0.25655731612105476
605,0.25655731612105476
606,0.25655731612105476
607,0.25655731612105476
608,0.25655731612105476
609,0.25655731612105476
610,0.25655731612105476
611,0.25655731612105476
612,0.25655731612105476
613,0.25655731612105476
614,0.25655731612105476
615,0.25655731612105476
616,0.25655731612105476
617,0.25655731612105476
618,0.25655731612105476
619,0.25655731612105476
620,0.25655731612105476
621,0.25655731612105476
622,0.25655731612105476
623,0.25655731612105476
624,0.25655731612105476
625,0.25655731612105476
626,0.25655731612105476
627,0.25655731612105476
628,0.25655731612105476
629,0.25655731612105476
630,0.25655731612105476
631,0.25655731612105476
632,0.25655731612105476
633,0.25655731612105476
634,0.25655731612105476
635,0.25655731612105476
636,0.25655731612105476
637,0.25655731612105476
638,0.25655731612105476
639,0.25655731612105476
640,0.25655731612105476
641,0.25655731612105476
642,0.25655731612105476
643,0.25655731612105476
644,0.25655731612105476
645,0.25655731612105476
646,0.25655731612105476
647,0.25655731612105476
