1,0.32473129430710357
2,0.26271111627236393
3,0.2626595981547102
4,0.2626110762735338
5,0.26256549969961657
6,0.2625227826140112
7,0.262482814097647
8,0.2624454656565483
9,0.2624105976512433
10,0.2623780645911375
11,0.2623477193450328
12,0.2623194163737068
13,0.2622930141173367
14,0.2622683766776164
15,0.26224537492864897
16,0.2622238871776413
17,0.262203799479984
18,0.26218500569615627
19,0.2621674073615957
20,0.2621509134260915
21,0.2621354399067544
22,0.2621209094881751
23,0.26210725109493754
24,0.26209439945488433
25,0.26208229466627164
26,0.26207088177786825
27,0.2620601103879804
28,0.2620499342660559
29,0.26204031099884934
30,0.26203120166188276
31,0.2620225705160884
32,0.2620143847289212
33,0.26200661411884946
34,0.2619992309218907
35,0.2619922095787328
36,0.26198552654093715
37,0.2619791600947217
38,0.26197309020086423
39,0.2619672983493337
40,0.26196176742734245
41,0.26195648159959567
42,0.26195142619960493
43,0.26194658763103273
44,0.26194195327811315
45,0.2619375114242872
46,0.2619332511782588
47,0.26192916240676617
48,0.26192523567341847
49,0.26192146218301404
50,0.2619178337308195
51,0.26191434265632774
52,0.2619109818010742
53,0.2619077444701223
54,0.2619046243968727
55,0.2619016157108817
56,0.26189871290841354
57,0.261895910825464
58,0.2618932046130345
59,0.26189058971444656
60,0.26188806184451424
61,0.2618856169704021
62,0.2618832512940227
63,0.26188096123583315
64,0.2618787434199089
65,0.26187659466018387
66,0.26187451194775124
67,0.26187249243914146
68,0.2618705334454856
69,0.2618686324224952
70,0.2618667869611869
71,0.26186499477929276
72,0.2618632537132937
73,0.26186156171103464
74,0.261859916824865
75,0.261858317205267
76,0.2618567610949333
77,0.261855246823255
78,0.2618537728011934
79,0.26185233751649795
80,0.2618509395292526
81,0.2618495774677175
82,0.26184825002444984
83,0.2618469559526801
84,0.2618456940629225
85,0.2618444632198088
86,0.2618432623391214
87,0.261842090385018
88,0.26184094636742766
89,0.26183982933961547
90,0.26183873839589156
91,0.26183767266946345
92,0.2618366313304205
93,0.261835613583837
94,0.2618346186679914
95,0.2618336458526884
96,0.26183269443768303
97,0.26183176375119427
98,0.26183085314850285
99,0.26182996201063524
100,0.2618290897431167
101,0.26182823577479675
102,0.26182739955674195
103,0.2618265805611869
104,0.26182577828054576
105,0.2618249922264763
106,0.2618242219289953
107,0.26182346693564007
108,0.26182272681067736
109,0.26182200113435067
110,0.26182128950217093
111,0.26182059152424025
112,0.2618199068246137
113,0.2618192350406915
114,0.2618185758226447
115,0.26181792883286653
116,0.2618172937454548
117,0.2618166702457168
118,0.26181605802970237
119,0.26181545680375473
120,0.26181486628408884
121,0.26181428619638636
122,0.26181371627541095
123,0.26181315626464213
124,0.26181260591592725
125,0.2618120649891475
126,0.26181153325190204
127,0.2618110104792057
128,0.2618104964531993
129,0.26180999096287644
130,0.2618094938038186
131,0.26180900477794544
132,0.2618085236932753
133,0.2618080503636949
134,0.2618075846087416
135,0.2618071262533935
136,0.2618066751278694
137,0.26180623106743633
138,0.26180579391222814
139,0.261805363507068
140,0.2618049397013012
141,0.2618045223486341
142,0.2618041113069807
143,0.26180370643831263
144,0.26180330760851944
145,0.26180291468727246
146,0.2618025275478931
147,0.2618021460672297
148,0.26180177012553585
149,0.26180139960635634
150,0.26180103439641567
151,0.2618006743855127
152,0.2618003194664175
153,0.2617999695347745
154,0.26179962448900707
155,0.2617992842302278
156,0.26179894866215114
157,0.2617986176910092
158,0.26179829122547155
159,0.26179796917656745
160,0.26179765145761164
161,0.2617973379841311
162,0.2617970286737973
163,0.26179672344635957
164,0.26179642222357935
165,0.26179612492917004
166,0.261795831488736
167,0.261795541829716
168,0.2617952558813277
169,0.26179497357451326
170,0.26179469484188933
171,0.2617944196176955
172,0.26179414783774835
173,0.2617938794393935
174,0.26179361436146087
175,0.2617933525442239
176,0.2617930939293534
177,0.26179283845988305
178,0.26179258608016487
179,0.2617923367358353
180,0.2617920903737779
181,0.26179184694208757
182,0.2617916063900377
183,0.261791368668046
184,0.26179113372764456
185,0.2617909015214475
186,0.2617906720031221
187,0.26179044512736005
188,0.261790220849849
189,0.2617899991272473
190,0.261789779917155
191,0.2617895631780925
192,0.2617893488694717
193,0.2617891369515771
194,0.2617889273855385
195,0.26178872013331195
196,0.2617885151576561
197,0.26178831242211315
198,0.26178811189098683
199,0.26178791352932473
200,0.26178771730289774
201,0.26178752317818205
202,0.261787331122341
203,0.26178714110320944
204,0.26178695308927474
205,0.26178676704966136
206,0.26178658295411494
207,0.26178640077298715
208,0.2617862204772211
209,0.2617860420383351
210,0.261785865428411
211,0.2617856906200789
212,0.26178551758650437
213,0.26178534630137545
214,0.2617851767388911
215,0.2617850088737463
216,0.2617848426811241
217,0.2617846781366806
218,0.2617845152165366
219,0.2617843538972646
220,0.2617841941558791
221,0.2617840359698268
222,0.26178387931697567
223,0.2617837241756058
224,0.26178357052440016
225,0.2617834183424353
226,0.26178326760917137
227,0.26178311830444556
228,0.26178297040846016
229,0.26178282390177937
230,0.26178267876531647
231,0.26178253498032883
232,0.26178239252840896
233,0.26178225139147765
234,0.26178211155177733
235,0.2617819729918636
236,0.26178183569459945
237,0.261781699643149
238,0.2617815648209697
239,0.26178143121180675
240,0.2617812987996871
241,0.2617811675689129
242,0.26178103750405607
243,0.261780908589953
244,0.2617807808116977
245,0.2617806541546373
246,0.2617805286043668
247,0.26178040414672354
248,0.26178028076778276
249,0.2617801584538516
250,0.2617800371914653
251,0.2617799169673826
252,0.2617797977685794
253,0.26177967958224757
254,0.2617795623957873
255,0.2617794461968052
256,0.26177933097310896
257,0.2617792167127032
258,0.26177910340378663
259,0.26177899103474667
260,0.2617788795941578
261,0.2617787690707757
262,0.2617786594535348
263,0.2617785507315442
264,0.26177844289408647
265,0.26177833593060956
266,0.26177822983072907
267,0.26177812458422084
268,0.26177802018102053
269,0.2617779166112188
270,0.2617778138650594
271,0.26177771193293564
272,0.2617776108053883
273,0.2617775104731015
274,0.2617774109269022
275,0.26177731215775485
276,0.2617772141567611
277,0.2617771169151561
278,0.26177702042430556
279,0.26177692467570535
280,0.26177682966097654
281,0.26177673537186497
282,0.26177664180023813
283,0.2617765489380832
284,0.261776456777505
285,0.261776365310723
286,0.2617762745300714
287,0.26177618442799355
288,0.2617760949970437
289,0.26177600622988284
290,0.26177591811927725
291,0.2617758306580966
292,0.26177574383931274
293,0.2617756576559967
294,0.2617755721013181
295,0.26177548716854343
296,0.26177540285103257
297,0.26177531914223967
298,0.2617752360357098
299,0.2617751535250787
300,0.26177507160406915
301,0.26177499026649187
302,0.2617749095062423
303,0.2617748293173002
304,0.2617747496937279
305,0.2617746706296679
306,0.26177459211934334
307,0.2617745141570557
308,0.2617744367371831
309,0.26177435985417963
310,0.26177428350257337
311,0.2617742076769667
312,0.2617741323720334
313,0.2617740575825183
314,0.2617739833032354
315,0.2617739095290686
316,0.2617738362549675
317,0.2617737634759491
318,0.261773691187096
319,0.26177361938355354
320,0.2617735480605324
321,0.26177347721330313
322,0.26177340683719896
323,0.261773336927613
324,0.2617732674799971
325,0.26177319848986214
326,0.26177312995277563
327,0.26177306186436183
328,0.26177299422030104
329,0.2617729270163273
330,0.26177286024822927
331,0.26177279391184805
332,0.26177272800307766
333,0.26177266251786224
334,0.2617725974521983
335,0.26177253280213025
336,0.26177246856375314
337,0.26177240473320895
338,0.2617723413066878
339,0.26177227828042693
340,0.2617722156507092
341,0.261772153413863
342,0.2617720915662614
343,0.2617720301043219
344,0.2617719690245046
345,0.2617719083233132
346,0.2617718479972926
347,0.2617717880430302
348,0.26177172845715346
349,0.26177166923632994
350,0.26177161037726765
351,0.26177155187671325
352,0.26177149373145187
353,0.2617714359383064
354,0.2617713784941377
355,0.2617713213958425
356,0.2617712646403548
357,0.2617712082246438
358,0.26177115214571445
359,0.26177109640060564
360,0.2617710409863914
361,0.2617709859001789
362,0.2617709311391087
363,0.26177087670035465
364,0.2617708225811223
365,0.26177076877864947
366,0.261770715290205
367,0.26177066211308975
368,0.2617706092446334
369,0.26177055668219706
370,0.2617705044231716
371,0.26177045246497704
372,0.26177040080506125
373,0.2617703494409019
374,0.2617702983700043
375,0.26177024758990086
376,0.2617701970981526
377,0.26177014689234623
378,0.2617700969700959
379,0.26177004732904147
380,0.2617699979668487
381,0.26176994888120925
382,0.2617699000698396
383,0.26176985153048116
384,0.26176980326089977
385,0.26176975525888585
386,0.2617697075222524
387,0.26176966004883784
388,0.26176961283650213
389,0.2617695658831293
390,0.2617695191866251
391,0.2617694727449178
392,0.2617694265559582
393,0.2617693806177183
394,0.2617693349281917
395,0.26176928948539313
396,0.2617692442873579
397,0.26176919933214277
398,0.2617691546178237
399,0.2617691101424977
400,0.26176906590428106
401,0.26176902190130913
402,0.2617689781317384
403,0.26176893459374223
404,0.2617688912855143
405,0.26176884820526586
406,0.26176880535122715
407,0.26176876272164656
408,0.26176872031478954
409,0.26176867812894045
410,0.2617686361624001
411,0.2617685944134866
412,0.2617685528805357
413,0.26176851156189906
414,0.26176847045594515
415,0.26176842956106006
416,0.2617683888756437
417,0.26176834839811397
418,0.26176830812690366
419,0.26176826806046094
420,0.26176822819724954
421,0.26176818853574924
422,0.2617681490744533
423,0.261768109811871
424,0.26176807074652575
425,0.2617680318769554
426,0.2617679932017123
427,0.26176795471936265
428,0.26176791642848674
429,0.261767878327679
430,0.2617678404155465
431,0.2617678026907108
432,0.2617677651518058
433,0.2617677277974795
434,0.2617676906263925
435,0.2617676536372175
436,0.261767616828641
437,0.2617675801993613
438,0.2617675437480891
439,0.2617675074735476
440,0.26176747137447187
441,0.261767435449609
442,0.261767399697718
443,0.2617673641175695
444,0.26176732870794484
445,0.26176729346763855
446,0.26176725839545406
447,0.26176722349020826
448,0.2617671887507276
449,0.2617671541758496
450,0.2617671197644229
451,0.2617670855153063
452,0.2617670514273699
453,0.26176701749949316
454,0.2617669837305662
455,0.26176695011949014
456,0.26176691666517427
457,0.2617668833665395
458,0.2617668502225164
459,0.26176681723204404
460,0.26176678439407186
461,0.26176675170755903
462,0.26176671917147376
463,0.26176668678479365
464,0.2617666545465052
465,0.26176662245560417
466,0.2617665905110951
467,0.2617665587119924
468,0.26176652705731757
469,0.2617664955461016
470,0.2617664641773844
471,0.26176643295021457
472,0.2617664018636478
473,0.261766370916749
474,0.2617663401085909
475,0.26176630943825535
476,0.26176627890483106
477,0.2617662485074148
478,0.2617662182451117
479,0.261766188117035
480,0.26176615812230397
481,0.26176612826004714
482,0.26176609852940036
483,0.2617660689295062
484,0.2617660394595149
485,0.2617660101185843
486,0.261765980905879
487,0.26176595182057094
488,0.2617659228618392
489,0.26176589402886974
490,0.2617658653208553
491,0.2617658367369958
492,0.26176580827649765
493,0.2617657799385738
