1,0.3364969284234494
2,0.27655780110125167
3,0.27612078979805055
4,0.27563681694224373
5,0.2750926143038127
6,0.2744738357827616
7,0.2737680695782062
8,0.2729711096019257
9,0.27209609156266223
10,0.2711803404907079
11,0.2702807756636772
12,0.26945529080846586
13,0.26874229183749815
14,0.2681530672083611
15,0.26767803854889877
16,0.26729777244481645
17,0.2669913940049619
18,0.2667407079990006
19,0.26653133271777657
20,0.2663524314433548
21,0.26619601021878087
22,0.2660562094645742
23,0.2659287255185264
24,0.26581037682240455
25,0.2656987906568058
26,0.26559218026694376
27,0.2654891866310883
28,0.2653887654617118
29,0.2652901055757415
30,0.2651925689733827
31,0.2650956459640444
32,0.26499892076091397
33,0.26490204439706516
34,0.264804712797753
35,0.2647066485197408
36,0.26460758513940513
37,0.2645072536071211
38,0.2644053701372141
39,0.2643016254108687
40,0.26419567506933417
41,0.26408713170211723
42,0.26397555882856555
43,0.26386046777555733
44,0.2637413189158782
45,0.2636175294895789
46,0.2634884911830436
47,0.2633536016817764
48,0.26321231521529875
49,0.2630642169600876
50,0.26290912381655096
51,0.2627472078885855
52,0.2625791277696818
53,0.2624061376301933
54,0.26223013098782044
55,0.26205357574646143
56,0.26187931974620304
57,0.2617102902118857
58,0.2615491564480043
59,0.2613980447491787
60,0.26125837366126053
61,0.26113082950258193
62,0.2610154553318185
63,0.26091180281308884
64,0.2608190980196066
65,0.26073638821382067
66,0.26066265473261757
67,0.26059689035234496
68,0.26053814651121276
69,0.26048555802348605
70,0.26043835251588027
71,0.26039585034583285
72,0.2603574591348743
73,0.26032266566630985
74,0.26029102686015815
75,0.26026216082209763
76,0.2602357384963889
77,0.2602114761633875
78,0.26018912885176065
79,0.2601684846412059
80,0.2601493597841017
81,0.26013159455500845
82,0.26011504973319305
83,0.2600996036279511
84,0.2600851495650502
85,0.260071593762542
86,0.2600588535341337
87,0.26004685576755304
88,0.26003553563356396
89,0.26002483548846267
90,0.26001470393896986
91,0.26000509504360153
92,0.25999596762891364
93,0.2599872847026128
94,0.259979012948522
95,0.2599711222908601
96,0.2599635855173561
97,0.25995637795242393
98,0.2599494771730317
99,0.2599428627610688
100,0.2599365160870013
101,0.25993042012040457
102,0.25992455926364316
103,0.25991891920553545
104,0.25991348679231346
105,0.2599082499135805
106,0.2599031974013099
107,0.2598983189402071
108,0.2598936049879927
109,0.25988904670436846
110,0.2598846358876006
111,0.2598803649177908
112,0.2598762267060447
113,0.25987221464883625
114,0.25986832258696946
115,0.2598645447686119
116,0.25986087581593753
117,0.25985731069498386
118,0.2598538446883646
119,0.2598504733705345
120,0.2598471925853325
121,0.2598439984255638
122,0.259840887214409
123,0.25983785548847504
124,0.2598348999823209
125,0.25983201761431207
126,0.25982920547367183
127,0.2598264608086165
128,0.25982378101546444
129,0.2598211636286364
130,0.2598186063114545
131,0.25981610684767104
132,0.25981366313366117
133,0.2598112731712174
134,0.25980893506089325
135,0.25980664699585077
136,0.25980440725616066
137,0.2598022142035265
138,0.2598000662763892
139,0.25979796198538047
140,0.259795899909104
141,0.2597938786902066
142,0.25979189703172395
143,0.2597899536936756
144,0.2597880474898907
145,0.25978617728504433
146,0.2597843419918929
147,0.2597825405686857
148,0.25978077201674854
149,0.2597790353782177
150,0.2597773297339212
151,0.25977565420138693
152,0.25977400793298167
153,0.2597723901141563
154,0.25977079996180336
155,0.2597692367227089
156,0.2597676996720989
157,0.25976618811226926
158,0.2597647013712961
159,0.2597632388018215
160,0.2597617997799058
161,0.25976038370394605
162,0.2597589899936564
163,0.259757618089101
164,0.25975626744978414
165,0.2597549375537863
166,0.2597536278969486
167,0.25975233799210073
168,0.2597510673683275
169,0.25974981557027593
170,0.25974858215749824
171,0.25974736670382503
172,0.2597461687967758
173,0.2597449880369945
174,0.25974382403771545
175,0.25974267642425514
176,0.25974154483352907
177,0.25974042891359195
178,0.2597393283232001
179,0.2597382427313941
180,0.25973717181710326
181,0.2597361152687649
182,0.2597350727839662
183,0.2597340440690977
184,0.25973302883902655
185,0.25973202681678215
186,0.2597310377332571
187,0.2597300613269208
188,0.2597290973435465
189,0.2597281455359498
190,0.2597272056637388
191,0.2597262774930742
192,0.2597253607964413
193,0.2597244553524304
194,0.2597235609455271
195,0.25972267736591065
196,0.25972180440926185
197,0.25972094187657757
198,0.2597200895739947
199,0.25971924731261775
200,0.2597184149083582
201,0.25971759218177687
202,0.25971677895793294
203,0.25971597506624017
204,0.25971518034032753
205,0.25971439461790635
206,0.25971361774064156
207,0.25971284955402857
208,0.2597120899072742
209,0.25971133865318335
210,0.2597105956480486
211,0.25970986075154334
212,0.259709133826622
213,0.25970841473941997
214,0.2597077033591606
215,0.2597069995580624
216,0.2597063032112528
217,0.2597056141966828
218,0.25970493239504466
219,0.25970425768969435
220,0.2597035899665736
221,0.259702929114139
222,0.25970227502328913
223,0.2597016275872971
224,0.25970098670174396
225,0.25970035226445537
226,0.2596997241754392
227,0.2596991023368272
228,0.2596984866528157
229,0.25969787702961117
230,0.2596972733753756
231,0.25969667560017545
232,0.25969608361592966
233,0.2596954973363613
234,0.2596949166769524
235,0.2596943415548946
236,0.25969377188904796
237,0.25969320759989634
238,0.25969264860950697
239,0.25969209484148953
240,0.2596915462209571
241,0.25969100267448886
242,0.25969046413009295
243,0.2596899305171724
244,0.2596894017664876
245,0.2596888778101263
246,0.25968835858146977
247,0.25968784401516065
248,0.25968733404707334
249,0.25968682861428477
250,0.2596863276550447
251,0.25968583110874843
252,0.2596853389159097
253,0.2596848510181338
254,0.2596843673580921
255,0.25968388787949964
256,0.25968341252708615
257,0.25968294124657787
258,0.25968247398467087
259,0.25968201068901087
260,0.25968155130817105
261,0.25968109579163157
262,0.25968064408975894
263,0.2596801961537858
264,0.25967975193579257
265,0.2596793113886878
266,0.2596788744661908
267,0.259678441122813
268,0.2596780113138418
269,0.25967758499532256
270,0.2596771621240428
271,0.2596767426575164
272,0.25967632655396816
273,0.2596759137723178
274,0.25967550427216596
275,0.25967509801378036
276,0.2596746949580813
277,0.2596742950666271
278,0.25967389830160226
279,0.2596735046258043
280,0.2596731140026299
281,0.2596727263960642
282,0.25967234177066767
283,0.25967196009156585
284,0.25967158132443563
285,0.25967120543549677
286,0.25967083239149846
287,0.259670462159711
288,0.25967009470791436
289,0.2596697300043874
290,0.25966936801789986
291,0.25966900871770116
292,0.25966865207351286
293,0.2596682980555163
294,0.25966794663434695
295,0.2596675977810844
296,0.2596672514672431
297,0.2596669076647655
298,0.2596665663460131
299,0.2596662274837581
300,0.2596658910511766
301,0.2596655570218408
302,0.2596652253697103
303,0.25966489606912757
304,0.25966456909480723
305,0.25966424442183367
306,0.25966392202564925
307,0.2596636018820515
308,0.25966328396718535
309,0.2596629682575364
310,0.25966265472992595
311,0.2596623433615034
312,0.25966203412974154
313,0.2596617270124296
314,0.2596614219876694
315,0.25966111903386874
316,0.2596608181297353
317,0.25966051925427197
318,0.25966022238677283
319,0.25965992750681605
320,0.25965963459426
321,0.2596593436292388
322,0.2596590545921565
323,0.2596587674636833
324,0.25965848222475046
325,0.2596581988565458
326,0.2596579173405103
327,0.259657637658332
328,0.25965735979194376
329,0.25965708372351815
330,0.2596568094354631
331,0.25965653691041846
332,0.2596562661312526
333,0.2596559970810574
334,0.2596557297431459
335,0.25965546410104773
336,0.25965520013850546
337,0.2596549378394722
338,0.2596546771881069
339,0.25965441816877183
340,0.2596541607660289
341,0.2596539049646364
342,0.2596536507495465
343,0.2596533981059011
344,0.2596531470190295
345,0.2596528974744454
346,0.2596526494578439
347,0.25965240295509817
348,0.2596521579522576
349,0.2596519144355441
350,0.2596516723913495
351,0.2596514318062335
352,0.25965119266692205
353,0.2596509549603006
354,0.2596507186734169
355,0.2596504837934754
356,0.2596502503078349
357,0.259650018204008
358,0.2596497874696572
359,0.2596495580925921
360,0.2596493300607696
361,0.259649103362289
362,0.25964887798539205
363,0.25964865391845887
364,0.25964843115000724
365,0.25964820966869
366,0.2596479894632935
367,0.25964777052273497
368,0.25964755283606133
369,0.2596473363924464
370,0.2596471211811894
371,0.25964690719171385
372,0.259646694413565
373,0.2596464828364075
374,0.2596462724500255
375,0.2596460632443187
376,0.25964585520930245
377,0.25964564833510556
378,0.25964544261196776
379,0.2596452380302401
380,0.2596450345803806
381,0.259644832252956
382,0.259644631038637
383,0.25964443092819994
384,0.25964423191252217
385,0.2596440339825833
386,0.2596438371294612
387,0.2596436413443346
388,0.25964344661847627
389,0.25964325294325635
390,0.25964306031013923
391,0.25964286871068165
392,0.25964267813653247
393,0.25964248857943106
394,0.2596423000312056
395,0.259642112483773
396,0.25964192592913643
397,0.25964174035938464
398,0.2596415557666914
399,0.25964137214331384
400,0.2596411894815908
401,0.2596410077739426
402,0.2596408270128696
403,0.2596406471909509
404,0.25964046830084436
405,0.2596402903352838
406,0.2596401132870799
407,0.25963993714911704
408,0.2596397619143546
409,0.25963958757582484
410,0.2596394141266315
411,0.25963924155994955
412,0.25963906986902435
413,0.25963889904717063
414,0.25963872908777097
415,0.259638559984276
416,0.2596383917302027
417,0.2596382243191335
418,0.259638057744716
419,0.2596378920006626
420,0.25963772708074817
421,0.2596375629788095
422,0.2596373996887469
423,0.25963723720451987
424,0.25963707552014914
425,0.2596369146297141
426,0.2596367545273534
427,0.2596365952072637
428,0.2596364366636976
429,0.25963627889096613
430,0.25963612188343466
431,0.25963596563552427
432,0.2596358101417108
433,0.2596356553965227
434,0.25963550139454267
435,0.2596353481304057
