1,0.2723799855147043
2,0.2664598169556958
3,0.266455531312265
4,0.2664513898280439
5,0.26644738647697747
6,0.266443515507314
7,0.2664397714300101
8,0.26643614900745366
9,0.26643264324245947
10,0.266429249367555
11,0.26642596283457737
12,0.26642277930460256
13,0.26641969463822185
14,0.26641670488617214
15,0.26641380628032807
16,0.2664109952250581
17,0.2664082682889401
18,0.2664056221968364
19,0.2664030538223176
20,0.2664005601804321
21,0.26639813842080995
22,0.2663957858210898
23,0.26639349978066185
24,0.2663912778147123
25,0.26638911754856026
26,0.2663870167122729
27,0.2663849731355507
28,0.26638298474286665
29,0.2663810495488531
30,0.2663791656539203
31,0.266377331240099
32,0.2663755445670942
33,0.26637380396854166
34,0.26637210784845533
35,0.26637045467785797
36,0.2663688429915828
37,0.2663672713852421
38,0.2663657385123485
39,0.26636424308158657
40,0.26636278385422174
41,0.2663613596416429
42,0.2663599693030315
43,0.2663586117431472
44,0.26635728591022856
45,0.2663559907939977
46,0.2663547254237688
47,0.26635348886664917
48,0.2663522802258327
49,0.2663510986389781
50,0.2663499432766688
51,0.2663488133409484
52,0.2663477080639299
53,0.26634662670647263
54,0.26634556855692537
55,0.26634453292993027
56,0.2663435191652855
57,0.2663425266268624
58,0.2663415547015774
59,0.2663406027984093
60,0.26633967034746864
61,0.26633875679910757
62,0.2663378616230729
63,0.26633698430770175
64,0.2663361243591516
65,0.26633528130066836
66,0.2663344546718871
67,0.2663336440281682
68,0.2663328489399606
69,0.2663320689921963
70,0.2663313037837123
71,0.26633055292669816
72,0.2663298160461697
73,0.2663290927794646
74,0.2663283827757639
75,0.2663276856956296
76,0.26632700121056824
77,0.26632632900261044
78,0.2663256687639099
79,0.266325020196359
80,0.2663243830112235
81,0.26632375692878896
82,0.2663231416780276
83,0.2663225369962742
84,0.2663219426289193
85,0.26632135832911386
86,0.26632078385748725
87,0.26632021898187586
88,0.2663196634770644
89,0.2663191171245357
90,0.2663185797122349
91,0.26631805103433853
92,0.2663175308910357
93,0.26631701908831856
94,0.2663165154377793
95,0.26631601975641656
96,0.26631553186645074
97,0.2663150515951431
98,0.26631457877462567
99,0.26631411324173576
100,0.26631365483785835
101,0.26631320340877285
102,0.2663127588045071
103,0.26631232087919715
104,0.2663118894909515
105,0.2663114645017213
106,0.2663110457771744
107,0.26631063318657605
108,0.26631022660267184
109,0.2663098259015766
110,0.2663094309626675
111,0.2663090416684797
112,0.2663086579046067
113,0.26630827955960495
114,0.2663079065249011
115,0.2663075386947022
116,0.26630717596591114
117,0.26630681823804264
118,0.2663064654131433
119,0.26630611739571564
120,0.26630577409264244
121,0.2663054354131161
122,0.2663051012685691
123,0.2663047715726067
124,0.2663044462409435
125,0.2663041251913404
126,0.2663038083435446
127,0.26630349561923206
128,0.2663031869419507
129,0.26630288223706694
130,0.26630258143171326
131,0.2663022844547371
132,0.2663019912366517
133,0.266301701709591
134,0.26630141580726074
135,0.2663011334648974
136,0.26630085461922226
137,0.2663005792084033
138,0.26630030717201303
139,0.2663000384509898
140,0.26629977298760205
141,0.26629951072541025
142,0.26629925160923235
143,0.2662989955851103
144,0.2662987426002762
145,0.26629849260312144
146,0.26629824554316506
147,0.26629800137102405
148,0.26629776003838423
149,0.26629752149797253
150,0.2662972857035296
151,0.26629705260978276
152,0.2662968221724217
153,0.2662965943480721
154,0.26629636909427307
155,0.266296146369453
156,0.2662959261329067
157,0.26629570834477373
158,0.26629549296601746
159,0.2662952799584038
160,0.26629506928448116
161,0.26629486090756166
162,0.2662946547917012
163,0.2662944509016818
164,0.26629424920299366
165,0.2662940496618168
166,0.2662938522450066
167,0.2662936569200749
168,0.2662934636551754
169,0.26629327241908823
170,0.2662930831812049
171,0.266292895911513
172,0.266292710580583
173,0.26629252715955404
174,0.2662923456201205
175,0.2662921659345192
176,0.2662919880755163
177,0.26629181201639535
178,0.26629163773094566
179,0.26629146519344976
180,0.26629129437867266
181,0.26629112526185017
182,0.26629095781868
183,0.2662907920253086
184,0.266290627858323
185,0.2662904652947406
186,0.2662903043119982
187,0.26629014488794434
188,0.2662899870008296
189,0.2662898306292976
190,0.2662896757523754
191,0.2662895223494667
192,0.26628937040034273
193,0.26628921988513427
194,0.266289070784324
195,0.2662889230787388
196,0.26628877674954254
197,0.2662886317782283
198,0.2662884881466117
199,0.26628834583682476
200,0.2662882048313072
201,0.26628806511280256
202,0.26628792666434953
203,0.26628778946927684
204,0.26628765351119765
205,0.2662875187740019
206,0.2662873852418525
207,0.2662872528991791
208,0.2662871217306713
209,0.2662869917212757
210,0.2662868628561885
211,0.2662867351208517
212,0.2662866085009471
213,0.26628648298239294
214,0.2662863585513371
215,0.2662862351941553
216,0.26628611289744303
217,0.26628599164801414
218,0.2662858714328957
219,0.26628575223932266
220,0.2662856340547349
221,0.2662855168667729
222,0.26628540066327383
223,0.2662852854322679
224,0.2662851711619742
225,0.26628505784079737
226,0.26628494545732356
227,0.26628483400031805
228,0.2662847234587203
229,0.26628461382164215
230,0.26628450507836326
231,0.26628439721832836
232,0.26628429023114475
233,0.26628418410657856
234,0.2662840788345518
235,0.2662839744051397
236,0.26628387080856775
237,0.26628376803520876
238,0.26628366607558074
239,0.26628356492034305
240,0.2662834645602955
241,0.26628336498637367
242,0.2662832661896488
243,0.2662831681613233
244,0.2662830708927291
245,0.2662829743753261
246,0.26628287860069844
247,0.2662827835605531
248,0.26628268924671805
249,0.2662825956511389
250,0.26628250276587834
251,0.2662824105831128
252,0.266282319095131
253,0.2662822282943317
254,0.2662821381732221
255,0.2662820487244163
256,0.26628195994063164
257,0.2662818718146899
258,0.2662817843395125
259,0.2662816975081205
260,0.26628161131363237
261,0.26628152574926256
262,0.2662814408083199
263,0.2662813564842055
264,0.26628127277041136
265,0.2662811896605194
266,0.26628110714819936
267,0.26628102522720687
268,0.2662809438913836
269,0.2662808631346541
270,0.2662807829510252
271,0.26628070333458514
272,0.26628062427950105
273,0.26628054578001875
274,0.2662804678304606
275,0.26628039042522456
276,0.26628031355878345
277,0.26628023722568295
278,0.26628016142054056
279,0.26628008613804544
280,0.2662800113729554
281,0.2662799371200975
282,0.26627986337436627
283,0.2662797901307221
284,0.26627971738419115
285,0.2662796451298641
286,0.26627957336289426
287,0.2662795020784977
288,0.2662794312719512
289,0.2662793609385928
290,0.26627929107381887
291,0.2662792216730854
