1,0.2515161005185822
2,0.2514150831006199
3,0.25134152036451574
4,0.2512740818907693
5,0.2512124599037302
6,0.2511562901442842
7,0.25110517454145936
8,0.2510587027792978
9,0.2510164683745231
10,0.2509780799127764
11,0.2509431683017554
12,0.25091139092512094
13,0.25088243350078354
14,0.25085601031890575
15,0.25083186339578695
16,0.25080976095043234
17,0.25078949550007307
18,0.25077088177872203
19,0.25075375456906945
20,0.2507379635462527
21,0.25425559922584184
22,0.253454334801562
23,0.25344649572367856
24,0.25344649572292904
25,0.25344649572292904
26,0.25344649572292904
27,0.25344649572292904
28,0.25344649572292904
29,0.25344649572292904
30,0.25344649572292904
31,0.25344649572292904
32,0.25344649572292904
33,0.25344649572292904
34,0.25344649572292904
35,0.25344649572292904
36,0.25344649572292904
37,0.25344649572292904
38,0.25344649572292904
39,0.25344649572292904
40,0.25344649572292904
41,0.25344649572292904
42,0.25344649572292904
43,0.25344649572292904
44,0.25344649572292904
45,0.25344649572292904
46,0.25344649572292904
47,0.25344649572292904
48,0.25344649572292904
49,0.25344649572292904
50,0.25344649572292904
51,0.25344649572292904
52,0.25344649572292904
53,0.25344649572292904
54,0.25344649572292904
55,0.25344649572292904
56,0.25344649572292904
57,0.25344649572292904
58,0.25344649572292904
59,0.25344649572292904
60,0.25344649572292904
61,0.25344649572292904
62,0.25344649572292904
63,0.25344649572292904
64,0.25344649572292904
65,0.25344649572292904
66,0.25344649572292904
67,0.25344649572292904
68,0.25344649572292904
69,0.25344649572292904
70,0.25344649572292904
71,0.25344649572292904
72,0.25344649572292904
73,0.25344649572292904
74,0.25344649572292904
75,0.25344649572292904
76,0.25344649572292904
77,0.25344649572292904
78,0.25344649572292904
79,0.25344649572292904
80,0.25344649572292904
81,0.25344649572292904
82,0.25344649572292904
83,0.25344649572292904
84,0.25344649572292904
85,0.25344649572292904
86,0.25344649572292904
87,0.25344649572292904
88,0.25344649572292904
89,0.25344649572292904
90,0.25344649572292904
91,0.25344649572292904
92,0.25344649572292904
93,0.25344649572292904
94,0.25344649572292904
95,0.25344649572292904
96,0.25344649572292904
97,0.25344649572292904
98,0.25344649572292904
99,0.25344649572292904
100,0.25344649572292904
101,0.25344649572292904
102,0.25344649572292904
103,0.25344649572292904
104,0.25344649572292904
105,0.25344649572292904
106,0.25344649572292904
107,0.25344649572292904
108,0.25344649572292904
109,0.25344649572292904
110,0.25344649572292904
111,0.25344649572292904
112,0.25344649572292904
113,0.25344649572292904
114,0.25344649572292904
115,0.25344649572292904
116,0.25344649572292904
117,0.25344649572292904
118,0.25344649572292904
119,0.25344649572292904
120,0.25344649572292904
121,0.25344649572292904
122,0.25344649572292904
123,0.25344649572292904
124,0.25344649572292904
125,0.25344649572292904
126,0.25344649572292904
127,0.25344649572292904
128,0.25344649572292904
129,0.25344649572292904
130,0.25344649572292904
131,0.25344649572292904
132,0.25344649572292904
133,0.25344649572292904
134,0.25344649572292904
135,0.25344649572292904
136,0.25344649572292904
137,0.25344649572292904
138,0.25344649572292904
139,0.25344649572292904
140,0.25344649572292904
141,0.25344649572292904
142,0.25344649572292904
143,0.25344649572292904
144,0.25344649572292904
145,0.25344649572292904
146,0.25344649572292904
147,0.25344649572292904
148,0.25344649572292904
149,0.25344649572292904
150,0.25344649572292904
151,0.25344649572292904
152,0.25344649572292904
153,0.25344649572292904
154,0.25344649572292904
155,0.25344649572292904
156,0.25344649572292904
157,0.25344649572292904
158,0.25344649572292904
159,0.25344649572292904
160,0.25344649572292904
161,0.25344649572292904
162,0.25344649572292904
163,0.25344649572292904
164,0.25344649572292904
165,0.25344649572292904
166,0.25344649572292904
167,0.25344649572292904
168,0.25344649572292904
169,0.25344649572292904
170,0.25344649572292904
171,0.25344649572292904
172,0.25344649572292904
173,0.25344649572292904
174,0.25344649572292904
175,0.25344649572292904
176,0.25344649572292904
177,0.25344649572292904
178,0.25344649572292904
179,0.25344649572292904
180,0.25344649572292904
181,0.25344649572292904
182,0.25344649572292904
183,0.25344649572292904
184,0.25344649572292904
185,0.25344649572292904
186,0.25344649572292904
187,0.25344649572292904
188,0.25344649572292904
189,0.25344649572292904
190,0.25344649572292904
191,0.25344649572292904
192,0.25344649572292904
193,0.25344649572292904
194,0.25344649572292904
195,0.25344649572292904
196,0.25344649572292904
197,0.25344649572292904
198,0.25344649572292904
199,0.25344649572292904
200,0.25344649572292904
201,0.25344649572292904
202,0.25344649572292904
203,0.25344649572292904
204,0.25344649572292904
205,0.25344649572292904
206,0.25344649572292904
207,0.25344649572292904
208,0.25344649572292904
209,0.25344649572292904
210,0.25344649572292904
211,0.25344649572292904
212,0.25344649572292904
213,0.25344649572292904
214,0.25344649572292904
215,0.25344649572292904
216,0.25344649572292904
217,0.25344649572292904
218,0.25344649572292904
219,0.25344649572292904
220,0.25344649572292904
221,0.25344649572292904
222,0.25344649572292904
223,0.25344649572292904
224,0.25344649572292904
225,0.25344649572292904
226,0.25344649572292904
227,0.25344649572292904
228,0.25344649572292904
229,0.25344649572292904
230,0.25344649572292904
231,0.25344649572292904
232,0.25344649572292904
233,0.25344649572292904
234,0.25344649572292904
235,0.25344649572292904
236,0.25344649572292904
237,0.25344649572292904
238,0.25344649572292904
239,0.25344649572292904
240,0.25344649572292904
241,0.25344649572292904
242,0.25344649572292904
243,0.25344649572292904
244,0.25344649572292904
245,0.25344649572292904
246,0.25344649572292904
247,0.25344649572292904
248,0.25344649572292904
249,0.25344649572292904
250,0.25344649572292904
251,0.25344649572292904
252,0.25344649572292904
253,0.25344649572292904
254,0.25344649572292904
255,0.25344649572292904
256,0.25344649572292904
257,0.25344649572292904
258,0.25344649572292904
259,0.25344649572292904
260,0.25344649572292904
261,0.25344649572292904
262,0.25344649572292904
263,0.25344649572292904
264,0.25344649572292904
265,0.25344649572292904
266,0.25344649572292904
267,0.25344649572292904
268,0.25344649572292904
269,0.25344649572292904
270,0.25344649572292904
271,0.25344649572292904
272,0.25344649572292904
273,0.25344649572292904
274,0.25344649572292904
275,0.25344649572292904
276,0.25344649572292904
277,0.25344649572292904
278,0.25344649572292904
279,0.25344649572292904
280,0.25344649572292904
281,0.25344649572292904
282,0.25344649572292904
283,0.25344649572292904
284,0.25344649572292904
285,0.25344649572292904
286,0.25344649572292904
287,0.25344649572292904
288,0.25344649572292904
289,0.25344649572292904
290,0.25344649572292904
291,0.25344649572292904
292,0.25344649572292904
293,0.25344649572292904
294,0.25344649572292904
295,0.25344649572292904
296,0.25344649572292904
297,0.25344649572292904
298,0.25344649572292904
299,0.25344649572292904
300,0.25344649572292904
301,0.25344649572292904
302,0.25344649572292904
303,0.25344649572292904
304,0.25344649572292904
305,0.25344649572292904
306,0.25344649572292904
307,0.25344649572292904
308,0.25344649572292904
309,0.25344649572292904
310,0.25344649572292904
311,0.25344649572292904
312,0.25344649572292904
313,0.25344649572292904
314,0.25344649572292904
315,0.25344649572292904
316,0.25344649572292904
317,0.25344649572292904
318,0.25344649572292904
319,0.25344649572292904
320,0.25344649572292904
321,0.25344649572292904
322,0.25344649572292904
323,0.25344649572292904
324,0.25344649572292904
325,0.25344649572292904
326,0.25344649572292904
327,0.25344649572292904
328,0.25344649572292904
329,0.25344649572292904
330,0.25344649572292904
331,0.25344649572292904
332,0.25344649572292904
333,0.25344649572292904
334,0.25344649572292904
335,0.25344649572292904
336,0.25344649572292904
337,0.25344649572292904
338,0.25344649572292904
339,0.25344649572292904
340,0.25344649572292904
341,0.25344649572292904
342,0.25344649572292904
343,0.25344649572292904
344,0.25344649572292904
345,0.25344649572292904
346,0.25344649572292904
347,0.25344649572292904
348,0.25344649572292904
349,0.25344649572292904
350,0.25344649572292904
351,0.25344649572292904
352,0.25344649572292904
353,0.25344649572292904
354,0.25344649572292904
355,0.25344649572292904
356,0.25344649572292904
357,0.25344649572292904
358,0.25344649572292904
359,0.25344649572292904
360,0.25344649572292904
361,0.25344649572292904
362,0.25344649572292904
363,0.25344649572292904
364,0.25344649572292904
365,0.25344649572292904
366,0.25344649572292904
367,0.25344649572292904
368,0.25344649572292904
369,0.25344649572292904
370,0.25344649572292904
371,0.25344649572292904
372,0.25344649572292904
373,0.25344649572292904
374,0.25344649572292904
375,0.25344649572292904
376,0.25344649572292904
377,0.25344649572292904
378,0.25344649572292904
379,0.25344649572292904
380,0.25344649572292904
381,0.25344649572292904
382,0.25344649572292904
383,0.25344649572292904
384,0.25344649572292904
385,0.25344649572292904
386,0.25344649572292904
387,0.25344649572292904
388,0.25344649572292904
389,0.25344649572292904
390,0.25344649572292904
391,0.25344649572292904
392,0.25344649572292904
393,0.25344649572292904
394,0.25344649572292904
395,0.25344649572292904
396,0.25344649572292904
397,0.25344649572292904
398,0.25344649572292904
399,0.25344649572292904
400,0.25344649572292904
401,0.25344649572292904
402,0.25344649572292904
403,0.25344649572292904
404,0.25344649572292904
405,0.25344649572292904
406,0.25344649572292904
407,0.25344649572292904
408,0.25344649572292904
409,0.25344649572292904
410,0.25344649572292904
411,0.25344649572292904
412,0.25344649572292904
413,0.25344649572292904
414,0.25344649572292904
415,0.25344649572292904
416,0.25344649572292904
417,0.25344649572292904
418,0.25344649572292904
419,0.25344649572292904
420,0.25344649572292904
421,0.25344649572292904
422,0.25344649572292904
423,0.25344649572292904
424,0.25344649572292904
425,0.25344649572292904
426,0.25344649572292904
427,0.25344649572292904
428,0.25344649572292904
429,0.25344649572292904
430,0.25344649572292904
431,0.25344649572292904
432,0.25344649572292904
433,0.25344649572292904
434,0.25344649572292904
435,0.25344649572292904
436,0.25344649572292904
437,0.25344649572292904
438,0.25344649572292904
439,0.25344649572292904
440,0.25344649572292904
441,0.25344649572292904
442,0.25344649572292904
443,0.25344649572292904
444,0.25344649572292904
445,0.25344649572292904
446,0.25344649572292904
447,0.25344649572292904
448,0.25344649572292904
449,0.25344649572292904
450,0.25344649572292904
451,0.25344649572292904
452,0.25344649572292904
453,0.25344649572292904
454,0.25344649572292904
455,0.25344649572292904
456,0.25344649572292904
457,0.25344649572292904
458,0.25344649572292904
459,0.25344649572292904
460,0.25344649572292904
461,0.25344649572292904
462,0.25344649572292904
463,0.25344649572292904
