1,0.4729189531279437
2,0.3285659778181282
3,0.2690963038554034
4,0.25427799751767755
5,0.25130525343935206
6,0.2507865273315376
7,0.25069715505086254
8,0.250681285168489
9,0.2506782537575026
10,0.2506775919695022
11,0.25067741790674497
12,0.2506773628712222
13,0.25067734306773226
14,0.2506773354230484
15,0.2506773323735512
16,0.2506773311396807
17,0.25067733063745845
18,0.2506773304325361
19,0.25067733034883677
20,0.25067733031463635
21,0.2506773303006593
22,0.25067733029494654
23,0.25067733029261186
24,0.25067733029165756
25,0.2506773302912675
26,0.25067733029110806
27,0.25067733029104283
28,0.2506773302910164
29,0.2506773302910053
30,0.250677330291001
31,0.25067733029099903
32,0.2506773302909983
33,0.25067733029099815
34,0.2506773302909978
35,0.2506773302909979
36,0.250677330290998
37,0.25067733029099787
38,0.2506773302909978
39,0.25067733029099776
40,0.2506773302909978
41,0.25067733029099776
42,0.2506773302909978
43,0.2506773302909978
44,0.2506773302909978
45,0.25067733029099776
46,0.2506773302909978
47,0.2506773302909978
48,0.2506773302909978
49,0.2506773302909978
50,0.2506773302909978
51,0.25067733029099776
52,0.2506773302909978
53,0.2506773302909978
54,0.2506773302909978
55,0.2506773302909978
56,0.2506773302909978
57,0.25067733029099776
58,0.2506773302909978
59,0.2506773302909978
60,0.2506773302909978
61,0.2506773302909978
62,0.2506773302909978
63,0.25067733029099776
64,0.2506773302909978
65,0.2506773302909978
66,0.2506773302909978
67,0.2506773302909978
68,0.2506773302909978
69,0.25067733029099776
70,0.2506773302909978
71,0.2506773302909978
72,0.2506773302909978
73,0.2506773302909978
74,0.2506773302909978
75,0.25067733029099776
76,0.2506773302909978
77,0.2506773302909978
78,0.2506773302909978
79,0.2506773302909978
80,0.2506773302909978
81,0.25067733029099776
82,0.2506773302909978
83,0.2506773302909978
84,0.2506773302909978
85,0.2506773302909978
86,0.2506773302909978
87,0.25067733029099776
88,0.2506773302909978
89,0.2506773302909978
90,0.2506773302909978
91,0.2506773302909978
92,0.2506773302909978
93,0.25067733029099776
94,0.2506773302909978
95,0.2506773302909978
96,0.2506773302909978
97,0.2506773302909978
98,0.2506773302909978
99,0.25067733029099776
100,0.2506773302909978
101,0.2506773302909978
102,0.2506773302909978
103,0.2506773302909978
104,0.2506773302909978
105,0.25067733029099776
106,0.2506773302909978
107,0.2506773302909978
108,0.2506773302909978
109,0.2506773302909978
110,0.2506773302909978
111,0.25067733029099776
112,0.2506773302909978
113,0.2506773302909978
114,0.2506773302909978
115,0.2506773302909978
116,0.2506773302909978
117,0.25067733029099776
118,0.2506773302909978
119,0.2506773302909978
120,0.2506773302909978
121,0.2506773302909978
122,0.2506773302909978
123,0.25067733029099776
124,0.2506773302909978
125,0.2506773302909978
126,0.2506773302909978
127,0.2506773302909978
128,0.2506773302909978
129,0.25067733029099776
130,0.2506773302909978
131,0.2506773302909978
132,0.2506773302909978
133,0.2506773302909978
134,0.2506773302909978
135,0.25067733029099776
136,0.2506773302909978
137,0.2506773302909978
138,0.2506773302909978
139,0.2506773302909978
140,0.2506773302909978
141,0.25067733029099776
142,0.2506773302909978
143,0.2506773302909978
144,0.2506773302909978
145,0.2506773302909978
146,0.2506773302909978
147,0.25067733029099776
148,0.2506773302909978
149,0.2506773302909978
150,0.2506773302909978
151,0.2506773302909978
152,0.2506773302909978
153,0.25067733029099776
154,0.2506773302909978
155,0.2506773302909978
156,0.2506773302909978
157,0.2506773302909978
158,0.2506773302909978
159,0.25067733029099776
160,0.2506773302909978
161,0.2506773302909978
162,0.2506773302909978
163,0.2506773302909978
164,0.2506773302909978
165,0.25067733029099776
166,0.2506773302909978
167,0.2506773302909978
168,0.2506773302909978
169,0.2506773302909978
170,0.2506773302909978
171,0.25067733029099776
172,0.2506773302909978
173,0.2506773302909978
174,0.2506773302909978
175,0.2506773302909978
176,0.2506773302909978
177,0.25067733029099776
178,0.2506773302909978
179,0.2506773302909978
180,0.2506773302909978
181,0.2506773302909978
182,0.2506773302909978
183,0.25067733029099776
184,0.2506773302909978
185,0.2506773302909978
186,0.2506773302909978
187,0.2506773302909978
188,0.2506773302909978
189,0.25067733029099776
190,0.2506773302909978
191,0.2506773302909978
192,0.2506773302909978
193,0.2506773302909978
194,0.2506773302909978
195,0.25067733029099776
196,0.2506773302909978
197,0.2506773302909978
198,0.2506773302909978
199,0.2506773302909978
200,0.2506773302909978
201,0.25067733029099776
202,0.2506773302909978
203,0.2506773302909978
204,0.2506773302909978
205,0.2506773302909978
206,0.2506773302909978
207,0.25067733029099776
208,0.2506773302909978
209,0.2506773302909978
210,0.2506773302909978
211,0.2506773302909978
212,0.2506773302909978
213,0.25067733029099776
214,0.2506773302909978
215,0.2506773302909978
216,0.2506773302909978
217,0.2506773302909978
218,0.2506773302909978
219,0.25067733029099776
220,0.2506773302909978
221,0.2506773302909978
222,0.2506773302909978
223,0.2506773302909978
224,0.2506773302909978
225,0.25067733029099776
226,0.2506773302909978
227,0.2506773302909978
228,0.2506773302909978
229,0.2506773302909978
230,0.2506773302909978
231,0.25067733029099776
232,0.2506773302909978
233,0.2506773302909978
234,0.2506773302909978
235,0.2506773302909978
236,0.2506773302909978
237,0.25067733029099776
238,0.2506773302909978
239,0.2506773302909978
240,0.2506773302909978
241,0.2506773302909978
242,0.2506773302909978
243,0.25067733029099776
244,0.2506773302909978
245,0.2506773302909978
246,0.2506773302909978
247,0.2506773302909978
248,0.2506773302909978
249,0.25067733029099776
250,0.2506773302909978
251,0.2506773302909978
252,0.2506773302909978
253,0.2506773302909978
254,0.2506773302909978
255,0.25067733029099776
256,0.2506773302909978
257,0.2506773302909978
258,0.2506773302909978
259,0.2506773302909978
260,0.2506773302909978
261,0.25067733029099776
262,0.2506773302909978
263,0.2506773302909978
264,0.2506773302909978
265,0.2506773302909978
266,0.2506773302909978
267,0.25067733029099776
268,0.2506773302909978
269,0.2506773302909978
270,0.2506773302909978
271,0.2506773302909978
272,0.2506773302909978
273,0.25067733029099776
274,0.2506773302909978
275,0.2506773302909978
276,0.2506773302909978
277,0.2506773302909978
278,0.2506773302909978
279,0.25067733029099776
280,0.2506773302909978
281,0.2506773302909978
282,0.2506773302909978
283,0.2506773302909978
284,0.2506773302909978
285,0.25067733029099776
286,0.2506773302909978
287,0.2506773302909978
288,0.2506773302909978
289,0.2506773302909978
290,0.2506773302909978
291,0.25067733029099776
292,0.2506773302909978
293,0.2506773302909978
294,0.2506773302909978
295,0.2506773302909978
296,0.2506773302909978
297,0.25067733029099776
298,0.2506773302909978
299,0.2506773302909978
300,0.2506773302909978
301,0.2506773302909978
302,0.2506773302909978
303,0.25067733029099776
304,0.2506773302909978
305,0.2506773302909978
306,0.2506773302909978
307,0.2506773302909978
308,0.2506773302909978
309,0.25067733029099776
310,0.2506773302909978
311,0.2506773302909978
312,0.2506773302909978
313,0.2506773302909978
314,0.2506773302909978
315,0.25067733029099776
316,0.2506773302909978
317,0.2506773302909978
318,0.2506773302909978
319,0.2506773302909978
320,0.2506773302909978
321,0.25067733029099776
322,0.2506773302909978
323,0.2506773302909978
324,0.2506773302909978
325,0.2506773302909978
326,0.2506773302909978
327,0.25067733029099776
328,0.2506773302909978
329,0.2506773302909978
330,0.2506773302909978
331,0.2506773302909978
332,0.2506773302909978
333,0.25067733029099776
334,0.2506773302909978
335,0.2506773302909978
336,0.2506773302909978
337,0.2506773302909978
338,0.2506773302909978
339,0.25067733029099776
340,0.2506773302909978
341,0.2506773302909978
342,0.2506773302909978
343,0.2506773302909978
344,0.2506773302909978
345,0.25067733029099776
346,0.2506773302909978
347,0.2506773302909978
348,0.2506773302909978
349,0.2506773302909978
350,0.2506773302909978
351,0.25067733029099776
352,0.2506773302909978
353,0.2506773302909978
354,0.2506773302909978
355,0.2506773302909978
356,0.2506773302909978
357,0.25067733029099776
358,0.2506773302909978
359,0.2506773302909978
360,0.2506773302909978
361,0.2506773302909978
362,0.2506773302909978
363,0.25067733029099776
364,0.2506773302909978
365,0.2506773302909978
366,0.2506773302909978
367,0.2506773302909978
368,0.2506773302909978
369,0.25067733029099776
370,0.2506773302909978
371,0.2506773302909978
372,0.2506773302909978
373,0.2506773302909978
374,0.2506773302909978
375,0.25067733029099776
376,0.2506773302909978
377,0.2506773302909978
378,0.2506773302909978
379,0.2506773302909978
380,0.2506773302909978
381,0.25067733029099776
382,0.2506773302909978
383,0.2506773302909978
384,0.2506773302909978
385,0.2506773302909978
386,0.2506773302909978
387,0.25067733029099776
388,0.2506773302909978
389,0.2506773302909978
390,0.2506773302909978
391,0.2506773302909978
392,0.2506773302909978
393,0.25067733029099776
394,0.2506773302909978
395,0.2506773302909978
396,0.2506773302909978
397,0.2506773302909978
398,0.2506773302909978
399,0.25067733029099776
400,0.2506773302909978
401,0.2506773302909978
402,0.2506773302909978
403,0.2506773302909978
404,0.2506773302909978
405,0.25067733029099776
406,0.2506773302909978
407,0.2506773302909978
408,0.2506773302909978
409,0.2506773302909978
410,0.2506773302909978
411,0.25067733029099776
412,0.2506773302909978
413,0.2506773302909978
414,0.2506773302909978
415,0.2506773302909978
416,0.2506773302909978
417,0.25067733029099776
418,0.2506773302909978
419,0.2506773302909978
420,0.2506773302909978
421,0.2506773302909978
422,0.2506773302909978
423,0.25067733029099776
424,0.2506773302909978
425,0.2506773302909978
426,0.2506773302909978
427,0.2506773302909978
428,0.2506773302909978
429,0.25067733029099776
430,0.2506773302909978
431,0.2506773302909978
432,0.2506773302909978
433,0.2506773302909978
434,0.2506773302909978
435,0.25067733029099776
436,0.2506773302909978
437,0.2506773302909978
438,0.2506773302909978
439,0.2506773302909978
440,0.2506773302909978
441,0.25067733029099776
442,0.2506773302909978
443,0.2506773302909978
444,0.2506773302909978
445,0.2506773302909978
446,0.2506773302909978
447,0.25067733029099776
448,0.2506773302909978
449,0.2506773302909978
450,0.2506773302909978
451,0.2506773302909978
452,0.2506773302909978
453,0.25067733029099776
454,0.2506773302909978
455,0.2506773302909978
456,0.2506773302909978
457,0.2506773302909978
458,0.2506773302909978
459,0.25067733029099776
460,0.2506773302909978
461,0.2506773302909978
462,0.2506773302909978
463,0.2506773302909978
