1,0.45205757405816954
2,0.44898251995572674
3,0.44417021517620986
4,0.4357207843341554
5,0.4179686285378036
6,0.3711302197244697
7,0.2848568054559562
8,0.25421173896097515
9,0.2530642873292346
10,0.2531290639801449
11,0.2491433049101352
12,0.24910338179308777
13,0.24910787734534343
14,0.24910855719253713
15,0.24910863872361058
16,0.24910862769261
17,0.24910860238726798
18,0.24910857489764224
19,0.24910854709012062
20,0.2491085192527907
21,0.24910849143010091
22,0.2491084636288908
23,0.24910843585019524
24,0.24910840809415083
25,0.24910838036075775
26,0.24910835264999442
27,0.24910832496183513
28,0.24910829729625503
29,0.24910826965322774
30,0.24910824203272858
31,0.24910821443473133
32,0.24910818685921068
33,0.24910815930614152
34,0.24910813177549826
35,0.24910810426725488
36,0.24910807678138724
37,0.24910804931786906
38,0.24910802187667533
39,0.249107994457781
40,0.2491079670611606
41,0.24910793968678935
42,0.24910791233464183
43,0.2491078850046931
44,0.24910785769691776
45,0.24910783041129136
46,0.24910780314778827
47,0.24910777590638442
48,0.24910774868705396
49,0.24910772148977237
50,0.24910769431451485
51,0.24910766716125649
52,0.24910764002997285
53,0.24910761292063865
54,0.2491075858332304
55,0.2491075587677216
56,0.24910753172408862
57,0.2491075047023073
58,0.24910747770235217
59,0.24910745072419913
60,0.24910742376782355
61,0.24910739683320143
62,0.24910736992030746
63,0.2491073430291182
64,0.24910731615960888
65,0.24910728931175502
66,0.24910726248553222
67,0.24910723568091678
68,0.2491072088978843
69,0.24910718213640998
70,0.24910715539647096
71,0.2491071286780415
72,0.24910710198109892
73,0.2491070753056184
74,0.24910704865157623
75,0.24910702201894833
76,0.2491069954077107
77,0.2491069688178397
78,0.24910694224931093
79,0.24910691570210108
80,0.24910688917618576
81,0.24910686267154206
82,0.24910683618814536
83,0.2491068097259722
84,0.24910678328499952
85,0.24910675686520242
86,0.2491067304665584
87,0.24910670408904378
88,0.24910667773263417
89,0.24910665139730717
90,0.24910662508303857
91,0.24910659878980498
92,0.24910657251758317
93,0.24910654626634965
94,0.24910652003608127
95,0.2491064938267547
96,0.24910646763834637
97,0.24910644147083305
98,0.24910641532419156
99,0.24910638919839895
100,0.24910636309343195
101,0.2491063370092675
102,0.24910631094588212
103,0.2491062849032532
104,0.2491062588813575
105,0.24910623288017264
106,0.24910620689967514
107,0.2491061809398413
108,0.2491061550006493
109,0.24910612908207574
110,0.24910610318409857
111,0.24910607730669387
112,0.24910605144983988
113,0.249106025613513
114,0.24910599979769119
115,0.24910597400235115
116,0.24910594822747087
117,0.2491059224730277
118,0.24910589673899852
119,0.24910587102536097
120,0.24910584533209337
121,0.24910581965917186
122,0.24910579400657484
123,0.24910576837427972
124,0.24910574276226388
125,0.24910571717050575
126,0.24910569159898166
127,0.24910566604767084
128,0.2491056405165497
129,0.2491056150055967
130,0.24910558951478942
131,0.249105564044106
132,0.24910553859352394
133,0.24910551316302115
134,0.24910548775257585
135,0.24910546236216555
136,0.2491054369917684
137,0.24910541164136282
138,0.24910538631092644
139,0.24910536100043706
140,0.24910533570987323
141,0.24910531043921316
142,0.2491052851884346
143,0.24910525995751615
144,0.2491052347464358
145,0.24910520955517165
146,0.24910518438370255
147,0.24910515923200602
148,0.24910513410006063
149,0.2491051089878456
150,0.24910508389533803
151,0.24910505882251693
152,0.2491050337693615
153,0.24910500873584915
154,0.24910498372195883
155,0.24910495872766872
156,0.24910493375295842
157,0.24910490879780545
158,0.24910488386218876
159,0.24910485894608725
160,0.24910483404947925
161,0.2491048091723441
162,0.24910478431466
163,0.24910475947640587
164,0.2491047346575607
165,0.24910470985810285
166,0.24910468507801173
167,0.24910466031726625
168,0.24910463557584459
169,0.24910461085372662
170,0.24910458615089096
171,0.2491045614673165
172,0.24910453680298272
173,0.24910451215786802
174,0.24910448753195194
175,0.24910446292521396
176,0.2491044383376325
177,0.24910441376918702
178,0.24910438921985675
179,0.249104364689621
180,0.2491043401784591
181,0.2491043156863503
182,0.24910429121327374
183,0.2491042667592092
184,0.2491042423241356
185,0.24910421790803255
186,0.2491041935108794
187,0.24910416913265596
188,0.24910414477334147
189,0.24910412043291552
190,0.2491040961113576
