1,0.40275792479581357
2,0.328611619878009
3,0.2495353873564773
4,0.24993067820973133
5,0.24986737743946197
6,0.249795135997588
7,0.24972165095422041
8,0.249646947121957
9,0.249571003084108
10,0.24949379915078107
11,0.24941531781424248
12,0.2493355439006434
13,0.24925446471022206
14,0.24917207014534823
15,0.2490883528238789
16,0.24900330817529842
17,0.2489169345172042
18,0.2488292331098427
19,0.24874020818668374
20,0.24864986695934266
21,0.24855821959561106
22,0.2484652791698831
23,0.24837106158587438
24,0.24827558547220557
25,0.2481788720521546
26,0.24808094498964423
27,0.2479818302142883
28,0.2478815557290725
29,0.24778015140492748
30,0.2476776487670751
31,0.24757408077852142
32,0.24746948162645105
33,0.2473638865174932
34,0.24725733148788173
35,0.24714985323441022
36,0.24704148897177103
37,0.24693227632139678
38,0.24682225323626697
39,0.24671145796534713
40,0.24659992906040215
41,0.24648770542687523
42,0.24637482641940453
43,0.246261331981359
44,0.24614726282654686
45,0.24603266066002288
46,0.24591756843367985
47,0.2458020306311407
48,0.24568609357531446
49,0.24556980575094878
50,0.24545321813355922
51,0.2453363845153095
52,0.24521936181777587
53,0.24510221038107585
54,0.2449849942186266
55,0.24486778122682432
56,0.24475064333928725
57,0.2446336566159297
58,0.24451690125814357
59,0.24440046154268644
60,0.2442844256685531
61,0.2441688855131015
62,0.24405393629598088
63,0.24393967615189646
64,0.2438262056158755
65,0.24371362702737956
66,0.24360204386220352
67,0.24349156000354924
68,0.24338227896578485
69,0.2432743030861508
70,0.24316773270092495
71,0.2430626653232498
72,0.2429591948399406
73,0.24285741074407313
74,0.2427573974190872
75,0.24265923348851062
76,0.24256299124337485
77,0.24246873615697082
78,0.24237652649398883
79,0.2422864130183212
80,0.24219843880110944
81,0.24211263912799405
82,0.2420290415021482
83,0.24194766573758725
84,0.241868524135494
85,0.24179162173495042
86,0.2417169566284814
87,0.24164452033224557
88,0.24157429820046442
89,0.24150626987378634
90,0.24144040975164668
91,0.241376687479281
92,0.24131506844081474
93,0.24125551425075067
94,0.24119798323712982
95,0.24114243091064758
96,0.24108881041500063
97,0.24103707295469157
98,0.24098716819743699
99,0.24093904464914556
100,0.24089265000018095
101,0.24084793144228617
102,0.24080483595610622
103,0.24076331056972589
104,0.2407233025890168
105,0.24068475980091308
106,0.24064763065095102
107,0.24061186439659385
108,0.2405774112379626
109,0.2405442224276691
110,0.24051225036146198
111,0.24048144865138846
112,0.24045177218314132
113,0.2404231771591943
114,0.24039562112926047
115,0.240369063009521
116,0.2403434630919777
117,0.24031878304518603
118,0.24029498590752735
119,0.24027203607408182
120,0.24024989927806012
121,0.24022854256767423
122,0.240207934279224
123,0.2401880440070981
124,0.24016884257132143
125,0.24015030198318735
126,0.2401323954094668
127,0.24011509713561255
128,0.2400983825283297
129,0.24008222799782658
130,0.2400666109600212
131,0.24005150979892975
132,0.2400369038294423
133,0.2400227732606348
134,0.2400090991597675
135,0.23999586341706775
136,0.23998304871138978
137,0.2399706384768208
138,0.2399586168702821
139,0.2399469687401651
140,0.23993567959602494
141,0.23992473557934813
142,0.239914123435397
143,0.2399038304861294
144,0.2398938446041858
145,0.23988415418792644
146,0.23987474813750354
147,0.23986561583194138
148,0.23985674710720645
149,0.23984813223523183
150,0.2398397619038728
151,0.2398316271977617
152,0.23982371958003126
153,0.23981603087487366
154,0.23980855325090622
155,0.2398012792053094
156,0.2397942015487094
157,0.23978731339077092
158,0.2397806081264697
159,0.2397740794230208
160,0.2397677212074269
161,0.23976152765462266
162,0.2397554931761869
163,0.23974961240959375
164,0.23974388020798681
165,0.23973829163043678
166,0.23973284193267344
167,0.23972752655826127
168,0.23972234113020074
169,0.23971728144293236
170,0.23971234345472503
171,0.23970752328043113
172,0.23970281718458572
173,0.23969822157484072
174,0.23969373299570737
175,0.23968934812260212
176,0.2396850637561712
177,0.23968087681688935
178,0.23967678433990947
179,0.23967278347015944
180,0.239668871457668
181,0.23966504565310975
182,0.2396613035035606
183,0.23965764254844948
184,0.23965406041569867
185,0.23965055481804462
186,0.23964712354952714
187,0.2396437644821406
188,0.23964047556263815
189,0.23963725480948514
190,0.2396341003099464
191,0.2396310102173095
192,0.23962798274823152
193,0.2396250161802066
194,0.23962210884914595
195,0.23961925914706395
196,0.23961646551987367
197,0.23961372646527257
198,0.23961104053072443
199,0.23960840631153155
200,0.23960582244898818
201,0.2396032876286165
202,0.2396008005784778
203,0.23959836006755741
204,0.23959596490421775
205,0.23959361393471884
206,0.23959130604180168
207,0.2395890401433302
208,0.23958681519099237
209,0.2395846301690546
210,0.23958248409316876
211,0.23958037600922918
212,0.23957830499227498
213,0.23957627014544097
214,0.239574270598949
215,0.23957230550914127
216,0.23957037405755352
217,0.23956847545002455
218,0.23956660891584283
219,0.23956477370692658
220,0.23956296909703678
221,0.23956119438102172
222,0.23955944887409092
223,0.2395577319111178
224,0.23955604284596974
225,0.23955438105086485
226,0.23955274591575232
227,0.2395511368477177
228,0.2395495532704114
229,0.23954799462349782
230,0.23954646036212657
231,0.23954494995642295
232,0.23954346289099893
233,0.2395419986644803
234,0.23954055678905348
235,0.239539136790029
236,0.23953773820542001
237,0.23953636058553632
238,0.2395350034925965
239,0.23953366650034905
240,0.23953234919371047
241,0.2395310511684171
242,0.23952977203068768
243,0.23952851139689804
244,0.23952726889326884
245,0.23952604415556358
246,0.23952483682879624
247,0.23952364656695252
248,0.23952247303271493
249,0.2395213158972057
250,0.23952017483973
251,0.23951904954753506
252,0.2395179397155725
253,0.2395168450462727
254,0.23951576524932322
255,0.23951470004145886
256,0.23951364914625436
257,0.23951261229392815
258,0.23951158922114946
259,0.2395105796708541
260,0.23950958339206532
261,0.23950860013971992
262,0.2395076296745029
263,0.23950667176268273
264,0.23950572617595767
265,0.2395047926913031
266,0.23950387109082366
267,0.23950296116161318
268,0.23950206269561763
269,0.2395011754894993
270,0.23950029934451214
271,0.2394994340663741
272,0.23949857946514688
273,0.23949773535512056
274,0.23949690155469894
275,0.23949607788629
276,0.23949526417619946
277,0.23949446025452906
278,0.23949366595507426
279,0.23949288111522973
280,0.23949210557589434
281,0.23949133918137952
282,0.23949058177932223
283,0.23948983322059936
284,0.239489093359243
285,0.23948836205236199
286,0.23948763916006152
287,0.2394869245453694
288,0.23948621807416137
289,0.23948551961508904
290,0.2394848290395119
291,0.23948414622142866
292,0.23948347103741177
293,0.23948280336654643
294,0.2394821430903647
295,0.23948149009278905
296,0.2394808442600724
297,0.23948020548074217
298,0.23947957364554512
299,0.23947894864739402
300,0.2394783303813154
301,0.23947771874439894
302,0.2394771136357501
303,0.2394765149564396
304,0.2394759226094596
305,0.2394753364996767
306,0.2394747565337899
307,0.2394741826202854
308,0.23947361466939784
309,0.2394730525930686
310,0.2394724963049055
311,0.2394719457201472
312,0.23947140075562262
313,0.23947086132971765
314,0.23947032736233828
315,0.23946979877487728
316,0.23946927549017918
317,0.23946875743250964
318,0.2394682445275225
319,0.23946773670222932
320,0.2394672338849692
321,0.23946673600537982
322,0.2394662429943684
323,0.239465754784084
324,0.239465271307891
325,0.239464792500342
326,0.23946431829715295
327,0.23946384863517675
328,0.23946338345237947
329,0.23946292268781796
330,0.23946246628161402
331,0.2394620141749334
332,0.23946156630996374
333,0.23946112262989178
334,0.23946068307888393
335,0.23946024760206439
336,0.2394598161454974
337,0.23945938865616387
338,0.2394589650819465
339,0.23945854537160852
340,0.23945812947477682
341,0.23945771734192295
342,0.2394573089243485
343,0.23945690417416476
344,0.23945650304427943
345,0.2394561054883784
346,0.23945571146091132
347,0.23945532091707536
348,0.23945493381280172
349,0.23945455010473862
350,0.23945416975024
351,0.23945379270734932
352,0.23945341893478705
353,0.2394530483919372
354,0.23945268103883377
355,0.23945231683614923
356,0.2394519557451807
