1,0.3148028462110971
2,0.24987784346597522
3,0.24992617016321486
4,0.249924653506081
5,0.249923124214125
6,0.27189950184968353
7,0.25178484149603647
8,0.2517954148690435
9,0.25664868283165626
10,0.2514922833671702
11,0.2514347464595349
12,0.25142918349494914
13,0.25142367945504435
14,0.2514182129674044
15,0.25141278389403976
16,0.25140739210531937
17,0.25140203747030426
18,0.25139671985666334
19,0.25139143913063017
20,0.251386195156961
21,0.2513809877989129
22,0.25137581691822175
23,0.25137068237509064
24,0.25136558402817766
25,0.2513605217345907
26,0.251355495349883
27,0.2513505047280536
28,0.2513455497215485
29,0.25134063018126673
30,0.2513357459565673
31,0.25133089689527666
32,0.25132608284370367
33,0.25132130364665073
34,0.2513165591474312
35,0.25131184918788574
36,0.2513071736084017
37,0.2513025322479365
38,0.25129792494403735
39,0.25129335153286725
40,0.2512888118492306
41,0.25128430572659993
42,0.2512798329971444
43,0.25127539349176015
44,0.2512709870401005
45,0.2512666134706078
46,0.251262272610547
47,0.25125796428603847
48,0.25125368832209305
49,0.2512494445426487
50,0.25124523277060457
51,0.25124105282785986
52,0.25123690453534914
53,0.251232787713082
54,0.251228702180182
55,0.2512246477549225
56,0.2512206242547691
57,0.2512166314964176
58,0.25121266929583275
59,0.2512087374682909
60,0.2512048358284168
61,0.2512009641902261
62,0.25119712236716374
63,0.25119331017214547
64,0.25118952741759687
65,0.25118577391549435
66,0.25118204947740347
67,0.25117835391451965
68,0.2511746870377082
69,0.2511710486575415
70,0.2511674385843403
71,0.25116385662820995
72,0.2511603025990801
73,0.2511567763067431
74,0.25115327756088973
75,0.2511498061711475
76,0.25114636194711665
77,0.25114294469840687
78,0.25113955423467227
79,0.2511361903656468
80,0.25113285290118037
81,0.25112954165126794
82,0.2511262564260896
83,0.2511229970360397
84,0.2511197632917582
85,0.25111655500416646
86,0.251113371984493
87,0.2511102140443093
88,0.25110708099555573
89,0.25110397265057244
90,0.2511008888221277
91,0.2510978293234454
92,0.2510947939682332
93,0.25109178257070786
94,0.25108879494562325
95,0.2510858309082923
96,0.25108289027461456
97,0.25107997286109895
98,0.2510770784848867
99,0.2510742069637752
100,0.25107135811623826
101,0.2510685317614491
102,0.25106572771929936
103,0.25106294581041994
104,0.251060185856201
105,0.25105744767880805
106,0.2510547311012041
107,0.2510520359471627
108,0.25104936204128775
109,0.2510467092090283
110,0.25104407727669387
111,0.2510414660714713
112,0.2510388754214368
113,0.2510363051555694
114,0.25103375510376785
115,0.2510312250968577
116,0.25102871496660795
117,0.2510262245457405
118,0.25102375366794044
119,0.25102130216786844
120,0.2510188698811671
121,0.2510164566444749
122,0.2510140622954313
123,0.2510116866726856
124,0.2510093296159066
125,0.251006990965788
126,0.25100467056405507
127,0.2510023682534726
128,0.2510000838778505
129,0.2509978172820466
130,0.2509955683119756
131,0.2509933368146113
132,0.25099112263799045
133,0.2509889256312177
134,0.25098674564446927
135,0.25098458252899364
136,0.25098243613711707
137,0.25098030632224383
138,0.2509781929388581
139,0.2509760958425274
140,0.25097401488990084
141,0.2509719499387125
142,0.2509699008477809
143,0.25096786747700894
144,0.2509658496873845
145,0.25096384734097926
146,0.2509618603009487
147,0.25095988843153083
148,0.2509579315980456
149,0.2509559896668921
150,0.25095406250554814
151,0.2509521499825669
152,0.2509502519675765
153,0.25094836833127687
154,0.250946498945435
155,0.25094464368288655
156,0.2509428024175281
157,0.25094097502431595
158,0.25093916137926403
159,0.25093736135943767
160,0.25093557484295137
161,0.2509338017089645
162,0.2509320418376763
163,0.2509302951103231
164,0.25092856140917297
165,0.25092684061752046
166,0.25092513261968324
167,0.2509234373009971
168,0.25092175454780913
169,0.2509200842474747
170,0.2509184262883512
171,0.25091678055979316
172,0.25091514695214645
173,0.25091352535674244
174,0.25091191566589377
175,0.2509103177728867
176,0.250908731571976
177,0.2509071569583804
178,0.2509055938282744
