1,0.26793132896908695
2,0.25590604215149115
3,0.26292016294432863
4,0.25530567706219354
5,0.255296429338727
6,0.2552870829262247
7,0.2552776633670121
8,0.25526817134989727
9,0.2552586076191794
10,0.25524897297553295
11,0.25523926827682875
12,0.25522949443888454
13,0.25521965243614003
14,0.2552097433022543
15,0.2551997681306154
16,0.25518972807476537
17,0.25517962434872643
18,0.2551694582272316
19,0.25515923104585
20,0.2551489442010063
21,0.2551385991498888
22,0.25512819741023834
23,0.25511774056002456
24,0.2551072302369936
25,0.2550966681380958
26,0.25508605601878154
27,0.25507539569217014
28,0.25506468902808554
29,0.25505393795196096
30,0.25504314444360654
31,0.2550323105358475
32,0.255021438313025
33,0.25501052990936424
34,0.254999587507214
35,0.2549886133351527
36,0.25497760966596916
37,0.2549665788145162
38,0.25495552313545106
39,0.254944445020847
40,0.2549333468977046
41,0.2549222312253501
42,0.2549111004927338
43,0.2548999572156363
44,0.25488880393378543
45,0.25487764320789263
46,0.2548664776166194
47,0.2548553097534758
48,0.2548441422236683
49,0.2548329776408958
50,0.2548218186241112
51,0.2548106677942548
52,0.25479952777096954
53,0.25478840116930396
54,0.2547772905964207
55,0.2547661986483161
56,0.2547551279065548
57,0.2547440809350434
58,0.2547330602768369
59,0.25472206845100054
60,0.254711107949528
61,0.25470018123432536
62,0.25468929073427843
63,0.25467843884239866
64,0.2546676279130629
65,0.2546568602593581
66,0.2546461381505259
67,0.25463546380952634
68,0.25462483941071884
69,0.25461426707766616
70,0.25460374888107196
71,0.2545932868368472
72,0.2545828829043163
73,0.25457253898456067
74,0.25456225691890855
75,0.25455203848756236
76,0.25454188540837674
77,0.25453179933577463
78,0.25452178185981866
79,0.25451183450541437
80,0.25450195873166565
81,0.2544921559313667
82,0.2544824274306345
83,0.25447277448867667
84,0.25446319829769143
85,0.2544536999828982
86,0.2544442806026935
87,0.2544349411489262
88,0.2544256825472892
89,0.25441650565782475
90,0.2544074112755352
91,0.2543984001310914
92,0.2543894728916415
93,0.2543806301617091
94,0.25437187248417176
95,0.2543632003413206
96,0.2543546141559955
97,0.2543461142927822
98,0.25433770105927306
99,0.2543293747073835
100,0.25432113543471824
101,0.25431298338598207
102,0.25430491865442667
103,0.2542969412833369
104,0.25428905126753854
105,0.2542812485549346
106,0.2542735330480606
107,0.2542659046056489
108,0.25425836304420646
109,0.25425090813959833
110,0.25424353962863194
111,0.2542362572106362
112,0.25422906054903993
113,0.25422194927293607
114,0.25421492297863674
115,0.25420798123121113
116,0.25420112356600627
117,0.25419434949014585
118,0.25418765848400887
119,0.2541810500026812
120,0.25417452347738007
121,0.25416807831685156
122,0.2541617139087385
123,0.2541554296209125
124,0.2541492248027828
125,0.2541430987865605
126,0.2541370508884973
127,0.2541310804100848
128,0.2541251866392188
129,0.2541193688513298
130,0.254113626310477
131,0.2541079582704006
132,0.25410236397554675
133,0.25409684266204957
134,0.25409139355867777
135,0.254086015887749
136,0.2540807088660031
137,0.2540754717054455
138,0.2540703036141507
139,0.25406520379703634
140,0.2540601714565999
141,0.2540552057936228
142,0.25405030600784306
143,0.2540454712985976
144,0.25404070086542757
145,0.2540359939086604
146,0.25403134962995866
147,0.2540267672328388
148,0.25402224592316425
149,0.2540177849096128
150,0.25401338340411195
151,0.2540090406222545
152,0.2540047557836867
153,0.25400052811247203
154,0.2539963568374333
