1,0.30935434907016357
2,0.2529961834304522
3,0.2529961884418985
4,0.25299618696642406
5,0.2529961854928942
6,0.25299618402130447
7,0.2529961825516517
8,0.2529961810839318
9,0.25299617961814147
10,0.2529961781542765
11,0.25299617669233304
12,0.2529961752323084
13,0.25299617377419725
14,0.2529961723179969
15,0.2529961708637036
16,0.2529961694113132
17,0.2529961679608227
18,0.2529961665122277
19,0.25299616506552497
20,0.2529961636207107
21,0.2529961621777817
22,0.25299616073673337
23,0.2529961592975631
24,0.2529961578602661
25,0.2529961564248396
26,0.25299615499128
27,0.2529961535595838
28,0.2529961521297472
29,0.2529961507017661
30,0.25299614927563774
31,0.25299614785135777
32,0.2529961464289233
33,0.25299614500833134
34,0.25299614358957706
35,0.2529961421726573
36,0.2529961407575694
37,0.2529961393443082
38,0.2529961379328719
39,0.2529961365232561
40,0.2529961351154579
41,0.25299613370947294
42,0.25299613230529894
43,0.2529961309029314
44,0.25299612950236766
45,0.25299612810360345
46,0.25299612670663635
47,0.2529961253114622
48,0.2529961239180777
49,0.25299612252647974
50,0.25299612113666464
51,0.252996119748629
52,0.2529961183623697
53,0.25299611697788366
54,0.2529961155951664
55,0.2529961142142157
56,0.2529961128350283
57,0.25299611145759954
58,0.2529961100819274
59,0.25299610870800804
60,0.25299610733583866
61,0.25299610596541455
62,0.2529961045967343
63,0.2529961032297931
64,0.25299610186458865
65,0.25299610050111726
66,0.252996099139376
67,0.25299609777936094
68,0.2529960964210696
69,0.2529960950644985
70,0.2529960937096445
71,0.25299609235650383
72,0.25299609100507375
73,0.2529960896553514
74,0.25299608830733256
75,0.2529960869610153
76,0.25299608561639547
77,0.2529960842734702
78,0.2529960829322366
79,0.2529960815926912
80,0.2529960802548308
81,0.2529960789186527
82,0.25299607758415327
83,0.25299607625132947
84,0.25299607492017884
85,0.2529960735906976
86,0.2529960722628825
87,0.25299607093673104
88,0.25299606961223975
89,0.2529960682894055
90,0.25299606696822596
91,0.252996065648697
92,0.252996064330816
93,0.25299606301458
94,0.25299606169998606
95,0.25299606038703115
96,0.25299605907571193
97,0.25299605776602546
98,0.25299605645796935
99,0.2529960551515394
100,0.2529960538467339
101,0.25299605254354884
102,0.25299605124198216
103,0.2529960499420301
104,0.2529960486436899
105,0.2529960473469589
106,0.25299604605183384
107,0.25299604475831206
108,0.25299604346639043
109,0.25299604217606586
110,0.2529960408873355
111,0.25299603960019684
112,0.2529960383146466
113,0.25299603703068163
114,0.2529960357482997
115,0.2529960344674974
116,0.25299603318827213
117,0.252996031910621
118,0.2529960306345411
119,0.2529960293600292
120,0.2529960280870832
121,0.25299602681569966
122,0.25299602554587575
123,0.25299602427760937
124,0.25299602301089646
125,0.2529960217457355
126,0.2529960204821225
127,0.252996019220055
128,0.252996017959531
129,0.2529960167005472
130,0.2529960154431001
131,0.2529960141871882
132,0.2529960129328078
133,0.2529960116799557
