1,0.542522911036437
2,0.5422934966540663
3,0.5419422683879922
4,0.5413471640314348
5,0.5401679411161914
6,0.5371524978509769
7,0.5237003672245627
8,0.28679597604849766
9,0.2602892751570804
10,0.2600614362942916
11,0.2598335807500153
12,0.25960396713747325
13,0.25937233962163075
14,0.2591386962606392
15,0.25890327454056283
16,0.2586665340915547
17,0.2584291343181005
18,0.2581919055438116
19,0.2579558133297315
20,0.2577219167775327
21,0.2574913227175121
22,0.2572651385221676
23,0.2570444267208767
24,0.2568301645357795
25,0.25662321093284174
26,0.2564242829045384
27,0.25623394165580354
28,0.25605258835007383
29,0.2558804682482362
30,0.255717681533802
31,0.2555641988828768
32,0.2554198798684887
33,0.25528449251197743
34,0.2551577326266109
35,0.2550392419667495
36,0.25492862454557785
37,0.25482546078278795
38,0.2547293193765377
39,0.2546397669608006
40,0.2545563757173156
41,0.2544787291719978
42,0.25440642643076045
43,0.2543390851101606
44,0.25427634320299713
45,0.2542178600948712
46,0.254163316919647
47,0.25411241641303545
48,0.2540648823962314
49,0.25402045899677983
50,0.25397890969221504
51,0.25394001624351953
52,0.25390357757004894
53,0.25386940860491714
54,0.25383733915961687
55,0.2538072128185289
56,0.2537788858775786
57,0.25375222633635264
58,0.2537271129492101
59,0.25370343433807296
60,0.25368108816749585
61,0.25365998038109383
62,0.2536400244973468
63,0.2536211409621058
64,0.25360325655466404
65,0.253586303844028
66,0.25357022069191815
67,0.2535549497990374
68,0.25354043829123485
69,0.2535266373423227
70,0.2535135018304695
71,0.253500990025288
72,0.2534890633029182
73,0.2534776858866188
74,0.2534668246105637
75,0.2534564487047323
76,0.2534465295989584
77,0.2534370407443806
78,0.2534279574506742
79,0.25341925673761634
80,0.2534109171996474
81,0.25340291888222827
82,0.25339524316890094
83,0.25338787267806767
84,0.253380791168591
85,0.2533739834534052
86,0.2533674353204092
87,0.25336113345997685
88,0.2533550653984867
89,0.25334921943732697
90,0.25334358459688855
91,0.2533381505650967
92,0.2533329076500865
93,0.25332784673665104
94,0.2533229592461376
95,0.25331823709948903
96,0.2533136726831614
97,0.25330925881767097
98,0.25330498872854684
99,0.25330085601948577
100,0.25329685464752855
101,0.25329297890008196
102,0.25328922337364257
103,0.25328558295407827
104,0.25328205279834254
105,0.2532786283175033
106,0.25327530516098556
107,0.2532720792019298
108,0.25326894652357435
109,0.25326590340658894
110,0.2532629463172779
111,0.2532600718965939
112,0.25325727694989253
113,0.25325455843738043
114,0.25325191346519316
115,0.25324933927706916
116,0.2532468332465663
117,0.25324439286978356
118,0.2532420157585522
119,0.2532396996340638
120,0.25323744232089906
121,0.25323524174143236
122,0.25323309591058846
123,0.25323100293091744
124,0.2532289609879771
125,0.2532269683459916
126,0.25322502334377617
127,0.2532231243909019
128,0.25322126996408995
129,0.2532194586038178
130,0.25321768891112406
131,0.25321595954459747
132,0.2532142692175393
133,0.25321261669528944
134,0.25321100079270037
135,0.2532094203717548
136,0.2532078743393175
137,0.2532063616450092
138,0.25320488127919777
139,0.25320343227109954
140,0.25320201368698186
141,0.2532006246284649
142,0.253199264230908
143,0.25319793166189014
144,0.2531966261197616
145,0.2531953468322756
146,0.25319409305529006
147,0.25319286407153574
148,0.25319165918944614
149,0.25319047774204806
150,0.2531893190859073
151,0.2531881826001274
152,0.253187067685396
153,0.25318597376308133
154,0.25318490027436924
155,0.25318384667944555
156,0.2531828124567153
157,0.25318179710205996
158,0.2531808001281308
159,0.25317982106367337
160,0.253178859452887
161,0.25317791485481095
162,0.25317698684274104
163,0.2531760750036716
164,0.25317517893776326
165,0.25317429825783594
166,0.25317343258888353
167,0.25317258156761097
168,0.2531717448419903
169,0.25317092207083786
170,0.2531701129234112
171,0.25316931707902063
172,0.2531685342266585
173,0.25316776406464675
174,0.2531670063002957
175,0.25316626064958153
176,0.25316552683683236
177,0.25316480459443425
178,0.25316409366254145
179,0.2531633937888052
180,0.25316270472811186
181,0.2531620262423282
182,0.2531613581000636
183,0.25316070007643626
184,0.25316005195285046
185,0.25315941351678545
186,0.25315878456158836
187,0.2531581648862773
188,0.2531575542953544
189,0.2531569525986211
190,0.25315635961100613
191,0.2531557751523962
192,0.2531551990474743
193,0.25315463112556535
194,0.2531540712204857
195,0.25315351917040074
196,0.25315297481768484
197,0.25315243800878934
198,0.2531519085941138
199,0.2531513864278827
200,0.25315087136802633
201,0.25315036327606527
202,0.2531498620170015
203,0.253149367459211
204,0.25314887947434106
205,0.2531483979372111
206,0.25314792272571746
207,0.25314745372074127
208,0.2531469908060596
209,0.2531465338682598
210,0.2531460827966559
211,0.2531456374832094
212,0.25314519782245254
213,0.25314476371141265
214,0.2531443350495406
215,0.25314391173864226
216,0.25314349368280914
217,0.2531430807883555
218,0.2531426729637545
219,0.2531422701195776
220,0.2531418721684361
221,0.2531414790249244
222,0.253141090605565
223,0.253140706828755
224,0.25314032761471594
225,0.2531399528854415
226,0.25313958256465324
227,0.2531392165777497
228,0.25313885485176457
229,0.25313849731532184
230,0.253138143898593
231,0.2531377945332559
232,0.25313744915245695
233,0.2531371076907702
234,0.2531367700841617
235,0.25313643626995225
236,0.2531361061867832
237,0.25313577977458207
238,0.25313545697453005
239,0.25313513772902857
240,0.2531348219816705
241,0.25313450967720846
242,0.2531342007615257
243,0.2531338951816095
244,0.25313359288552134
245,0.25313329382237126
246,0.2531329979422932
247,0.25313270519641695
248,0.25313241553684696
249,0.2531321289166366
250,0.2531318452897658
251,0.2531315646111183
252,0.25313128683646
253,0.2531310119224188
254,0.2531307398264629
255,0.25313047050688103
256,0.2531302039227637
257,0.2531299400339838
258,0.2531296788011782
259,0.2531294201857306
260,0.2531291641497537
261,0.25312891065607185
262,0.25312865966820586
263,0.25312841115035606
264,0.253128165067388
265,0.25312792138481494
266,0.2531276800687858
267,0.2531274410860693
268,0.2531272044040413
269,0.2531269699906691
270,0.25312673781450096
271,0.25312650784465096
272,0.25312628005078736
273,0.25312605440312147
274,0.25312583087239376
275,0.2531256094298638
276,0.2531253900472981
277,0.25312517269696005
278,0.2531249573515986
279,0.2531247439844373
280,0.25312453256916556
281,0.25312432307992794
282,0.25312411549131364
283,0.253123909778349
284,0.25312370591648714
285,0.25312350388159854
286,0.2531233036499635
287,0.25312310519826275
288,0.25312290850356967
289,0.25312271354334187
290,0.2531225202954132
291,0.25312232873798696
292,0.25312213884962687
293,0.2531219506092504
294,0.2531217639961227
295,0.2531215789898476
296,0.25312139557036256
297,0.2531212137179304
298,0.25312103341313424
299,0.2531208546368705
300,0.2531206773703425
301,0.253120501595055
302,0.25312032729280726
303,0.2531201544456885
304,0.25311998303607175
305,0.2531198130466075
306,0.25311964446021945
307,0.25311947726009904
308,0.2531193114297006
309,0.2531191469527341
310,0.2531189838131639
311,0.25311882199520086
312,0.2531186614832988
313,0.2531185022621507
314,0.25311834431668245
315,0.25311818763205035
316,0.253118032193635
317,0.2531178779870385
318,0.25311772499807994
319,0.25311757321279077
320,0.25311742261741205
321,0.25311727319838945
322,0.2531171249423703
323,0.2531169778361995
324,0.25311683186691525
325,0.25311668702174833
326,0.25311654328811434
327,0.253116400653614
328,0.2531162591060283
329,0.25311611863331535
330,0.2531159792236069
331,0.25311584086520655
332,0.2531157035465851
333,0.25311556725637846
334,0.2531154319833847
335,0.25311529771656144
336,0.2531151644450222
337,0.25311503215803466
338,0.2531149008450178
339,0.25311477049553766
340,0.25311464109930837
341,0.2531145126461854
342,0.2531143851261661
343,0.25311425852938646
344,0.2531141328461182
345,0.2531140080667668
346,0.25311388418187
347,0.2531137611820941
348,0.25311363905823336
349,0.2531135178012062
350,0.25311339740205485
351,0.2531132778519417
352,0.253113159142149
353,0.2531130412640749
354,0.2531129242092326
355,0.25311280796924984
356,0.25311269253586377
357,0.25311257790092245
358,0.25311246405638055
359,0.253112350994299
360,0.2531122387068432
361,0.2531121271862806
362,0.25311201642498016
363,0.2531119064154098
364,0.2531117971501346
365,0.25311168862181543
366,0.25311158082320984
367,0.25311147374716575
368,0.2531113673866247
369,0.2531112617346173
370,0.2531111567842631
371,0.2531110525287695
372,0.2531109489614289
373,0.2531108460756193
374,0.2531107438648011
375,0.25311064232251795
376,0.2531105414423933
377,0.2531104412181301
378,0.25311034164351015
379,0.25311024271239213
380,0.25311014441871027
381,0.25311004675647425
382,0.25310994971976686
383,0.2531098533027435
384,0.253109757499631
385,0.2531096623047271
386,0.25310956771239745
387,0.25310947371707776
388,0.2531093803132693
389,0.2531092874955409
390,0.25310919525852554
