1,0.27285655204080744
2,0.26200191682106705
3,0.2617537793075644
4,0.26147807312372173
5,0.26117408179477886
6,0.26084255577477095
7,0.2604862660220949
8,0.26011042484511804
9,0.25972275956168195
10,0.2593330441915885
11,0.2589520426502475
12,0.25859006453686206
13,0.2582555470293413
14,0.2579540976743821
15,0.25768823013996967
16,0.25745773246916975
17,0.2572604058849841
18,0.25709288097091554
19,0.2569513093827326
20,0.2568318498023882
21,0.2567309544001661
22,0.25664550249410917
23,0.2565728345225995
24,0.25651072972750844
25,0.2564573573486173
26,0.2564112193890622
27,0.25637109468735353
28,0.25633598880333935
29,0.2563050912399574
30,0.2562777399745122
31,0.256253392571065
32,0.256231602905659
33,0.2562120025287936
34,0.25619428578566406
35,0.2561781979457537
36,0.25616352572585593
37,0.2561500897098202
38,0.2561377382694061
39,0.25612634267348744
40,0.256115793139354
41,0.25610599563254965
42,0.25609686926313063
43,0.2560883441586708
44,0.2560803597196807
45,0.25607286318289646
46,0.2560658084333676
47,0.256059155018379
48,0.2560528673257288
49,0.25604691389636675
50,0.2560412668472922
51,0.25603590138525495
52,0.25603079539553336
53,0.2560259290930021
54,0.25602128472505153
55,0.25601684631784327
56,0.25601259945888394
57,0.2560085311101475
58,0.25600462944697183
59,0.25600088371877017
60,0.25599728412826306
61,0.255993821726472
62,0.2559904883211848
63,0.25598727639693936
64,0.2559841790449152
65,0.2559811899013358
66,0.25597830309323416
67,0.2559755131905738
68,0.2559728151638948
69,0.2559702043467547
70,0.2559676764023551
71,0.2559652272938175
72,0.25596285325765916
73,0.2559605507800754
74,0.2559583165756848
75,0.25595614756845225
76,0.25595404087452595
77,0.25595199378677397
78,0.2559500037608242
79,0.25594806840243806
80,0.2559461854560742
81,0.2559443527945088
82,0.2559425684094031
83,0.2559408304027134
84,0.2559391369788624
85,0.25593748643758385
86,0.25593587716738436
87,0.25593430763955183
88,0.2559327764026598
89,0.2559312820775189
90,0.2559298233525363
91,0.25592839897943903
92,0.2559270077693283
93,0.25592564858904326
94,0.255924320357791
95,0.2559230220440333
96,0.25592175266259753
97,0.25592051127200066
98,0.2559192969719586
99,0.25591810890107564
100,0.2559169462346891
101,0.25591580818286563
102,0.25591469398852784
103,0.25591360292570864
104,0.2559125342979204
105,0.25591148743662484
106,0.2559104616998064
107,0.2559094564706323
108,0.2559084711561944
109,0.2559075051863338
110,0.2559065580125292
111,0.2559056291068585
112,0.25590471796101766
113,0.2559038240853976
114,0.25590294700821686
115,0.25590208627469957
116,0.25590124144630316
117,0.25590041209998743
118,0.2558995978275248
119,0.25589879823484635
120,0.25589801294142583
121,0.25589724157969324
122,0.2558964837944845
123,0.2558957392425106
124,0.2558950075918663
125,0.2558942885215522
126,0.2558935817210298
127,0.25589288688979345
128,0.25589220373696625
129,0.255891531980914
130,0.25589087134888033
131,0.25589022157663444
132,0.2558895824081436
133,0.25588895359525193
134,0.2558883348973826
135,0.255887726081247
136,0.2558871269205715
137,0.25588653719583665
138,0.25588595669402303
139,0.255885385208378
140,0.2558848225381816
141,0.2558842684885308
142,0.25588372287013106
143,0.25588318549909517
144,0.2558826561967531
145,0.25588213478946725
146,0.25588162110845974
147,0.2558811149896403
148,0.25588061627345043
149,0.25588012480470296
150,0.25587964043243927
151,0.2558791630097839
152,0.2558786923938092
153,0.25587822844540503
154,0.25587777102915166
155,0.25587732001319863
156,0.2558768752691528
157,0.25587643667196086
158,0.25587600409980576
159,0.25587557743400385
160,0.2558751565589033
161,0.2558747413617905
162,0.25587433173279867
163,0.2558739275648166
164,0.2558735287534069
165,0.2558731351967219
166,0.2558727467954248
167,0.2558723634526145
168,0.25587198507375175
