1,0.2767702681472826
2,0.2665022187596147
3,0.2648595103783508
4,0.2648577813642186
5,0.2648560305094528
6,0.2648542574326771
7,0.26485246173461874
8,0.2648506430069355
9,0.2648488008319718
10,0.26484693478250737
11,0.2648450444215007
12,0.2648431293018202
13,0.2648411889659719
14,0.26483922294581486
15,0.264837230762271
16,0.2648352119250248
17,0.26483316593221345
18,0.2648310922701082
19,0.2648289904127844
20,0.26482685982178605
21,0.2648246999457724
22,0.264822510220161
23,0.2648202900667561
24,0.264818038893366
25,0.2648157560934078
26,0.26481344104550336
27,0.26481109311305856
28,0.26480871164383246
29,0.2648062959694913
30,0.2648038454051514
31,0.26480135924890424
32,0.26479883678132876
33,0.26479627726499155
34,0.26479367994392533
35,0.2647910440430969
36,0.26478836876785666
37,0.2647856533033715
38,0.2647828968140385
39,0.2647800984428843
40,0.26477725731094387
41,0.264774372516621
42,0.2647714431350282
43,0.2647684682173089
44,0.2647654467899382
45,0.264762377854002
46,0.26475926038445535
47,0.2647560933293596
48,0.2647528756090956
49,0.26474960611555587
50,0.26474628371130915
51,0.26474290722874766
52,0.26473947546920307
53,0.26473598720204206
54,0.2647324411637345
55,0.2647288360568966
56,0.2647251705493071
57,0.2647214432728981
58,0.2647176528227177
59,0.26471379775586623
60,0.2647098765904057
61,0.26470588780424
62,0.2647018298339695
63,0.26469770107371715
64,0.26469349987392554
65,0.26468922454012983
66,0.2646848733317007
67,0.2646804444605631
68,0.2646759360898845
69,0.26467134633274514
70,0.26466667325077536
71,0.26466191485277496
72,0.26465706909331005
73,0.2646521338712848
74,0.26464710702850064
75,0.2646419863481919
76,0.26463676955355425
77,0.2646314543062528
78,0.2646260382049293
79,0.2646205187836978
80,0.2646148935106449
81,0.2646091597863255
82,0.26460331494227546
83,0.26459735623952996
84,0.264591280867165
85,0.2645850859408667
86,0.26457876850153234
87,0.2645723255139143
88,0.26456575386531833
89,0.2645590503643602
90,0.26455221173979876
91,0.26454523463945373
92,0.26453811562922197
93,0.26453085119221065
94,0.2645234377279956
95,0.2645158715520347
96,0.2645081488952408
97,0.2645002659037489
98,0.2644922186388889
99,0.26448400307739683
100,0.26447561511188367
101,0.26446705055159664
102,0.2644583051234972
103,0.2644493744736959
104,0.2644402541692678
105,0.26443093970049836
106,0.26442142648359074
107,0.2644117098638781
108,0.2644017851195906
109,0.26439164746621385
110,0.26438129206149896
111,0.2643707140111695
112,0.26435990837537887
113,0.26434887017597775
114,0.2643375944046451
115,0.26432607603194525
116,0.2643143100173674
117,0.264302291320412
118,0.2642900149127844
119,0.26427747579175215
120,0.26426466899473017
121,0.26425158961515277
122,0.2642382328196747
123,0.2642245938667655
124,0.2642106681267353
125,0.2641964511032259
126,0.26418193845620225
127,0.2641671260264589
128,0.2641520098616507
129,0.2641365862438396
130,0.2641208517185335
131,0.26410480312517753
132,0.2640884376290322
133,0.26407175275436
134,0.2640547464188005
135,0.2640374169688099
136,0.26401976321598525
137,0.2640017844740858
138,0.26398348059651733
139,0.26396485201401476
140,0.26394589977222627
141,0.2639266255688652
142,0.26390703179006486
143,0.2638871215455297
144,0.263866898702064
145,0.2638463679150112
146,0.26382553465712794
147,0.26380440524439697
148,0.26378298685827045
149,0.2637612875638299
150,0.2637393163233599
151,0.2637170830048472
152,0.2636945983849333
153,0.2636718741459012
154,0.2636489228663075
155,0.26362575800494686
156,0.2636023938778933
157,0.26357884562845096
158,0.2635551291899393
159,0.26353126124133025
160,0.2635072591558649
161,0.26348314094288783
162,0.26345892518324393
163,0.2634346309586991
164,0.2634102777759491
165,0.2633858854858779
166,0.2633614741988331
167,0.26333706419674086
168,0.26331267584297324
169,0.2632883294909075
170,0.26326404539216186
171,0.2632398436054958
172,0.2632157439073567
173,0.2631917657050303
174,0.26316792795329613
175,0.2631442490754463
176,0.26312074688941706
177,0.2630974385397236
178,0.2630743404357622
179,0.2630514681969444
180,0.26302883660501425
181,0.26300645956377533
182,0.26298435006634985
183,0.2629625201699733
184,0.262940980978224
185,0.26291974263049245
186,0.26289881429840767
187,0.26287820418885743
188,0.2628579195531818
189,0.2628379667020659
190,0.26281835102561146
191,0.26279907701805055
192,0.2627801483065418
193,0.26276156768348624
194,0.2627433371418073
195,0.2627254579126429
196,0.2627079305049387
197,0.2626907547464288
198,0.262673929825554
199,0.26265745433387205
200,0.26264132630857967
201,0.26262554327478194
202,0.2626101022872009
203,0.26259499997104774
204,0.26258023256181995
205,0.26256579594382545
206,0.2625516856872735
207,0.26253789708379593
208,0.2625244251803007
209,0.26251126481108916
210,0.2624984106281832
211,0.26248585712984296
212,0.26247359868726783
213,0.2624616295694924
214,0.26244994396650834
215,0.2624385360106447
216,0.26242739979626467
217,0.2624165293978305
218,0.2624059188864033
219,0.2623955623446502
220,0.26238545388042633
221,0.26237558763901236
222,0.2623659578140789
223,0.26235655865746255
224,0.2623473844878195
225,0.26233842969824045
226,0.26232968876289314
227,0.2623211562427714
228,0.26231282679061135
229,0.2623046951550436
230,0.2622967561840454
231,0.2622890048277521
232,0.2622814361406796
233,0.2622740452834165
234,0.2622668275238346
235,0.2622597782378601
236,0.2622528929098553
237,0.26224616713264487
238,0.26223959660723345
239,0.26223317714223604
240,0.26222690465306536
241,0.2622207751609016
242,0.26221478479146765
243,0.2622089297736426
244,0.2622032064379286
245,0.2621976112147972
246,0.26219214063293034
247,0.2621867913173785
248,0.26218155998764253
249,0.2621764434557037
250,0.2621714386240061
251,0.26216654248340804
252,0.26216175211111037
253,0.26215706466857075
254,0.26215247739941294
255,0.26214798762733715
256,0.26214359275403976
257,0.2621392902571445
258,0.2621350776881552
259,0.2621309526704284
260,0.26212691289717316
261,0.2621229561294827
262,0.2621190801943948
263,0.2621152829829897
264,0.26211156244852224
265,0.2621079166045954
266,0.26210434352336737
267,0.2621008413338066
268,0.26209740821997884
269,0.2620940424193827
270,0.2620907422213245
271,0.2620875059653335
272,0.2620843320396205
273,0.26208121887957825
274,0.26207816496632186
275,0.26207516882527016
276,0.26207222902477006
277,0.26206934417475597
278,0.2620665129254546
279,0.2620637339661226
280,0.26206100602382554
281,0.26205832786225236
282,0.2620556982805681
283,0.2620531161122993
284,0.26205058022425665
285,0.26204808951548997
286,0.26204564291627636
287,0.2620432393871413
288,0.2620408779179098
289,0.26203855752678923
290,0.2620362772594815
291,0.2620340361883214
292,0.2620318334114474
293,0.2620296680519959
294,0.26202753925732264
295,0.2620254461982516
296,0.2620233880683435
297,0.26202136408319454
298,0.26201937347975357
299,0.2620174155156635
300,0.26201548946862463
301,0.26201359463577845
302,0.2620117303331116
303,0.2620098958948787
304,0.262008090673048
305,0.2620063140367586
306,0.2620045653718033
307,0.2620028440801214
308,0.26200114957931386
309,0.2619994813021704
310,0.2619978386962145
311,0.2619962212232625
312,0.26199462835899545
313,0.2619930595925502
314,0.2619915144261174
315,0.261989992374557
316,0.2619884929650235
317,0.26198701573660715
318,0.26198556023998126
319,0.26198412603706756
320,0.26198271270070705
321,0.2619813198143425
322,0.26197994697171356
323,0.2619785937765611
324,0.2619772598423373
325,0.26197594479192965
326,0.26197464825739253
327,0.26197336987968417
328,0.26197210930841847
329,0.26197086620161697
330,0.26196964022547464
331,0.26196843105413065
332,0.2619672383694468
333,0.26196606186079163
