1,0.5076107358500002
2,0.5069719353726699
3,0.5050329006961123
4,0.40568696203478366
5,0.2598736741956683
6,0.2598735400447534
7,0.25987333386295713
8,0.2598731292647402
9,0.25987292623269653
10,0.259872724749667
11,0.2598725247987342
12,0.2598723263632183
13,0.259872129426674
14,0.2598719339728853
15,0.25987173998586266
16,0.259871547449839
17,0.2598713563492644
18,0.25987116666880444
19,0.25987097839333645
20,0.25987079150794423
21,0.2598706059979166
22,0.259870421848742
23,0.25987023904610795
24,0.25987005757589443
25,0.2598698774241736
26,0.25986969857720443
27,0.2598695210214312
28,0.2598693447434801
29,0.2598691697301555
30,0.2598689959684374
31,0.25986882344547974
32,0.2598686521486058
33,0.25986848206530694
34,0.25986831318323833
35,0.25986814549021825
36,0.2598679789742243
37,0.2598678136233898
38,0.2598676494260046
39,0.25986748637050877
40,0.2598673244454935
41,0.2598671636396959
42,0.2598670039419985
43,0.2598668453414278
44,0.25986668782714817
45,0.2598665313884644
46,0.25986637601481627
47,0.25986622169577833
48,0.25986606842105614
49,0.25986591618048605
50,0.2598657649640316
51,0.2598656147617829
52,0.25986546556395324
53,0.2598653173608789
54,0.2598651701430158
55,0.2598650239009386
56,0.2598648786253388
57,0.2598647343070214
58,0.2598645909369075
59,0.25986444850602597
60,0.25986430700551794
61,0.25986416642663224
62,0.25986402676072373
63,0.25986388799925264
64,0.2598637501337821
65,0.2598636131559781
66,0.2598634770576058
67,0.25986334183053
68,0.25986320746671276
69,0.25986307395821223
70,0.2598629412971808
71,0.2598628094758646
72,0.2598626784866013
73,0.2598625483218198
74,0.25986241897403667
75,0.2598622904358589
76,0.2598621626999776
77,0.2598620357591709
78,0.25986190960630107
79,0.2598617842343129
80,0.25986165963623353
81,0.25986153580517024
82,0.2598614127343104
83,0.2598612904169198
84,0.25986116884634086
85,0.2598610480159932
86,0.25986092791937104
87,0.2598608085500431
88,0.25986068990165057
89,0.2598605719679076
90,0.2598604547425989
91,0.2598603382195792
92,0.2598602223927726
93,0.2598601072561714
94,0.2598599928038348
95,0.2598598790298887
96,0.259859765928525
97,0.2598596534939982
98,0.25985954172062864
99,0.2598594306027982
100,0.2598593201349516
101,0.2598592103115932
102,0.2598591011272891
103,0.259858992576664
104,0.2598588846544024
105,0.2598587773552446
106,0.2598586706739906
107,0.25985856460549484
108,0.2598584591446683
109,0.25985835428647647
110,0.2598582500259391
111,0.2598581463581297
112,0.2598580432781739
113,0.2598579407812502
114,0.259857838862587
115,0.2598577375174654
116,0.25985763674121526
117,0.25985753652921606
118,0.25985743687689644
119,0.25985733777973213
120,0.25985723923324766
121,0.25985714123301357
122,0.25985704377464686
123,0.25985694685381083
124,0.2598568504662129
125,0.259856754607606
126,0.2598566592737862
127,0.2598565644605937
128,0.2598564701639107
129,0.2598563763796629
130,0.2598562831038169
131,0.25985619033238117
132,0.25985609806140386
133,0.2598560062869747
134,0.2598559150052224
135,0.25985582421231496
136,0.2598557339044593
137,0.25985564407790074
138,0.259855554728922
139,0.2598554658538436
140,0.2598553774490228
141,0.25985528951085285
142,0.2598552020357635
143,0.25985511502021974
144,0.2598550284607224
145,0.25985494235380574
146,0.2598548566960389
147,0.2598547714840254
148,0.2598546867144008
149,0.25985460238383523
150,0.25985451848903096
151,0.25985443502672206
152,0.25985435199367446
153,0.25985426938668643
154,0.25985418720258635
155,0.25985410543823323
156,0.2598540240905178
157,0.25985394315635924
158,0.2598538626327076
159,0.25985378251654145
160,0.2598537028048683
161,0.2598536234947248
162,0.2598535445831752
163,0.25985346606731263
164,0.2598533879442569
165,0.259853310211155
166,0.25985323286518275
167,0.25985315590354024
168,0.2598530793234554
169,0.25985300312218096
170,0.25985292729699755
171,0.2598528518452088
172,0.25985277676414514
173,0.2598527020511615
174,0.2598526277036368
175,0.2598525537189747
176,0.2598524800946033
177,0.2598524068279741
178,0.25985233391656204
179,0.2598522613578648
180,0.2598521891494041
181,0.2598521172887238
182,0.2598520457733902
183,0.2598519746009916
184,0.25985190376913836
185,0.2598518332754626
186,0.25985176311761843
187,0.2598516932932804
188,0.2598516238001445
189,0.25985155463592713
190,0.25985148579836553
191,0.25985141728521666
192,0.2598513490942587
193,0.2598512812232889
194,0.2598512136701236
195,0.25985114643260004
196,0.25985107950857267
197,0.25985101289591767
198,0.25985094659252717
199,0.25985088059631367
200,0.25985081490520745
201,0.259850749517157
202,0.2598506844301291
203,0.2598506196421078
204,0.2598505551510951
205,0.2598504909551108
