1,0.32238173834622774
2,0.2614985502010982
3,0.2613778201426652
4,0.2612734925019979
5,0.2611842154914341
6,0.2611082094125255
7,0.26104360231866164
8,0.26098862604247414
9,0.2609417088856907
10,0.2609015036977826
11,0.26086688088806714
12,0.2608369053973453
13,0.26081080851363103
14,0.2607879601081892
15,0.26076784375718187
16,0.26075003554011283
17,0.26073418648357627
18,0.2607200082658599
19,0.2607072616876663
20,0.2606957474196424
21,0.2606852985911388
22,0.2606757748527661
23,0.26066705761213593
24,0.2606590462012246
25,0.2606516547832936
26,0.26064480984756194
27,0.26063844817198
28,0.2606325151598613
29,0.2606269634760864
30,0.26062175192423764
31,0.2606168445182161
32,0.26061220971149535
33,0.2606078197546356
34,0.26060365015758596
35,0.26059967923793986
36,0.26059588773996534
37,0.26059225851214896
38,0.2605887762332879
39,0.2605854271790242
40,0.2605821990221801
41,0.2605790806614547
42,0.26057606207398526
43,0.26057313418807365
44,0.2605702887729916
45,0.2605675183433034
46,0.26056481607557247
47,0.2605621757356474
48,0.26055959161502595
49,0.26055705847502686
50,0.26055457149769173
51,0.2605521262425014
52,0.2605497186081416
53,0.260547344798644
54,0.26054500129334873
55,0.2605426848201931
56,0.2605403923319212
57,0.26053812098483936
58,0.2605358681198288
59,0.2605336312453268
60,0.2605314080220567
61,0.2605291962492977
62,0.2605269938525254
63,0.2605247988722584
64,0.2605226094539888
65,0.26052042383906854
66,0.2605182403564551
67,0.2605160574152223
68,0.26051387349775446
69,0.26051168715356154
70,0.26050949699363835
71,0.2605073016853291
72,0.2605050999476345
73,0.26050289054692866
74,0.26050067229303664
75,0.2604984440356496
76,0.2604962046610368
77,0.26049395308903395
78,0.2604916882702826
79,0.26048940918369234
80,0.2604871148341179
81,0.26048480425022197
82,0.26048247648251865
83,0.26048013060157305
84,0.2604777656963551
85,0.2604753808727287
86,0.260472975252069
87,0.2604705479699991
88,0.2604680981752384
89,0.2604656250285539
90,0.260463127701811
91,0.2604606053771127
92,0.2604580572460287
93,0.26045548250890505
94,0.2604528803742539
95,0.260450250058215
96,0.2604475907840913
97,0.2604449017819541
98,0.2604421822883113
99,0.260439431545844
100,0.26043664880320394
101,0.2604338333148713
102,0.2604309843410749
103,0.2604281011477702
104,0.26042518300667333
105,0.2604222291953573
106,0.26041923899739805
107,0.26041621170258533
108,0.26041314660718046
109,0.26041004301423837
110,0.26040690023397867
111,0.26040371758421654
112,0.2604004943908474
113,0.26039722998838444
114,0.2603939237205595
115,0.26039057494096796
116,0.26038718301378005
117,0.26038374731449776
118,0.260380267230774
119,0.2603767421632818
120,0.2603731715266393
121,0.2603695547503876
122,0.2603658912800219
123,0.2603621805780754
124,0.2603584221252521
125,0.260354615421611
126,0.26035075998779683
127,0.26034685536631946
128,0.26034290112287295
129,0.26033889684770195
130,0.2603348421570043
131,0.26033073669436857
132,0.26032658013224486
133,0.26032237217345017
134,0.26031811255268883
135,0.260313801038099
136,0.26030943743281826
137,0.2603050215765495
138,0.26030055334714025
139,0.26029603266215523
140,0.26029145948044236
141,0.2602868338036836
142,0.26028215567792307
143,0.2602774251950639
144,0.2602726424943288
145,0.2602678077636726
146,0.26026292124114164
147,0.2602579832161652
148,0.260252994030779
149,0.2602479540807638
150,0.2602428638166947
151,0.26023772374488535
152,0.2602325344282304
153,0.26022729648692283
154,0.2602220105990476
155,0.2602166775010368
156,0.26021129798798537
157,0.2602058729138105
158,0.2602004031912562
159,0.2601948897917302
160,0.260189333744974
161,0.2601837361385523
162,0.2601780981171696
163,0.2601724208817964
164,0.26016670568862027
