1,0.2765798220163104
2,0.2577505581501558
3,0.25770422255753755
4,0.2576555333878207
5,0.25760471427434517
6,0.2575520792239499
7,0.25749803189873904
8,0.2574430566354783
9,0.2573877004852073
10,0.2573325470801253
11,0.25727818483778425
12,0.25722517339871925
13,0.25717401277592844
14,0.2571251192238181
15,0.25707881043672315
16,0.25703530081819903
17,0.2569947057959683
18,0.2569570529414666
19,0.2569222971649369
20,0.25689033741116596
21,0.25686103283987316
22,0.25683421717924526
23,0.2568097105966935
24,0.25678732893493467
25,0.25676689048899903
26,0.256748220672971
27,0.2567311549854973
28,0.25671554067224883
29,0.25670123743521644
30,0.2566881174760857
31,0.2566760650980021
32,0.2566649760338925
33,0.2566547566230006
34,0.2566453229206592
35,0.25663659979850384
36,0.2566285200719239
37,0.2566210236768992
38,0.25661405690822015
39,0.25660757172416293
40,0.2566015251182034
41,0.25659587855549837
42,0.25659059747022833
43,0.2565856508190101
44,0.2565810106852639
45,0.2565766519294168
46,0.25657255188002964
47,0.25656869006126237
48,0.25656504795247237
49,0.2565616087761489
50,0.2565583573107773
51,0.2565552797256108
52,0.25655236343467314
53,0.2565495969676398
54,0.2565469698555291
55,0.2565444725293905
56,0.25654209623040974
57,0.25653983293003985
58,0.2565376752589506
59,0.2565356164437421
60,0.2565336502504923
61,0.25653177093433804
62,0.25652997319437926
63,0.25652825213329006
64,0.256526603221099
65,0.25652502226265683
66,0.25652350536838553
67,0.25652204892793573
68,0.2565206495864337
69,0.2565193042230392
70,0.256518009931556
71,0.25651676400288514
72,0.2565155639091184
73,0.25651440728910696
74,0.2565132919353481
75,0.2565122157820557
76,0.2565111768942985
77,0.256510173458095
78,0.2565092037713714
79,0.2565082662356997
80,0.2565073593487398
81,0.25650648169731677
82,0.2565056319510748
83,0.2565048088566526
84,0.2565040112323348
85,0.2565032379631297
86,0.2565024879962412
87,0.2565017603368973
88,0.2565010540445001
89,0.256500368229074
90,0.2564997020479858
91,0.2564990547029056
92,0.2564984254370022
93,0.25649781353233914
94,0.2564972183074617
95,0.2564966391151596
96,0.25649607534038843
97,0.2564955263983383
98,0.25649499173263507
99,0.2564944708136705
100,0.25649396313704437
101,0.256493468222111
102,0.25649298561062567
103,0.2564925148654802
104,0.25649205556952176
105,0.25649160732444903
106,0.25649116974977854
107,0.2564907424818802
108,0.2564903251730685
109,0.256489917490757
110,0.25648951911666124
111,0.2564891297460512
112,0.25648874908705294
113,0.25648837685998627
114,0.2564880127967485
115,0.25648765664022966
116,0.25648730814376736
117,0.25648696707062735
118,0.2564866331935192
119,0.2564863062941385
120,0.25648598616273266
121,0.2564856725976948
122,0.2564853654051777
123,0.2564850643987296
124,0.25648476939895265
125,0.2564844802331747
126,0.2564841967351452
127,0.2564839187447413
128,0.2564836461076947
129,0.256483378675329
130,0.2564831163043138
131,0.25648285885642913
132,0.2564826061983439
133,0.25648235820140464
134,0.2564821147414347
135,0.25648187569854547
136,0.25648164095695436
137,0.25648141040481226
138,0.25648118393404307
139,0.2564809614401857
140,0.25648074282224764
141,0.25648052798256327
142,0.25648031682666117
143,0.2564801092631354
144,0.2564799052035241
145,0.25647970456219343
146,0.25647950725622853
147,0.2564793132053243
148,0.25647912233168974
149,0.25647893455994725
150,0.25647874981704416
151,0.25647856803216307
152,0.25647838913663895
153,0.256478213063879
154,0.25647803974928585
155,0.2564778691301845
156,0.2564777011457527
157,0.25647753573695226
158,0.25647737284646754
159,0.2564772124186418
160,0.2564770543994186
161,0.25647689873628626
162,0.2564767453782235
163,0.25647659427564745
164,0.2564764453803631
165,0.2564762986455175
166,0.2564761540255527
167,0.25647601147616156
168,0.25647587095424657
169,0.256475732417879
170,0.25647559582625984
171,0.2564754611396829
172,0.25647532831949793
173,0.2564751973280772
174,0.2564750681287818
175,0.25647494068593074
176,0.2564748149647678
177,0.25647469093143477
178,0.25647456855294126
179,0.25647444779713857
180,0.2564743286326919
181,0.25647421102905715
182,0.2564740949564536
183,0.2564739803858434
184,0.2564738672889064
185,0.25647375563801994
186,0.2564736454062373
187,0.2564735365672667
188,0.25647342909545323
189,0.256473322965758
190,0.2564732181537421
191,0.25647311463554606
192,0.25647301238787645
193,0.25647291138798656
194,0.2564728116136625
195,0.25647271304320574
196,0.256472615655421
197,0.2564725194296
198,0.2564724243455082
199,0.2564723303833718
200,0.2564722375238648
201,0.2564721457480957
202,0.2564720550375968
203,0.2564719653743112
204,0.2564718767405828
205,0.25647178911914414
206,0.25647170249310725
207,0.25647161684595166
208,0.25647153216151614
209,0.2564714484239885
210,0.2564713656178955
211,0.256471283728096
212,0.2564712027397694
213,0.25647112263840965
214,0.256471043409816
215,0.25647096504008526
216,0.25647088751560376
217,0.2564708108230409
218,0.2564707349493398
219,0.25647065988171336
220,0.2564705856076356
221,0.2564705121148345
222,0.25647043939128755
223,0.25647036742521395
224,0.2564702962050694
225,0.2564702257195392
226,0.2564701559575345
227,0.2564700869081851
228,0.256470018560835
229,0.2564699509050363
230,0.2564698839305449
231,0.2564698176273167
232,0.2564697519854999
233,0.2564696869954331
