1,0.28293351667720357
2,0.2805709204554585
3,0.2805560410998802
4,0.28054084144980784
5,0.28052533740625185
6,0.28050954772091646
7,0.2804934940449759
8,0.2804772009297057
9,0.2804606957728114
10,0.2804440087055259
11,0.2804271724172228
12,0.28041022191640297
13,0.28039319422931785
14,0.28037612804014767
15,0.2803590632793468
16,0.280342040669336
17,0.28032510123898163
18,0.2803082858200814
19,0.28029163454019834
20,0.28027518632658877
21,0.2802589784355899
22,0.28024304602068995
23,0.28022742175071613
24,0.28021213548722734
25,0.2801972140275339
26,0.2801826809169083
27,0.2801685563307481
28,0.2801548570248369
29,0.28014159634957436
30,0.28012878432222343
31,0.2801164277498534
32,0.2801045303948232
33,0.28009309317425374
34,0.2800821143849753
35,0.2800715899458231
36,0.2800615136497766
37,0.28005187741929594
38,0.28004267155912344
39,0.2800338850018072
40,0.2800255055421764
41,0.28001752005791625
42,0.2800099147142232
43,0.2800026751512693
44,0.2799957866538313
45,0.27998923430297135
46,0.27998300311007424
47,0.2799770781338754
48,0.2799714445813519
49,0.2799660878935226
50,0.27996099381730527
51,0.27995614846462913
52,0.2799515383600276
53,0.2799471504779042
54,0.27994297227063275
55,0.2799389916885905
56,0.27993519719315796
57,0.2799315777636342
58,0.2799281228989472
59,0.2799248226149514
60,0.2799216674380278
61,0.27991864839562786
62,0.27991575700432886
63,0.27991298525590197
64,0.2799103256018329
65,0.2799077709366762
66,0.27990531458057744
67,0.2799029502612421
68,0.2799006720955963
69,0.279898474571347
70,0.2798963525286069
71,0.2798943011417312
72,0.2798923159014818
73,0.2798903925976116
74,0.27988852730194586
75,0.27988671635201656
76,0.27988495633529076
77,0.2798832440740312
78,0.2798815766107986
79,0.2798799511946152
80,0.2798783652677872
81,0.27987681645338824
82,0.279875302543391
83,0.27987382148743833
84,0.27987237138223575
85,0.27987095046155064
86,0.2798695570867927
87,0.2798681897381585
88,0.27986684700631603
89,0.27986552758460337
90,0.27986423026172247
91,0.27986295391489935
92,0.27986169750348966
93,0.2798604600630059
94,0.2798592406995445
95,0.27985803858458524
96,0.27985685295015095
97,0.27985568308429615
98,0.27985452832691116
99,0.27985338806582194
100,0.279852261733164
101,0.27985114880201645
102,0.279850048783277
103,0.2798489612227631
104,0.27984788569852587
105,0.2798468218183589
106,0.2798457692174927
107,0.2798447275564583
108,0.27984369651911334
109,0.27984267581081246
110,0.27984166515671927
111,0.27984066430024446
112,0.27983967300160323
113,0.27983869103648285
114,0.27983771819481396
115,0.27983675427963595
116,0.27983579910604983
117,0.2798348525002546
118,0.27983391429865656
119,0.27983298434705123
120,0.27983206249986814
121,0.2798311486194763
122,0.27983024257554456
123,0.27982934424445316
124,0.2798284535087531
125,0.27982757025666927
126,0.27982669438164154
127,0.27982582578190585
128,0.2798249643601094
129,0.27982411002295526
130,0.27982326268087765
131,0.2798224222477445
132,0.2798215886405841
133,0.279820761779334
134,0.279819941586612
135,0.27981912798750624
136,0.2798183209093823
137,0.2798175202817077
138,0.27981672603589036
139,0.2798159381051328
140,0.279815156424295
141,0.27981438092977473
142,0.27981361155939366
143,0.27981284825229474
144,0.2798120909488507
145,0.2798113395905778
146,0.2798105941200586
147,0.2798098544808717
148,0.2798091206175281
149,0.2798083924754115
150,0.2798076700007271
151,0.27980695314045256
152,0.2798062418422946
153,0.27980553605464953
154,0.2798048357265666
155,0.2798041408077172
156,0.27980345124836425
157,0.2798027669993356
158,0.2798020880120007
159,0.27980141423824834
