1,0.2700180018847663
2,0.2676305651498897
3,0.26759316577511033
4,0.26755609841000105
5,0.26751957775689655
6,0.26748379261120375
7,0.26744889706835495
8,0.2674150048781511
9,0.26738218697580285
10,0.2673504721092702
11,0.2673198500923542
12,0.2672902769610134
13,0.2672616812195673
14,0.2672339704142667
15,0.26720703741829743
16,0.2671807660020787
17,0.2671550354514915
18,0.26712972415549885
19,0.26710471220070514
20,0.2670798830830352
21,0.26705512468255505
22,0.2670303296561543
23,0.26700539539392787
24,0.26698022366663066
25,0.2669547200694405
26,0.26692879334520564
27,0.26690235465067774
28,0.26687531681285515
29,0.26684759360982585
30,0.26681909910120477
31,0.26678974702701647
32,0.26675945029024795
33,0.2667281205368153
34,0.26669566784699184
35,0.26666200055406536
36,0.2666270252088345
37,0.2665906467122571
38,0.26655276864280447
39,0.26651329380957023
40,0.2664721250664085
41,0.2664291664258605
42,0.2663843245134975
43,0.26633751040263093
44,0.2662886418648419
45,0.2662376460619193
46,0.2661844626879888
47,0.2661290475451236
48,0.2660713765002699
49,0.266011449725248
50,0.265949296065666
51,0.26588497732158356
52,0.2658185921581018
53,0.2657502793063041
54,0.2656802196754957
55,0.2656086369897513
56,0.2655357965983153
57,0.2654620021996339
58,0.2653875903648187
59,0.26531292293937786
60,0.26523837762144165
61,0.26516433722935645
62,0.26509117834516704
63,0.2650192601198655
64,0.26494891402949416
65,0.26488043527440097
66,0.2648140763328469
67,0.2647500429465794
68,0.264688492569453
69,0.2646295350888418
70,0.26457323546167794
71,0.2645196178068762
72,0.26446867046364614
73,0.2644203515499485
74,0.2643745946201068
75,0.2643313141070421
76,0.2642904103266777
77,0.26425177390796545
78,0.26421528958448337
79,0.26418083933958186
80,0.26414830493661506
81,0.2641175698906975
82,0.26408852095153285
83,0.26406104917113427
84,0.2640350506284467
85,0.2640104268773061
86,0.2639870851765532
87,0.26396493855276437
88,0.2639439057377567
89,0.26392391101533474
90,0.2639048840048738
91,0.26388675940346173
92,0.2638694767033567
93,0.26385297989745743
94,0.26383721718221703
95,0.26382214066481535
96,0.26380770607936904
97,0.26379387251539627
98,0.2637806021605441
99,0.2637678600586954
100,0.26375561388391244
101,0.2637438337301968
102,0.26373249191670534
103,0.2637215628078406
104,0.26371102264748214
105,0.26370084940654365
106,0.26369102264299366
107,0.26368152337347356
108,0.2636723339556509
109,0.26366343798048675
110,0.263654820173619
111,0.2636464663051143
112,0.2636383631068997
113,0.2636304981972059
114,0.26362286001143503
115,0.26361543773888524
116,0.26360822126482736
117,0.2636012011174618
118,0.2635943684193263
119,0.26358771484276466
120,0.26358123256909677
121,0.26357491425116564
122,0.26356875297895926
123,0.26356274224804616
124,0.2635568759305721
125,0.2635511482485911
126,0.2635455537495406
127,0.26354008728365924
128,0.26353474398319143
129,0.2635295192432217
130,0.26352440870399396
131,0.2635194082346035
132,0.2635145139179282
133,0.26350972203671086
134,0.2635050290606849
135,0.26350043163466325
136,0.26349592656751086
137,0.2634915108219223
138,0.2634871815049492
139,0.26348293585920574
140,0.2634787712547082
141,0.2634746851812885
142,0.2634706752415441
143,0.263466739144276
144,0.2634628746983842
145,0.2634590798071741
146,0.2634553524630533
147,0.26345169074258296
148,0.2634480928018586
149,0.26344455687219304
150,0.2634410812560861
151,0.2634376643234487
152,0.26343430450807137
153,0.26343100030432026
154,0.2634277502640332
155,0.2634245529936168
156,0.26342140715131557
157,0.26341831144465283
158,0.26341526462802356
159,0.2634122655004318
160,0.263409312903362
161,0.2634064057187773
162,0.26340354286722956
163,0.26340072330608455
164,0.26339794602784034
165,0.26339521005854993
166,0.2633925144563225
167,0.26338985830991507
168,0.26338724073739767
169,0.26338466088489104
170,0.26338211792537225
171,0.26337961105754637
172,0.2633771395047715
173,0.2633747025140479
174,0.2633722993550535
175,0.2633699293192289
176,0.263367591718912
177,0.2633652858865141
178,0.26336301117373495
179,0.26336076695082106
180,0.263358552605855
181,0.2633563675440826
182,0.26335421118727076
183,0.2633520829730955
184,0.2633499823545587
185,0.26334790879943315
186,0.2633458617897316
187,0.2633438408211994
188,0.26334184540283223
189,0.2633398750564143
190,0.26333792931607536
191,0.2633360077278695
192,0.26333410984937083
193,0.26333223524928745
194,0.26333038350709054
195,0.26332855421266016
196,0.26332674696594593
