1,0.2520671670665239
2,0.24976300625921166
3,0.24958782091903328
4,0.2496168200550306
5,0.24963691379596745
6,0.24964462585153166
7,0.24964696293077168
8,0.2496473149326436
9,0.24964696774601952
10,0.24964637912272736
11,0.24964570875492265
12,0.2496450119716346
13,0.24964430789309905
14,0.24964360311610126
15,0.24964289991066047
16,0.2496421990525236
17,0.24964150080148936
18,0.2496408052392536
19,0.24964011238606731
20,0.24963942224101585
21,0.24963873479592633
22,0.24963805004016487
23,0.24963736796229222
24,0.24963668855063575
25,0.24963601179348135
26,0.2496353376791439
27,0.24963466619598543
28,0.24963399733242556
29,0.24963333107694077
30,0.2496326674180649
31,0.24963200634439023
32,0.24963134784456387
33,0.2496306919072907
34,0.24963003852133003
35,0.24962938767549608
36,0.24962873935865823
37,0.2496280935597389
38,0.2496274502677149
39,0.24962680947161597
40,0.2496261711605242
41,0.24962553532357476
42,0.24962490194995465
43,0.2496242710289023
44,0.24962364254970862
45,0.2496230165017146
46,0.24962239287431218
47,0.2496217716569447
48,0.24962115283910474
49,0.2496205364103356
50,0.24961992236022945
51,0.24961931067842894
52,0.24961870135462477
53,0.24961809437855723
54,0.24961748974001446
55,0.24961688742883417
56,0.24961628743490102
57,0.24961568974814746
58,0.2496150943585539
59,0.24961450125614806
60,0.24961391043100434
61,0.249613321873244
62,0.24961273557303434
63,0.24961215152058955
64,0.24961156970616938
65,0.24961099012007842
66,0.2496104127526679
67,0.24960983759433353
68,0.2496092646355152
69,0.2496086938666981
70,0.24960812527841095
71,0.24960755886122654
72,0.2496069946057605
73,0.24960643250267253
74,0.2496058725426644
75,0.24960531471648023
76,0.24960475901490548
77,0.24960420542876757
78,0.2496036539489349
79,0.24960310456631543
80,0.24960255727185707
81,0.24960201205654653
82,0.24960146891140816
83,0.24960092782750365
84,0.2496003887959302
85,0.24959985180781957
86,0.24959931685433634
87,0.2495987839266755
88,0.24959825301606028
89,0.24959772411373962
90,0.24959719721098272
91,0.24959667229907548
92,0.24959614936931354
93,0.24959562841299304
94,0.2495951094214
95,0.24959459238579482
96,0.2495940772973887
97,0.2495935641473161
98,0.24959305292658876
99,0.24959254362602953
100,0.24959203623617646
101,0.249591530747125
102,0.24959102714827702
103,0.24959052542791366
104,0.24959002557243362
105,0.2495895275649158
106,0.2495890313821822
107,0.2495885369882275
108,0.24958804431755027
109,0.24958755322503487
110,0.24958706329197258
111,0.24958657268171539
112,0.24958606130516417
113,0.2592681623552308
114,0.2523732788776531
115,0.2505790952015505
116,0.2501770871771244
117,0.250072678294072
118,0.2500402737636232
119,0.2500287474946734
120,0.2500243155528985
121,0.25002254648927197
122,0.25002182862869254
123,0.2500215352971178
124,0.25002141508903003
125,0.2500213657685844
126,0.2500213455228465
127,0.25002133721041825
128,0.25002133379724567
129,0.25002133239571256
130,0.2500213318202006
131,0.2500213315838763
132,0.25002133148683364
133,0.2500213314469846
134,0.25002133143062105
135,0.25002133142390187
136,0.25002133142114263
137,0.25002133142000965
138,0.25002133141954436
139,0.25002133141935334
140,0.2500213314192745
141,0.2500213314192427
142,0.25002133141922944
143,0.25002133141922395
144,0.2500213314192218
145,0.2500213314192209
146,0.2500213314192204
147,0.2500213314192203
148,0.25002133141922006
149,0.2500213314192201
150,0.2500213314192201
151,0.25002133141922006
152,0.25002133141922006
153,0.25002133141922006
154,0.25002133141922006
155,0.25002133141922006
156,0.25002133141922006
157,0.25002133141922006
158,0.25002133141922006
159,0.25002133141922006
160,0.25002133141922006
161,0.25002133141922006
162,0.25002133141922006
163,0.25002133141922006
164,0.25002133141922006
165,0.25002133141922006
166,0.25002133141922006
167,0.25002133141922006
168,0.25002133141922006
169,0.25002133141922006
170,0.25002133141922006
171,0.25002133141922006
172,0.25002133141922006
173,0.25002133141922006
174,0.25002133141922006
175,0.25002133141922006
176,0.25002133141922006
177,0.25002133141922006
178,0.25002133141922006
179,0.25002133141922006
180,0.25002133141922006
181,0.25002133141922006
182,0.25002133141922006
183,0.25002133141922006
184,0.25002133141922006
185,0.25002133141922006
186,0.25002133141922006
187,0.25002133141922006
188,0.25002133141922006
189,0.25002133141922006
190,0.25002133141922006
191,0.25002133141922006
192,0.25002133141922006
193,0.25002133141922006
194,0.25002133141922006
195,0.25002133141922006
196,0.25002133141922006
197,0.25002133141922006
198,0.25002133141922006
199,0.25002133141922006
200,0.25002133141922006
201,0.25002133141922006
202,0.25002133141922006
203,0.25002133141922006
204,0.25002133141922006
205,0.25002133141922006
206,0.25002133141922006
207,0.25002133141922006
208,0.25002133141922006
209,0.25002133141922006
210,0.25002133141922006
211,0.25002133141922006
212,0.25002133141922006
213,0.25002133141922006
214,0.25002133141922006
215,0.25002133141922006
216,0.25002133141922006
217,0.25002133141922006
218,0.25002133141922006
219,0.25002133141922006
220,0.25002133141922006
221,0.25002133141922006
222,0.25002133141922006
223,0.25002133141922006
224,0.25002133141922006
225,0.25002133141922006
226,0.25002133141922006
227,0.25002133141922006
228,0.25002133141922006
229,0.25002133141922006
230,0.25002133141922006
231,0.25002133141922006
232,0.25002133141922006
233,0.25002133141922006
234,0.25002133141922006
235,0.25002133141922006
236,0.25002133141922006
237,0.25002133141922006
238,0.25002133141922006
239,0.25002133141922006
240,0.25002133141922006
241,0.25002133141922006
242,0.25002133141922006
243,0.25002133141922006
244,0.25002133141922006
245,0.25002133141922006
246,0.25002133141922006
247,0.25002133141922006
248,0.25002133141922006
249,0.25002133141922006
250,0.25002133141922006
251,0.25002133141922006
252,0.25002133141922006
253,0.25002133141922006
254,0.25002133141922006
255,0.25002133141922006
256,0.25002133141922006
257,0.25002133141922006
258,0.25002133141922006
259,0.25002133141922006
260,0.25002133141922006
261,0.25002133141922006
262,0.25002133141922006
263,0.25002133141922006
264,0.25002133141922006
265,0.25002133141922006
266,0.25002133141922006
267,0.25002133141922006
268,0.25002133141922006
269,0.25002133141922006
270,0.25002133141922006
271,0.25002133141922006
272,0.25002133141922006
273,0.25002133141922006
274,0.25002133141922006
275,0.25002133141922006
276,0.25002133141922006
277,0.25002133141922006
278,0.25002133141922006
279,0.25002133141922006
280,0.25002133141922006
281,0.25002133141922006
282,0.25002133141922006
283,0.25002133141922006
284,0.25002133141922006
285,0.25002133141922006
286,0.25002133141922006
287,0.25002133141922006
288,0.25002133141922006
289,0.25002133141922006
290,0.25002133141922006
291,0.25002133141922006
292,0.25002133141922006
293,0.25002133141922006
294,0.25002133141922006
295,0.25002133141922006
296,0.25002133141922006
297,0.25002133141922006
298,0.25002133141922006
299,0.25002133141922006
300,0.25002133141922006
301,0.25002133141922006
302,0.25002133141922006
303,0.25002133141922006
304,0.25002133141922006
305,0.25002133141922006
306,0.25002133141922006
307,0.25002133141922006
308,0.25002133141922006
309,0.25002133141922006
310,0.25002133141922006
311,0.25002133141922006
312,0.25002133141922006
313,0.25002133141922006
314,0.25002133141922006
315,0.25002133141922006
316,0.25002133141922006
317,0.25002133141922006
318,0.25002133141922006
319,0.25002133141922006
320,0.25002133141922006
321,0.25002133141922006
322,0.25002133141922006
323,0.25002133141922006
324,0.25002133141922006
325,0.25002133141922006
326,0.25002133141922006
327,0.25002133141922006
328,0.25002133141922006
329,0.25002133141922006
330,0.25002133141922006
331,0.25002133141922006
332,0.25002133141922006
333,0.25002133141922006
334,0.25002133141922006
335,0.25002133141922006
336,0.25002133141922006
337,0.25002133141922006
338,0.25002133141922006
339,0.25002133141922006
340,0.25002133141922006
341,0.25002133141922006
342,0.25002133141922006
343,0.25002133141922006
344,0.25002133141922006
