1,0.2698400423993027
2,0.2536249859827989
3,0.252125557736219
4,0.2520412628520512
5,0.2520539217351345
6,0.2520614263021124
7,0.2520639398694761
8,0.25206458750245087
9,0.2520646280096365
10,0.2520644779674581
11,0.252064268617015
12,0.2520640407170998
13,0.25206380687077584
14,0.25206357096956045
15,0.2520633342142732
16,0.25206309697511126
17,0.25206285936590095
18,0.2520626214213419
19,0.2520623831517127
20,0.25206214455975323
21,0.2520619056458763
22,0.2520616664097743
23,0.2520614268509172
24,0.2520611869687051
25,0.2520609467625146
26,0.252060706231715
27,0.2520604653756714
28,0.2520602241937472
29,0.2520599826853033
30,0.2520597408496996
31,0.2520594986862935
32,0.2520592561944417
33,0.25205901337349845
34,0.25205877022281714
35,0.25205852674174883
36,0.25205828292964333
37,0.2520580387858479
38,0.2520577943097096
39,0.2520575495005728
40,0.25205730435777995
41,0.25205705888067326
42,0.25205681306859157
43,0.25205656692087236
44,0.25205632043685255
45,0.25205607361586596
46,0.2520558264572456
47,0.25205557896032266
48,0.25205533112442563
49,0.2520550829488823
50,0.2520548344330186
51,0.25205458557615823
52,0.2520543363776242
53,0.252054086836736
54,0.2520538369528132
55,0.2520535867251721
56,0.2520533361531283
57,0.2520530852359948
58,0.25205283397308365
59,0.2520525823637044
60,0.2520523304071654
61,0.2520520781027727
62,0.2520518254498306
63,0.25205157244764204
64,0.2520513190955068
65,0.2520510653927253
66,0.2520508113385941
67,0.2520505569324082
68,0.2520503021734612
69,0.2520500470610447
70,0.2520497915944487
71,0.2520495357729604
72,0.25204927959586654
73,0.25204902306245086
74,0.2520487661719959
75,0.25204850892378194
76,0.25204825131708725
77,0.2520479933511884
78,0.2520477350253603
79,0.2520474763388758
80,0.2520472172910057
81,0.25204695788101833
82,0.25204669810818137
83,0.25204643797175985
84,0.2520461774710164
85,0.25204591660521275
86,0.2520456553736078
87,0.2520453937754588
88,0.2520451318100212
89,0.2520448694765485
90,0.25204460677429125
91,0.25204434370249984
92,0.2520440802604208
93,0.25204381644729984
94,0.25204355226238045
95,0.2520432877049037
96,0.2520430227741089
97,0.25204275746923316
98,0.2520424917895126
99,0.25204222573417934
100,0.2520419593024652
101,0.25204169249359937
102,0.2520414253068089
103,0.2520411577413181
104,0.2520408897963508
105,0.2520406214711273
106,0.25204035276486625
107,0.25204008367678477
108,0.25203981420609733
109,0.2520395443520162
110,0.25203927411375177
111,0.2520390034905122
112,0.25203873248150394
113,0.25203846108593053
114,0.25203818930299376
115,0.25203791713189383
116,0.2520376445718277
117,0.2520373716219909
118,0.25203709828157667
119,0.2520368245497757
120,0.25203655042577733
121,0.2520362759087682
122,0.2520360009979317
123,0.25203572569245114
124,0.252035449991506
125,0.2520351738942744
126,0.25203489739993157
127,0.252034620507651
128,0.25203434321660373
129,0.25203406552595803
130,0.2520337874348817
131,0.25203350894253773
132,0.25203323004808886
133,0.25203295075069443
134,0.2520326710495122
135,0.2520323909436973
136,0.25203211043240265
137,0.2520318295147782
138,0.2520315481899725
139,0.2520312664571313
140,0.25203098431539855
141,0.252030701763915
142,0.2520304188018198
143,0.2520301354282492
144,0.25202985164233765
145,0.2520295674432164
146,0.25202928283001536
147,0.25202899780186055
148,0.25202871235787777
149,0.2520284264971884
150,0.2520281402189122
151,0.25202785352216667
152,0.2520275664060667
153,0.2520272788697246
154,0.25202699091225034
155,0.2520267025327515
156,0.2520264137303331
157,0.25202612450409806
158,0.252025834853146
159,0.25202554477657463
160,0.25202525427347944
161,0.25202496334295277
162,0.25202467198408446
163,0.2520243801959626
164,0.2520240879776719
165,0.252023795328295
166,0.25202350224691145
167,0.2520232087325991
168,0.25202291478443256
169,0.252022620401484
170,0.2520223255828232
171,0.2520220303275171
172,0.25202173463463
173,0.25202143850322384
174,0.25202114193235814
175,0.25202084492108934
176,0.2520205474684711
177,0.2520202495735546
178,0.25201995123538884
179,0.2520196524530197
180,0.25201935322549046
181,0.2520190535518414
182,0.252018753431111
183,0.25201845286233404
184,0.25201815184454335
185,0.2520178503767677
186,0.2520175484580354
187,0.2520172460873703
188,0.2520169432637936
189,0.2520166399863241
190,0.2520163362539784
191,0.2520160320657693
192,0.25201572742070666
193,0.25201542231779905
194,0.25201511675605043
195,0.2520148107344639
196,0.2520145042520379
197,0.25201419730776825
198,0.2520138899006495
199,0.25201358202967167
200,0.25201327369382265
201,0.2520129648920871
202,0.25201265562344743
203,0.25201234588688237
204,0.25201203568136804
205,0.2520117250058779
206,0.2520114138593823
207,0.2520111022408484
208,0.25201079014924105
209,0.2520104775835209
210,0.2520101645426477
211,0.25200985102557605
212,0.25200953703125806
213,0.2520092225586442
214,0.25200890760668077
215,0.2520085921743109
216,0.2520082762604753
217,0.25200795986411134
218,0.2520076429841534
