1,0.5074894747098759
2,0.5033085239242734
3,0.4983694608912504
4,0.49523153565841305
5,0.4898118988832478
6,0.47842952338480327
7,0.44346487562436276
8,0.3180751843956934
9,0.2511800474941826
10,0.25024857637232506
11,0.25024927906359884
12,0.25024942265362615
13,0.2502493820285789
14,0.25024933096031193
15,0.25024927936933267
16,0.25024922779733444
17,0.25024917627376714
18,0.2502491248001742
19,0.2502490733765784
20,0.25024902200291965
21,0.25024897067913426
22,0.2502489194051577
23,0.2502488681809256
24,0.2502488170063737
25,0.25024876588143763
26,0.2502487148060547
27,0.25024866378015986
28,0.25024861280368954
29,0.25024856187658
30,0.25024851099876827
31,0.25024846017019026
32,0.25024840939078274
33,0.2502483586604823
34,0.25024830797922604
35,0.25024825734695083
36,0.25024820676359366
37,0.25024815622909147
38,0.25024810574338174
39,0.25024805530640176
40,0.2502480049180885
41,0.25024795457837945
42,0.2502479042872129
43,0.25024785404452576
44,0.25024780385025613
45,0.25024775370434227
46,0.25024770360672177
47,0.25024765355733264
48,0.2502476035561131
49,0.2502475536030016
50,0.25024750369793597
51,0.2502474538408553
52,0.25024740403169765
53,0.2502473542704018
54,0.2502473045569067
55,0.25024725489115074
56,0.25024720527307315
57,0.25024715570261324
58,0.2502471061797095
59,0.25024705670430136
60,0.25024700727632804
61,0.2502469578957292
62,0.25024690856244414
63,0.25024685927641244
64,0.25024681003757343
65,0.2502467608458678
66,0.25024671170123436
67,0.25024666260361317
68,0.25024661355294514
69,0.25024656454916966
70,0.2502465155922267
71,0.25024646668205724
72,0.2502464178186015
73,0.2502463690017998
74,0.2502463202315927
75,0.2502462715079209
76,0.2502462228307254
77,0.25024617419994677
78,0.25024612561552606
79,0.25024607707740437
80,0.2502460285855225
81,0.25024598013982213
82,0.2502459317402444
83,0.2502458833867308
84,0.250245835079222
85,0.2502457868176604
86,0.2502457386019877
87,0.2502456904321455
88,0.25024564230807544
89,0.2502455942297195
90,0.25024554619701983
91,0.2502454982099183
92,0.25024545026835754
93,0.25024540237227927
94,0.25024535452162644
95,0.2502453067163412
96,0.2502452589563661
97,0.25024521124164384
98,0.25024516357211635
99,0.25024511594772786
100,0.2502450683684203
101,0.25024502083413697
102,0.2502449733448208
103,0.2502449259004153
104,0.25024487850086297
105,0.2502448311461077
106,0.25024478383609283
107,0.250244736570762
108,0.25024468935005834
109,0.25024464217392633
110,0.2502445950423083
111,0.25024454795514967
112,0.2502445009123932
113,0.2502444539139834
114,0.2502444069598645
115,0.25024436004998035
116,0.2502443131842757
117,0.2502442663626942
118,0.2502442195851809
119,0.2502441728516799
120,0.2502441261621363
121,0.2502440795164939
122,0.25024403291469827
123,0.2502439863566943
124,0.2502439398424263
125,0.2502438933718399
126,0.25024384694487994
127,0.2502438005614909
128,0.2502437542216193
129,0.2502437079252103
130,0.25024366167220863
131,0.25024361546256013
132,0.2502435692962106
133,0.2502435231731051
134,0.2502434770931901
135,0.25024343105641134
136,0.2502433850627148
137,0.25024333911204594
138,0.2502432932043514
139,0.2502432473395765
140,0.2502432015176693
141,0.2502431557385744
142,0.2502431100022386
143,0.2502430643086087
144,0.2502430186576314
145,0.2502429730492531
146,0.2502429274834207
147,0.25024288196008054
148,0.25024283647918033
