1,0.5015816206505003
2,0.5015814705235363
3,0.5015814016386271
4,0.5015813446214126
5,0.5015812947358099
6,0.5015812452354479
7,0.5015811958195715
8,0.5015811464059894
9,0.5015810969621516
10,0.5015810474723784
11,0.5015809979280975
12,0.5015809483241798
13,0.501580898657338
14,0.5015808489253406
15,0.5015807991266028
16,0.5015807492599498
17,0.5015806993244805
18,0.5015806493194807
19,0.5015805992443674
20,0.5015805490986522
21,0.5015804988819154
22,0.5015804485937903
23,0.5015803982339495
24,0.5015803478020959
25,0.5015802972979546
26,0.5015802467212707
27,0.501580196071804
28,0.5015801453493254
29,0.5015800945536162
30,0.5015800436844652
31,0.5015799927416658
32,0.5015799417250196
33,0.50157989063433
34,0.5015798394694049
35,0.5015797882300549
36,0.5015797369160935
37,0.5015796855273336
38,0.5015796340635941
39,0.5015795825246908
40,0.5015795309104438
41,0.5015794792206709
42,0.5015794274551936
43,0.5015793756138315
44,0.5015793236964053
45,0.5015792717027375
46,0.5015792196326471
47,0.501579167485955
48,0.5015791152624832
49,0.5015790629620516
50,0.5015790105844801
51,0.5015789581295885
52,0.5015789055971965
53,0.5015788529871222
54,0.501578800299183
55,0.5015787475331974
56,0.5015786946889821
57,0.5015786417663504
58,0.5015785887651185
59,0.5015785356850995
60,0.5015784825261045
61,0.5015784292879462
62,0.501578375970431
63,0.501578322573369
64,0.5015782690965639
65,0.5015782155398201
66,0.5015781619029381
67,0.5015781081857172
68,0.5015780543879516
69,0.5015780005094334
70,0.5015779465499501
71,0.501577892509287
72,0.5015778383872196
73,0.5015777841835202
74,0.5015777298979536
75,0.501577675530275
76,0.5015776210802285
77,0.5015775665475485
78,0.5015775119319515
79,0.5015774572331356
80,0.5015774024507758
81,0.5015773475845184
82,0.5015772926339728
83,0.5015772375987002
84,0.5015771824782
85,0.5015771272718909
86,0.5015770719790811
87,0.5015770165989295
88,0.5015769611303867
89,0.5015769055721023
90,0.5015768499222905
91,0.5015767941784998
92,0.5015767383372391
93,0.5015766823933188
94,0.501576626338621
95,0.5015765701596759
96,0.5015765138324388
97,0.5015764573097973
98,0.5015764004873995
99,0.5015763430914545
100,0.5015762842084861
101,0.5015762197417041
102,0.5015761384930911
103,0.5015760724561383
104,0.5015760148262842
105,0.5015759574514428
106,0.501575900114984
107,0.5015758427521417
108,0.5015757853360401
109,0.5015757278533175
110,0.5015756702964895
111,0.5015756126609807
112,0.5015755549437988
113,0.5015754971428722
114,0.5015754392566976
115,0.5015753812841375
116,0.5015753232242985
117,0.5015752650764554
118,0.5015752068400031
119,0.5015751485144219
120,0.5015750900992543
121,0.5015750315940924
122,0.5015749729985627
123,0.5015749143123212
124,0.5015748555350446
125,0.5015747966664257
126,0.5015747377061731
127,0.501574678654006
128,0.501574619509651
129,0.5015745602728409
130,0.5015745009433179
131,0.5015744415208259
132,0.5015743820051133
133,0.501574322395932
134,0.5015742626930354
135,0.5015742028961812
136,0.5015741430051254
137,0.501574083019629
138,0.5015740229394519
139,0.5015739627643545
140,0.5015739024940995
141,0.501573842128447
142,0.5015737816671623
143,0.5015737211100063
144,0.5015736604567423
145,0.501573599707133
146,0.5015735388609408
147,0.501573477917928
148,0.5015734168778572
149,0.5015733557404896
150,0.5015732945055869
151,0.5015732331729102
152,0.5015731717422206
153,0.5015731102132776
154,0.5015730485858407
155,0.5015729868596691
156,0.5015729250345222
157,0.5015728631101557
158,0.501572801086329
159,0.5015727389627981
160,0.501572676739318
161,0.5015726144156452
162,0.5015725519915334
163,0.5015724894667368
164,0.5015724268410071
165,0.5015723641140981
166,0.501572301285761
167,0.5015722383557463
168,0.5015721753238035
169,0.5015721121896815
170,0.5015720489531292
171,0.5015719856138938
172,0.5015719221717206
173,0.501571858626356
174,0.5015717949775441
175,0.5015717312250283
176,0.5015716673685512
177,0.5015716034078546
178,0.5015715393426792
179,0.5015714751727643
180,0.5015714108978474
181,0.5015713465176668
182,0.5015712820319579
183,0.5015712174404554
184,0.501571152742893
185,0.5015710879390033
186,0.5015710230285162
187,0.5015709580111612
188,0.5015708928866672
189,0.5015708276547596
190,0.5015707623151631
191,0.5015706968675998
192,0.5015706313117904
193,0.5015705656474543
194,0.5015704998743069
195,0.5015704339920628
196,0.5015703680004318
197,0.5015703018991232
198,0.5015702356878413
199,0.5015701693662863
200,0.5015701029341562
201,0.5015700363911411
202,0.5015699697369282
203,0.5015699029711984
204,0.5015698360936234
205,0.5015697691038675
206,0.501569702001585
207,0.5015696347864179
208,0.501569567457992
209,0.5015695000159187
210,0.5015694324597839
211,0.5015693647891494
212,0.5015692970035399
213,0.5015692291024376
214,0.5015691610852699
215,0.5015690929513879
216,0.5015690247000445
217,0.5015689563303583
218,0.5015688878412643
219,0.5015688192314309
220,0.5015687504991466
221,0.5015686816421219
222,0.501568612657181
223,0.5015685435397061
224,0.5015684742826404
225,0.5015684048745325
226,0.501568335295413
227,0.501568265507169
228,0.5015681954278508
229,0.5015681248495457
230,0.5015680530973505
231,0.5015679769113434
232,0.5015678719995663
233,0.5015676985481377
234,0.5015675935449593
235,0.5015675217419538
236,0.5015674501716099
237,0.5015673786092837
238,0.5015673069875671
239,0.5015672352784473
240,0.5015671634679647
241,0.5015670915482648
242,0.5015670195145122
243,0.5015669473635087
244,0.5015668750930116
245,0.5015668027013606
246,0.501566730187276
247,0.5015666575497271
248,0.5015665847878571
249,0.5015665119009303
250,0.5015664388882985
251,0.501566365749379
252,0.5015662924836374
253,0.5015662190905745
254,0.5015661455697213
255,0.5015660719206286
256,0.5015659981428648
257,0.5015659242360107
258,0.5015658501996615
259,0.5015657760334151
260,0.5015657017368802
261,0.5015656273096705
262,0.501565552751402
263,0.5015654780616949
264,0.5015654032401731
265,0.5015653282864612
266,0.5015652532001869
267,0.501565177980977
268,0.5015651026284601
269,0.501565027142267
270,0.5015649515220263
271,0.5015648757673669
272,0.5015647998779205
273,0.5015647238533137
274,0.501564647693178
275,0.5015645713971404
276,0.5015644949648292
277,0.501564418395872
278,0.5015643416898956
279,0.5015642648465248
280,0.5015641878653861
281,0.5015641107461015
282,0.5015640334882955
283,0.5015639560915891
284,0.5015638785556045
285,0.5015638008799601
286,0.501563723064276
287,0.5015636451081691
288,0.5015635670112566
289,0.5015634887731529
290,0.5015634103934729
291,0.5015633318718289
292,0.5015632532078328
293,0.5015631744010951
294,0.5015630954512242
295,0.5015630163578291
296,0.5015629371205144
297,0.5015628577388871
298,0.5015627782125499
299,0.5015626985411049
300,0.5015626187241542
301,0.5015625387612968
302,0.5015624586521314
303,0.5015623783962535
304,0.5015622979932607
305,0.5015622174427441
306,0.5015621367443
307,0.5015620558975163
308,0.5015619749019837
309,0.5015618937572912
310,0.5015618124630247
311,0.5015617310187689
312,0.5015616494241084
313,0.5015615676786257
314,0.5015614857818997
315,0.501561403733512
316,0.5015613215330385
317,0.5015612391800562
318,0.5015611566741384
319,0.50156107401486
320,0.5015609912017911
321,0.5015609082345023
322,0.5015608251125608
323,0.5015607418355339
324,0.5015606584029864
325,0.5015605748144825
326,0.5015604910695837
327,0.5015604071678492
328,0.5015603231088394
329,0.5015602388921094
330,0.5015601545172155
331,0.5015600699837115
332,0.5015599852911488
333,0.5015599004390779
