1,0.5173902419391729
2,0.2878666716799331
3,0.2537394414199994
4,0.253738630333775
5,0.2537386302358551
6,0.2537386302358429
7,0.253738630235843
8,0.253738630235843
9,0.253738630235843
10,0.253738630235843
11,0.253738630235843
12,0.253738630235843
13,0.253738630235843
14,0.253738630235843
15,0.2537386302358429
16,0.253738630235843
17,0.25373863023584303
18,0.253738630235843
19,0.2537386302358429
20,0.25373863023584303
21,0.253738630235843
22,0.253738630235843
23,0.253738630235843
24,0.25373863023584303
25,0.25373863023584303
26,0.253738630235843
27,0.253738630235843
28,0.253738630235843
29,0.2537386302358429
30,0.253738630235843
31,0.2537386302358429
32,0.253738630235843
33,0.2537386302358429
34,0.253738630235843
35,0.253738630235843
36,0.2537386302358429
37,0.253738630235843
38,0.2537386302358431
39,0.2537386302358429
40,0.253738630235843
41,0.253738630235843
42,0.25373863023584303
43,0.253738630235843
44,0.253738630235843
45,0.25373863023584303
46,0.2537386302358429
47,0.2537386302358429
48,0.2537386302358429
49,0.2537386302358429
50,0.2537386302358429
51,0.2537386302358429
52,0.25373863023584303
53,0.25373863023584287
54,0.25373863023584303
55,0.253738630235843
56,0.2537386302358429
57,0.25373863023584303
58,0.25373863023584287
59,0.253738630235843
60,0.253738630235843
61,0.2537386302358429
62,0.253738630235843
63,0.253738630235843
64,0.253738630235843
65,0.2537386302358429
66,0.2537386302358429
67,0.2537386302358429
68,0.2537386302358429
69,0.25373863023584303
70,0.25373863023584303
71,0.253738630235843
72,0.2537386302358429
73,0.253738630235843
74,0.253738630235843
75,0.2537386302358429
76,0.253738630235843
77,0.253738630235843
78,0.25373863023584303
79,0.25373863023584303
80,0.253738630235843
81,0.25373863023584303
82,0.2537386302358429
83,0.2537386302358429
84,0.253738630235843
85,0.25373863023584303
86,0.253738630235843
87,0.253738630235843
88,0.2537386302358431
89,0.2537386302358429
90,0.253738630235843
91,0.25373863023584303
92,0.25373863023584303
93,0.253738630235843
94,0.25373863023584303
95,0.2537386302358431
96,0.253738630235843
97,0.253738630235843
98,0.2537386302358429
99,0.253738630235843
100,0.2537386302358429
101,0.2537386302358429
102,0.253738630235843
103,0.253738630235843
104,0.253738630235843
105,0.253738630235843
106,0.2537386302358429
107,0.2537386302358429
108,0.2537386302358429
109,0.253738630235843
110,0.2537386302358431
111,0.253738630235843
112,0.2537386302358429
113,0.253738630235843
114,0.253738630235843
115,0.253738630235843
116,0.25373863023584303
117,0.253738630235843
118,0.25373863023584303
119,0.253738630235843
120,0.25373863023584303
121,0.253738630235843
122,0.25373863023584303
123,0.253738630235843
124,0.25373863023584303
125,0.253738630235843
126,0.25373863023584303
127,0.253738630235843
128,0.25373863023584303
129,0.253738630235843
130,0.25373863023584303
131,0.253738630235843
132,0.25373863023584303
133,0.253738630235843
134,0.25373863023584303
135,0.253738630235843
136,0.25373863023584303
137,0.253738630235843
138,0.25373863023584303
139,0.253738630235843
140,0.25373863023584303
141,0.253738630235843
142,0.25373863023584303
143,0.253738630235843
144,0.25373863023584303
145,0.253738630235843
146,0.25373863023584303
147,0.253738630235843
148,0.25373863023584303
149,0.253738630235843
150,0.25373863023584303
151,0.253738630235843
152,0.25373863023584303
153,0.253738630235843
154,0.25373863023584303
155,0.253738630235843
156,0.25373863023584303
157,0.253738630235843
158,0.25373863023584303
159,0.253738630235843
160,0.25373863023584303
161,0.253738630235843
162,0.25373863023584303
163,0.253738630235843
164,0.25373863023584303
165,0.253738630235843
166,0.25373863023584303
167,0.253738630235843
168,0.25373863023584303
169,0.253738630235843
170,0.25373863023584303
171,0.253738630235843
172,0.25373863023584303
173,0.253738630235843
174,0.25373863023584303
175,0.253738630235843
176,0.25373863023584303
177,0.253738630235843
178,0.25373863023584303
179,0.253738630235843
180,0.25373863023584303
181,0.253738630235843
182,0.25373863023584303
183,0.253738630235843
184,0.25373863023584303
185,0.253738630235843
186,0.25373863023584303
187,0.253738630235843
188,0.25373863023584303
189,0.253738630235843
190,0.25373863023584303
191,0.253738630235843
192,0.25373863023584303
193,0.253738630235843
194,0.25373863023584303
195,0.253738630235843
196,0.25373863023584303
197,0.253738630235843
198,0.25373863023584303
199,0.253738630235843
200,0.25373863023584303
201,0.253738630235843
202,0.25373863023584303
203,0.253738630235843
204,0.25373863023584303
205,0.253738630235843
206,0.25373863023584303
207,0.253738630235843
208,0.25373863023584303
209,0.253738630235843
210,0.25373863023584303
211,0.253738630235843
212,0.25373863023584303
213,0.253738630235843
214,0.25373863023584303
215,0.253738630235843
216,0.25373863023584303
217,0.253738630235843
218,0.25373863023584303
219,0.253738630235843
220,0.25373863023584303
221,0.253738630235843
222,0.25373863023584303
223,0.253738630235843
224,0.25373863023584303
225,0.253738630235843
226,0.25373863023584303
227,0.253738630235843
228,0.25373863023584303
229,0.253738630235843
230,0.25373863023584303
231,0.253738630235843
232,0.25373863023584303
233,0.253738630235843
234,0.25373863023584303
235,0.253738630235843
236,0.25373863023584303
237,0.253738630235843
238,0.25373863023584303
239,0.253738630235843
240,0.25373863023584303
241,0.253738630235843
242,0.25373863023584303
243,0.253738630235843
244,0.25373863023584303
245,0.253738630235843
246,0.25373863023584303
247,0.253738630235843
248,0.25373863023584303
249,0.253738630235843
250,0.25373863023584303
251,0.253738630235843
252,0.25373863023584303
253,0.253738630235843
254,0.25373863023584303
255,0.253738630235843
256,0.25373863023584303
257,0.253738630235843
258,0.25373863023584303
259,0.253738630235843
260,0.25373863023584303
261,0.253738630235843
262,0.25373863023584303
263,0.253738630235843
264,0.25373863023584303
265,0.253738630235843
266,0.25373863023584303
267,0.253738630235843
268,0.25373863023584303
269,0.253738630235843
270,0.25373863023584303
271,0.253738630235843
272,0.25373863023584303
273,0.253738630235843
274,0.25373863023584303
275,0.253738630235843
276,0.25373863023584303
277,0.253738630235843
278,0.25373863023584303
279,0.253738630235843
280,0.25373863023584303
281,0.253738630235843
282,0.25373863023584303
283,0.253738630235843
284,0.25373863023584303
285,0.253738630235843
286,0.25373863023584303
287,0.253738630235843
288,0.25373863023584303
289,0.253738630235843
290,0.25373863023584303
291,0.253738630235843
292,0.25373863023584303
293,0.253738630235843
294,0.25373863023584303
295,0.253738630235843
296,0.25373863023584303
297,0.253738630235843
298,0.25373863023584303
299,0.253738630235843
300,0.25373863023584303
301,0.253738630235843
302,0.25373863023584303
303,0.253738630235843
304,0.25373863023584303
305,0.253738630235843
306,0.25373863023584303
307,0.253738630235843
308,0.25373863023584303
309,0.253738630235843
310,0.25373863023584303
311,0.253738630235843
312,0.25373863023584303
313,0.253738630235843
314,0.25373863023584303
315,0.253738630235843
316,0.25373863023584303
317,0.253738630235843
318,0.25373863023584303
319,0.253738630235843
320,0.25373863023584303
321,0.253738630235843
322,0.25373863023584303
323,0.253738630235843
324,0.25373863023584303
325,0.253738630235843
326,0.25373863023584303
327,0.253738630235843
328,0.25373863023584303
329,0.253738630235843
330,0.25373863023584303
331,0.253738630235843
332,0.25373863023584303
333,0.253738630235843
334,0.25373863023584303
335,0.253738630235843
336,0.25373863023584303
337,0.253738630235843
338,0.25373863023584303
339,0.253738630235843
340,0.25373863023584303
341,0.253738630235843
342,0.25373863023584303
343,0.253738630235843
344,0.25373863023584303
345,0.253738630235843
346,0.25373863023584303
347,0.253738630235843
348,0.25373863023584303
349,0.253738630235843
350,0.25373863023584303
351,0.253738630235843
352,0.25373863023584303
353,0.253738630235843
354,0.25373863023584303
355,0.253738630235843
356,0.25373863023584303
357,0.253738630235843
358,0.25373863023584303
359,0.253738630235843
360,0.25373863023584303
361,0.253738630235843
362,0.25373863023584303
363,0.253738630235843
364,0.25373863023584303
365,0.253738630235843
366,0.25373863023584303
367,0.253738630235843
