1,0.2586004695201379
2,0.25230543461007937
3,0.25642338413062055
4,0.2543533143902903
5,0.2543422993190851
6,0.254331368962386
7,0.2543205233026894
8,0.25430976225813373
9,0.25429908569995857
10,0.25428849345702453
11,0.2542779853201648
12,0.25426756104636905
13,0.2542572203627937
14,0.25424696297058214
15,0.2542367885485081
16,0.25422669675642257
17,0.25421668723851437
18,0.254206759626381
19,0.25419691354190527
20,0.2541871485999494
21,0.25417746441085665
22,0.2541678605827731
23,0.254158336723789
24,0.2541488924439013
25,0.25413952735680645
26,0.2541302410815247
27,0.254121033243863
28,0.2541119034777209
29,0.25410285142624317
30,0.2540938767428279
31,0.25408497909199673
32,0.25407615815012485
33,0.2540674136060494
34,0.25405874516155097
35,0.2540501525317198
36,0.2540416354452137
37,0.2540331936444065
38,0.25402482688544425
39,0.2540165349382023
40,0.25400831758615927
41,0.2540001746261866
42,0.2539921058682654
43,0.25398411113512886
44,0.25397619026184104
45,0.2539683430953164
46,0.2539605694937823
47,0.25395286932619265
48,0.2539452424715978
49,0.25393768881846823
50,0.2539302082639882
51,0.253922800713317
52,0.25391546607881915
53,0.25390820427927635
54,0.25390101523907577
55,0.2538938988873873
56,0.25388685515732734
57,0.25387988398511696
58,0.25387298530923175
59,0.2538661590695553
60,0.2538594052065338
61,0.2538527236603347
62,0.25384611437001475
63,0.2538395772726999
64,0.2538331123027783
65,0.2538267193911102
66,0.2538203984642541
67,0.25381414944371883
68,0.2538079722452332
69,0.2538018667780429
70,0.25379583294423347
71,0.25378987063808317
72,0.25378397974544153
73,0.2537781601431417
74,0.25377241169844555
75,0.25376673426851815
76,0.2537611276999388
77,0.253755591828246
78,0.25375012647751827
79,0.2537447314599889
80,0.25373940657569877
81,0.25373415161218155
82,0.25372896634419073
83,0.25372385053345614
84,0.2537188039284835
85,0.2537138262643812
86,0.25370891726273104
87,0.2537040766314886
88,0.253699304064915
89,0.2536945992435506
90,0.2536899618342143
91,0.25368539149003677
92,0.25368088785052506
93,0.2536764505416556
94,0.2536720791759988
95,0.2536677733528694
96,0.2536635326585018
97,0.2536593566662555
98,0.25365524493684016
99,0.2536511970185651
100,0.253647212447613
101,0.25364329074832903
102,0.2536394314335326
103,0.2536356340048451
104,0.2536318979530356
105,0.25362822275837904
106,0.2536246078910316
107,0.25362105281141417
108,0.25361755697060995
109,0.25361411981077187
110,0.253610740765536
111,0.253607419260445
112,0.2536041547133755
113,0.25360094653497206
114,0.25359779412908456
115,0.25359469689320646
116,0.2535916542189173
117,0.25358866549232484
118,0.25358573009450497
119,0.2535828474019437
120,0.2535800167869727
121,0.25357723761820583
122,0.253574509260971
123,0.2535718310777328
124,0.2535692024285168
125,0.25356662267132335
126,0.2535640911625346
127,0.2535616072573165
128,0.2535591703100134
129,0.25355677967453094
130,0.25355443470471156
131,0.25355213475470517
132,0.2535498791793242
133,0.25354766733439293
134,0.25354549857708436
135,0.25354337226625034
