1,0.4916304781089795
2,0.4916304777209291
3,0.4916304773372459
4,0.49163047695634177
5,0.4916304765772416
6,0.49163047619934447
7,0.49163047582225705
8,0.491630475445717
9,0.49163047506953994
10,0.4916304746935973
11,0.49163047431779644
12,0.491630473942063
13,0.4916304735663462
14,0.4916304731906057
15,0.4916304728148075
16,0.49163047243892843
17,0.49163047206294663
18,0.4916304716868457
19,0.49163047131061277
20,0.4916304709342361
21,0.4916304705577071
22,0.4916304701810164
23,0.49163046980415914
24,0.49163046942712973
25,0.4916304690499207
26,0.4916304686725293
27,0.491630468294953
28,0.4916304679171869
29,0.49163046753922907
30,0.4916304671610819
31,0.4916304667827342
32,0.4916304664041882
33,0.4916304660254429
34,0.49163046564649726
35,0.491630465267349
36,0.49163046488799733
37,0.49163046450844455
38,0.4916304641286838
39,0.49163046374871827
40,0.49163046336854704
41,0.4916304629881691
42,0.4916304626075838
43,0.49163046222679163
44,0.49163046184579184
45,0.4916304614645845
46,0.49163046108316927
47,0.4916304607015463
48,0.4916304603197146
49,0.49163045993767474
50,0.4916304595554282
51,0.4916304591729718
52,0.4916304587903052
53,0.49163045840743114
54,0.4916304580243477
55,0.4916304576410553
56,0.4916304572575582
57,0.49163045687384677
58,0.4916304564899263
59,0.4916304561057953
60,0.4916304557214553
61,0.4916304553369047
62,0.4916304549521442
63,0.4916304545671733
64,0.4916304541819901
65,0.49163045379659603
66,0.49163045341099
67,0.4916304530251717
68,0.4916304526391413
69,0.49163045225289786
70,0.49163045186644166
71,0.49163045147977147
72,0.4916304510928879
73,0.49163045070579
74,0.49163045031847713
75,0.4916304499309513
76,0.4916304495432075
77,0.4916304491552483
78,0.49163044876707296
79,0.49163044837868053
80,0.49163044799007094
81,0.4916304476012485
82,0.4916304472122033
83,0.4916304468229396
84,0.49163044643345716
85,0.4916304460437562
86,0.49163044565383507
87,0.49163044526369476
88,0.49163044487333457
89,0.49163044448275206
90,0.49163044409194884
91,0.49163044370092435
92,0.49163044330967764
93,0.49163044291820795
94,0.49163044252651694
95,0.4916304421346023
96,0.49163044174246456
97,0.49163044135010364
98,0.491630440957518
99,0.4916304405647083
100,0.49163044017167545
101,0.4916304397784158
102,0.4916304393849311
103,0.49163043899122094
104,0.49163043859728445
105,0.49163043820312247
106,0.4916304378087366
107,0.49163043741412016
108,0.4916304370192765
109,0.4916304366242054
110,0.49163043622890595
111,0.49163043583337807
112,0.4916304354376245
113,0.4916304350416392
114,0.4916304346454254
115,0.4916304342489825
116,0.4916304338523093
117,0.4916304334554064
118,0.4916304330582724
119,0.49163043266090833
120,0.49163043226331393
121,0.4916304318654876
122,0.4916304314674298
123,0.49163043106914023
124,0.4916304306706204
125,0.4916304302718663
126,0.4916304298728795
127,0.4916304294736605
128,0.49163042907420695
129,0.4916304286745208
130,0.4916304282746044
131,0.4916304278744497
132,0.4916304274740605
133,0.4916304270734358
134,0.49163042667257767
135,0.4916304262714829
136,0.49163042587015465
137,0.49163042546858815
138,0.4916304250667856
139,0.4916304246647469
140,0.4916304242624705
141,0.4916304238599572
142,0.49163042345720614
143,0.4916304230542171
144,0.49163042265099
145,0.4916304222475248
146,0.49163042184382
147,0.4916304214398767
148,0.4916304210356952
149,0.49163042063127205
150,0.4916304202266092
151,0.4916304198217059
152,0.4916304194165613
153,0.49163041901118004
154,0.4916304186055534
155,0.49163041819968456
156,0.4916304177935735
157,0.4916304173872204
158,0.4916304169806238
159,0.49163041657378487
160,0.4916304161667029
161,0.49163041575937616
162,0.4916304153518048
163,0.4916304149439896
164,0.491630414535929
165,0.4916304141276232
166,0.49163041371907223
167,0.49163041331027496
168,0.4916304129012321
169,0.4916304124919427
170,0.49163041208240665
171,0.4916304116726252
172,0.49163041126259494
173,0.4916304108523165
174,0.49163041044179123
175,0.4916304100310174
176,0.49163040961999765
177,0.49163040920872925
178,0.49163040879720993
179,0.4916304083854416
180,0.49163040797342517
181,0.49163040756115894
182,0.49163040714864475
183,0.4916304067358807
184,0.49163040632286636
185,0.4916304059096034
186,0.4916304054960903
187,0.4916304050823277
188,0.4916304046683156
189,0.4916304042540543
190,0.4916304038395436
191,0.49163040342478403
192,0.4916304030097748
193,0.4916304025945167
194,0.4916304021790117
195,0.4916304017632556
196,0.49163040134725106
197,0.49163040093099897
198,0.4916304005144976
199,0.49163040009775255
200,0.49163039968075506
201,0.49163039926350965
202,0.49163039884601706
203,0.49163039842827627
204,0.49163039801028846
205,0.4916303975920546
206,0.49163039717357176
207,0.49163039675484155
208,0.4916303963358648
209,0.49163039591664054
210,0.49163039549716825
211,0.49163039507745016
212,0.4916303946574844
213,0.4916303942372714
214,0.4916303938168117
215,0.4916303933961039
216,0.4916303929751506
217,0.4916303925539476
218,0.49163039213249676
219,0.4916303917107985
220,0.49163039128885117
221,0.4916303908666601
222,0.49163039044421714
223,0.49163039002152276
224,0.49163038959857996
225,0.49163038917538826
226,0.4916303887519459
227,0.4916303883282558
228,0.4916303879043128
229,0.4916303874801192
230,0.491630387055675
231,0.49163038663097874
232,0.4916303862060305
233,0.4916303857808299
234,0.4916303853553769
235,0.491630384929671
236,0.491630384503712
237,0.4916303840774989
238,0.4916303836510341
239,0.4916303832243123
240,0.49163038279733556
241,0.49163038237010454
242,0.4916303819426174
243,0.49163038151487853
244,0.4916303810868788
245,0.49163038065862213
246,0.4916303802301086
247,0.49163037980133717
248,0.4916303793723077
249,0.4916303789430216
250,0.4916303785134751
251,0.491630378083669
252,0.4916303776536036
253,0.4916303772232781
254,0.4916303767926921
255,0.4916303763618448
256,0.49163037593073666
257,0.49163037549936717
258,0.4916303750677355
259,0.49163037463584175
260,0.49163037420368455
261,0.4916303737712633
262,0.49163037333857906
263,0.49163037290562966
264,0.491630372472418
265,0.4916303720389409
266,0.49163037160519607
267,0.4916303711711842
268,0.4916303707369069
269,0.4916303703023616
270,0.49163036986755027
271,0.49163036943246935
272,0.4916303689971193
