1,0.30468917431935155
2,0.25486905447565444
3,0.25487445892959404
4,0.25487445682054943
5,0.2548744547142994
6,0.25487445261083785
7,0.2548744505101598
8,0.2548744484122601
9,0.25487444631713274
10,0.25487444422477246
11,0.2548744421351739
12,0.25487444004833193
13,0.254874437964241
14,0.25487443588289554
15,0.25487443380429037
16,0.2548744317284204
17,0.25487442965527946
18,0.25487442758486323
19,0.25487442551716616
20,0.2548744234521828
21,0.2548744213899076
22,0.2548744193303361
23,0.25487441727346216
24,0.25487441521928134
25,0.2548744131677878
26,0.2548744111189768
27,0.2548744090728429
28,0.25487440702938113
29,0.2548744049885858
30,0.2548744029504529
31,0.25487440091497593
32,0.2548743988821509
33,0.25487439685197183
34,0.25487439482443436
35,0.25487439279953283
36,0.25487439077726237
37,0.25487438875761803
38,0.2548743867405951
39,0.25487438472618745
40,0.2548743827143913
41,0.2548743807052007
42,0.25487437869861157
43,0.25487437669461765
44,0.25487437469321556
45,0.25487437269439944
46,0.2548743706981645
47,0.25487436870450525
48,0.25487436671341773
49,0.25487436472489633
50,0.2548743627389368
51,0.25487436075553344
52,0.2548743587746823
53,0.2548743567963778
54,0.25487435482061555
55,0.25487435284739024
56,0.25487435087669735
57,0.25487434890853256
58,0.2548743469428901
59,0.2548743449797661
60,0.25487434301915524
61,0.2548743410610528
62,0.25487433910545393
63,0.25487433715235425
64,0.25487433520174907
65,0.25487433325363335
66,0.25487433130800247
67,0.25487432936485155
68,0.25487432742417665
69,0.25487432548597255
70,0.2548743235502346
71,0.25487432161695817
72,0.2548743196861389
73,0.2548743177577717
74,0.25487431583185216
75,0.25487431390837617
76,0.2548743119873385
77,0.25487431006873484
78,0.2548743081525606
79,0.25487430623881135
80,0.2548743043274823
81,0.2548743024185693
82,0.25487430051206716
83,0.2548742986079722
84,0.25487429670627954
85,0.2548742948069845
86,0.2548742929100827
87,0.25487429101557
88,0.25487428912344184
89,0.2548742872336935
90,0.2548742853463206
91,0.25487428346131935
92,0.25487428157868475
93,0.2548742796984123
94,0.25487427782049804
95,0.254874275944937
96,0.2548742740717256
97,0.25487427220085884
98,0.25487427033233306
99,0.25487426846614303
100,0.2548742666022849
101,0.2548742647407547
102,0.2548742628815475
103,0.25487426102465954
104,0.25487425917008616
105,0.2548742573178233
106,0.2548742554678665
107,0.2548742536202118
108,0.25487425177485507
109,0.2548742499317915
110,0.2548742480910172
111,0.2548742462525282
112,0.2548742444163198
113,0.2548742425823884
114,0.25487424075072923
115,0.2548742389213387
116,0.25487423709421225
117,0.2548742352693458
118,0.2548742334467355
119,0.25487423162637673
120,0.25487422980826574
121,0.2548742279923979
122,0.25487422617877026
123,0.2548742243673778
124,0.2548742225582166
125,0.2548742207512826
126,0.2548742189465719
127,0.25487421714408043
128,0.254874215343804
129,0.2548742135457387
130,0.2548742117498804
131,0.25487420995622506
132,0.254874208164769
133,0.2548742063755082
134,0.25487420458843835
135,0.25487420280355555
136,0.2548742010208561
137,0.25487419924033583
138,0.2548741974619907
139,0.25487419568581693
140,0.25487419391181076
141,0.25487419213996826
142,0.2548741903702851
143,0.2548741886027576
144,0.25487418683738233
145,0.2548741850741546
146,0.25487418331307116
147,0.2548741815541282
148,0.25487417979732135
149,0.2548741780426473
150,0.254874176290102
151,0.2548741745396813
152,0.25487417279138214
153,0.25487417104520005
154,0.2548741693011312
155,0.2548741675591724
156,0.2548741658193195
157,0.2548741640815689
158,0.25487416234591653
159,0.254874160612359
160,0.25487415888089227
161,0.25487415715151274
162,0.2548741554242169
163,0.2548741536990007
164,0.2548741519758606
165,0.25487415025479276
166,0.2548741485357939
167,0.25487414681885984
168,0.2548741451039871
169,0.2548741433911722
170,0.25487414168041106
171,0.25487413997170055
172,0.25487413826503663
173,0.2548741365604158
174,0.2548741348578349
175,0.2548741331572894
176,0.25487413145877647
177,0.2548741297622923
178,0.2548741280678329
179,0.254874126375395
180,0.25487412468497567
181,0.25487412299657025
182,0.2548741213101759
183,0.25487411962578876
184,0.2548741179434051
185,0.25487411626302225
186,0.25487411458463605
187,0.2548741129082428
188,0.25487411123383974
189,0.2548741095614222
190,0.2548741078909881
191,0.2548741062225328
192,0.2548741045560536
193,0.25487410289154644
194,0.2548741012290084
195,0.2548740995684359
196,0.25487409790982507
197,0.2548740962531732
198,0.25487409459847604
199,0.25487409294573093
200,0.254874091294934
201,0.254874089646082
202,0.2548740879991716
203,0.25487408635419934
204,0.254874084711162
