1,0.2884220256607594
2,0.282747444946297
3,0.25356551943850514
4,0.2535285416360614
5,0.2534951086689067
6,0.2534644182684728
7,0.25343619717403526
8,0.2534102013771909
9,0.2533862132127603
10,0.25336403861125817
11,0.2533435045489004
12,0.25332445671630166
13,0.25330675741046965
14,0.25329028364418
15,0.25327492546053526
16,0.2532605844371193
17,0.2532471723627118
18,0.25323461006932796
19,0.25322282640293375
20,0.25321175731722084
21,0.25320134507609043
22,0.25319153755184004
23,0.2531822876073732
24,0.25317355255196095
25,0.2531652936609989
26,0.2531574757499516
27,0.2531500667851077
28,0.25314303741146904
29,0.2531363522592547
30,0.25381447317938
31,0.25884070502757517
32,0.256007569002293
33,0.2560015575781723
34,0.2559958051527283
35,0.25599029535207013
36,0.25598501333649804
37,0.2559799454137952
38,0.25597507893443205
39,0.25597040219762524
40,0.25596590436701294
41,0.2559615753948583
42,0.2559574059538274
43,0.25595338737550083
44,0.2559495115948819
45,0.25594577110025246
46,0.25594215888780225
47,0.25593866842052343
48,0.255935293590926
49,0.25593202868717535
50,0.2559288683623023
51,0.255925807606172
52,0.25592284171993385
53,0.2559199662927124
54,0.2559171771803095
55,0.25591447048572913
56,0.2559118425413494
57,0.25590928989258
58,0.2559068092828723
59,0.2559043976399517
60,0.2559020520631594
61,0.2558997698118075
62,0.25589754829444933
63,0.25589538505899
64,0.2558932777835561
65,0.25589122426806843
66,0.25588922242644246
67,0.25588727027937874
68,0.25588536594768174
69,0.25588350764606654
70,0.25588169367741664
71,0.2558799224274491
72,0.2558781923597589
73,0.25587650201121015
74,0.25587484998764737
75,0.2558732349599009
76,0.25587165566006137
77,0.25587011087800954
78,0.2558685994581729
79,0.2558671202964972
80,0.2558656723376159
81,0.2558642545722039
82,0.2558628660344972
83,0.25586150579997313
84,0.25586017298317415
85,0.25585886673566705
86,0.25585758624412996
87,0.2558563307285534
88,0.25585509944055007
89,0.25585389166176803
90,0.2558527067023973
91,0.2558515438997622
92,0.25585040261699826
93,0.25584928224180337
94,0.25584818218526295
95,0.2558471018807385
96,0.25584604078282186
97,0.25584499836634506
98,0.2558439741254452
99,0.25584296757268404
100,0.25584197823820964
101,0.2558410056689671
102,0.2558400494279505
103,0.2558391090934941
104,0.2558381842586006
105,0.25583727453030475
106,0.2558363795290697
107,0.2558354988882139
108,0.25583463225336733
109,0.25583377928195605
110,0.2558329396427095
111,0.25583211301519565
112,0.2558312990893783
113,0.25583049756519277
114,0.2558297081521477
115,0.2558289305689394
116,0.25582816454309115
117,0.25582740981060376
118,0.2558266661156273
119,0.25582593321014435
120,0.2558252108536701
121,0.25582449881296576
122,0.2558237968617639
123,0.25582310478050785
124,0.25582242235610253
125,0.2558217493816738
126,0.255821085656343
127,0.2558204309850065
128,0.2558197851781294
129,0.2558191480515438
130,0.25581851942625966
131,0.2558178991282806
132,0.2558172869884297
133,0.2558166828421813
134,0.25581608652949966
135,0.25581549789468633
136,0.25581491678623075
137,0.2558143430566702
138,0.255813776562452
139,0.2558132171638042
140,0.25581266472461
141,0.2558121191122874
142,0.2558115801976736
143,0.2558110478549144
144,0.2558105219613573
145,0.2558100023974475
146,0.255809489046632
147,0.2558089817952627
148,0.2558084805325062
149,0.2558079851502556
150,0.25580749554304527
151,0.25580701160797087
152,0.25580653324461006
153,0.25580606035494735
154,0.25580559284330157
155,0.2558051306162555
156,0.2558046735825877
157,0.2558042216532094
158,0.2558037747410993
159,0.2558033327612446
160,0.255802895630582
161,0.25580246326794115
162,0.2558020355939905
163,0.2558016125311857
164,0.2558011940037162
165,0.2558007799374592
166,0.2558003702599305
167,0.25579996490023976
168,0.2557995637890451
169,0.2557991668585123
170,0.25579877404227086
171,0.2557983852753768
172,0.25579800049427226
173,0.25579761963674863
174,0.25579724264191056
175,0.2557968694501411
176,0.25579650000306725
177,0.2557961342435271
178,0.25579577211553967
179,0.25579541356427166
180,0.25579505853601037
181,0.25579470697813217
182,0.25579435883907714
183,0.2557940140683199
184,0.25579367261634506
185,0.25579333443462
186,0.255792999475572
187,0.2557926676925626
188,0.2557923390398663
189,0.255792013472646
190,0.25579169094693255
191,0.25579137141960406
192,0.2557910548483624
193,0.2557907411917174
194,0.2557904304089641
195,0.2557901224601658
196,0.2557898173061344
197,0.25578951490841456
198,0.2557892152292641
199,0.25578891823163985
200,0.2557886238791786
201,0.25578833213618335
202,0.2557880429676071
203,0.2557877563390381
204,0.25578747221668585
205,0.255787190567365
206,0.25578691135848447
207,0.255786634558032
208,0.25578636013456124
209,0.25578608805718034
210,0.25578581829553904
211,0.25578555081981585
212,0.2557852856007072
213,0.2557850226094173
214,0.2557847618176439
215,0.2557845031975711
216,0.2557842467218556
217,0.2557839923636195
218,0.2557837400964384
219,0.25578348989433214
220,0.2557832417317559
221,0.25578299558359063
222,0.25578275142513285
223,0.25578250923208956
224,0.2557822689805652
225,0.25578203064705657
226,0.2557817942084434
227,0.2557815596419806
228,0.25578132692529126
229,0.2557810960363579
230,0.25578086695351654
231,0.25578063965544845
232,0.2557804141211738
233,0.2557801903300445
234,0.2557799682617379
235,0.25577974789625113
236,0.2557795292138922
237,0.2557793121952768
238,0.2557790968213203
239,0.2557788830732331
240,0.2557786709325141
241,0.25577846038094554
242,0.2557782514005875
243,0.25577804397377146
244,0.25577783808309784
245,0.2557776337114277
246,0.2557774308418793
247,0.2557772294578241
248,0.25577702954288034
249,0.25577683108090904
250,0.25577663405601
251,0.2557764384525164
252,0.25577624425499096
253,0.2557760514482225
254,0.25577586001722
255,0.25577566994721024
256,0.2557754812236327
257,0.255775293832136
258,0.2557751077585752
259,0.25577492298900617
260,0.25577473950968327
261,0.2557745573070553
262,0.2557743763677625
263,0.25577419667863244
264,0.25577401822667756
265,0.25577384099909145
266,0.25577366498324516
267,0.2557734901666846
268,0.25577331653712815
269,0.25577314408246266
270,0.25577297279074107
271,0.255772802650179
272,0.2557726336491518
273,0.25577246577619445
274,0.2557722990199942
275,0.255772133369392
276,0.2557719688133778
277,0.25577180534108895
278,0.25577164294180726
279,0.25577148160495694
280,0.25577132132010105
281,0.25577116207694206
282,0.25577100386531576
283,0.2557708466751913
284,0.25577069049666945
285,0.2557705353199793
286,0.2557703811354755
287,0.25577022793363857
288,0.2557700757050707
289,0.2557699244404947
290,0.2557697741307516
291,0.2557696247667999
292,0.25576947633971153
293,0.2557693288406725
294,0.2557691822609798
295,0.25576903659203887
296,0.25576889182536405
297,0.2557687479525749
298,0.25576860496539533
299,0.2557684628556515
300,0.25576832161527113
301,0.2557681812362821
302,0.25576804171080814
303,0.25576790303107166
304,0.25576776518938854
305,0.2557676281781686
306,0.2557674919899142
307,0.25576735661721733
308,0.2557672220527603
309,0.25576708828931194
310,0.2557669553197292
311,0.2557668231369537
312,0.2557666917340107
313,0.25576656110400847
314,0.2557664312401371
315,0.2557663021356666
316,0.25576617378394606
317,0.25576604617840293
318,0.2557659193125405
319,0.25576579317993964
320,0.25576566777425347
321,0.25576554308920985
322,0.2557654191186093
323,0.25576529585632274
324,0.255765173296292
325,0.2557650514325284
326,0.25576493025911085
327,0.25576480977018645
328,0.2557646899599685
329,0.25576457082273446
330,0.2557644523528282
331,0.2557643345446558
332,0.2557642173926872
333,0.2557641008914528
334,0.2557639850355448
335,0.25576386981961485
336,0.25576375523837525
337,0.25576364128659484
338,0.2557635279591017
339,0.25576341525077945
340,0.25576330315656814
341,0.25576319167146383
342,0.25576308079051596
343,0.2557629705088286
344,0.255762860821558
345,0.2557627517239143
346,0.2557626432111568
347,0.25576253527859816
348,0.2557624279215992
349,0.2557623211355718
350,0.25576221491597606
351,0.2557621092583201
352,0.2557620041581603
353,0.25576189961109946
354,0.2557617956127862
355,0.255761692158916
356,0.2557615892452292
357,0.2557614868675098
358,0.25576138502158646
359,0.2557612837033312
360,0.2557611829086581
361,0.2557610826335247
362,0.25576098287392945
363,0.2557608836259118
364,0.25576078488555226
365,0.25576068664897117
366,0.2557605889123285
367,0.2557604916718235
368,0.2557603949236937
369,0.2557602986642146
370,0.2557602028896998
371,0.2557601075964997
372,0.25576001278100174
373,0.25575991843962864
374,0.25575982456884006
375,0.2557597311651297
376,0.2557596382250272
377,0.255759545745096
378,0.25575945372193404
379,0.25575936215217204
380,0.2557592710324745
381,0.25575918035953793
382,0.25575909013009296
383,0.2557590003408997
384,0.2557589109887519
385,0.2557588220704734
386,0.2557587335829185
387,0.25575864552297317
388,0.25575855788755214
389,0.2557584706736012
390,0.2557583838780939
391,0.2557582974980337
392,0.25575821153045275
393,0.25575812597241077
394,0.2557580408209966
395,0.2557579560733254
396,0.25575787172654013
397,0.2557577877778113
398,0.25575770422433514
399,0.2557576210633346
400,0.25575753829205866
401,0.2557574559077823
402,0.255757373907805
403,0.2557572922894524
404,0.2557572110500747
405,0.25575713018704616
406,0.25575704969776486
407,0.25575696957965477
408,0.2557568898301619
409,0.25575681044675563
410,0.2557567314269299
411,0.2557566527682
412,0.2557565744681045
413,0.2557564965242039
414,0.255756418934082
415,0.2557563416953433
416,0.2557562648056141
417,0.25575618826254204
418,0.255756112063797
419,0.25575603620706766
420,0.25575596069006545
421,0.2557558855105205
422,0.2557558106661846
423,0.2557557361548283
424,0.25575566197424293
425,0.25575558812223825
426,0.25575551459664436
427,0.25575544139530965
428,0.2557553685161022
