1,0.3804365263352905
2,0.4408427498695413
3,0.3485237927755262
4,0.2546142314491666
5,0.24944119094477316
6,0.2493563342016783
7,0.24933925574987859
8,0.2493253799542619
9,0.24931179519294325
10,0.2492983038332677
11,0.24928489183196895
12,0.24927155807197712
13,0.24925830234187976
14,0.24924512448683397
15,0.24923202434873148
16,0.2492190017621316
17,0.2492060565541373
18,0.24919318854454267
19,0.2491803975460055
20,0.2491676833642156
21,0.24915504579806566
22,0.24914248463981875
23,0.2491299996752745
24,0.24911759068393685
25,0.24910525743917722
26,0.2490929997083982
27,0.24908081725319628
28,0.2490687098295217
29,0.24905667718783686
30,0.2490447190732752
31,0.24903283522579647
32,0.24902102538034107
33,0.24900928926698263
34,0.24899762661107983
35,0.24898603713342432
36,0.24897452055039013
37,0.24896307657407724
38,0.24895170491245677
39,0.24894040526951353
40,0.24892917734538553
41,0.24891802083650197
42,0.24890693543572032
43,0.24889592083246123
44,0.24888497671283916
45,0.24887410275979593
46,0.2488632986532272
47,0.24885256407010942
48,0.2488418986846252
49,0.24883130216828525
50,0.2488207741900506
51,0.24881031441644894
52,0.24879992251169294
53,0.24878959813779497
54,0.24877934095467874
55,0.248769150620291
56,0.24875902679070974
57,0.24874896912025057
58,0.24873897726157226
59,0.24872905086577834
60,0.2487191895825192
61,0.24870939306008924
62,0.2486996609455247
63,0.24868999288469884
64,0.24868038852241317
65,0.24867084750249013
66,0.24866136946786213
67,0.24865195406065702
68,0.24864260092228502
69,0.2486333096935211
70,0.24862408001458836
71,0.24861491152523513
72,0.24860580386481412
73,0.24859675667235964
74,0.24858776958666048
75,0.248578842246332
76,0.2485699742898893
77,0.24856116535581396
78,0.24855241508262196
79,0.248543723108931
80,0.24853508907352184
81,0.24852651261540382
82,0.24851799337387231
83,0.24850953098857034
84,0.24850112509954594
85,0.24849277534730713
86,0.24848448137287704
87,0.24847624281784725
88,0.24846805932442784
89,0.24845993053550017
90,0.24845185609466283
91,0.24844383564628006
92,0.24843586883552804
93,0.24842795530843748
94,0.24842009471193824
95,0.24841228669390128
96,0.24840453090317818
97,0.24839682698963975
98,0.24838917460421603
99,0.2483815733989297
100,0.24837402302693587
101,0.24836652314255153
102,0.2483590734012932
103,0.24835167345990405
104,0.2483443229763887
105,0.24833702161004137
106,0.24832976902147283
107,0.2483225648726422
108,0.24831540882687764
109,0.2483083005489076
110,0.24830123970488027
111,0.24829422596239
112,0.24828725899049975
113,0.24828033845976066
114,0.2482734640422353
115,0.24826663541151503
116,0.2482598522427398
117,0.2482531142126174
118,0.248246420999438
119,0.24823977228309227
120,0.24823316774508714
121,0.24822660706855865
122,0.24822008993828876
123,0.2482136160407153
124,0.24820718506394726
125,0.24820079669777456
126,0.24819445063368
127,0.24818814656485028
128,0.24818188418618414
129,0.24817566319430245
130,0.2481694832875564
131,0.24816334416603578
132,0.2481572455315755
133,0.24815118708776215
134,0.24814516853994034
135,0.2481391895952195
136,0.24813324996247593
137,0.24812734935235958
138,0.24812148747729756
139,0.24811566405149751
140,0.24810987879094912
141,0.24810413141342869
142,0.2480984216385004
143,0.2480927491875171
144,0.2480871137836225
145,0.24808151515175084
146,0.24807595301862928
147,0.24807042711277416
148,0.2480649371644949
149,0.2480594829058891
150,0.24805406407084396
151,0.24804868039503397
152,0.24804333161591904
153,0.24803801747274187
154,0.24803273770652629
155,0.2480274920600723
156,0.24802228027795722
157,0.24801710210652606
158,0.24801195729389408
159,0.24800684558993874
160,0.2480017667462963
161,0.24799672051635788
162,0.2479917066552651
163,0.2479867249199037
164,0.24798177506889948
165,0.24797685686261225
166,0.24797197006313038
167,0.2479671144342654
168,0.24796228974154516
169,0.24795749575220802
170,0.24795273223519637
171,0.2479479989611509
172,0.24794329570240164
173,0.24793862223296384
174,0.24793397832852843
175,0.24792936376645636
176,0.2479247783257714
177,0.24792022178715112
178,0.24791569393292043
179,0.24791119454704438
180,0.2479067234151189
181,0.24790228032436373
182,0.24789786506361355
183,0.24789347742331205
184,0.24788911719550002
185,0.24788478417381032
186,0.24788047815345732
187,0.24787619893123017
188,0.24787194630548245
189,0.24786772007612393
190,0.24786352004461362
191,0.24785934601394785
192,0.24785519778865375
193,0.24785107517478036
194,0.24784697797988753
195,0.2478429060130398
196,0.2478388590847949
197,0.247834837007196
198,0.24783083959376195
199,0.24782686665947845
200,0.24782291802078898
201,0.24781899349558525
202,0.24781509290319792
203,0.2478112160643874
204,0.2478073628013346
205,0.24780353293763188
206,0.24779972629827315
207,0.2477959427096445
208,0.24779218199951644
209,0.24778844399703198
210,0.2477847285326992
211,0.24778103543838165
212,0.24777736454728821
213,0.24777371569396392
214,0.24777008871428113
215,0.24776648344543092
216,0.2477628997259112
217,0.24775933739552045
218,0.2477557962953457
219,0.24775227626775562
220,0.24774877715638952
221,0.2477452988061492
222,0.24774184106318872
223,0.24773840377490636
224,0.24773498678993444
225,0.24773158995813063
226,0.2477282131305686
227,0.2477248561595291
228,0.24772151889849173
229,0.24771820120212384
230,0.2477149029262732
231,0.24771162392795792
232,0.2477083640653597
233,0.24770512319781124
234,0.24770190118579036
235,0.24769869789091095
236,0.24769551317591262
237,0.2476923469046529
238,0.24768919894209782
239,0.24768606915431504
240,0.24768295740846283
241,0.24767986357278327
242,0.24767678751659233
243,0.24767372911027283
244,0.24767068822526428
245,0.24766766473405527
246,0.24766465851017652
247,0.24766166942818937
248,0.24765869736368018
249,0.24765574219325084
250,0.24765280379451124
251,0.24764988204606947
252,0.24764697682752668
253,0.2476440880194663
254,0.24764121550344712
255,0.24763835916199517
256,0.24763551887859567
