1,0.48329699442604585
2,0.46684842837487556
3,0.4463500680402893
4,0.33935506404192933
5,0.25454722161076077
6,0.25264534468841615
7,0.25261183477628935
8,0.25260967185172295
9,0.2526082790840139
10,0.25260690479756664
11,0.2526055281113805
12,0.2517942110500438
13,0.2503671696861734
14,0.2503623416216862
15,0.25035988018761335
16,0.2503574850436249
17,0.25035510093583674
18,0.2503527265218401
19,0.2503503617468784
20,0.2503480065666545
21,0.25034566087329174
22,0.25034332427308553
23,0.2503409939048631
24,0.2961866113013409
25,0.2619306043639911
26,0.2514087267447921
27,0.2512409026869409
28,0.2512326668006962
29,0.2512298208891752
30,0.25122717263574607
31,0.25122453399780514
32,0.251221898135929
33,0.2512192647908502
34,0.2512166339422678
35,0.2512140055785477
36,0.25121137968836454
37,0.2512087562603963
38,0.25120613528331537
39,0.2512035167457899
40,0.2512009006364831
41,0.2511982869440594
42,0.25119567565717943
43,0.25119306676450626
44,0.25119046025470393
45,0.25118785611643984
46,0.25118525433838584
47,0.25118265490921904
48,0.2511800578176246
49,0.25117746305229466
50,0.2511748706019314
51,0.2511722804552474
52,0.25116969260096716
53,0.2511671070278294
54,0.25116452372458514
55,0.2511619426800028
56,0.25115936388286697
57,0.25115678732198127
58,0.25115421298616664
59,0.2511516408642658
60,0.25114907094514377
61,0.25114650321768656
62,0.25114393767080645
63,0.25114137429343875
64,0.2511388130745469
65,0.25113625400312156
66,0.25113369706818184
67,0.2511311422587761
68,0.25112858956398637
69,0.2511260389729228
70,0.2511234904747335
71,0.25112094405859775
72,0.2511183997137323
73,0.25111585742938913
74,0.2511133171948607
75,0.2511107789994756
76,0.2511082428326047
77,0.25110570868365883
78,0.251103176542092
79,0.2511006463974017
80,0.25109811823913003
81,0.251095592056864
82,0.2510930678402379
83,0.2510905455789339
84,0.2510880252626836
85,0.2510855068812676
86,0.25108299042451704
87,0.25108047588231736
88,0.25107796324460496
89,0.2510754525013711
90,0.2510729436426632
91,0.2510704366585837
92,0.2510679315392922
93,0.251065428275008
94,0.25106292685600823
95,0.2510604272726307
96,0.2510579295152755
97,0.251055433574404
98,0.2510529394405414
99,0.25105044710427593
100,0.25104795655626333
101,0.2510454677872245
102,0.2510429807879464
103,0.251040495549286
104,0.2510380120621688
105,0.25103553031759007
106,0.25103305030661593
107,0.2510305720203852
108,0.2510280954501095
109,0.2510256205870734
110,0.25102314742263754
111,0.25102067594823685
112,0.2510182061553844
113,0.25101573803566957
114,0.2510132715807598
115,0.2510108067824034
116,0.2510083436324273
117,0.2510058821227403
118,0.25100342224533295
119,0.25100096399227745
120,0.2509985073557316
121,0.2509960523279364
122,0.25099359890121836
123,0.25099114706799003
124,0.2509886968207518
125,0.2509862481520896
126,0.25098380105468177
127,0.25098135552129175
128,0.2509789115447767
129,0.2509764691180825
130,0.25097402823424836
131,0.2509715888864057
132,0.25096915106777834
133,0.25096671477168536
134,0.2509642799915404
135,0.25096184672085314
136,0.25095941495322927
137,0.25095698468237065
138,0.250954555902079
139,0.2509521286062532
140,0.2509497027888923
141,0.2509472784440946
142,0.25094485556606005
143,0.2509424341490889
144,0.25094001418758405
145,0.25093759567605206
146,0.25093517860910114
147,0.25093276298144473
148,0.25093034878790155
149,0.2509279360233946
150,0.2509255246829534
151,0.2509231147617145
152,0.2509207062549211
153,0.25091829915792513
154,0.2509158934661861
155,0.2509134891752735
156,0.2509110862808659
157,0.2509086847787525
158,0.2509062846648337
159,0.2509038859351201
160,0.2509014885857361
161,0.2508990926129168
162,0.25089669801301206
163,0.250894304782483
164,0.2508919129179074
165,0.25088952241597634
166,0.2508871332734957
167,0.25088474548738837
168,0.250882359054691
169,0.2508799739725593
170,0.25087759023826417
171,0.25087520784919504
172,0.2508728268028582
173,0.250870447096879
174,0.25086806872900197
175,0.25086569169708933
176,0.25086331599912437
177,0.2508609416332092
178,0.25085856859756694
179,0.25085619689054134
180,0.2508538265105963
181,0.25085145745631854
