1,0.2824861645886673
2,0.36345428009406877
3,0.24956126404608367
4,0.24917041518554378
5,0.24916424608537396
6,0.24915916326686563
7,0.24915412127536815
8,0.24914911405784942
9,0.24914414151400627
10,0.2491392035728909
11,0.24913430015885232
12,0.24912943119145603
13,0.2491245965856013
14,0.249119796251637
15,0.24911503009547895
16,0.24911029801872778
17,0.24910559991878167
18,0.24910093568895533
19,0.24909630521859244
20,0.24909170839318082
21,0.2490871450944642
22,0.24908261520055724
23,0.24907811858605436
24,0.24907365512214252
25,0.2490692246767092
26,0.24906482711445196
27,0.24906046229698584
28,0.249056130082949
29,0.2490518303281081
30,0.24904756288546304
31,0.2490433276053481
32,0.2490391243355339
33,0.24903495292132732
34,0.24903081320567022
35,0.24902670502923666
36,0.24902262823052884
37,0.24901858264596893
38,0.249014568109996
39,0.2490105844551542
40,0.24900663151218327
41,0.24900270911010877
42,0.24899881707632482
43,0.2489949552366833
44,0.2489911234155749
45,0.24898732143601207
46,0.24898354911971057
47,0.24897980628716562
48,0.24897609275773178
49,0.24897240834969797
50,0.2489687528803609
51,0.2489651261660987
52,0.24896152802244148
53,0.24895795826413955
54,0.24895441670523444
55,0.24895090315912177
56,0.24894741743861762
57,0.24894395935602262
58,0.24894052872318156
59,0.24893712535154516
60,0.24893374905222843
61,0.2489303996360671
62,0.24892707691367463
63,0.2489237806954944
64,0.24892051079185543
65,0.2489172670130203
66,0.2489140491692382
67,0.24891085707079086
68,0.24890769052804185
69,0.2489045493514808
70,0.24890143335176812
71,0.24889834233977842
72,0.24889527612664264
73,0.24889223452378748
74,0.2488892173429749
75,0.2488862243963412
76,0.2488832554964319
77,0.2488803104562386
78,0.24887738908923274
79,0.24887449120939864
80,0.24887161663126656
81,0.24886876516994114
82,0.24886593664113432
83,0.2488631308611914
84,0.24886034764711953
85,0.24885758681661485
86,0.24885484818808745
87,0.24885213158068567
88,0.2488494368143201
89,0.2488467637096857
90,0.2488441120882838
91,0.24884148177244342
92,0.2488388725853392
93,0.24883628435101246
94,0.2488337168943878
95,0.24883117004129127
96,0.24882864361846582
97,0.24882613745358806
98,0.24882365137528284
99,0.24882118521313548
100,0.24881873879770852
101,0.24881631196055085
102,0.2488139045342124
103,0.24881151635225357
104,0.2488091472492561
105,0.24880679706083383
106,0.2488044656236408
107,0.24880215277538054
108,0.24879985835481425
109,0.2487975822017682
110,0.24879532415713948
111,0.24879308406290448
112,0.2487908617621226
113,0.24878865709894274
114,0.24878646991860734
115,0.24878430006745872
116,0.24878214739293839
117,0.24878001174359676
118,0.24877789296908956
119,0.24877579092018537
120,0.2487737054487645
121,0.2487716364078226
122,0.24876958365147034
123,0.24876754703493603
124,0.24876552641456454
125,0.2487635216478183
126,0.24876153259327724
127,0.2487595591106378
128,0.2487576010607121
129,0.24875565830542737
130,0.24875373070782447
131,0.2487518181320553
132,0.2487499204433818
133,0.24874803750817323
134,0.24874616919390355
135,0.24874431536914954
136,0.2487424759035864
137,0.24874065066798565
138,0.24873883953421214
139,0.24873704237521752
140,0.24873525906504107
141,0.24873348947880136
142,0.24873173349269445
143,0.2487299909839887
144,0.24872826183102065
145,0.24872654591318907
146,0.24872484311095278
147,0.2487231533058229
148,0.24872147638035788
149,0.24871981221816056
150,0.24871816070387043
151,0.24871652172315886
152,0.24871489516272388
153,0.2487132809102845
154,0.24871167885457293
155,0.2487100888853313
156,0.24870851089330445
157,0.24870694477023358
158,0.24870539040885
159,0.24870384770286955
160,0.24870231654698566
161,0.24870079683686322
162,0.24869928846913167
163,0.24869779134137956
164,0.2486963053521459
165,0.24869483040091633
166,0.24869336638811432
167,0.24869191321509446
168,0.24869047078413734
169,0.2486890389984418
170,0.24868761776211684
171,0.24868620698017754
172,0.24868480655853514
173,0.24868341640399366
174,0.24868203642423925
175,0.24868066652783588
176,0.24867930662421736
177,0.24867795662368106
178,0.24867661643738043
179,0.2486752859773179
180,0.2486739651563381
181,0.24867265388812168
182,0.24867135208717772
183,0.24867005966883615
184,0.24866877654924216
185,0.24866750264534815
186,0.2486662378749078
187,0.2486649821564686
188,0.2486637354093646
189,0.24866249755371048
190,0.24866126851039466
191,0.24866004820107113
192,0.24865883654815418
193,0.24865763347481143
194,0.24865643890495592
195,0.2486552527632407
196,0.24865407497505163
197,0.24865290546650098
198,0.24865174416441996
199,0.24865059099635303
200,0.24864944589055124
201,0.2486483087759648
202,0.24864717958223811
203,0.24864605823970207
204,0.24864494467936726
205,0.24864383883291943
206,0.2486427406327112
207,0.2486416500117571
208,0.24864056690372627
209,0.24863949124293697
210,0.24863842296434926
211,0.2486373620035612
212,0.24863630829679928
213,0.24863526178091544
214,0.24863422239337968
215,0.24863319007227358
216,0.24863216475628555
217,0.2486311463847035
218,0.2486301348974109
219,0.24862913023487884
220,0.2486281323381607
221,0.24862714114888862
222,0.24862615660926504
223,0.24862517866205783
224,0.24862420725059506
225,0.2486232423187597
226,0.24862228381098342
227,0.24862133167224096
228,0.24862038584804608
229,0.24861944628444424
230,0.24861851292800874
231,0.2486175857258344
232,0.24861666462553342
233,0.24861574957522892
234,0.24861484052355054
235,0.24861393741962975
236,0.24861304021309327
237,0.2486121488540592
238,0.24861126329313227
239,0.24861038348139783
240,0.24860950937041779
241,0.24860864091222504
242,0.24860777805931986
243,0.24860692076466395
244,0.24860606898167542
245,0.24860522266422605
246,0.24860438176663519
247,0.24860354624366435
248,0.24860271605051482
249,0.2486018911428215
250,0.24860107147664903
251,0.24860025700848715
252,0.24859944769524703
253,0.24859864349425556
254,0.2485978443632525
255,0.24859705026038562
256,0.24859626114420558
257,0.24859547697366347
258,0.24859469770810544
259,0.24859392330726954
260,0.24859315373128033
261,0.2485923889406463
262,0.24859162889625494
263,0.24859087355936924
264,0.24859012289162316
265,0.24858937685501958
266,0.24858863541192416
267,0.24858789852506277
268,0.24858716615751775
269,0.24858643827272384
270,0.24858571483446537
271,0.2485849958068715
272,0.24858428115441283
273,0.24858357084189842
274,0.2485828648344731
275,0.24858216309761053
276,0.24858146559711428
277,0.2485807722991114
278,0.2485800831700502
279,0.24857939817669614
280,0.24857871728612937
281,0.24857804046574128
282,0.2485773676832306
283,0.24857669890660095
284,0.24857603410415816
285,0.2485753732445051
286,0.24857471629654068
287,0.24857406322945563
288,0.24857341401273106
289,0.2485727686161319
290,0.24857212700970838
291,0.24857148916378996
292,0.2485708550489834
293,0.24857022463617057
294,0.24856959789650407
295,0.2485689748014061
296,0.24856835532256427
297,0.24856773943193025
298,0.24856712710171502
299,0.24856651830438853
300,0.2485659130126755
301,0.24856531119955252
302,0.24856471283824755
303,0.24856411790223412
304,0.24856352636523188
305,0.2485629382012025
306,0.2485623533843468
307,0.2485617718891036
308,0.24856119369014595
309,0.2485606187623797
310,0.24856004708094057
311,0.24855947862119204
312,0.24855891335872257
313,0.2485583512693441
314,0.24855779232908878
315,0.24855723651420786
316,0.24855668380116827
317,0.24855613416665043
318,0.24855558758754756
319,0.24855504404096188
320,0.24855450350420344
321,0.24855396595478707
322,0.24855343137043143
323,0.2485528997290555
324,0.2485523710087788
325,0.24855184518791643
326,0.24855132224497967
327,0.2485508021586717
328,0.24855028490788791
329,0.2485497704717125
330,0.24854925882941667
331,0.24854874996045712
332,0.248548243844474
333,0.248547740461289
334,0.24854723979090382
335,0.24854674181349773
336,0.24854624650942608
337,0.2485457538592189
338,0.2485452638435787
339,0.2485447764433788
340,0.24854429163966116
341,0.24854380941363613
342,0.24854332974667875
343,0.24854285262032924
344,0.24854237801628878
345,0.24854190591642075
346,0.2485414363027465
347,0.24854096915744567
348,0.24854050446285392
349,0.2485400422014608
350,0.24853958235590903
351,0.24853912490899277
352,0.24853866984365544
353,0.24853821714298963
354,0.24853776679023423
355,0.2485373187687737
356,0.24853687306213632
357,0.24853642965399303
358,0.2485359885281555
359,0.2485355496685756
360,0.24853511305934325
361,0.24853467868468537
362,0.24853424652896422
363,0.24853381657667634
364,0.2485333888124517
365,0.2485329632210514
366,0.24853253978736656
367,0.2485321184964183
368,0.2485316993333542
369,0.24853128228344926
370,0.2485308673321035
371,0.24853045446484062
372,0.24853004366730783
373,0.24852963492527316
374,0.24852922822462545
375,0.24852882355137296
376,0.2485284208916416
377,0.24852802023167403
378,0.24852762155782934
379,0.2485272248565811
380,0.24852683011451585
381,0.24852643731833327
382,0.24852604645484375
383,0.24852565751096858
384,0.2485252704737375
385,0.24852488533028894
386,0.24852450206786827
387,0.24852412067382712
388,0.24852374113562148
389,0.24852336344081216
390,0.24852298757706218
391,0.24852261353213767
392,0.24852224129390446
393,0.24852187085032962
394,0.24852150218947844
395,0.24852113529951536
396,0.248520770168701
397,0.24852040678539292
398,0.2485200451380439
399,0.2485196852152012
400,0.24851932700550558
401,0.2485189704976905
402,0.24851861568058128
403,0.2485182625430942
404,0.24851791107423554
405,0.24851756126310073
406,0.24851721309887365
407,0.24851686657082528
408,0.2485165216683143
409,0.24851617838078474
410,0.24851583669776525
411,0.24851549660886915
412,0.24851515810379343
413,0.24851482117231757
414,0.24851448580430316
415,0.24851415198969234
416,0.24851381971850897
417,0.24851348898085468
418,0.2485131597669118
419,0.24851283206693953
420,0.24851250587127563
421,0.24851218117033344
422,0.24851185795460282
423,0.24851153621464944
424,0.2485112159411129
425,0.24851089712470686
426,0.24851057975621801
427,0.24851026382650612
428,0.24850994932650247
429,0.2485096362472095
430,0.24850932457970082
431,0.24850901431511924
