1,0.25238412343077765
2,0.2519873960764806
3,0.25198740574275763
4,0.2519874057427604
5,0.2519874057427604
6,0.2519874057427604
7,0.2519874057427604
8,0.2519874057427604
9,0.2519874057427604
10,0.2519874057427604
11,0.2519874057427604
12,0.2519874057427604
13,0.2519874057427604
14,0.2519874057427604
15,0.2519874057427604
16,0.2519874057427604
17,0.2519874057427604
18,0.2519874057427604
19,0.2519874057427604
20,0.2519874057427604
21,0.2519874057427604
22,0.2519874057427604
23,0.2519874057427604
24,0.2519874057427604
25,0.2519874057427604
26,0.2519874057427604
27,0.2519874057427604
28,0.2519874057427604
29,0.2519874057427604
30,0.2519874057427604
31,0.2519874057427604
32,0.2519874057427604
33,0.2519874057427604
34,0.2519874057427604
35,0.2519874057427604
36,0.2519874057427604
37,0.2519874057427604
38,0.2519874057427604
39,0.2519874057427604
40,0.2519874057427604
41,0.2519874057427604
42,0.2519874057427604
43,0.2519874057427604
44,0.2519874057427604
45,0.2519874057427604
46,0.2519874057427604
47,0.2519874057427604
48,0.2519874057427604
49,0.2519874057427604
50,0.2519874057427604
51,0.2519874057427604
52,0.2519874057427604
53,0.2519874057427604
54,0.2519874057427604
55,0.2519874057427604
56,0.2519874057427604
57,0.2519874057427604
58,0.2519874057427604
59,0.2519874057427604
60,0.2519874057427604
61,0.2519874057427604
62,0.2519874057427604
63,0.2519874057427604
64,0.2519874057427604
65,0.2519874057427604
66,0.2519874057427604
67,0.2519874057427604
68,0.2519874057427604
69,0.2519874057427604
70,0.2519874057427604
71,0.2519874057427604
72,0.2519874057427604
73,0.2519874057427604
74,0.2519874057427604
75,0.2519874057427604
76,0.2519874057427604
77,0.2519874057427604
78,0.2519874057427604
79,0.2519874057427604
80,0.2519874057427604
81,0.2519874057427604
82,0.2519874057427604
83,0.2519874057427604
84,0.2519874057427604
85,0.2519874057427604
86,0.2519874057427604
87,0.2519874057427604
88,0.2519874057427604
89,0.2519874057427604
90,0.2519874057427604
91,0.2519874057427604
92,0.2519874057427604
93,0.2519874057427604
94,0.2519874057427604
95,0.2519874057427604
96,0.2519874057427604
97,0.2519874057427604
98,0.2519874057427604
99,0.2519874057427604
100,0.2519874057427604
101,0.2519874057427604
102,0.2519874057427604
103,0.2519874057427604
104,0.2519874057427604
105,0.2519874057427604
106,0.2519874057427604
107,0.2519874057427604
108,0.2519874057427604
109,0.2519874057427604
110,0.2519874057427604
111,0.2519874057427604
112,0.2519874057427604
113,0.2519874057427604
114,0.2519874057427604
115,0.2519874057427604
116,0.2519874057427604
117,0.2519874057427604
118,0.2519874057427604
119,0.2519874057427604
120,0.2519874057427604
121,0.2519874057427604
122,0.2519874057427604
123,0.2519874057427604
124,0.2519874057427604
125,0.2519874057427604
126,0.2519874057427604
127,0.2519874057427604
128,0.2519874057427604
129,0.2519874057427604
130,0.2519874057427604
131,0.2519874057427604
132,0.2519874057427604
133,0.2519874057427604
134,0.2519874057427604
135,0.2519874057427604
136,0.2519874057427604
137,0.2519874057427604
138,0.2519874057427604
139,0.2519874057427604
140,0.2519874057427604
141,0.2519874057427604
142,0.2519874057427604
143,0.2519874057427604
144,0.2519874057427604
145,0.2519874057427604
146,0.2519874057427604
147,0.2519874057427604
148,0.2519874057427604
149,0.2519874057427604
150,0.2519874057427604
151,0.2519874057427604
152,0.2519874057427604
153,0.2519874057427604
154,0.2519874057427604
155,0.2519874057427604
156,0.2519874057427604
157,0.2519874057427604
158,0.2519874057427604
159,0.2519874057427604
160,0.2519874057427604
161,0.2519874057427604
162,0.2519874057427604
163,0.2519874057427604
164,0.2519874057427604
165,0.2519874057427604
166,0.2519874057427604
167,0.2519874057427604
168,0.2519874057427604
169,0.2519874057427604
170,0.2519874057427604
171,0.2519874057427604
172,0.2519874057427604
173,0.2519874057427604
174,0.2519874057427604
175,0.2519874057427604
176,0.2519874057427604
177,0.2519874057427604
178,0.2519874057427604
179,0.2519874057427604
180,0.2519874057427604
181,0.2519874057427604
182,0.2519874057427604
183,0.2519874057427604
184,0.2519874057427604
185,0.2519874057427604
186,0.2519874057427604
187,0.2519874057427604
188,0.2519874057427604
189,0.2519874057427604
190,0.2519874057427604
191,0.2519874057427604
192,0.2519874057427604
193,0.2519874057427604
194,0.2519874057427604
195,0.2519874057427604
196,0.2519874057427604
197,0.2519874057427604
198,0.2519874057427604
199,0.2519874057427604
200,0.2519874057427604
201,0.2519874057427604
202,0.2519874057427604
203,0.2519874057427604
204,0.2519874057427604
205,0.2519874057427604
206,0.2519874057427604
207,0.2519874057427604
208,0.2519874057427604
209,0.2519874057427604
210,0.2519874057427604
211,0.2519874057427604
212,0.2519874057427604
213,0.2519874057427604
214,0.2519874057427604
215,0.2519874057427604
216,0.2519874057427604
217,0.2519874057427604
218,0.2519874057427604
219,0.2519874057427604
220,0.2519874057427604
221,0.2519874057427604
222,0.2519874057427604
223,0.2519874057427604
224,0.2519874057427604
225,0.2519874057427604
226,0.2519874057427604
227,0.2519874057427604
228,0.2519874057427604
229,0.2519874057427604
230,0.2519874057427604
231,0.2519874057427604
232,0.2519874057427604
233,0.2519874057427604
234,0.2519874057427604
235,0.2519874057427604
236,0.2519874057427604
237,0.2519874057427604
238,0.2519874057427604
239,0.2519874057427604
240,0.2519874057427604
241,0.2519874057427604
242,0.2519874057427604
243,0.2519874057427604
244,0.2519874057427604
245,0.2519874057427604
246,0.2519874057427604
247,0.2519874057427604
248,0.2519874057427604
249,0.2519874057427604
250,0.2519874057427604
251,0.2519874057427604
252,0.2519874057427604
253,0.2519874057427604
254,0.2519874057427604
255,0.2519874057427604
256,0.2519874057427604
257,0.2519874057427604
258,0.2519874057427604
259,0.2519874057427604
260,0.2519874057427604
261,0.2519874057427604
262,0.2519874057427604
263,0.2519874057427604
264,0.2519874057427604
265,0.2519874057427604
266,0.2519874057427604
267,0.2519874057427604
268,0.2519874057427604
269,0.2519874057427604
270,0.2519874057427604
271,0.2519874057427604
272,0.2519874057427604
273,0.2519874057427604
274,0.2519874057427604
275,0.2519874057427604
276,0.2519874057427604
277,0.2519874057427604
278,0.2519874057427604
279,0.2519874057427604
280,0.2519874057427604
281,0.2519874057427604
282,0.2519874057427604
283,0.2519874057427604
284,0.2519874057427604
285,0.2519874057427604
286,0.2519874057427604
287,0.2519874057427604
288,0.2519874057427604
289,0.2519874057427604
290,0.2519874057427604
291,0.2519874057427604
292,0.2519874057427604
293,0.2519874057427604
294,0.2519874057427604
295,0.2519874057427604
296,0.2519874057427604
297,0.2519874057427604
298,0.2519874057427604
299,0.2519874057427604
300,0.2519874057427604
301,0.2519874057427604
302,0.2519874057427604
303,0.2519874057427604
304,0.2519874057427604
305,0.2519874057427604
306,0.2519874057427604
307,0.2519874057427604
308,0.2519874057427604
309,0.2519874057427604
310,0.2519874057427604
311,0.2519874057427604
312,0.2519874057427604
313,0.2519874057427604
314,0.2519874057427604
315,0.2519874057427604
316,0.2519874057427604
317,0.2519874057427604
318,0.2519874057427604
319,0.2519874057427604
320,0.2519874057427604
321,0.2519874057427604
322,0.2519874057427604
323,0.2519874057427604
324,0.2519874057427604
325,0.2519874057427604
326,0.2519874057427604
327,0.2519874057427604
328,0.2519874057427604
329,0.2519874057427604
330,0.2519874057427604
331,0.2519874057427604
332,0.2519874057427604
333,0.2519874057427604
334,0.2519874057427604
335,0.2519874057427604
336,0.2519874057427604
337,0.2519874057427604
338,0.2519874057427604
339,0.2519874057427604
340,0.2519874057427604
341,0.2519874057427604
342,0.2519874057427604
343,0.2519874057427604
344,0.2519874057427604
345,0.2519874057427604
346,0.2519874057427604
347,0.2519874057427604
348,0.2519874057427604
349,0.2519874057427604
350,0.2519874057427604
351,0.2519874057427604
352,0.2519874057427604
353,0.2519874057427604
354,0.2519874057427604
355,0.2519874057427604
356,0.2519874057427604
357,0.2519874057427604
358,0.2519874057427604
359,0.2519874057427604
360,0.2519874057427604
361,0.2519874057427604
362,0.2519874057427604
363,0.2519874057427604
364,0.2519874057427604
365,0.2519874057427604
366,0.2519874057427604
367,0.2519874057427604
368,0.2519874057427604
369,0.2519874057427604
370,0.2519874057427604
371,0.2519874057427604
372,0.2519874057427604
373,0.2519874057427604
374,0.2519874057427604
375,0.2519874057427604
376,0.2519874057427604
377,0.2519874057427604
378,0.2519874057427604
379,0.2519874057427604
380,0.2519874057427604
381,0.2519874057427604
382,0.2519874057427604
383,0.2519874057427604
384,0.2519874057427604
385,0.2519874057427604
386,0.2519874057427604
387,0.2519874057427604
388,0.2519874057427604
389,0.2519874057427604
390,0.2519874057427604
391,0.2519874057427604
392,0.2519874057427604
393,0.2519874057427604
394,0.2519874057427604
395,0.2519874057427604
396,0.2519874057427604
397,0.2519874057427604
398,0.2519874057427604
399,0.2519874057427604
400,0.2519874057427604
401,0.2519874057427604
402,0.2519874057427604
403,0.2519874057427604
404,0.2519874057427604
405,0.2519874057427604
406,0.2519874057427604
407,0.2519874057427604
408,0.2519874057427604
409,0.2519874057427604
410,0.2519874057427604
411,0.2519874057427604
412,0.2519874057427604
413,0.2519874057427604
414,0.2519874057427604
415,0.2519874057427604
416,0.2519874057427604
417,0.2519874057427604
418,0.2519874057427604
419,0.2519874057427604
420,0.2519874057427604
421,0.2519874057427604
422,0.2519874057427604
423,0.2519874057427604
424,0.2519874057427604
425,0.2519874057427604
426,0.2519874057427604
427,0.2519874057427604
428,0.2519874057427604
429,0.2519874057427604
430,0.2519874057427604
431,0.2519874057427604
432,0.2519874057427604
433,0.2519874057427604
434,0.2519874057427604
435,0.2519874057427604
436,0.2519874057427604
437,0.2519874057427604
438,0.2519874057427604
439,0.2519874057427604
440,0.2519874057427604
441,0.2519874057427604
442,0.2519874057427604
443,0.2519874057427604
444,0.2519874057427604
445,0.2519874057427604
446,0.2519874057427604
447,0.2519874057427604
448,0.2519874057427604
449,0.2519874057427604
450,0.2519874057427604
451,0.2519874057427604
452,0.2519874057427604
453,0.2519874057427604
454,0.2519874057427604
455,0.2519874057427604
456,0.2519874057427604
457,0.2519874057427604
458,0.2519874057427604
459,0.2519874057427604
460,0.2519874057427604
461,0.2519874057427604
462,0.2519874057427604
463,0.2519874057427604
464,0.2519874057427604
465,0.2519874057427604
466,0.2519874057427604
467,0.2519874057427604
468,0.2519874057427604
469,0.2519874057427604
470,0.2519874057427604
471,0.2519874057427604
472,0.2519874057427604
473,0.2519874057427604
474,0.2519874057427604
475,0.2519874057427604
476,0.2519874057427604
477,0.2519874057427604
478,0.2519874057427604
479,0.2519874057427604
480,0.2519874057427604
481,0.2519874057427604
482,0.2519874057427604
483,0.2519874057427604
484,0.2519874057427604
485,0.2519874057427604
486,0.2519874057427604
487,0.2519874057427604
488,0.2519874057427604
489,0.2519874057427604
490,0.2519874057427604
491,0.2519874057427604
492,0.2519874057427604
493,0.2519874057427604
494,0.2519874057427604
495,0.2519874057427604
496,0.2519874057427604
497,0.2519874057427604
498,0.2519874057427604
499,0.2519874057427604
500,0.2519874057427604
501,0.2519874057427604
502,0.2519874057427604
503,0.2519874057427604
504,0.2519874057427604
505,0.2519874057427604
506,0.2519874057427604
507,0.2519874057427604
508,0.2519874057427604
509,0.2519874057427604
510,0.2519874057427604
511,0.2519874057427604
512,0.2519874057427604
513,0.2519874057427604
514,0.2519874057427604
515,0.2519874057427604
516,0.2519874057427604
517,0.2519874057427604
518,0.2519874057427604
519,0.2519874057427604
520,0.2519874057427604
521,0.2519874057427604
522,0.2519874057427604
523,0.2519874057427604
524,0.2519874057427604
525,0.2519874057427604
526,0.2519874057427604
527,0.2519874057427604
528,0.2519874057427604
529,0.2519874057427604
530,0.2519874057427604
531,0.2519874057427604
532,0.2519874057427604
533,0.2519874057427604
534,0.2519874057427604
535,0.2519874057427604
536,0.2519874057427604
537,0.2519874057427604
538,0.2519874057427604
539,0.2519874057427604
540,0.2519874057427604
541,0.2519874057427604
542,0.2519874057427604
543,0.2519874057427604
544,0.2519874057427604
545,0.2519874057427604
546,0.2519874057427604
547,0.2519874057427604
548,0.2519874057427604
549,0.2519874057427604
550,0.2519874057427604
551,0.2519874057427604
552,0.2519874057427604
553,0.2519874057427604
554,0.2519874057427604
555,0.2519874057427604
556,0.2519874057427604
557,0.2519874057427604
558,0.2519874057427604
559,0.2519874057427604
560,0.2519874057427604
561,0.2519874057427604
562,0.2519874057427604
563,0.2519874057427604
564,0.2519874057427604
565,0.2519874057427604
566,0.2519874057427604
567,0.2519874057427604
568,0.2519874057427604
569,0.2519874057427604
570,0.2519874057427604
571,0.2519874057427604
572,0.2519874057427604
573,0.2519874057427604
574,0.2519874057427604
575,0.2519874057427604
576,0.2519874057427604
577,0.2519874057427604
578,0.2519874057427604
579,0.2519874057427604
580,0.2519874057427604
581,0.2519874057427604
582,0.2519874057427604
583,0.2519874057427604
584,0.2519874057427604
585,0.2519874057427604
586,0.2519874057427604
587,0.2519874057427604
588,0.2519874057427604
589,0.2519874057427604
590,0.2519874057427604
591,0.2519874057427604
592,0.2519874057427604
593,0.2519874057427604
594,0.2519874057427604
595,0.2519874057427604
596,0.2519874057427604
597,0.2519874057427604
598,0.2519874057427604
599,0.2519874057427604
600,0.2519874057427604
601,0.2519874057427604
602,0.2519874057427604
603,0.2519874057427604
604,0.2519874057427604
605,0.2519874057427604
606,0.2519874057427604
607,0.2519874057427604
608,0.2519874057427604
609,0.2519874057427604
610,0.2519874057427604
611,0.2519874057427604
612,0.2519874057427604
613,0.2519874057427604
614,0.2519874057427604
615,0.2519874057427604
616,0.2519874057427604
617,0.2519874057427604
618,0.2519874057427604
619,0.2519874057427604
620,0.2519874057427604
621,0.2519874057427604
622,0.2519874057427604
623,0.2519874057427604
624,0.2519874057427604
625,0.2519874057427604
626,0.2519874057427604
627,0.2519874057427604
628,0.2519874057427604
629,0.2519874057427604
630,0.2519874057427604
631,0.2519874057427604
632,0.2519874057427604
633,0.2519874057427604
634,0.2519874057427604
635,0.2519874057427604
636,0.2519874057427604
637,0.2519874057427604
638,0.2519874057427604
639,0.2519874057427604
640,0.2519874057427604
641,0.2519874057427604
642,0.2519874057427604
643,0.2519874057427604
644,0.2519874057427604
645,0.2519874057427604
646,0.2519874057427604
647,0.2519874057427604
648,0.2519874057427604
649,0.2519874057427604
650,0.2519874057427604
651,0.2519874057427604
652,0.2519874057427604
653,0.2519874057427604
654,0.2519874057427604
655,0.2519874057427604
656,0.2519874057427604
657,0.2519874057427604
658,0.2519874057427604
659,0.2519874057427604
660,0.2519874057427604
661,0.2519874057427604
662,0.2519874057427604
663,0.2519874057427604
664,0.2519874057427604
665,0.2519874057427604
666,0.2519874057427604
667,0.2519874057427604
668,0.2519874057427604
669,0.2519874057427604
670,0.2519874057427604
671,0.2519874057427604
672,0.2519874057427604
673,0.2519874057427604
674,0.2519874057427604
675,0.2519874057427604
676,0.2519874057427604
677,0.2519874057427604
678,0.2519874057427604
679,0.2519874057427604
680,0.2519874057427604
681,0.2519874057427604
682,0.2519874057427604
683,0.2519874057427604
684,0.2519874057427604
685,0.2519874057427604
686,0.2519874057427604
687,0.2519874057427604
688,0.2519874057427604
689,0.2519874057427604
690,0.2519874057427604
691,0.2519874057427604
692,0.2519874057427604
693,0.2519874057427604
694,0.2519874057427604
695,0.2519874057427604
696,0.2519874057427604
697,0.2519874057427604
698,0.2519874057427604
699,0.2519874057427604
700,0.2519874057427604
701,0.2519874057427604
702,0.2519874057427604
703,0.2519874057427604
704,0.2519874057427604
705,0.2519874057427604
706,0.2519874057427604
707,0.2519874057427604
708,0.2519874057427604
709,0.2519874057427604
710,0.2519874057427604
711,0.2519874057427604
712,0.2519874057427604
713,0.2519874057427604
714,0.2519874057427604
715,0.2519874057427604
716,0.2519874057427604
717,0.2519874057427604
718,0.2519874057427604
719,0.2519874057427604
720,0.2519874057427604
721,0.2519874057427604
722,0.2519874057427604
723,0.2519874057427604
724,0.2519874057427604
725,0.2519874057427604
726,0.2519874057427604
727,0.2519874057427604
728,0.2519874057427604
729,0.2519874057427604
730,0.2519874057427604
731,0.2519874057427604
732,0.2519874057427604
733,0.2519874057427604
734,0.2519874057427604
735,0.2519874057427604
736,0.2519874057427604
737,0.2519874057427604
738,0.2519874057427604
739,0.2519874057427604
740,0.2519874057427604
741,0.2519874057427604
742,0.2519874057427604
743,0.2519874057427604
744,0.2519874057427604
745,0.2519874057427604
746,0.2519874057427604
747,0.2519874057427604
748,0.2519874057427604
749,0.2519874057427604
750,0.2519874057427604
751,0.2519874057427604
752,0.2519874057427604
753,0.2519874057427604
754,0.2519874057427604
755,0.2519874057427604
756,0.2519874057427604
757,0.2519874057427604
758,0.2519874057427604
759,0.2519874057427604
760,0.2519874057427604
761,0.2519874057427604
762,0.2519874057427604
763,0.2519874057427604
764,0.2519874057427604
765,0.2519874057427604
766,0.2519874057427604
767,0.2519874057427604
768,0.2519874057427604
769,0.2519874057427604
770,0.2519874057427604
771,0.2519874057427604
772,0.2519874057427604
773,0.2519874057427604
774,0.2519874057427604
775,0.2519874057427604
776,0.2519874057427604
777,0.2519874057427604
778,0.2519874057427604
779,0.2519874057427604
780,0.2519874057427604
781,0.2519874057427604
782,0.2519874057427604
783,0.2519874057427604
784,0.2519874057427604
785,0.2519874057427604
786,0.2519874057427604
787,0.2519874057427604
788,0.2519874057427604
789,0.2519874057427604
790,0.2519874057427604
791,0.2519874057427604
792,0.2519874057427604
793,0.2519874057427604
794,0.2519874057427604
795,0.2519874057427604
796,0.2519874057427604
797,0.2519874057427604
798,0.2519874057427604
799,0.2519874057427604
800,0.2519874057427604
801,0.2519874057427604
802,0.2519874057427604
803,0.2519874057427604
804,0.2519874057427604
805,0.2519874057427604
806,0.2519874057427604
807,0.2519874057427604
808,0.2519874057427604
809,0.2519874057427604
810,0.2519874057427604
811,0.2519874057427604
812,0.2519874057427604
813,0.2519874057427604
814,0.2519874057427604
815,0.2519874057427604
816,0.2519874057427604
817,0.2519874057427604
818,0.2519874057427604
819,0.2519874057427604
820,0.2519874057427604
821,0.2519874057427604
822,0.2519874057427604
823,0.2519874057427604
824,0.2519874057427604
825,0.2519874057427604
826,0.2519874057427604
827,0.2519874057427604
828,0.2519874057427604
829,0.2519874057427604
830,0.2519874057427604
831,0.2519874057427604
832,0.2519874057427604
833,0.2519874057427604
834,0.2519874057427604
835,0.2519874057427604
836,0.2519874057427604
837,0.2519874057427604
838,0.2519874057427604
839,0.2519874057427604
840,0.2519874057427604
841,0.2519874057427604
842,0.2519874057427604
843,0.2519874057427604
844,0.2519874057427604
845,0.2519874057427604
846,0.2519874057427604
847,0.2519874057427604
848,0.2519874057427604
849,0.2519874057427604
850,0.2519874057427604
851,0.2519874057427604
852,0.2519874057427604
853,0.2519874057427604
854,0.2519874057427604
855,0.2519874057427604
856,0.2519874057427604
857,0.2519874057427604
858,0.2519874057427604
859,0.2519874057427604
860,0.2519874057427604
861,0.2519874057427604
862,0.2519874057427604
863,0.2519874057427604
864,0.2519874057427604
865,0.2519874057427604
866,0.2519874057427604
867,0.2519874057427604
868,0.2519874057427604
869,0.2519874057427604
870,0.2519874057427604
871,0.2519874057427604
872,0.2519874057427604
873,0.2519874057427604
874,0.2519874057427604
875,0.2519874057427604
876,0.2519874057427604
877,0.2519874057427604
878,0.2519874057427604
879,0.2519874057427604
880,0.2519874057427604
881,0.2519874057427604
882,0.2519874057427604
883,0.2519874057427604
884,0.2519874057427604
885,0.2519874057427604
886,0.2519874057427604
887,0.2519874057427604
888,0.2519874057427604
889,0.2519874057427604
890,0.2519874057427604
891,0.2519874057427604
892,0.2519874057427604
893,0.2519874057427604
894,0.2519874057427604
895,0.2519874057427604
896,0.2519874057427604
897,0.2519874057427604
898,0.2519874057427604
899,0.2519874057427604
900,0.2519874057427604
901,0.2519874057427604
902,0.2519874057427604
903,0.2519874057427604
904,0.2519874057427604
905,0.2519874057427604
906,0.2519874057427604
907,0.2519874057427604
908,0.2519874057427604
909,0.2519874057427604
910,0.2519874057427604
911,0.2519874057427604
912,0.2519874057427604
913,0.2519874057427604
914,0.2519874057427604
915,0.2519874057427604
916,0.2519874057427604
917,0.2519874057427604
918,0.2519874057427604
919,0.2519874057427604
920,0.2519874057427604
921,0.2519874057427604
922,0.2519874057427604
923,0.2519874057427604
924,0.2519874057427604
925,0.2519874057427604
926,0.2519874057427604
927,0.2519874057427604
928,0.2519874057427604
929,0.2519874057427604
930,0.2519874057427604
931,0.2519874057427604
932,0.2519874057427604
933,0.2519874057427604
934,0.2519874057427604
935,0.2519874057427604
936,0.2519874057427604
937,0.2519874057427604
938,0.2519874057427604
939,0.2519874057427604
940,0.2519874057427604
941,0.2519874057427604
942,0.2519874057427604
943,0.2519874057427604
944,0.2519874057427604
945,0.2519874057427604
946,0.2519874057427604
947,0.2519874057427604
948,0.2519874057427604
949,0.2519874057427604
950,0.2519874057427604
951,0.2519874057427604
952,0.2519874057427604
953,0.2519874057427604
954,0.2519874057427604
955,0.2519874057427604
956,0.2519874057427604
957,0.2519874057427604
958,0.2519874057427604
959,0.2519874057427604
960,0.2519874057427604
961,0.2519874057427604
962,0.2519874057427604
963,0.2519874057427604
964,0.2519874057427604
965,0.2519874057427604
966,0.2519874057427604
967,0.2519874057427604
968,0.2519874057427604
969,0.2519874057427604
970,0.2519874057427604
971,0.2519874057427604
972,0.2519874057427604
973,0.2519874057427604
974,0.2519874057427604
975,0.2519874057427604
976,0.2519874057427604
977,0.2519874057427604
978,0.2519874057427604
979,0.2519874057427604
980,0.2519874057427604
981,0.2519874057427604
982,0.2519874057427604
983,0.2519874057427604
984,0.2519874057427604
985,0.2519874057427604
986,0.2519874057427604
987,0.2519874057427604
988,0.2519874057427604
989,0.2519874057427604
990,0.2519874057427604
991,0.2519874057427604
992,0.2519874057427604
993,0.2519874057427604
994,0.2519874057427604
995,0.2519874057427604
996,0.2519874057427604
997,0.2519874057427604
998,0.2519874057427604
999,0.2519874057427604
1000,0.2519874057427604
1001,0.2519874057427604
1002,0.2519874057427604
1003,0.2519874057427604
1004,0.2519874057427604
1005,0.2519874057427604
1006,0.2519874057427604
1007,0.2519874057427604
1008,0.2519874057427604
1009,0.2519874057427604
1010,0.2519874057427604
1011,0.2519874057427604
1012,0.2519874057427604
1013,0.2519874057427604
1014,0.2519874057427604
1015,0.2519874057427604
1016,0.2519874057427604
1017,0.2519874057427604
1018,0.2519874057427604
1019,0.2519874057427604
1020,0.2519874057427604
1021,0.2519874057427604
1022,0.2519874057427604
