1,0.46284965370143294
2,0.4260411433730384
3,0.263892775519762
4,0.26291625849807254
5,0.26286203346244275
6,0.26280612213117444
7,0.2627484802935428
8,0.2626890646742431
9,0.2626278332832572
10,0.2625647458278975
11,0.2624997641836231
12,0.2624328529310825
13,0.26236397996758715
14,0.2622931172019096
15,0.2622202413418467
16,0.2621453347842832
17,0.26206838661733567
18,0.26198939374342417
19,0.26190836213048063
20,0.2618253081956889
21,0.26174026032180964
22,0.2616532604998759
23,0.261564366083473
24,0.2614736516286264
25,0.2613812107792635
26,0.26128715814135567
27,0.2611916310694919
28,0.2610947912686728
29,0.2609968260929506
30,0.2608979494033942
31,0.2607984018335788
32,0.2606984503049689
33,0.2605983866409813
34,0.26049852515085997
35,0.26039919909552395
36,0.2603007560081078
37,0.26020355192033445
38,0.26010794463695946
39,0.2600142862958588
40,0.259922915539498
41,0.2598341496918323
42,0.2597482773712781
43,0.25966555196659746
44,0.2595861863552349
45,0.2595103491563081
46,0.2594381626931034
47,0.25936970270738935
48,0.25930499973710863
49,0.2592440419558004
50,0.25918677918844163
51,0.25913312777062697
52,0.2590829759065268
53,0.2590361892012736
54,0.25899261608730906
55,0.25895209292239313
56,0.2589144486004188
57,0.25887950857747305
58,0.2588470982694971
59,0.25881704582154214
60,0.25878918428098535
61,0.258763353228706
62,0.25873939993452033
63,0.2587171801080187
64,0.25869655831525956
65,0.2586774081273554
66,0.2586596120603079
67,0.25864306135766885
68,0.25862765565961404
69,0.25861330259430065
70,0.25859991732037263
71,0.25858742204326995
72,0.25857574552272705
73,0.25856482258442653
74,0.2585545936451635
75,0.25854500425801596
76,0.2585360046817267
77,0.2585275494767782
78,0.25851959712930794
79,0.2585121097030489
80,0.25850505251877354
81,0.2584983938602399
82,0.2584921047053145
83,0.2584861584807606
84,0.25848053083907185
85,0.25847519945571307
86,0.2584701438451331
87,0.25846534519398395
88,0.25846078621003965
89,0.2584564509854103
90,0.25845232487273095
91,0.25844839437311196
92,0.25844464703473413
93,0.2584410713610593
94,0.2584376567277301
95,0.2584343933073081
96,0.25843127200108346
97,0.25842828437726006
98,0.2584254226148931
99,0.25842267945300895
100,0.25842004814440334
101,0.2584175224136562
102,0.25841509641895116
103,0.25841276471733504
104,0.25841052223307376
105,0.25840836422881597
106,0.25840628627928913
107,0.25840428424728906
108,0.2584023542617431
109,0.25840049269765347
110,0.25839869615774386
111,0.2583969614556512
112,0.2583952856005202
113,0.2583936657828694
114,0.25839209936161756
115,0.25839058385216374
116,0.2583891169154221
117,0.2583876963477355
118,0.2583863200715828
119,0.25838498612701355
120,0.2583836926637459
121,0.25838243793387283
122,0.2583812202851219
123,0.25838003815462346
124,0.25837889006314335
125,0.25837777460974287
126,0.25837669046683126
127,0.2583756363755734
128,0.2583746111416331
129,0.2583736136312157
130,0.25837264276739186
131,0.2583716975266782
132,0.2583707769358545
133,0.2583698800690013
134,0.2583690060447365
135,0.2583681540236408
136,0.2583673232058532
137,0.2583665128288281
138,0.25836572216523646
139,0.2583649505210074
140,0.2583641972334935
141,0.25836346166975316
142,0.2583627432249435
143,0.258362041320813
144,0.25836135540428984
145,0.2583606849461532
146,0.2583600294397913
147,0.25835938840003014
148,0.2583587613620365
149,0.25835814788028283
150,0.2583575475275762
151,0.2583569598941433
152,0.2583563845867672
153,0.25835582122797734
154,0.2583552694552813
155,0.25835472892044414
156,0.2583541992888066
157,0.258353680238641
158,0.25835317146054454
159,0.25835267265686235
160,0.25835218354114703
161,0.25835170383764294
162,0.2583512332808007
163,0.25835077161481673
164,0.258350318593197
165,0.25834987397834375
166,0.25834943754116346
167,0.2583490090606966
168,0.25834858832376295
169,0.25834817512462943
170,0.2583477692646902
171,0.2583473705521666
172,0.2583469788018192
173,0.258346593834675
174,0.2583462154777692
175,0.25834584356389767
176,0.25834547793138174
177,0.25834511842384567
178,0.2583447648900038
179,0.2583444171834553
180,0.2583440751624943
181,0.25834373868992333
182,0.2583434076328772
183,0.2583430818626563
184,0.25834276125456596
185,0.2583424456877644
186,0.258342135045115
187,0.2583418292130479
188,0.2583415280814278
189,0.25834123154342353
190,0.25834093949538883
191,0.25834065183674526
192,0.2583403684698693
193,0.2583400892999875
194,0.2583398142350729
195,0.25833954318574814
196,0.25833927606518997
197,0.2583390127890417
198,0.25833875327532596
199,0.2583384974443616
200,0.258338245218685
201,0.2583379965229748
202,0.25833775128397796
203,0.2583375094304398
204,0.25833727089303843
205,0.2583370356043182
206,0.2583368034986282
207,0.2583365745120642
208,0.2583363485824098
209,0.2583361256490825
210,0.2583359056530798
211,0.2583356885369293
212,0.25833547424463976
213,0.2583352627216531
214,0.25833505391480005
215,0.25833484777225674
216,0.25833464424350083
217,0.25833444327927463
218,0.25833424483154194
219,0.2583340488534538
220,0.25833385529931113
221,0.2583336641245292
222,0.25833347528560563
223,0.2583332887400866
224,0.25833310444653584
225,0.25833292236450583
226,0.2583327424545065
227,0.2583325646779788
228,0.2583323889972673
229,0.25833221537559314
230,0.2583320437770305
231,0.25833187416648007
232,0.2583317065096471
233,0.25833154077301873
234,0.2583313769238399
235,0.2583312149300953
236,0.25833105476048485
237,0.2583308963844082
238,0.25833073977194165
239,0.25833058489382243
240,0.25833043172142867
241,0.25833028022676296
242,0.25833013038243524
243,0.2583299821616467
244,0.2583298355381741
245,0.2583296904863538
246,0.2583295469810675
247,0.25832940499772805
248,0.2583292645122646
249,0.2583291255011111
250,0.2583289879411905
251,0.2583288518099044
252,0.2583287170851199
253,0.25832858374515766
254,0.2583284517687807
255,0.2583283211351831
256,0.2583281918239783
257,0.2583280638151904
258,0.25832793708924273
259,0.2583278116269475
260,0.25832768740949763
261,0.25832756441845584
262,0.2583274426357476
263,0.25832732204364994
264,0.2583272026247847
265,0.2583270843621093
266,0.2583269672389097
267,0.25832685123879084
268,0.25832673634567127
269,0.25832662254377436
270,0.25832650981762034
271,0.25832639815202146
272,0.25832628753207404
273,0.258326177943151
274,0.2583260693708975
275,0.2583259618012227
276,0.2583258552202952
277,0.2583257496145365
278,0.2583256449706148
279,0.2583255412754397
280,0.25832543851615825
281,0.25832533668014684
282,0.25832523575500865
283,0.25832513572856647
284,0.25832503658886063
285,0.258324938324141
286,0.2583248409228646
287,0.25832474437368974
288,0.25832464866547344
289,0.25832455378726477
290,0.2583244597283028
291,0.2583243664780116
292,0.2583242740259952
293,0.25832418236203686
294,0.2583240914760918
295,0.25832400135828526
296,0.2583239119989093
297,0.2583238233884191
298,0.2583237355174276
299,0.25832364837670585
300,0.2583235619571763
301,0.2583234762499121
302,0.2583233912461321
303,0.2583233069371993
304,0.258323223314618
305,0.2583231403700294
306,0.2583230580952106
307,0.25832297648207
308,0.2583228955226476
309,0.25832281520910855
310,0.25832273553374396
311,0.25832265648896624
312,0.25832257806730863
313,0.2583225002614204
314,0.25832242306406716
315,0.2583223464681267
316,0.2583222704665881
317,0.2583221950525479
318,0.25832212021920997
319,0.25832204595988256
320,0.2583219722679761
321,0.2583218991370014
322,0.25832182656056807
323,0.25832175453238243
324,0.25832168304624503
325,0.25832161209605087
326,0.25832154167578486
327,0.2583214717795225
328,0.25832140240142676
329,0.25832133353574754
330,0.2583212651768188
331,0.2583211973190582
332,0.25832112995696516
333,0.2583210630851194
334,0.2583209966981786
335,0.2583209307908785
336,0.2583208653580309
337,0.2583208003945218
338,0.2583207358953104
339,0.25832067185542823
340,0.2583206082699768
341,0.2583205451341279
342,0.2583204824431205
343,0.25832042019226176
344,0.25832035837692413
345,0.25832029699254405
346,0.2583202360346227
347,0.258320175498722
348,0.25832011538046756
349,0.2583200556755433
350,0.2583199963796931
351,0.2583199374887195
352,0.2583198789984818
353,0.2583198209048954
354,0.25831976320393185
355,0.2583197058916168
356,0.2583196489640282
357,0.2583195924172988
358,0.25831953624761095
359,0.2583194804511994
360,0.2583194250243481
361,0.25831936996339
362,0.25831931526470736
363,0.2583192609247291
364,0.258319206939931
365,0.25831915330683575
366,0.25831910002201064
367,0.2583190470820672
368,0.2583189944836614
369,0.25831894222349233
370,0.2583188902983009
371,0.2583188387048704
372,0.2583187874400251
373,0.25831873650062925
374,0.2583186858835875
375,0.25831863558584345
376,0.25831858560437865
377,0.258318535936214
378,0.2583184865784059
379,0.2583184375280494
380,0.258318388782274
381,0.2583183403382461
382,0.2583182921931666
383,0.25831824434427114
384,0.25831819678882934
385,0.25831814952414395
386,0.258318102547551
387,0.2583180558564194
388,0.25831800944814926
389,0.25831796332017226
390,0.2583179174699522
391,0.2583178718949816
392,0.258317826592785
393,0.25831778156091517
394,0.2583177367969546
395,0.2583176922985142
396,0.2583176480632341
397,0.2583176040887816
398,0.2583175603728515
399,0.2583175169131656
400,0.25831747370747365
401,0.2583174307535501
402,0.25831738804919624
403,0.25831734559223807
404,0.2583173033805277
405,0.2583172614119424
406,0.25831721968438204
407,0.25831717819577266
408,0.2583171369440629
409,0.25831709592722546
410,0.25831705514325537
411,0.2583170145901709
412,0.25831697426601313
413,0.2583169341688442
414,0.2583168942967495
415,0.258316854647835
416,0.2583168152202277
417,0.2583167760120757
418,0.2583167370215481
419,0.2583166982468345
420,0.2583166596861434
421,0.2583166213377047
422,0.2583165831997664
423,0.2583165452705967
424,0.25831650754848173
425,0.25831647003172736
426,0.2583164327186573
427,0.258316395607614
428,0.258316358696957
429,0.25831632198506466
430,0.2583162854703322
431,0.2583162491511717
