1,0.4828805035064996
2,0.4835887348076249
3,0.48346976942075287
4,0.4833035433722962
5,0.48305490582833016
6,0.4826421802920254
7,0.48182071862335984
8,0.47932736121534986
9,0.3931611458486195
10,0.26044121671762227
11,0.26039841226541943
12,0.26035321987295534
13,0.2603060920879407
14,0.26025692548144286
15,0.260205611782722
16,0.2601520380088481
17,0.2600960867034989
18,0.260037636310273
19,0.25997656170972133
20,0.2599127349531193
21,0.25984602622946407
22,0.2597763051050066
23,0.25970344207624957
24,0.2596273104770319
25,0.25954778877727863
26,0.2594647633041051
27,0.25937813140408306
28,0.25928780504740867
29,0.2591937148493367
30,0.25909581445086094
31,0.2589940851591724
32,0.2588885406999729
33,0.2587792318807213
34,0.25866625091080475
35,0.2585497350776356
36,0.25842986944504287
37,0.2583068882309941
38,0.2581810745445862
39,0.25805275822396645
40,0.2579223116196533
41,0.25779014330783273
42,0.25765668988423684
43,0.2575224061632897
44,0.25738775426655935
45,0.2572531922058155
46,0.2571191626296271
47,0.2569860823971903
48,0.25685433356864307
49,0.25672425626839235
50,0.25659614370670114
51,0.2564702394593379
52,0.2563467369295331
53,0.25622578077037245
54,0.2561074699412752
55,0.25599186201367574
56,0.25587897832562023
57,0.25576880960502535
58,0.2556613217265397
59,0.2555564613267578
60,0.2554541610675967
61,0.2553543444008388
62,0.25525692974335984
63,0.25516183401982395
64,0.2550689755668892
65,0.2549782764205482
66,0.25488966402740654
67,0.2548030724328698
68,0.2547184430060061
69,0.254635724763552
70,0.25455487435549545
71,0.254475855772609
72,0.25439863983308975
73,0.25432320350140175
74,0.254249529087933
75,0.254177603373287
76,0.25410741669608095
77,0.2540389620380798
78,0.25397223413545117
79,0.25390722863987275
80,0.25384394134831595
81,0.25378236751557176
82,0.25372250125910306
83,0.2536643350616442
84,0.25360785937326585
85,0.25355306231133684
86,0.2534999294540945
87,0.25344844372134606
88,0.25339858533415377
89,0.25335033184424066
90,0.25330365822319356
91,0.25325853700132733
92,0.2532149384462169
93,0.253172830771352
94,0.2531321803660457
95,0.2530929520385685
96,0.25305510926542485
97,0.2530186144406791
98,0.2529834291202412
99,0.25294951425698514
100,0.2529168304234832
101,0.25288533801996166
102,0.25285499746584633
103,0.25282576937387147
104,0.2527976147063176
105,0.252770494913362
106,0.2527443720539094
107,0.25271920889955846
108,0.25269496902255817
109,0.2526716168687779
110,0.2526491178168014
111,0.2526274382243116
112,0.2526065454629605
113,0.25258640794288595
114,0.2525669951280312
115,0.2525482775433501
116,0.2525302267749282
117,0.25251281546398924
118,0.25249601729566085
119,0.25247980698332223
120,0.2524641602492611
121,0.2524490538023049
122,0.25243446531301983
123,0.25242037338699536
124,0.252406757536681
125,0.2523935981521791
126,0.2523808764713398
127,0.2523685745494633
128,0.2523566752288638
129,0.25234516210851604
130,0.2523340195139534
131,0.2523232324675697
132,0.2523127866593999
133,0.25230266841841514
134,0.2522928646841146
135,0.25228336297751025
136,0.2522741513667449
137,0.25226521839099714
138,0.252256552206691
139,0.2545536705673029
140,0.2541170000631998
141,0.25411360319772247
142,0.25411029792277523
143,0.2541070809865977
144,0.25410394927552477
145,0.2541008998073892
146,0.2540979297252639
147,0.25409503629151703
148,0.25409221688217526
149,0.25408946898156937
150,0.25408679017725566
151,0.25408417815519385
152,0.2540816306951684
153,0.25407914566644574
154,0.25407672102364554
155,0.25407435480282436
156,0.25407204511775655
157,0.2540697901563969
158,0.2540675881775271
159,0.2540654375075645
160,0.2540633365375306
161,0.25406128372017295
162,0.2540592775672255
163,0.25405731664680414
164,0.2540553995809334
165,0.25405352504318973
166,0.2540516917564634
167,0.254049898490826
168,0.25404814406150217
169,0.2540464273269384
170,0.2540447471869669
171,0.2540431025810518
172,0.2540414924866237
173,0.25403991591749187
174,0.25403837192232775
175,0.25403685958322375
176,0.2540353780143185
177,0.25403392636048183
178,0.25403250379606873
179,0.25403110952372104
180,0.2540297427732321
181,0.2540284028004574
182,0.2540270888862778
183,0.2540258003356101
