1,0.2647290617073322
2,0.2545293133346801
3,0.2545266920591204
4,0.25523699968606733
5,0.25511120244318325
6,0.2551023070460166
7,0.2550934018385597
8,0.25508449197618466
9,0.2550755810151187
10,0.2550666725752912
11,0.2550577703345509
12,0.25504887802251924
13,0.2550399994140942
14,0.2550311383226251
15,0.255022298592781
16,0.25501348409313584
17,0.25500469870850007
18,0.25499594633202416
19,0.2549872308571114
20,0.2549785561691715
21,0.25496992613725233
22,0.2549613446055909
23,0.25495281538511594
24,0.2549443422449549
25,0.2549359289039756
26,0.2549275790224136
27,0.25491929619362275
28,0.25491108393599415
29,0.2549029456850826
30,0.254894884785986
31,0.25488690448600937
32,0.25487900792765933
33,0.254871198141999
34,0.25486347804239834
35,0.2548558504187094
36,0.25484831793189633
37,0.25484088310914027
38,0.25483354833944355
39,0.25482631586974924
40,0.2548191878015882
41,0.254812166088265
42,0.2548052525325899
43,0.2547984487851558
44,0.2547917563431605
45,0.2547851765497713
46,0.25477871059402063
47,0.25477235951122074
48,0.25476612418388445
49,0.2547600053431355
50,0.2547540035705817
51,0.25474811930063596
52,0.25474235282325614
53,0.25473670428707507
54,0.25473117370289927
55,0.2547257609475388
56,0.2547204657679463
57,0.2547152877856248
58,0.2547102265012843
59,0.25470528129970454
60,0.25470045145478215
61,0.2546957361347243
62,0.25469113440736596
63,0.25468664524557466
64,0.2546822675327177
65,0.2546780000681685
66,0.2546738415728179
67,0.2546697906945747
68,0.25466584601382997
69,0.254662006048858
70,0.2546582692611456
71,0.2546546340606241
72,0.2546510988107871
73,0.254647661833687
74,0.25464432141478954
75,0.2546410758076784
76,0.2546379232386022
77,0.2546348619108516
78,0.2546318900089637
79,0.25462900570274555
80,0.2546262071511155
81,0.2546234925057564
82,0.2546208599145823
83,0.25461830752501724
84,0.2546158334870839
85,0.2546134359563083
86,0.254611113096438
87,0.2546088630819806
88,0.25460668410056236
89,0.2546045743551146
90,0.2546025320658896
91,0.25460055547231386
92,0.2545986428346795
93,0.25459679243568556
94,0.25459500258183027
95,0.254593271604661
96,0.2545915978618911
97,0.25458997973838665
98,0.2545884156470293
99,0.25458690402946593
100,0.2545854433567441
101,0.25458403212984726
102,0.25458266888012865
103,0.25458135216965627
104,0.25458008059146836
105,0.2545788527697533
106,0.2545776673599479
107,0.25457652304877293
108,0.2545754185541989
109,0.25457435262535477
110,0.2545733240423831
111,0.25457233161624016
112,0.25457137418845605
113,0.2545704506308481
114,0.25456955984520035
115,0.2545687007629051
116,0.25456787234457656
117,0.2545670735796367
118,0.25456630348587567
119,0.25456556110899164
120,0.25456484552211234
121,0.2545641558253014
122,0.2545634911450487
123,0.2545628506337516
124,0.2545622334691865
125,0.25456163885397315
126,0.25456106601503226
127,0.254560514203041
128,0.25455998269188557
129,0.254559470778112
130,0.2545589777803789
131,0.25455850303891014
132,0.2545580459149518
133,0.2545576057902305
134,0.25455718206641886
135,0.2545567741646041
136,0.25455638152476306
137,0.254556003605245
138,0.2545556398822597
139,0.2545552898493746
140,0.2545549530170188
141,0.25455462891199737
142,0.2545543170770123
143,0.2545540170701931
144,0.25455372846463864
145,0.25455345084796444
146,0.2545531838218641
147,0.25455292700167625
148,0.25455268001596393
149,0.2545524425061037
150,0.2545522141258833
151,0.25455199454110894
152,0.2545517834292249
153,0.2545515804789398
154,0.2545513853898644
155,0.2545511978721588
156,0.2545510176461878
157,0.25455084444218856
158,0.2545506779999433
159,0.2545505180684659
160,0.25455036440569373
161,0.2545502167781895
162,0.254550074960853
163,0.25454993873663956
164,0.25454980789628845
165,0.25454968223805735
166,0.2545495615674681
167,0.2545494456970571
168,0.25454933444613476
169,0.25454922764055293
170,0.25454912511247807
171,0.254549026700174
172,0.25454893224778896
173,0.25454884160515134
174,0.2545487546275705
175,0.25454867117564534
176,0.2545485911150799
177,0.25454851431650033
178,0.2545484406552856
179,0.25454837001139574
180,0.25454830226921205
181,0.25454823731737825
182,0.25454817504865046
183,0.25454811535974936
184,0.2545480581512192
185,0.25454800332729194
186,0.2545479507957516
187,0.2545479004678117
188,0.25454785225798776
189,0.2545478060839801
190,0.2545477618665592
191,0.2545477195294536
192,0.2545476789992441
193,0.2545476402052586
194,0.25454760307947494
195,0.25454756755642205
196,0.2545475335730885
197,0.25454750106883267
198,0.2545474699852961
199,0.2545474402663194
200,0.25454741185786367
201,0.2545473847079301
202,0.25454735876648804
203,0.25454733398540047
204,0.2545473103183559
205,0.25454728772080043
206,0.2545472661498724
207,0.25454724556434216
208,0.2545472259245488
209,0.25454720719234564
210,0.25454718933104087
211,0.2545471723053462
212,0.2545471560813223
213,0.25454714062633216
214,0.2545471259089901
215,0.25454711189911544
216,0.25454709856768937
217,0.25454708588680935
218,0.25454707382964964
219,0.25454706237041935
220,0.25454705148432566
221,0.25454704114753446
222,0.2545470313371362
223,0.2545470220311106
224,0.25454701320829215
225,0.25454700484834086
226,0.2545469969317086
227,0.2545469894396103
228,0.2545469823539956
229,0.2545469756575211
230,0.25454696933352267
231,0.25454696336599153
232,0.25454695773954866
233,0.25454695243941977
234,0.254546947451415
235,0.254546942761905
236,0.2545469383577991
237,0.25454693422652813
238,0.25454693035602044
239,0.25454692673468576
240,0.25454692335139584
241,0.25454692019546754
242,0.2545469172566448
243,0.2545469145250839
244,0.2545469119913357
245,0.25454690964633253
246,0.25454690748137204
247,0.25454690548810494
248,0.2545469036585193
249,0.2545469019849295
250,0.2545469004599622
251,0.2545468990765457
252,0.25454689782789774
253,0.25454689670751324
254,0.25454689570915623
255,0.2545468948268466
256,0.25454689405485176
257,0.2545468933876768
258,0.2545468928200555
259,0.2545468923469411
260,0.2545468919634973
261,0.2545468916650918
262,0.2545468914472852
263,0.2545468913058277
264,0.2545468912366477
265,0.25454689123584767
266,0.2545468912996956
267,0.2545468914246188
268,0.2545468916071989
269,0.2545468918441641
270,0.2545468921323847
271,0.2545468924688661
272,0.2545468928507447
273,0.25454689327528274
274,0.2545468937398618
275,0.2545468942419796
276,0.2545468947792456
277,0.25454689534937447
278,0.25454689595018454
279,0.2545468965795908
280,0.25454689723560436
281,0.25454689791632495
282,0.2545468986199408
283,0.25454689934472197
284,0.2545469000890203
285,0.25454690085126247
286,0.2545469016299501
287,0.2545469024236549
288,0.2545469032310161
289,0.2545469040507384
290,0.2545469048815883
291,0.2545469057223928
292,0.2545469065720355
293,0.25454690742945507
294,0.25454690829364257
295,0.25454690916364037
296,0.25454691003853797
297,0.2545469109174724
298,0.2545469117996239
299,0.254546912684217
300,0.2545469135705146
301,0.2545469144578207
302,0.2545469153454753
303,0.2545469162328549
304,0.2545469171193703
305,0.25454691800446416
306,0.2545469188876116
307,0.2545469197683169
308,0.2545469206461139
309,0.2545469215205629
310,0.2545469223912516
311,0.2545469232577917
312,0.25454692411981933
313,0.25454692497699416
314,0.2545469258289966
315,0.2545469266755288
316,0.25454692751631297
317,0.2545469283510901
318,0.2545469291796194
319,0.25454693000167744
320,0.25454693081705776
321,0.2545469316255695
322,0.25454693242703674
323,0.25454693322129807
324,0.25454693400820644
325,0.25454693478762624
326,0.25454693555943614
327,0.25454693632352543
328,0.2545469370797953
329,0.2545469378281575
330,0.25454693856853383
331,0.254546939300856
332,0.25454694002506506
333,0.25454694074111056
334,0.2545469414489499
335,0.25454694214854995
336,0.25454694283988294
337,0.2545469435229301
338,0.25454694419767776
339,0.2545469448641201
340,0.2545469455222561
341,0.25454694617209106
342,0.25454694681363554
343,0.2545469474469055
344,0.25454694807192063
345,0.254546948688706
346,0.2545469492972915
347,0.25454694989770943
348,0.2545469504899969
349,0.2545469510741946
350,0.2545469516503463
351,0.25454695221849816
352,0.25454695277870054
353,0.25454695333100574
354,0.2545469538754688
355,0.25454695441214675
356,0.25454695494109897
357,0.2545469554623871
358,0.25454695597607446
359,0.25454695648222614
360,0.25454695698090873
361,0.2545469574721904
362,0.2545469579561404
363,0.2545469584328298
364,0.25454695890232953
365,0.25454695936471283
366,0.2545469598200532
367,0.25454696026842516
368,0.25454696070990307
369,0.25454696114456316
370,0.25454696157248136
371,0.25454696199373456
372,0.2545469624083993
373,0.2545469628165532
374,0.2545469632182736
375,0.2545469636136378
376,0.25454696400272364
377,0.2545469643856091
378,0.25454696476237165
379,0.25454696513308905
380,0.2545469654978386
381,0.25454696585669817
382,0.25454696620974443
383,0.25454696655705444
384,0.2545469668987045
385,0.2545469672347715
386,0.2545469675653308
387,0.25454696789045844
388,0.2545469682102288
389,0.2545469685247173
390,0.25454696883399736
391,0.25454696913814334
392,0.25454696943722804
393,0.2545469697313239
394,0.254546970020503
395,0.25454697030483736
396,0.25454697058439696
397,0.2545469708592529
398,0.25454697112947405
399,0.2545469713951297
400,0.2545469716562883
401,0.25454697191301723
402,0.25454697216538336
403,0.2545469724134534
404,0.25454697265729265
405,0.25454697289696593
406,0.25454697313253727
407,0.25454697336407067
408,0.2545469735916288
409,0.2545469738152734
410,0.25454697403506554
411,0.2545469742510667
412,0.25454697446333585
413,0.25454697467193255
414,0.254546974876915
415,0.2545469750783415
416,0.2545469752762684
417,0.25454697547075217
418,0.2545469756618481
419,0.2545469758496109
420,0.25454697603409565
421,0.25454697621535416
422,0.2545469763934402
423,0.25454697656840497
424,0.25454697674030047
425,0.2545469769091766
426,0.25454697707508334
427,0.2545469772380693
428,0.25454697739818377
429,0.25454697755547395
430,0.25454697770998697
431,0.2545469778617698
432,0.25454697801086695
