1,0.2619734829606894
2,0.2589508619533501
3,0.25888436927317315
4,0.2588214222181228
5,0.2587625535631655
6,0.2587081331578085
7,0.25865835705117235
8,0.2586132554779491
9,0.25857271573730567
10,0.2585365138919063
11,0.2585043490816774
12,0.25847587555911034
13,0.25845072946862874
14,0.25842854920001046
15,0.25840898946291196
16,0.25839172997999577
17,0.25837647998376645
18,0.2583629796890041
19,0.2583509997447973
20,0.2583403394500616
21,0.2583308243031031
22,0.25832230327611344
23,0.25831464606672067
24,0.25830774047798133
25,0.25830149000867514
26,0.2582958116899516
27,0.25829063417564707
28,0.2582858960766111
29,0.25828154452029795
30,0.25827753391274005
31,0.2582738248790492
32,0.2582703833593396
33,0.2582671798387423
34,0.25826418869231904
35,0.2582613876280074
36,0.25825875721291025
37,0.2582562804703064
38,0.25825394253659983
39,0.2582517303690207
40,0.25824963249631033
41,0.2582476388058132
42,0.25824574036141784
43,0.2582439292476726
44,0.25824219843611307
45,0.25824054167047616
46,0.25823895336798103
47,0.2582374285343029
48,0.2582359626902303
49,0.25823455180830074
50,0.2582331922579788
51,0.25823188075815223
52,0.2582306143359031
53,0.25822939029067665
54,0.25822820616309056
55,0.25822705970774756
56,0.2582259488694915
57,0.25822487176265346
58,0.25822382665287535
59,0.2582228119411621
60,0.2582218261498841
61,0.2582208679104551
62,0.2582199359524753
63,0.2582190290941547
64,0.2582181462338433
65,0.2582172863425347
66,0.25821644845721653
67,0.2582156316749649
68,0.25821483514768845
69,0.2582140580774433
70,0.25821329971224993
71,0.2582125593423485
72,0.2582118362968469
73,0.258211129940708
74,0.258210439672039
75,0.25820976491964875
76,0.25820910514084366
77,0.2582084598194283
78,0.2582078284638979
79,0.2582072106057933
80,0.25820660579820154
81,0.25820601361439266
82,0.25820543364656834
83,0.2582048655047197
84,0.2582043088155784
85,0.2582037632216486
86,0.2582032283803194
87,0.25820270396304185
88,0.2582021896545717
89,0.2582016851522624
90,0.25820119016541326
91,0.25820070441465853
92,0.25820022763140604
93,0.2581997595573022
94,0.25819929994374174
95,0.2581988485514039
96,0.258198405149816
97,0.2581979695169507
98,0.2581975414388359
99,0.25819712070920037
100,0.25819670712912873
101,0.25819630050674336
102,0.25819590065689735
103,0.2581955074008911
104,0.25819512056619703
105,0.258194739986203
106,0.25819436549996766
107,0.2581939969519887
108,0.2581936341919799
109,0.258193277074663
110,0.25819292545956746
111,0.25819257921083877
112,0.2581922381970588
113,0.2581919022910706
114,0.25819157136981374
115,0.25819124531416976
116,0.2581909240088055
117,0.25819060734203425
118,0.2581902952056766
119,0.2581899874949266
120,0.25818968410823046
121,0.2581893849471607
122,0.2581890899163035
123,0.2581887989231498
124,0.2581885118779844
125,0.2581882286937889
126,0.25818794928614297
127,0.2581876735731297
128,0.2581874014752482
129,0.2581871329153257
130,0.25818686781843636
131,0.2581866061118208
132,0.2581863477248122
133,0.25818609258876263
134,0.2581858406369703
135,0.2581855918046164
136,0.25818534602869675
137,0.2581851032479642
138,0.2581848634028623
139,0.25818462643547496
140,0.2581843922894655
141,0.25818416091002644
142,0.25818393224382935
143,0.2581837062389726
144,0.25818348284493564
145,0.2581832620125356
146,0.25818304369387995
147,0.25818282784232605
148,0.2581826144124416
149,0.2581824033599632
150,0.2581821946417614
151,0.2581819882158019
152,0.25818178404111364
153,0.25818158207775266
154,0.2581813822867698
155,0.2581811846301821
156,0.2581809890709398
157,0.25818079557289825
158,0.2581806041007921
159,0.25818041462020475
160,0.25818022709754546
161,0.2581800415000219
162,0.258179857795618
163,0.2581796759530695
164,0.25817949594184253
165,0.25817931773210945
166,0.25817914129473124
167,0.25817896660123546
168,0.2581787936237963
169,0.25817862233521705
170,0.2581784527089112
171,0.258178284718885
172,0.2581781183397192
173,0.2581779535465563
174,0.25817779031508103
175,0.2581776286215052
176,0.25817746844255646
177,0.25817730975545977
178,0.2581771525379266
179,0.2581769967681392
180,0.25817684242474026
181,0.25817668948681793
182,0.2581765379338947
