1,0.2707931155285275
2,0.26073523049938574
3,0.2605361119127508
4,0.26033976715177903
5,0.26014662156306684
6,0.2599569113573929
7,0.25977070150042986
8,0.25958791491582356
9,0.25940836863113514
10,0.2592318125993529
11,0.25905796767085704
12,0.2588865602177425
13,0.2587173519171292
14,0.25855016398350944
15,0.2583848954682093
16,0.25822134392361046
17,0.25796452031010375
18,0.2578188834219461
19,0.2576771111860127
20,0.2575393100241734
21,0.25740560783192695
22,0.25727614270615273
23,0.25715105210325245
24,0.2570304630881012
25,0.25691448414946805
26,0.2568031988687641
27,0.25669666155091525
28,0.25659489477180303
29,0.25649788867538575
30,0.25640560176956156
31,0.2563179629227336
32,0.2562348742486759
33,0.2561562145790121
34,0.25608184325305544
35,0.2560116039963426
36,0.25594532870580183
37,0.2558828410060284
38,0.2558239594841488
39,0.25576850054814115
40,0.2557162808841686
41,0.2556671195123886
42,0.25562083945816294
43,0.255577269067462
44,0.2555362430024088
45,0.255497602956339
46,0.255461198128398
47,0.25542688549631615
48,0.2553945299233312
49,0.2553640041317594
50,0.2553351885718796
51,0.25530797121090976
52,0.2552822472630754
53,0.25525791887829447
54,0.25523489480383316
55,0.25521309003052767
56,0.2551924254327462
57,0.25517282740924574
58,0.25515422753034256
59,0.2551365621954292
60,0.255119772303697
61,0.2551038029400116
62,0.2550886030771367
63,0.2550741252949457
64,0.2550603255167942
65,0.255047162762906
66,0.2550345989203653
67,0.255022598529146
68,0.2550111285834645
69,0.2550001583476898
70,0.2549896591859754
71,0.25497960440477974
72,0.25496996910743636
73,0.2549607300599446
74,0.25495186556718963
75,0.2549433553588273
76,0.2549351804841071
77,0.25492732321495176
78,0.2549197669566488
79,0.25491249616555883
80,0.2549054962732791
81,0.2548987536167406
82,0.25489225537377175
83,0.2548859895036715
84,0.2548799446923952
85,0.2548741103019724
86,0.2548684763238095
87,0.2548630333355692
88,0.2548577724613221
89,0.25485268533471844
90,0.25484776406492365
91,0.2548430012051002
92,0.2548383897232292
93,0.25483392297508123
94,0.2548295946791676
95,0.2548253988935119
96,0.2548213299941024
97,0.254817382654879
98,0.25481355182915766
99,0.2548098327323541
100,0.2548062208259258
101,0.2548027118024281
102,0.2547993015716017
103,0.2547959862474142
104,0.25479276213598034
105,0.2547896257242989
106,0.25478657366974233
107,0.254783602790242
108,0.2547807100551222
109,0.2547778925765327
110,0.25477514760143666
111,0.25477247250411056
112,0.2547698647791277
113,0.2547673220347819
114,0.2547648419869261
115,0.25476242245319275
116,0.2547600613475756
117,0.25475775667533584
118,0.25475550652822815
119,0.2547533090800066
120,0.25475116258220365
121,0.2547490653601584
122,0.25474701580928155
123,0.25474501239153385
124,0.25474305363211397
125,0.2547411381163337
126,0.25473926448667594
127,0.25473743144001176
128,0.25473563772498303
129,0.2547338821395256
130,0.25473216352853034
131,0.2547304807816354
132,0.2547288328311362
133,0.2547272186500099
134,0.25472563725004527
135,0.2547240876800751
136,0.2547225690242972
137,0.2547210804006891
138,0.25471962095950235
139,0.25471818988183437
140,0.2547167863782773
141,0.25471540968763057
142,0.25471405907568456
143,0.2547127338340612
144,0.2547114332791135
145,0.25471015675088127
146,0.2547089036120966
147,0.2547076732472377
148,0.25470646506163225
149,0.2547052784805979
150,0.25470411294863
151,0.2547029679286246
152,0.25470184290113823
153,0.2547007373636848
154,0.2546996508300617
155,0.2546985828297101
156,0.25469753290710423
157,0.25469650062116667
158,0.2546954855447121
159,0.25469448726391575
160,0.25469350537780533
161,0.2546925394977741
162,0.25469158924712
163,0.25469065426059917
164,0.25468973418400376
165,0.2546888286737552
166,0.2546879373965152
167,0.25468706002881614
168,0.2546861962567031
169,0.25468534577539353
170,0.2546845082889525
171,0.2546836835099769
172,0.25468287115929783
173,0.2546820709656914
174,0.254681282665605
175,0.2546805060028901
176,0.25467974072855104
177,0.2546789866004994
178,0.2546782433833218
179,0.25467751084805357
180,0.25467678877196465
181,0.2546760769383514
182,0.25467537513633826
183,0.2546746831606851
184,0.2546740008116047
185,0.25467332789458424
186,0.2546726642202172
187,0.25467200960403646
188,0.25467136386636113
189,0.25467072683214004
190,0.2546700983308095
191,0.25466947819615116
192,0.25466886626615637
193,0.2546682623828961
194,0.2546676663923954
195,0.2546670781445126
196,0.25466649749282205
197,0.2546659242945008
198,0.25466535841022175
199,0.25466479970404726
200,0.25466424804332993
201,0.25466370329861365
202,0.25466316534354033
203,0.25466263405475753
204,0.2546621093118343
205,0.25466159099717256
206,0.2546610789959274
207,0.2546605731959293
208,0.2546600734876042
209,0.254659579763903
210,0.2546590919202296
211,0.2546586098543707
212,0.25465813346643035
213,0.2546576626587659
214,0.2546571973359243
215,0.2546567374045831
216,0.2546562827734916
217,0.25465583335341374
218,0.2546553890570753
219,0.2546549497991094
220,0.25465451549600626
221,0.2546540860660616
222,0.2546536614293325
223,0.25465324150758745
224,0.2546528262242629
225,0.25465241550441864
226,0.25465200927469633
227,0.2546516074632793
228,0.2546512099998501
229,0.25465081681555496
230,0.2546504278429641
231,0.2546500430160375
232,0.2546496622700882
233,0.2546492855417484
234,0.2546489127689375
235,0.2546485438908288
236,0.254648178847819
237,0.2546478175814975
238,0.25464746003461786
239,0.2546471061510678
240,0.2546467558758434
