1,0.26555074261251777
2,0.2611336299793401
3,0.261091505919406
4,0.2610501051836487
5,0.26100956138039205
6,0.26096999559378714
7,0.26093151458548386
8,0.26089420952693515
9,0.2608581552823082
10,0.26082341022734246
11,0.2607900165595733
12,0.2607580010324406
13,0.2607273760310588
14,0.2606981409008886
15,0.2606702834413236
16,0.26064378148280315
17,0.26061860447672214
18,0.2605947150403474
19,0.2605720704126413
20,0.26055062379009325
21,0.2605303255235278
22,0.2605111241669251
23,0.2604929673773154
24,0.2604758026708572
25,0.2604595780444411
26,0.26044424247483167
27,0.26042974630876997
28,0.2604160415578893
29,0.2604030821120259
30,0.2603908238837391
31,0.26037922489578985
32,0.26036824532210223
33,0.26035784749145585
34,0.26034799586188717
35,0.26033865697260355
36,0.26032979937910333
37,0.260321393576233
38,0.2603134119130415
39,0.2603058285025536
40,0.260298619128949
41,0.2602917611540933
42,0.26028523342493104
43,0.2602790161828702
44,0.2602730909759965
45,0.2602674405747045
46,0.2602620488911471
47,0.26025690090273623
48,0.2602519825798213
49,0.26024728081756987
50,0.2602427833720032
51,0.2602384788000918
52,0.26023435640377907
53,0.2602304061777628
54,0.26022661876086184
55,0.2602229853907799
56,0.2602194978620673
57,0.26021614848708924
58,0.2602129300598136
59,0.26020983582222773
60,0.26020685943320454
61,0.260203994939653
62,0.2602012367497837
63,0.2601985796083427
64,0.2601960185736643
65,0.2601935489964097
66,0.2601911664998677
67,0.26018886696169713
68,0.2601866464970019
69,0.26018450144263916
70,0.26018242834266675
71,0.2601804239348394
72,0.26017848513807923
73,0.26017660904084194
74,0.26017479289031087
75,0.2601730340823592
76,0.2601713301522164
77,0.26016967876579106
78,0.2601680777115964
79,0.2601665248932357
80,0.2601650183224041
81,0.2601635561123677
82,0.26016213647188813
83,0.26016075769955327
84,0.2601594181784898
85,0.2601581163714286
86,0.2601568508160921
87,0.2601556201208894
88,0.2601544229608869
89,0.2601532580740439
90,0.2601521242576858
91,0.26015102036520593
92,0.26014994530297325
93,0.2601488980274358
94,0.2601478775424042
95,0.2601468828965041
96,0.26014591318078395
97,0.2601449675264701
98,0.2601440451028567
99,0.26014314511532366
100,0.26014226680347174
101,0.2601414094393681
102,0.26014057232589655
103,0.26013975479520274
104,0.26013895620722893
105,0.26013817594833505
106,0.26013741342999736
107,0.2601366680875792
108,0.26013593937917434
109,0.2601352267845124
110,0.26013452980392626
111,0.260133847957375
112,0.2601331807835214
113,0.2601325278388596
114,0.26013188869688914
115,0.2601312629473329
116,0.2601306501953976
117,0.26013005006107254
118,0.2601294621784652
119,0.2601288861951721
120,0.2601283217716806
121,0.2601277685808028
122,0.260127226307138
123,0.2601266946465618
124,0.26012617330574084
125,0.2601256620016729
126,0.260125160461248
127,0.2601246684208332
128,0.26012418562587536
129,0.2601237118305249
130,0.2601232467972769
131,0.2601227902966305
132,0.26012234210676244
133,0.2601219020132175
134,0.26012146980861395
135,0.2601210452923612
136,0.26012062827039123
137,0.26012021855490286
138,0.2601198159641176
139,0.2601194203220454
140,0.2601190314582624
141,0.26011864920769767
142,0.2601182734104309
143,0.26011790391149675
144,0.2601175405606999
145,0.2601171832124376
146,0.2601168317255284
147,0.2601164859630514
148,0.26011614579218895
149,0.2601158110840788
150,0.26011548171367077
151,0.26011515755959036
152,0.26011483850400774
153,0.2601145244325129
154,0.26011421523399353
155,0.2601139108005216
156,0.2601136110272424
157,0.26011331581226665
158,0.2601130250565714
159,0.26011273866390006
160,0.2601124565406692
161,0.26011217859587893
162,0.26011190474102575
163,0.2601116348900194
164,0.26011136895910314
165,0.2601111068667762
166,0.26011084853372174
167,0.2601105938827334
168,0.2601103428386484
169,0.260110095328282
170,0.26010985128036307
