1,0.3305556689433516
2,0.27384463599241327
3,0.27377889379114995
4,0.2737438497724428
5,0.2737081103226109
6,0.27367171593313105
7,0.27363471335429335
8,0.27359715559489206
9,0.2735591018041441
10,0.27352061702497954
11,0.27348177181155975
12,0.27344264170856514
13,0.2734033065952319
14,0.27336384990304796
15,0.27332435772207136
16,0.2732849178165873
17,0.27324561857583723
18,0.2732065479294199
19,0.2731677922593343
20,0.2731294353412984
21,0.2730915573468468
22,0.273054233934867
23,0.27301753545689206
24,0.27298152629499495
25,0.27294626434491487
26,0.2729118006505857
27,0.272878179189943
28,0.27284543680616485
29,0.272813603273637
30,0.272782701484144
31,0.27275274773613445
32,0.2727237521084096
33,0.27269571889913075
34,0.2726686471115123
35,0.27264253096873686
36,0.2726173604423644
37,0.272593121780559
38,0.27256979802469367
39,0.2725473695051494
40,0.2725258143093061
41,0.27250510871671724
42,0.2724852275982494
43,0.2724661447774894
44,0.2724478333540038
45,0.272430265989037
46,0.27241341515503337
47,0.27239725335093035
48,0.2723817532855672
49,0.272366888031787
50,0.2723526311539322
51,0.2723389568114408
52,0.27232583984119885
53,0.27231325582118315
54,0.2723011811177911
55,0.272289592919056
56,0.27227846925578697
57,0.2722677890124542
58,0.2722575319294648
59,0.27224767859828714
60,0.27223821045070856
61,0.2722291097433494
62,0.2722203595384061
63,0.272211943681469
64,0.2722038467771284
65,0.2721960541629861
66,0.2721885518825843
67,0.2721813266576865
68,0.2721743658602688
69,0.27216765748451505
70,0.2721611901190606
71,0.2721549529196706
72,0.2721489355825127
73,0.27214312831813675
74,0.27213752182625395
75,0.27213210727138
76,0.27212687625938603
77,0.2721218208149832
78,0.27211693336016096
79,0.2721122066935741
80,0.27210763397087695
81,0.2721032086859867
82,0.27209892465326235
83,0.272094775990567
84,0.2720907571031923
85,0.27208686266861437
86,0.27208308762204236
87,0.27207942714274075
88,0.27207587664107846
89,0.27207243174628004
90,0.272069088294842
91,0.272065842319585
92,0.27206269003930655
93,0.2720596278490057
94,0.2720566523106489
95,0.27205376014445015
96,0.2720509482206328
97,0.2720482135516533
98,0.27204555328485425
99,0.2720429646955304
100,0.27204044518037573
101,0.2720379922512999
102,0.27203560352958217
103,0.2720332767403535
104,0.27203100970738125
105,0.27202880034814236
106,0.2720266466691655
107,0.27202454676163135
108,0.27202249879721196
109,0.27202050102413483
110,0.2720185517634638
111,0.2720166494055781
112,0.272014792406843
113,0.2720129792864564
114,0.27201120862346734
115,0.2720094790539491
116,0.27200778926832525
117,0.2720061380088335
118,0.2720045240671242
119,0.2720029462819855
120,0.2720014035371824
121,0.27199989475941144
122,0.2719984189163583
123,0.2719969750148562
124,0.27199556209913645
125,0.27199417924916874
126,0.2719928255790834
127,0.2719915002356756
128,0.27199020239698035
129,0.2719889312709215
130,0.2719876860940238
131,0.27198646613019195
132,0.2719852706695466
133,0.2719840990273158
134,0.2719829505427844
135,0.2719818245782878
136,0.2719807205182586
137,0.271979637768316
138,0.27197857575439865
139,0.27197753392193796
140,0.27197651173507026
141,0.27197550867588566
142,0.2719745242437103
143,0.27197355795442407
144,0.2719726093398058
145,0.2719716779469118
146,0.27197076333747905
147,0.27196986508735804
148,0.2719689827859698
149,0.27196811603578536
150,0.271967264451831
151,0.27196642766121293
152,0.27196560530266395
153,0.27196479702610904
154,0.27196400249225056
155,0.2719632213721699
156,0.2719624533469468
157,0.27196169810729526
158,0.27196095535321463
159,0.2719602247936539
160,0.27195950614619246
161,0.2719587991367316
162,0.27195810349920024
163,0.2719574189752734
164,0.27195674531409897
165,0.2719560822720401
166,0.2719554296124234
167,0.271954787105301
168,0.27195415452722016
169,0.27195353166100134
170,0.2719529182955276
171,0.27195231422553934
172,0.27195171925143985
173,0.27195113317910546
174,0.2719505558197057
175,0.27194998698952944
176,0.27194942650981585
177,0.2719488742065953
178,0.2719483299105333
179,0.27194779345678166
180,0.27194726468483515
181,0.2719467434383924
182,0.2719462295652247
183,0.271945722917046
184,0.2719452233493901
185,0.2719447307214916
186,0.2719442448961723
187,0.27194376573972856
188,0.27194329312182663
189,0.2719428269153991
190,0.271942366996546
191,0.271941913244439
192,0.2719414655412297
193,0.2719410237719601
194,0.271940587824477
195,0.2719401575893489
196,0.2719397329597868
197,0.27193931383156494
198,0.27193890010294886
199,0.2719384916746205
200,0.2719380884496111
201,0.2719376903332319
202,0.27193729723300974
203,0.27193690905862483
204,0.27193652572184873
205,0.2719361471364866
206,0.2719357732183193
207,0.27193540388504955
208,0.2719350390562482
209,0.27193467865330195
210,0.2719343225993648
211,0.2719339708193089
212,0.2719336232396783
213,0.271933279788644
214,0.27193294039595894
215,0.2719326049929175
216,0.2719322735123123
217,0.2719319458883967
218,0.2719316220568443
219,0.27193130195471216
220,0.2719309855204057
221,0.27193067269364146
222,0.2719303634154157
223,0.27193005762796874
224,0.27192975527475527
225,0.2719294563004116
226,0.2719291606507264
227,0.27192886827261203
228,0.2719285791140745
229,0.27192829312418754
230,0.2719280102530657
231,0.2719277304518377
232,0.27192745367262205
233,0.2719271798685021
234,0.2719269089935028
235,0.27192664100256714
236,0.27192637585153434
237,0.27192611349711765
238,0.2719258538968842
239,0.27192559700923263
240,0.27192534279337544
241,0.2719250912093176
242,0.27192484221783947
243,0.2719245957804766
244,0.27192435185950437
245,0.27192411041791775
246,0.27192387141941754
247,0.2719236348283917
248,0.2719234006099002
249,0.27192316872966005
250,0.27192293915402954
251,0.27192271184999367
252,0.2719224867851501
253,0.27192226392769525
254,0.2719220432464113
255,0.2719218247106516
256,0.2719216082903293
257,0.27192139395590387
258,0.2719211816783702
259,0.2719209714292452
260,0.2719207631805577
261,0.2719205569048362
262,0.27192035257509845
263,0.2719201501648412
264,0.2719199496480283
265,0.2719197509990831
266,0.2719195541928754
267,0.27191935920471527
268,0.27191916601034083
269,0.2719189745859108
270,0.2719187849079948
271,0.2719185969535659
272,0.2719184106999897
273,0.2719182261250185
274,0.2719180432067829
275,0.27191786192378253
276,0.2719176822548792
277,0.2719175041792906
278,0.27191732767658094
279,0.27191715272665506
280,0.27191697930975156
281,0.2719168074064353
282,0.2719166369975915
283,0.2719164680644188
284,0.2719163005884237
285,0.271916134551413
286,0.2719159699354893
287,0.2719158067230443
288,0.2719156448967537
289,0.27191548443957003
290,0.27191532533471974
291,0.2719151675656955
292,0.2719150111162523
293,0.271914855970402
294,0.2719147021124084
295,0.27191454952678185
296,0.27191439819827623
297,0.2719142481118816
298,0.2719140992528216
299,0.2719139516065493
300,0.2719138051587412
301,0.27191365989529404
302,0.27191351580232037
303,0.27191337286614525
304,0.27191323107330134
305,0.27191309041052536
306,0.2719129508647537
307,0.27191281242312043
308,0.27191267507295164
309,0.271912538801763
310,0.27191240359725666
311,0.2719122694473161
312,0.2719121363400052
313,0.2719120042635632
314,0.2719118732064021
315,0.2719117431571034
316,0.271911614104416
317,0.271911486037251
318,0.2719113589446817
319,0.2719112328159382
320,0.2719111076404059
321,0.2719109834076229
322,0.27191086010727633
323,0.2719107377292006
324,0.2719106162633747
325,0.271910495699919
326,0.2719103760290942
327,0.2719102572412971
328,0.27191013932705943
329,0.2719100222770457
330,0.2719099060820497
331,0.27190979073299393
332,0.27190967622092566
333,0.2719095625370164
334,0.2719094496725589
335,0.27190933761896485
336,0.27190922636776427
337,0.2719091159106014
338,0.27190900623923453
339,0.2719088973455339
340,0.271908789221479
341,0.2719086818591573
342,0.2719085752507622
343,0.27190846938859153
344,0.2719083642650464
345,0.27190825987262823
346,0.27190815620393777
347,0.27190805325167366
348,0.27190795100863074
349,0.2719078494676982
350,0.2719077486218586
351,0.2719076484641859
352,0.2719075489878439
353,0.27190745018608486
354,0.27190735205224914
355,0.27190725457976234
356,0.2719071577621346
357,0.27190706159295897
358,0.2719069660659108
359,0.27190687117474577
360,0.271906776913299
361,0.2719066832754832
362,0.2719065902552882
363,0.2719064978467799
364,0.2719064060440978
365,0.27190631484145567
366,0.27190622423313887
367,0.27190613421350385
368,0.27190604477697694
369,0.271905955918054
370,0.27190586763129854
371,0.27190577991134035
372,0.271905692752876
373,0.27190560615066617
374,0.2719055200995356
375,0.2719054345943721
376,0.27190534963012536
377,0.27190526520180625
378,0.2719051813044855
379,0.271905097933293
380,0.27190501508341797
381,0.27190493275010563
382,0.27190485092865924
383,0.271904769614437
384,0.2719046888028527
385,0.2719046084893738
386,0.27190452866952175
387,0.2719044493388702
388,0.2719043704930449
389,0.2719042921277227
390,0.27190421423863087
391,0.2719041368215467
392,0.27190405987229577
393,0.2719039833867524
394,0.27190390736083814
395,0.2719038317905217
396,0.27190375667181826
397,0.27190368200078807
398,0.271903607773537
399,0.2719035339862144
400,0.27190346063501397
401,0.2719033877161722
402,0.2719033152259681
403,0.2719032431607227
