1,0.2877590379072593
2,0.2611728718029187
3,0.2611728718029187
4,0.26117287180291865
5,0.26117287180291865
6,0.26117287180291865
7,0.26117287180291865
8,0.2611728718029186
9,0.2611728718029186
10,0.2611728718029186
11,0.2611728718029186
12,0.26117287180291854
13,0.26117287180291854
14,0.26117287180291854
15,0.2611728718029185
16,0.2611728718029185
17,0.2611728718029185
18,0.2611728718029185
19,0.2611728718029184
20,0.2611728718029184
21,0.26117287180291837
22,0.26117287180291837
23,0.2611728718029183
24,0.2611728718029183
25,0.2611728718029183
26,0.2611728718029183
27,0.26117287180291826
28,0.26117287180291826
29,0.26117287180291826
30,0.2611728718029182
31,0.26117287180291826
32,0.2611728718029182
33,0.2611728718029182
34,0.2611728718029182
35,0.26117287180291815
36,0.26117287180291815
37,0.26117287180291815
38,0.2611728718029181
39,0.26117287180291815
40,0.2611728718029181
41,0.26117287180291804
42,0.26117287180291804
43,0.26117287180291804
44,0.26117287180291804
45,0.26117287180291804
46,0.26117287180291804
47,0.26117287180291804
48,0.261172871802918
49,0.2611728718029179
50,0.2611728718029179
51,0.2611728718029179
52,0.26117287180291787
53,0.2611728718029178
54,0.2611728718029178
55,0.2611728718029178
56,0.26117287180291776
57,0.26117287180291776
58,0.26117287180291776
59,0.26117287180291776
60,0.26117287180291776
61,0.2611728718029177
62,0.26117287180291765
63,0.26117287180291765
64,0.26117287180291765
65,0.2611728718029176
66,0.2611728718029176
67,0.2611728718029176
68,0.26117287180291754
69,0.26117287180291754
70,0.26117287180291754
71,0.26117287180291754
72,0.2611728718029175
73,0.2611728718029175
74,0.26117287180291743
75,0.26117287180291743
76,0.26117287180291743
77,0.2611728718029174
78,0.2611728718029174
79,0.2611728718029174
80,0.2611728718029173
81,0.2611728718029173
82,0.26117287180291726
83,0.2611728718029173
84,0.26117287180291726
85,0.26117287180291726
86,0.2611728718029172
87,0.2611728718029172
88,0.26117287180291715
89,0.26117287180291715
90,0.2611728718029171
91,0.2611728718029171
92,0.2611728718029171
93,0.2611728718029171
94,0.2611728718029171
95,0.26117287180291704
96,0.26117287180291704
97,0.261172871802917
98,0.261172871802917
99,0.26117287180291693
100,0.26117287180291693
101,0.26117287180291693
102,0.2611728718029169
103,0.2611728718029169
104,0.2611728718029169
105,0.2611728718029169
106,0.2611728718029168
107,0.2611728718029168
108,0.26117287180291676
109,0.26117287180291676
110,0.2611728718029167
111,0.2611728718029167
112,0.2611728718029167
113,0.2611728718029167
114,0.26117287180291665
115,0.26117287180291665
116,0.2611728718029166
117,0.2611728718029166
118,0.26117287180291654
119,0.26117287180291654
120,0.2611728718029165
121,0.2611728718029165
122,0.2611728718029165
123,0.26117287180291643
124,0.26117287180291643
125,0.26117287180291643
126,0.2611728718029164
127,0.2611728718029164
128,0.2611728718029164
129,0.2611728718029163
130,0.26117287180291626
131,0.2611728718029163
132,0.26117287180291626
133,0.26117287180291626
134,0.26117287180291626
135,0.2611728718029162
136,0.2611728718029162
137,0.26117287180291615
138,0.26117287180291615
139,0.26117287180291615
140,0.2611728718029161
141,0.26117287180291604
142,0.26117287180291604
143,0.26117287180291604
144,0.26117287180291604
145,0.261172871802916
146,0.26117287180291604
147,0.26117287180291593
148,0.26117287180291593
149,0.26117287180291593
150,0.2611728718029159
151,0.2611728718029159
152,0.2611728718029158
153,0.2611728718029158
154,0.2611728718029158
155,0.26117287180291576
156,0.26117287180291576
157,0.2611728718029157
158,0.26117287180291565
159,0.26117287180291565
160,0.26117287180291565
161,0.2611728718029156
162,0.2611728718029156
163,0.26117287180291554
164,0.26117287180291554
165,0.26117287180291554
166,0.2611728718029155
167,0.26117287180291543
168,0.26117287180291543
169,0.2611728718029154
170,0.26117287180291543
171,0.2611728718029154
172,0.2611728718029154
173,0.2611728718029154
174,0.2611728718029153
175,0.2611728718029153
176,0.26117287180291526
177,0.26117287180291526
178,0.26117287180291526
179,0.2611728718029152
180,0.2611728718029152
181,0.26117287180291515
182,0.26117287180291515
183,0.2611728718029151
184,0.2611728718029151
185,0.26117287180291504
186,0.2611728718029151
187,0.26117287180291504
188,0.26117287180291504
189,0.261172871802915
190,0.26117287180291493
191,0.261172871802915
192,0.26117287180291493
193,0.26117287180291493
194,0.2611728718029149
195,0.2611728718029148
196,0.2611728718029148
197,0.26117287180291476
198,0.26117287180291476
199,0.26117287180291476
200,0.2611728718029147
201,0.2611728718029147
202,0.2611728718029147
203,0.2611728718029147
204,0.26117287180291465
205,0.26117287180291465
206,0.2611728718029146
207,0.26117287180291454
208,0.26117287180291454
209,0.26117287180291454
210,0.26117287180291454
211,0.2611728718029145
212,0.2611728718029145
213,0.26117287180291443
214,0.26117287180291443
215,0.2611728718029144
216,0.2611728718029144
217,0.2611728718029143
218,0.26117287180291426
219,0.2611728718029143
220,0.26117287180291426
221,0.2611728718029142
222,0.2611728718029142
223,0.2611728718029142
224,0.26117287180291415
225,0.26117287180291415
226,0.2611728718029141
227,0.26117287180291404
228,0.26117287180291404
229,0.26117287180291404
230,0.26117287180291404
231,0.261172871802914
232,0.26117287180291393
233,0.26117287180291393
234,0.26117287180291393
235,0.2611728718029139
236,0.2611728718029139
237,0.2611728718029138
238,0.2611728718029138
239,0.2611728718029138
240,0.2611728718029138
241,0.2611728718029137
242,0.2611728718029137
243,0.26117287180291365
244,0.26117287180291365
245,0.2611728718029136
246,0.2611728718029136
247,0.26117287180291354
248,0.2611728718029136
249,0.2611728718029136
250,0.2611728718029135
251,0.2611728718029135
252,0.26117287180291343
253,0.26117287180291343
254,0.2611728718029134
255,0.2611728718029134
256,0.2611728718029133
257,0.2611728718029133
258,0.26117287180291326
259,0.26117287180291326
260,0.26117287180291326
261,0.26117287180291326
262,0.2611728718029132
263,0.2611728718029132
264,0.26117287180291315
265,0.2611728718029131
266,0.2611728718029131
267,0.26117287180291304
268,0.26117287180291304
269,0.26117287180291304
270,0.261172871802913
271,0.261172871802913
272,0.26117287180291293
273,0.26117287180291293
274,0.2611728718029129
275,0.26117287180291293
276,0.2611728718029129
277,0.2611728718029128
278,0.2611728718029128
279,0.26117287180291276
280,0.2611728718029127
281,0.2611728718029127
282,0.2611728718029127
283,0.26117287180291265
284,0.26117287180291265
285,0.2611728718029126
286,0.2611728718029126
287,0.26117287180291254
288,0.2611728718029125
289,0.26117287180291254
290,0.2611728718029125
291,0.2611728718029125
292,0.26117287180291243
293,0.26117287180291243
294,0.2611728718029124
295,0.2611728718029124
296,0.2611728718029123
297,0.2611728718029123
298,0.26117287180291227
299,0.26117287180291227
300,0.2611728718029122
301,0.26117287180291215
302,0.26117287180291215
303,0.26117287180291215
304,0.26117287180291215
305,0.2611728718029121
306,0.26117287180291204
307,0.261172871802912
308,0.261172871802912
309,0.261172871802912
310,0.26117287180291193
311,0.26117287180291193
312,0.2611728718029119
313,0.2611728718029119
314,0.2611728718029118
315,0.2611728718029118
316,0.26117287180291177
317,0.2611728718029117
318,0.2611728718029117
319,0.2611728718029117
320,0.26117287180291165
321,0.2611728718029116
322,0.2611728718029116
323,0.2611728718029116
324,0.26117287180291154
325,0.26117287180291154
326,0.26117287180291154
327,0.2611728718029115
328,0.2611728718029115
329,0.26117287180291143
330,0.2611728718029114
331,0.2611728718029114
332,0.2611728718029113
333,0.26117287180291127
334,0.26117287180291127
335,0.2611728718029112
336,0.2611728718029112
337,0.2611728718029112
338,0.26117287180291116
339,0.26117287180291116
340,0.2611728718029111
341,0.26117287180291104
342,0.26117287180291104
343,0.261172871802911
344,0.26117287180291093
345,0.261172871802911
346,0.26117287180291093
347,0.2611728718029109
348,0.2611728718029108
349,0.2611728718029108
350,0.2611728718029108
351,0.26117287180291077
352,0.2611728718029107
353,0.2611728718029107
354,0.26117287180291066
355,0.26117287180291066
356,0.2611728718029106
357,0.2611728718029106
358,0.2611728718029106
359,0.26117287180291054
360,0.26117287180291054
361,0.2611728718029105
362,0.26117287180291043
363,0.26117287180291043
364,0.2611728718029104
365,0.2611728718029104
366,0.2611728718029104
367,0.2611728718029103
368,0.26117287180291027
369,0.26117287180291027
370,0.26117287180291027
371,0.26117287180291016
372,0.26117287180291016
373,0.2611728718029101
374,0.26117287180291004
375,0.26117287180291
376,0.26117287180291
377,0.26117287180291
378,0.26117287180290993
379,0.26117287180290993
380,0.26117287180290993
381,0.2611728718029099
382,0.2611728718029099
383,0.2611728718029098
384,0.2611728718029098
385,0.26117287180290977
386,0.26117287180290977
387,0.2611728718029097
388,0.26117287180290966
389,0.26117287180290966
390,0.2611728718029096
391,0.2611728718029096
392,0.26117287180290955
393,0.2611728718029095
394,0.2611728718029095
395,0.26117287180290943
396,0.26117287180290943
397,0.2611728718029094
398,0.2611728718029093
399,0.2611728718029093
400,0.26117287180290927
401,0.2611728718029092
402,0.2611728718029092
403,0.2611728718029092
404,0.26117287180290916
405,0.2611728718029091
406,0.2611728718029091
407,0.26117287180290905
408,0.261172871802909
409,0.26117287180290893
410,0.26117287180290893
411,0.26117287180290893
412,0.2611728718029089
413,0.2611728718029089
414,0.2611728718029088
415,0.26117287180290877
416,0.26117287180290877
417,0.2611728718029087
418,0.2611728718029087
419,0.26117287180290866
420,0.26117287180290866
421,0.2611728718029086
422,0.26117287180290855
423,0.26117287180290855
424,0.2611728718029085
425,0.2611728718029085
426,0.26117287180290844
427,0.26117287180290844
428,0.2611728718029084
429,0.2611728718029084
430,0.2611728718029083
431,0.26117287180290827
