1,0.3226843544646558
2,0.2761669862423813
3,0.25719039116459846
4,0.2521840446675803
5,0.2510574180851713
6,0.25081600862211395
7,0.2507653814164601
8,0.25075398414407074
9,0.2507498252626827
10,0.25074657754709917
11,0.25074320382108484
12,0.2507396487108404
13,0.2507359829756749
14,0.250732261680817
15,0.25072851567498644
16,0.250724760612039
17,0.2507210041270195
18,0.2507172498779365
19,0.25071349960126343
20,0.2507097541158982
21,0.25070601380494256
22,0.2507022788450388
23,0.25069854931513214
24,0.25069482524796066
25,0.2506911066544102
26,0.2506873935350325
27,0.2506836858854877
28,0.2506799836991185
29,0.25067628696816885
30,0.2506725956843568
31,0.2506689098391479
32,0.25066522942388436
33,0.25066155442984506
34,0.2506578848482756
35,0.25065422067040094
36,0.2506505618874347
37,0.25064690849057897
38,0.25064326047102936
39,0.2506396178199745
40,0.25063598052859615
41,0.25063234858807176
42,0.2506287219895725
43,0.2506251007242648
44,0.2506214847833115
45,0.2506178741578701
46,0.2506142688390956
47,0.25061066881813865
48,0.2506070740861468
49,0.25060348463426524
50,0.2505999004536366
51,0.25059632153540157
52,0.25059274787069796
53,0.2505891794506631
54,0.2505856162664334
55,0.250582058309143
56,0.25057850556992617
57,0.250574958039917
58,0.2505714157102498
59,0.2505678785720584
60,0.2505643466164781
61,0.2505608198346438
62,0.25055729821769307
63,0.25055378175676385
64,0.25055027044299594
65,0.25054676426753153
66,0.25054326322151466
67,0.25053976729609195
68,0.25053627648241317
69,0.2505327907716312
70,0.2505293101549012
71,0.2505258346233831
72,0.2505223641682403
73,0.25051889878063993
74,0.2505154384517538
75,0.25051198317275863
76,0.2505085329348353
77,0.2505050877291701
78,0.25050164754695475
79,0.25049821237938663
80,0.2504947822176681
81,0.2504913570530089
82,0.25048793687662374
83,0.25048452167973456
84,0.25048111145357
85,0.250477706189365
86,0.25047430587836234
87,0.2504709105118119
88,0.2504675200809712
89,0.2504641345771054
90,0.2504607539914879
91,0.25045737831540055
92,0.2504540075401321
93,0.25045064165698216
94,0.25044728065725735
95,0.25044392453227443
96,0.2504405732733588
97,0.2504372268718452
98,0.25043388531907823
99,0.25043054860641245
100,0.25042721672521157
101,0.25042388966685003
102,0.2504205674227129
103,0.2504172499841951
104,0.25041393734270234
105,0.2504106294896513
106,0.25040732641647
107,0.2504040281145967
108,0.2504007345754821
109,0.25039744579058787
110,0.2503941617513869
111,0.25039088244936475
112,0.25038760787601894
113,0.2503843380228577
114,0.2503810728814039
115,0.2503778124431908
116,0.250374556699765
117,0.2503713056426861
118,0.25036805926352634
119,0.250364817553871
120,0.2503615805053182
121,0.25035834810947977
122,0.25035512035798124
123,0.25035189724246054
124,0.2503486787545707
125,0.25034546488597725
126,0.25034225562836127
127,0.25033905097341613
128,0.25033585091285077
129,0.2503326554383874
130,0.2503294645417637
131,0.2503262782147312
132,0.25032309644905604
133,0.2503199192365197
134,0.25031674656891834
135,0.25031357843806246
136,0.2503104148357786
137,0.25030725575390833
138,0.250304101184308
139,0.25030095111885
140,0.2502978055494215
141,0.2502946644679263
142,0.25029152786628284
143,0.2502883957364262
144,0.2502852680703071
145,0.25028214485989203
146,0.25027902609716357
147,0.2502759117741209
148,0.2502728018827791
149,0.2502696964151697
150,0.25026659536334045
151,0.25026349871935605
152,0.25026040647529707
153,0.25025731862326167
154,0.2502542351553636
155,0.25025115606373466
156,0.25024808134052245
157,0.2502450109778923
158,0.25024194496802576
159,0.2502388833031227
160,0.25023582597539856
161,0.25023277297708735
162,0.2502297243004399
163,0.2502266799377237
164,0.25022363988122515
165,0.25022060412324604
166,0.2502175726561079
167,0.25021454547214816
168,0.25021152256372264
169,0.2502085039232048
170,0.25020548954298566
171,0.25020247941547397
172,0.2501994735330965
173,0.2501964718882975
174,0.25019347447354
175,0.25019048128130383
176,0.25018749230408766
177,0.25018450753440824
178,0.25018152696479967
179,0.2501785505878149
180,0.2501755783960248
181,0.2501726103820181
182,0.25016964653840246
183,0.2501666868578028
184,0.25016373133286385
185,0.25016077995624714
186,0.25015783272063363
187,0.25015488961872173
188,0.2501519506432291
189,0.25014901578689136
190,0.25014608504246266
191,0.250143158402716
192,0.25014023586044243
193,0.25013731740845163
194,0.2501344030395723
195,0.2501314927466507
196,0.2501285865225525
197,0.25012568436016214
198,0.25012278625238177
199,0.2501198921921334
200,0.2501170021723562
201,0.2501141161860094
202,0.2501112342260701
203,0.2501083562855343
204,0.2501054823574167
205,0.2501026124347504
206,0.25009974651058803
207,0.2500968845779998
208,0.25009402663007574
209,0.25009117265992353
210,0.250088322660671
211,0.2500854766254629
212,0.25008263454746404
213,0.25007979641985734
214,0.25007696223584547
215,0.2500741319886476
216,0.2500713056715043
217,0.2500684832776732
218,0.2500656648004308
219,0.2500628502330728
220,0.25006003956891315
221,0.25005723280128483
222,0.2500544299235394
223,0.2500516309290468
224,0.2500488358111968
225,0.25004604456339574
226,0.2500432571790705
227,0.2500404736516659
228,0.2500376939746446
229,0.2500349181414901
230,0.2500321461457018
231,0.2500293779807991
232,0.25002661364032064
233,0.25002385311782155
234,0.2500210964068775
235,0.25001834350108176
236,0.2500155943940458
237,0.2500128490794002
238,0.25001010755079367
239,0.25000736980189364
240,0.25000463582638527
241,0.250001905617973
242,0.24999917917037892
243,0.24999645647734345
244,0.24999373753262633
245,0.24999102233000434
246,0.24998831086327317
247,0.2499856031262461
248,0.24998289911275584
249,0.24998019881665193
250,0.24997750223180334
251,0.24997480935209604
252,0.2499721201714346
253,0.24996943468374178
254,0.24996675288295803
255,0.24996407476304183
256,0.2499614003179703
257,0.2499587295417367
258,0.24995606242835547
259,0.24995339897185517
260,0.24995073916628446
261,0.2499480830057095
262,0.24994543048421336
263,0.24994278159589833
264,0.24994013633488277
265,0.24993749469530338
266,0.24993485667131535
267,0.24993222225708978
268,0.2499295914468162
269,0.24992696423470176
270,0.24992434061497154
271,0.24992172058186649
272,0.2499191041296461
273,0.2499164912525874
274,0.24991388194498382
275,0.24991127620114667
276,0.24990867401540448
277,0.24990607538210244
278,0.24990348029560364
279,0.2499008887502878
280,0.24989830074055122
281,0.2498957162608084
282,0.24989313530549004
283,0.24989055786904357
284,0.24988798394593376
285,0.24988541353064198
286,0.2498828466176662
287,0.24988028320152145
288,0.2498777232767395
289,0.24987516683786845
290,0.24987261387947327
291,0.24987006439613507
292,0.24986751838245239
293,0.2498649758330386
294,0.24986243674252484
295,0.2498599011055587
296,0.2498573689168025
297,0.24985484017093684
298,0.24985231486265747
299,0.2498497929866759
300,0.24984727453772054
301,0.24984475951053575
302,0.24984224789988116
303,0.24983973970053333
304,0.24983723490728438
305,0.24983473351494195
306,0.24983223551832956
307,0.24982974091228694
308,0.2498272496916691
309,0.24982476185134728
310,0.24982227738620708
311,0.24981979629115064
312,0.249817318561096
313,0.24981484419097488
314,0.24981237317573637
315,0.2498099055103439
316,0.2498074411897759
317,0.24980498020902647
318,0.24980252256310528
319,0.24980006824703624
320,0.24979761725585872
321,0.24979516958462714
322,0.24979272522841112
323,0.24979028418229435
324,0.2497878464413762
325,0.2497854120007703
326,0.24978298085560552
327,0.2497805530010249
328,0.24977812843218625
329,0.2497757071442623
330,0.24977328913243957
331,0.24977087439191936
332,0.24976846291791813
333,0.24976605470566515
334,0.24976364975040524
335,0.2497612480473972
336,0.24975884959191325
337,0.24975645437924057
338,0.24975406240468048
339,0.2497516736635474
340,0.2497492881511702
341,0.24974690586289205
342,0.24974452679406928
343,0.2497421509400724
344,0.24973977829628555
345,0.2497374088581061
346,0.249735042620946
347,0.24973267958022954
348,0.2497303197313955
349,0.24972796306989578
350,0.24972560959119497
351,0.2497232592907723
352,0.24972091216411876
353,0.2497185682067401
354,0.24971622741415386
355,0.24971388978189135
356,0.24971155530549669
357,0.24970922398052736
358,0.24970689580255315
359,0.24970457076715719
360,0.24970224886993483
361,0.24969993010649477
362,0.24969761447245836
363,0.24969530196345927
364,0.2496929925751438
365,0.24969068630317084
366,0.24968838314321187
367,0.2496860830909498
368,0.2496837861420814
369,0.2496814922923151
370,0.249679201537371
371,0.24967691387298174
372,0.2496746292948926
373,0.24967234779885988
374,0.2496700693806527
375,0.2496677940360517
376,0.24966552176084988
377,0.24966325255085134
378,0.2496609864018724
379,0.2496587233097411
380,0.24965646327029695
381,0.24965420627939103
382,0.24965195233288612
383,0.24964970142665618
384,0.24964745355658763
385,0.24964520871857654
386,0.24964296690853155
387,0.2496407281223717
388,0.24963849235602853
389,0.24963625960544353
390,0.24963402986656943
391,0.24963180313537028
392,0.2496295794078212
393,0.24962735867990762
394,0.2496251409476268
395,0.24962292620698545
396,0.24962071445400275
397,0.2496185056847069
398,0.24961629989513756
399,0.2496140970813453
400,0.24961189723938998
401,0.2496097003653435
402,0.2496075064552868
403,0.249605315505312
404,0.24960312751152125
405,0.24960094247002684
406,0.24959876037695164
407,0.24959658122842807
408,0.2495944050205992
409,0.24959223174961756
410,0.2495900614116465
411,0.24958789400285808
412,0.24958572951943525
413,0.2495835679575702
414,0.2495814093134655
415,0.2495792535833324
416,0.24957710076339307
417,0.24957495084987816
418,0.24957280383902802
419,0.2495706597270935
420,0.2495685185103334
421,0.249566380185017
422,0.24956424474742253
423,0.2495621121938377
424,0.24955998252055872
425,0.2495578557238918
426,0.2495557318001522
427,0.24955361074566348
428,0.2495514925567592
429,0.2495493772297811
430,0.24954726476108027
431,0.24954515514701658
432,0.24954304838395855
433,0.24954094446828365
434,0.24953884339637777
435,0.24953674516463617
436,0.24953464976946133
437,0.24953255720726544
438,0.24953046747446947
439,0.24952838056750146
440,0.24952629648279923
441,0.2495242152168078
442,0.24952213676598145
443,0.24952006112678185
444,0.2495179882956799
445,0.2495159182691539
446,0.24951385104369012
447,0.24951178661578335
448,0.24950972498193646
449,0.24950766613865982
450,0.2495056100824716
451,0.24950355680989852
452,0.24950150631747467
453,0.2494994586017417
454,0.2494974136592497
455,0.24949537148655584
456,0.2494933320802246
457,0.24949129543682907
458,0.24948926155294845
459,0.24948723042517085
460,0.2494852020500912
461,0.24948317642431142
462,0.24948115354444142
463,0.24947913340709796
464,0.2494771160089052
465,0.24947510134649473
466,0.24947308941650467
467,0.24947108021558084
468,0.24946907374037589
469,0.24946706998754956
470,0.24946506895376883
471,0.24946307063570664
472,0.24946107503004386
473,0.24945908213346762
474,0.24945709194267254
475,0.24945510445435903
476,0.24945311966523456
477,0.24945113757201406
478,0.24944915817141747
479,0.24944718146017256
480,0.2494452074350137
481,0.24944323609268118
482,0.24944126742992126
483,0.24943930144348836
484,0.24943733813014096
485,0.24943537748664635
486,0.2494334195097757
487,0.24943146419630807
488,0.24942951154302798
489,0.24942756154672635
490,0.24942561420420042
491,0.24942366951225298
492,0.24942172746769328
493,0.24941978806733595
494,0.2494178513080029
495,0.24941591718652042
496,0.2494139856997215
497,0.24941205684444484
498,0.24941013061753478
499,0.24940820701584182
500,0.2494062860362216
501,0.24940436767553584
502,0.24940245193065202
503,0.24940053879844234
504,0.2493986282757857
505,0.2493967203595662
506,0.24939481504667238
507,0.24939291233400027
508,0.24939101221844945
509,0.24938911469692554
510,0.2493872197663399
511,0.2493853274236088
512,0.2493834376656531
513,0.24938155048940025
514,0.2493796658917822
515,0.24937778386973575
516,0.2493759044202035
517,0.24937402754013235
518,0.24937215322647505
519,0.24937028147618892
520,0.24936841228623616
521,0.24936654565358396
522,0.24936468157520492
523,0.24936282004807572
524,0.24936096106917874
525,0.24935910463550054
526,0.24935725074403234
527,0.24935539939177076
528,0.24935355057571654
529,0.24935170429287556
530,0.24934986054025765
531,0.24934801931487793
532,0.24934618061375605
533,0.2493443444339155
534,0.2493425107723852
535,0.2493406796261978
536,0.249338850992391
537,0.24933702486800627
538,0.24933520125009062
539,0.2493333801356939
540,0.24933156152187083
541,0.2493297454056809
542,0.2493279317841875
543,0.2493261206544586
544,0.24932431201356586
545,0.2493225058585848
546,0.2493207021865961
547,0.24931890099468423
548,0.24931710227993698
549,0.24931530603944724
550,0.2493135122703111
551,0.2493117209696291
552,0.24930993213450584
553,0.24930814576204935
554,0.2493063618493717
555,0.2493045803935896
556,0.24930280139182215
557,0.24930102484119387
558,0.24929925073883216
559,0.24929747908186803
560,0.24929570986743704
561,0.24929394309267772
562,0.2492921787547328
563,0.249290416850748
564,0.24928865737787353
565,0.2492869003332623
566,0.24928514571407157
567,0.2492833935174626
568,0.24928164374059808
569,0.24927989638064665
570,0.2492781514347787
571,0.24927640890016936
572,0.24927466877399604
573,0.2492729310534406
574,0.24927119573568723
575,0.2492694628179244
576,0.24926773229734386
577,0.2492660041711394
578,0.24926427843650983
579,0.24926255509065637
580,0.24926083413078326
581,0.24925911555409844
582,0.2492573993578128
583,0.2492556855391405
584,0.2492539740952991
585,0.24925226502350847
586,0.24925055832099235
587,0.24924885398497737
588,0.24924715201269312
589,0.24924545240137239
590,0.24924375514825065
591,0.24924206025056692
592,0.24924036770556265
593,0.2492386775104823
594,0.24923698966257415
595,0.2492353041590878
596,0.2492336209972771
597,0.24923194017439804
598,0.2492302616877101
599,0.24922858553447483
600,0.24922691171195713
601,0.24922524021742457
602,0.24922357104814727
603,0.2492219042013987
604,0.24922023967445414
605,0.24921857746459222
606,0.24921691756909434
607,0.24921525998524457
608,0.24921360471032886
609,0.2492119517416366
610,0.24921030107645983
611,0.24920865271209297
612,0.2492070066458326
613,0.24920536287497896
614,0.2492037213968337
615,0.24920208220870155
616,0.24920044530788987
617,0.24919881069170827
618,0.24919717835746868
619,0.2491955483024863
620,0.24919392052407766
621,0.24919229501956258
622,0.24919067178626272
623,0.24918905082150306
624,0.24918743212260985
625,0.24918581568691228
626,0.24918420151174184
627,0.2491825895944324
628,0.24918097993232008
629,0.2491793725227436
630,0.24917776736304326
631,0.24917616445056234
632,0.24917456378264632
633,0.24917296535664216
634,0.2491713691699005
635,0.24916977521977263
636,0.2491681835036134
637,0.24916659401877872
638,0.2491650067626274
639,0.24916342173252048
640,0.2491618389258203
641,0.24916025833989272
642,0.2491586799721044
643,0.2491571038198248
644,0.24915552988042547
645,0.24915395815127994
646,0.24915238862976372
647,0.24915082131325464
648,0.24914925619913236
649,0.24914769328477848
650,0.2491461325675771
651,0.2491445740449139
652,0.24914301771417643
653,0.24914146357275552
654,0.24913991161804191
655,0.2491383618474298
656,0.24913681425831494
657,0.2491352688480952
658,0.24913372561416994
659,0.24913218455394087
660,0.2491306456648117
661,0.24912910894418738
662,0.2491275743894756
663,0.24912604199808547
664,0.2491245117674278
665,0.24912298369491556
666,0.24912145777796416
667,0.24911993401398966
668,0.2491184124004107
669,0.24911689293464756
670,0.24911537561412228
671,0.24911386043625908
672,0.24911234739848362
673,0.2491108364982234
674,0.24910932773290764
675,0.24910782109996768
676,0.24910631659683607
677,0.2491048142209478
678,0.24910331396973928
679,0.2491018158406482
680,0.24910031983111444
681,0.24909882593858013
682,0.24909733416048815
683,0.24909584449428374
684,0.24909435693741355
685,0.2490928714873257
686,0.24909138814147075
687,0.2490899068973002
688,0.24908842775226758
689,0.24908695070382814
690,0.2490854757494383
691,0.2490840028865567
692,0.24908253211264386
693,0.24908106342516073
694,0.24907959682157121
695,0.24907813229934017
696,0.24907666985593394
697,0.24907520948882092
698,0.24907375119547112
699,0.24907229497335567
700,0.24907084081994801
701,0.24906938873272239
702,0.24906793870915508
703,0.24906649074672382
704,0.2490650448429082
705,0.24906360099518882
706,0.24906215920104807
707,0.24906071945797043
708,0.24905928176344172
709,0.24905784611494827
710,0.24905641250997917
711,0.24905498094602474
712,0.24905355142057664
713,0.24905212393112824
714,0.24905069847517416
715,0.24904927505021074
716,0.24904785365373613
717,0.24904643428324932
718,0.24904501693625142
719,0.24904360161024483
720,0.24904218830273311
721,0.24904077701122185
722,0.24903936773321828
723,0.24903796046623006
724,0.24903655520776746
725,0.2490351519553415
726,0.2490337507064656
727,0.24903235145865293
728,0.2490309542094205
729,0.24902955895628445
730,0.24902816569676406
731,0.2490267744283791
732,0.24902538514865163
733,0.24902399785510398
734,0.2490226125452615
735,0.24902122921664968
736,0.2490198478667957
737,0.2490184684932289
738,0.24901709109347941
739,0.2490157156650787
740,0.24901434220556012
741,0.2490129707124582
742,0.2490116011833094
743,0.24901023361565056
744,0.24900886800702082
745,0.24900750435496077
746,0.2490061426570119
747,0.24900478291071731
748,0.24900342511362206
749,0.24900206926327145
750,0.24900071535721371
751,0.2489993633929971
752,0.2489980133681723
753,0.24899666528029088
754,0.24899531912690556
755,0.24899397490557149
756,0.24899263261384427
757,0.24899129224928135
758,0.24898995380944158
759,0.24898861729188448
760,0.2489872826941724
761,0.2489859500138681
762,0.24898461924853613
763,0.2489832903957418
764,0.24898196345305273
765,0.2489806384180373
766,0.24897931528826564
767,0.24897799406130897
768,0.24897667473474025
769,0.2489753573061339
770,0.24897404177306548
771,0.24897272813311133
772,0.24897141638385076
773,0.2489701065228634
774,0.2489687985477302
775,0.2489674924560338
776,0.24896618824535852
777,0.24896488591328952
778,0.24896358545741407
779,0.24896228687531977
780,0.24896099016459683
781,0.24895969532283604
782,0.24895840234762984
783,0.248957111236572
784,0.2489558219872581
785,0.24895453459728464
786,0.2489532490642496
787,0.24895196538575257
788,0.24895068355939418
789,0.24894940358277753
790,0.24894812545350567
791,0.24894684916918333
792,0.24894557472741796
793,0.2489443021258169
794,0.24894303136198967
795,0.24894176243354688
796,0.24894049533810084
797,0.24893923007326552
798,0.24893796663665496
799,0.2489367050258866
800,0.2489354452385777
801,0.2489341872723479
802,0.24893293112481743
803,0.24893167679360878
804,0.24893042427634526
805,0.2489291735706522
806,0.24892792467415534
807,0.24892667758448334
808,0.2489254322992648
809,0.24892418881613076
810,0.24892294713271287
811,0.24892170724664506
812,0.2489204691555622
813,0.24891923285710096
814,0.24891799834889913
815,0.24891676562859574
816,0.24891553469383162
817,0.24891430554224936
818,0.24891307817149194
819,0.248911852579205
820,0.24891062876303494
821,0.24890940672062967
822,0.24890818644963877
823,0.24890696794771308
824,0.248905751212505
825,0.24890453624166833
826,0.2489033230328584
827,0.24890211158373216
828,0.24890090189194772
829,0.24889969395516456
830,0.2488984877710441
831,0.24889728333724892
832,0.24889608065144345
833,0.2488948797112929
834,0.24889368051446437
835,0.24889248305862668
836,0.24889128734145
837,0.24889009336060547
838,0.24888890111376663
839,0.24888771059860754
840,0.24888652181280474
841,0.24888533475403576
842,0.24888414941997866
843,0.24888296580831532
844,0.24888178391672708
845,0.24888060374289764
846,0.24887942528451212
847,0.24887824853925739
848,0.24887707350482097
849,0.248875900178893
850,0.24887472855916432
851,0.24887355864332775
852,0.24887239042907766
853,0.24887122391410954
854,0.24887005909612087
855,0.24886889597281067
856,0.2488677345418787
857,0.24886657480102745
858,0.2488654167479601
859,0.24886426038038137
860,0.24886310569599848
861,0.2488619526925193
862,0.24886080136765293
863,0.24885965171911145
864,0.2488585037446072
865,0.2488573574418548
866,0.24885621280856976
867,0.24885506984247024
868,0.24885392854127447
869,0.24885278890270385
870,0.24885165092448022
871,0.24885051460432747
872,0.2488493799399713
873,0.24884824692913798
874,0.2488471155695571
875,0.2488459858589582
876,0.24884485779507318
877,0.2488437313756357
878,0.24884260659838056
879,0.24884148346104448
880,0.24884036196136572
881,0.24883924209708366
882,0.24883812386594073
883,0.24883700726567906
884,0.24883589229404374
885,0.24883477894878167
886,0.2488336672276399
887,0.24883255712836846
