1,0.46966086468990736
2,0.4683144820182811
3,0.46729227936768747
4,0.46581732622820277
5,0.4635097588938075
6,0.4594115897496025
7,0.45027488653693953
8,0.41670163350300055
9,0.290662226955913
10,0.2505693539018303
11,0.25021772963398625
12,0.2502102710815747
13,0.25020958070130656
14,0.25020909148006115
15,0.25020861089934765
16,0.25020813320308805
17,0.25020765819805746
18,0.2502071858572641
19,0.250206716159034
20,0.25020624908215844
21,0.2502057846057112
22,0.25020532270902157
23,0.25020486337165726
24,0.25020440657341386
25,0.2502039522943049
26,0.2502035005145572
27,0.250203051214604
28,0.2502026043750811
29,0.25020215997682244
30,0.2502017180008574
31,0.2502012784284073
32,0.25020084124088204
33,0.25020040641987773
34,0.25019997394717464
35,0.2501995438047329
36,0.25019911597469285
37,0.25019869043936993
38,0.25019826718125426
39,0.25019784618300767
40,0.25019742742746237
41,0.25019701089761737
42,0.2501965965766381
43,0.25019618444785324
44,0.2501957744947529
45,0.25019536670098763
46,0.25019496105036515
47,0.2501945575268495
48,0.2501941561145591
49,0.2501937567977637
50,0.25019335956088484
51,0.2501929643884919
52,0.2501925712653015
53,0.25019218017617584
54,0.25019179110612044
55,0.2501914040402826
56,0.2501910189639509
57,0.2501906358625519
58,0.25019025472164924
59,0.25018987552694233
60,0.25018949826426445
61,0.25018912291958195
62,0.2501887494789912
63,0.2501883779287191
64,0.25018800825511955
65,0.2501876404446738
66,0.25018727448398825
67,0.2501869103597927
68,0.250186548058939
69,0.2501861875684011
70,0.25018582887527147
71,0.25018547196676183
72,0.2501851168301996
73,0.2501847634530299
74,0.25018441182281015
75,0.2501840619272122
76,0.25018371375401943
77,0.2501833672911255
78,0.2501830225265345
79,0.250182679448358
80,0.2501823380448146
81,0.250181998304229
82,0.2501816602150307
83,0.2501813237657527
84,0.25018098894503055
85,0.2501806557416003
86,0.25018032414430047
87,0.2501799941420661
88,0.25017966572393213
89,0.25017933887902954
90,0.25017901359658595
91,0.25017868986592345
92,0.2501783676764587
93,0.2501780470177004
94,0.2501777278792502
95,0.2501774102508001
96,0.2501770941221323
97,0.2501767794831181
98,0.2501764663237163
99,0.2501761546339742
100,0.2501758444040237
101,0.25017553562408373
102,0.25017522828445654
103,0.25017492237552785
104,0.250174617887767
105,0.25017431481172436
106,0.25017401313803156
107,0.25017371285740053
108,0.25017341396062176
109,0.250173116438565
110,0.2501728202821778
111,0.25017252548248337
112,0.2501722320305824
113,0.25017193991765
114,0.250171649134936
115,0.25017135967376386
116,0.2501710715255302
117,0.2501707846817036
118,0.2501704991338248
119,0.2501702148735043
120,0.25016993189242315
121,0.2501696501823324
122,0.25016936973505016
123,0.2501690905424645
124,0.2501688125965285
125,0.2501685358892636
126,0.25016826041275625
127,0.2501679861591584
128,0.25016771312068653
129,0.2501674412896215
130,0.2501671706583061
131,0.2501669012191474
132,0.25016663296461394
133,0.2501663658872351
134,0.2501660999796016
135,0.25016583523436436
136,0.2501655716442344
137,0.2501653092019801
138,0.2501650479004304
139,0.25016478773247064
140,0.25016452869104394
141,0.2501642707691502
142,0.25016401395984544
143,0.25016375825624154
144,0.25016350365150464
145,0.2501632501388565
146,0.25016299771157213
147,0.25016274636298064
148,0.2501624960864634
149,0.25016224687545496
150,0.25016199872344136
151,0.2501617516239603
152,0.25016150557060024
153,0.25016126055700066
154,0.25016101657684986
155,0.25016077362388744
156,0.2501605316918998
157,0.2501602907747242
158,0.2501600508662439
159,0.2501598119603916
160,0.2501595740511461
161,0.2501593371325331
162,0.2501591011986252
163,0.2501588662435397
164,0.25015863226144075
165,0.2501583992465363
166,0.25015816719307943
167,0.2501579360953673
168,0.2501577059477413
169,0.2501574767445852
170,0.2501572484803263
171,0.2501570211494344
172,0.25015679474642144
173,0.25015656926584057
174,0.25015634470228765
175,0.25015612105039764
176,0.2501558983048476
177,0.25015567646035436
178,0.2501554555116743
179,0.2501552354536037
180,0.25015501628097747
181,0.25015479798867
182,0.2501545805715933
183,0.2501543640246979
184,0.250154148342972
185,0.250153933521441
186,0.25015371955516746
187,0.2501535064392507
188,0.25015329416882637
189,0.25015308273906567
190,0.25015287214517595
191,0.25015266238240025
192,0.2501524534460159
193,0.25015224533133584
194,0.2501520380337064
195,0.250151831548509
196,0.2501516258711583
197,0.2501514209971026
198,0.25015121692182357
199,0.25015101364083564
200,0.2501508111496857
201,0.25015060944395373
202,0.2501504085192506
203,0.25015020837122
204,0.2501500089955367
205,0.2501498103879059
206,0.2501496125440653
207,0.25014941545978236
208,0.2501492191308547
209,0.25014902355311025
210,0.2501488287224074
211,0.25014863463463316
212,0.2501484412857047
213,0.2501482486715676
214,0.2501480567881968
215,0.2501478656315959
216,0.2501476751977962
217,0.2501474854828574
218,0.2501472964828673
219,0.25014710819394126
220,0.25014692061222144
221,0.25014673373387775
222,0.25014654755510657
223,0.25014636207213137
224,0.2501461772812018
225,0.25014599317859365
226,0.2501458097606089
227,0.25014562702357523
228,0.25014544496384555
229,0.25014526357779876
230,0.2501450828618382
231,0.2501449028123926
232,0.25014472342591504
233,0.2501445446988833
234,0.2501443666277992
235,0.2501441892091889
236,0.25014401243960244
237,0.250143836315613
238,0.2501436608338179
239,0.25014348599083763
240,0.25014331178331517
241,0.2501431382079171
242,0.2501429652613321
243,0.2501427929402719
244,0.2501426212414701
245,0.2501424501616827
246,0.2501422796976875
247,0.25014210984628427
248,0.250141940604294
249,0.2501417719685593
250,0.2501416039359443
251,0.25014143650333404
252,0.2501412696676334
253,0.25014110342576984
254,0.25014093777468976
255,0.25014077271136104
256,0.2501406082327712
257,0.25014044433592775
258,0.25014028101785823
259,0.25014011827561006
260,0.2501399561062502
261,0.2501397945068647
262,0.2501396334745587
263,0.2501394730064573
264,0.2501393130997037
265,0.25013915375146056
266,0.250138994958908
267,0.2501388367192458
268,0.25013867902969217
269,0.25013852188748237
270,0.25013836528987043
271,0.2501382092341283
272,0.2501380537175456
273,0.25013789873742936
274,0.25013774429110447
275,0.2501375903759127
276,0.2501374369892132
277,0.2501372841283825
278,0.2501371317908136
279,0.2501369799739161
280,0.2501368286751175
281,0.25013667789186
282,0.25013652762160377
283,0.25013637786182435
284,0.2501362286100137
285,0.2501360798636797
286,0.25013593162034625
287,0.25013578387755303
288,0.25013563663285526
289,0.25013548988382367
290,0.25013534362804474
291,0.25013519786311894
292,0.25013505258666385
293,0.2501349077963107
294,0.2501347634897062
295,0.2501346196645118
296,0.25013447631840313
297,0.25013433344907143
298,0.25013419105422147
299,0.25013404913157294
300,0.2501339076788593
301,0.25013376669382875
302,0.2501336261742431
303,0.25013348611787806
304,0.25013334652252356
305,0.25013320738598266
306,0.2501330687060724
307,0.2501329304806237
308,0.2501327927074798
309,0.2501326553844983
310,0.25013251850954976
311,0.250132382080517
312,0.2501322460952975
313,0.2501321105517999
314,0.2501319754479467
315,0.2501318407816728
316,0.25013170655092565
317,0.25013157275366554
318,0.25013143938786503
319,0.25013130645150866
320,0.2501311739425934
321,0.2501310418591291
322,0.2501309101991367
323,0.25013077896064917
324,0.25013064814171226
325,0.2501305177403824
326,0.25013038775472857
327,0.2501302581828309
328,0.2501301290227815
329,0.25013000027268356
330,0.25012987193065117
331,0.25012974399481064
332,0.2501296164632993
333,0.25012948933426504
334,0.25012936260586743
335,0.2501292362762764
336,0.25012911034367313
337,0.2501289848062498
338,0.2501288596622087
339,0.2501287349097632
340,0.25012861054713753
341,0.2501284865725656
342,0.2501283629842919
343,0.2501282397805718
344,0.25012811695967047
345,0.25012799451986384
346,0.25012787245943724
347,0.2501277507766862
348,0.25012762946991646
349,0.2501275085374435
350,0.25012738797759304
351,0.2501272677886997
352,0.25012714796910834
353,0.25012702851717383
354,0.2501269094312597
355,0.25012679070973926
356,0.25012667235099595
357,0.25012655435342135
358,0.25012643671541746
359,0.2501263194353943
360,0.25012620251177275
361,0.2501260859429806
362,0.25012596972745643
363,0.25012585386364733
364,0.2501257383500086
365,0.250125623185005
366,0.25012550836711006
367,0.2501253938948059
368,0.2501252797665831
369,0.2501251659809412
370,0.25012505253638795
371,0.2501249394314396
372,0.25012482666462077
373,0.2501247142344649
374,0.25012460213951343
375,0.2501244903783156
376,0.25012437894942924
377,0.25012426785142056
378,0.2501241570828633
379,0.2501240466423394
380,0.25012393652843884
381,0.25012382673975964
382,0.25012371727490706
383,0.250123608132495
384,0.2501234993111448
385,0.25012339080948465
386,0.25012328262615147
387,0.2501231747597895
388,0.25012306720905003
389,0.25012295997259226
390,0.2501228530490831
391,0.2501227464371959
392,0.25012264013561225
393,0.25012253414302016
394,0.25012242845811594
395,0.2501223230796022
396,0.2501222180061891
397,0.25012211323659356
398,0.25012200876953977
399,0.2501219046037588
400,0.250121800737989
401,0.2501216971709751
402,0.2501215939014689
403,0.25012149092822883
404,0.2501213882500205
405,0.2501212858656161
406,0.2501211837737939
407,0.2501210819733398
408,0.2501209804630448
409,0.2501208792417085
410,0.2501207783081352
411,0.2501206776611362
412,0.25012057729952936
413,0.250120477222139
414,0.25012037742779547
415,0.2501202779153356
416,0.2501201786836023
417,0.2501200797314447
418,0.25011998105771804
419,0.25011988266128365
420,0.25011978454100975
421,0.25011968669576884
422,0.2501195891244414
423,0.25011949182591225
424,0.250119394799073
425,0.2501192980428209
426,0.2501192015560595
427,0.250119105337697
428,0.25011900938664827
429,0.25011891370183414
430,0.2501188182821802
431,0.2501187231266183
432,0.25011862823408626
433,0.2501185336035263
434,0.2501184392338874
435,0.25011834512412334
436,0.2501182512731937
437,0.25011815768006307
438,0.2501180643437022
439,0.2501179712630863
440,0.25011787843719674
441,0.25011778586501965
442,0.2501176935455466
443,0.25011760147777423
444,0.2501175096607047
445,0.25011741809334487
446,0.2501173267747074
447,0.25011723570380956
448,0.25011714487967385
449,0.2501170543013274
450,0.25011696396780303
451,0.2501168738781381
452,0.2501167840313749
453,0.2501166944265609
454,0.2501166050627481
455,0.25011651593899364
456,0.25011642705435916
457,0.25011633840791164
458,0.25011624999872223
459,0.2501161618258671
460,0.25011607388842694
461,0.25011598618548714
462,0.2501158987161381
463,0.25011581147947426
464,0.2501157244745949
465,0.2501156377006045
466,0.2501155511566107
467,0.2501154648417265
468,0.25011537875506945
469,0.250115292895761
470,0.2501152072629277
471,0.2501151218556999
472,0.25011503667321294
473,0.2501149517146053
474,0.2501148669790211
475,0.25011478246560775
476,0.25011469817351784
477,0.25011461410190783
478,0.2501145302499374
479,0.2501144466167719
480,0.25011436320158037
481,0.25011428000353486
482,0.2501141970218133
483,0.2501141142555964
484,0.2501140317040697
485,0.2501139493664222
486,0.2501138672418468
487,0.2501137853295408
488,0.2501137036287058
489,0.2501136221385465
490,0.2501135408582718
491,0.2501134597870949
492,0.2501133789242321
493,0.25011329826890394
494,0.25011321782033497
495,0.25011313757775355
496,0.2501130575403908
497,0.25011297770748314
498,0.2501128980782696
499,0.2501128186519933
500,0.25011273942790063
501,0.2501126604052424
502,0.2501125815832724
503,0.2501125029612485
504,0.25011242453843174
505,0.2501123463140868
506,0.25011226828748184
507,0.2501121904578891
508,0.25011211282458373
509,0.2501120353868446
510,0.250111958143954
511,0.25011188109519755
512,0.25011180423986445
513,0.2501117275772477
514,0.2501116511066425
515,0.25011157482734847
516,0.2501114987386684
517,0.25011142283990817
518,0.2501113471303768
519,0.2501112716093871
520,0.2501111962762549
521,0.25011112113029904
522,0.2501110461708419
523,0.25011097139720867
524,0.250110896808729
525,0.2501108224047341
526,0.2501107481845586
527,0.2501106741475407
528,0.2501106002930226
529,0.2501105266203473
530,0.2501104531288633
531,0.2501103798179206
532,0.2501103066868728
533,0.2501102337350767
534,0.25011016096189104
535,0.2501100883666794
536,0.2501100159488068
537,0.2501099437076416
538,0.25010987164255555
539,0.2501097997529226
540,0.25010972803812026
541,0.2501096564975287
542,0.25010958513053083
543,0.2501095139365127
544,0.250109442914863
545,0.25010937206497313
546,0.2501093013862374
547,0.2501092308780532
548,0.25010916053981996
549,0.2501090903709407
550,0.2501090203708209
551,0.2501089505388686
552,0.2501088808744945
553,0.2501088113771126
554,0.2501087420461388
555,0.2501086728809919
556,0.25010860388109357
557,0.25010853504586855
558,0.25010846637474315
559,0.25010839786714656
560,0.25010832952251116
561,0.2501082613402718
562,0.25010819331986517
563,0.25010812546073125
564,0.25010805776231243
565,0.2501079902240532
566,0.2501079228454011
567,0.2501078556258055
568,0.2501077885647193
569,0.2501077216615971
570,0.2501076549158958
571,0.25010758832707497
572,0.25010752189459706
573,0.25010745561792613
574,0.25010738949652966
575,0.25010732352987614
576,0.25010725771743786
577,0.25010719205868803
578,0.250107126553104
579,0.25010706120016357
580,0.25010699599934827
581,0.25010693095014097
582,0.2501068660520278
583,0.25010680130449614
584,0.2501067367070366
585,0.2501066722591411
586,0.25010660796030465
587,0.250106543810024
588,0.2501064798077984
589,0.25010641595312894
590,0.2501063522455193
591,0.25010628868447526
592,0.2501062252695045
593,0.25010616200011726
594,0.2501060988758253
595,0.25010603589614355
596,0.25010597306058807
597,0.2501059103686776
598,0.25010584781993284
599,0.2501057854138761
600,0.250105723150033
601,0.25010566102792997
602,0.25010559904709595
603,0.2501055372070621
604,0.25010547550736184
605,0.25010541394752966
606,0.25010535252710303
607,0.25010529124562086
608,0.25010523010262453
609,0.2501051690976569
610,0.25010510823026294
611,0.25010504749999013
612,0.2501049869063871
613,0.2501049264490048
614,0.25010486612739596
615,0.2501048059411155
616,0.25010474588972037
617,0.25010468597276886
618,0.2501046261898211
619,0.25010456654044017
620,0.25010450702419
621,0.2501044476406364
622,0.2501043883893475
623,0.2501043292698936
624,0.25010427028184545
625,0.2501042114247769
626,0.25010415269826325
627,0.25010409410188134
628,0.2501040356352105
629,0.2501039772978306
630,0.2501039190893248
631,0.2501038610092766
632,0.2501038030572722
633,0.25010374523289963
634,0.2501036875357481
635,0.2501036299654083
636,0.2501035725214735
637,0.2501035152035383
638,0.25010345801119876
639,0.2501034009440532
640,0.2501033440017008
641,0.2501032871837434
642,0.25010323048978356
643,0.25010317391942616
644,0.2501031174722774
645,0.2501030611479454
646,0.25010300494603965
647,0.25010294886617146
648,0.2501028929079534
649,0.2501028370710002
650,0.25010278135492764
651,0.25010272575935344
652,0.2501026702838967
653,0.2501026149281784
654,0.250102559691821
655,0.25010250457444816
656,0.25010244957568534
657,0.25010239469515955
658,0.2501023399324995
659,0.25010228528733514
660,0.25010223075929827
661,0.2501021763480218
662,0.2501021220531404
663,0.2501020678742899
664,0.2501020138111086
665,0.25010195986323486
666,0.2501019060303094
667,0.25010185231197435
668,0.25010179870787375
669,0.2501017452176514
670,0.2501016918409547
671,0.2501016385774308
672,0.2501015854267292
673,0.2501015323885007
674,0.25010147946239747
675,0.25010142664807256
676,0.25010137394518117
677,0.25010132135337954
678,0.25010126887232564
679,0.2501012165016782
680,0.2501011642410975
681,0.25010111209024566
682,0.2501010600487862
683,0.25010100811638303
684,0.2501009562927023
685,0.25010090457741124
686,0.2501008529701782
687,0.25010080147067343
688,0.2501007500785678
689,0.250100698793534
690,0.2501006476152459
691,0.25010059654337863
692,0.25010054557760825
693,0.250100494717613
694,0.2501004439630715
695,0.25010039331366407
696,0.2501003427690726
697,0.2501002923289794
698,0.25010024199306885
699,0.2501001917610263
700,0.25010014163253824
701,0.250100091607292
702,0.2501000416849773
703,0.2500999918652843
704,0.2500999421479041
705,0.2500998925325299
706,0.25009984301885513
707,0.25009979360657525
708,0.25009974429538623
709,0.2500996950849858
710,0.2500996459750729
711,0.2500995969653465
712,0.2500995480555088
713,0.2500994992452613
714,0.2500994505343076
715,0.2500994019223522
716,0.2500993534091005
717,0.25009930499425986
718,0.25009925667753813
719,0.25009920845864414
720,0.25009916033728813
721,0.25009911231318177
722,0.2500990643860372
723,0.2500990165555685
724,0.2500989688214899
725,0.25009892118351723
726,0.2500988736413679
727,0.2500988261947595
728,0.25009877884341114
729,0.2500987315870429
730,0.25009868442537614
731,0.2500986373581335
732,0.25009859038503784
733,0.25009854350581384
734,0.2500984967201871
735,0.2500984500278844
736,0.25009840342863277
737,0.2500983569221611
738,0.25009831050819914
739,0.2500982641864778
740,0.2500982179567285
741,0.25009817181868405
742,0.25009812577207846
743,0.25009807981664656
744,0.2500980339521237
745,0.2500979881782472
746,0.25009794249475437
747,0.25009789690138456
748,0.2500978513978775
749,0.2500978059839735
750,0.2500977606594147
751,0.2500977154239436
752,0.25009767027730456
753,0.25009762521924106
754,0.2500975802494997
755,0.2500975353678272
756,0.25009749057397035
757,0.25009744586767807
758,0.2500974012486998
759,0.250097356716786
760,0.2500973122716879
761,0.2500972679131576
762,0.2500972236409483
763,0.2500971794548142
764,0.2500971353545103
765,0.2500970913397927
766,0.2500970474104179
767,0.25009700356614417
768,0.2500969598067295
769,0.25009691613193386
770,0.25009687254151763
771,0.2500968290352423
772,0.2500967856128696
773,0.250096742274163
774,0.2500966990188864
775,0.2500966558468048
776,0.25009661275768363
777,0.2500965697512895
778,0.25009652682739
779,0.25009648398575357
780,0.2500964412261491
781,0.2500963985483467
782,0.25009635595211727
783,0.25009631343723254
784,0.25009627100346465
785,0.25009622865058745
786,0.2500961863783747
787,0.25009614418660203
788,0.25009610207504474
789,0.2500960600434795
790,0.2500960180916841
791,0.2500959762194367
792,0.2500959344265165
793,0.25009589271270316
794,0.2500958510777778
795,0.2500958095215213
796,0.2500957680437163
797,0.25009572664414625
798,0.25009568532259435
799,0.2500956440788456
800,0.25009560291268546
801,0.25009556182390014
802,0.25009552081227643
803,0.2500954798776025
804,0.2500954390196667
805,0.25009539823825777
806,0.25009535753316664
807,0.25009531690418346
808,0.25009527635109996
809,0.2500952358737085
810,0.25009519547180226
811,0.25009515514517466
812,0.25009511489362063
813,0.2500950747169352
814,0.2500950346149143
815,0.25009499458735507
816,0.25009495463405435
817,0.2500949147548108
818,0.2500948749494231
819,0.250094835217691
820,0.2500947955594142
821,0.2500947559743949
822,0.2500947164624338
823,0.2500946770233338
824,0.2500946376568981
825,0.2500945983629305
826,0.25009455914123535
827,0.2500945199916178
828,0.25009448091388425
829,0.250094441907841
830,0.25009440297329516
831,0.2500943641100551
832,0.25009432531792924
833,0.2500942865967271
834,0.2500942479462581
835,0.25009420936633336
836,0.25009417085676444
837,0.2500941324173628
838,0.2500940940479412
839,0.2500940557483133
840,0.25009401751829247
841,0.250093979357694
842,0.2500939412663326
843,0.2500939032440244
844,0.25009386529058597
845,0.25009382740583436
846,0.25009378958958745
847,0.2500937518416637
848,0.250093714161882
849,0.25009367655006237
850,0.2500936390060251
851,0.25009360152959087
852,0.25009356412058176
853,0.25009352677881935
854,0.25009348950412713
855,0.25009345229632785
856,0.25009341515524613
857,0.25009337808070614
858,0.25009334107253345
859,0.2500933041305539
860,0.2500932672545939
861,0.2500932304444801
862,0.25009319370004085
863,0.25009315702110413
864,0.25009312040749815
865,0.2500930838590533
866,0.250093047375599
867,0.25009301095696607
868,0.25009297460298563
869,0.25009293831348894
870,0.25009290208830914
871,0.2500928659272786
872,0.2500928298302308
873,0.2500927937969996
874,0.2500927578274205
875,0.2500927219213274
876,0.2500926860785569
877,0.2500926502989447
878,0.25009261458232834
879,0.25009257892854425
880,0.250092543337431
881,0.2500925078088269
882,0.25009247234257104
883,0.2500924369385029
884,0.2500924015964627
885,0.25009236631629106
886,0.250092331097829
887,0.25009229594091864
888,0.25009226084540204
889,0.2500922258111218
890,0.2500921908379213
891,0.25009215592564443
892,0.25009212107413575
893,0.25009208628323953
894,0.25009205155280195
895,0.2500920168826686
896,0.2500919822726861
897,0.250091947722701
898,0.2500919132325613
899,0.2500918788021141
900,0.2500918444312091
901,0.25009181011969417
902,0.25009177586741976
903,0.2500917416742351
904,0.25009170753999094
905,0.2500916734645384
906,0.25009163944772905
907,0.2500916054894141
908,0.2500915715894472
909,0.2500915377476803
910,0.25009150396396745
911,0.25009147023816225
912,0.2500914365701193
913,0.25009140295969334
914,0.2500913694067399
915,0.25009133591111476
916,0.2500913024726739
917,0.2500912690912746
918,0.25009123576677406
919,0.25009120249903005
920,0.25009116928790015
921,0.2500911361332439
922,0.25009110303491977
923,0.2500910699927877
924,0.2500910370067075
925,0.25009100407653995
926,0.2500909712021458
927,0.25009093838338664
928,0.2500909056201243
929,0.25009087291222104
930,0.2500908402595394
931,0.25009080766194297
932,0.25009077511929534
933,0.25009074263146075
934,0.25009071019830326
935,0.25009067781968797
936,0.25009064549548077
937,0.25009061322554693
938,0.25009058100975323
939,0.25009054884796644
940,0.25009051674005306
941,0.25009048468588113
942,0.25009045268531893
943,0.250090420738234
944,0.2500903888444963
945,0.25009035700397464
946,0.25009032521653857
947,0.25009029348205813
948,0.25009026180040433
949,0.2500902301714478
