1,0.32869515316205594
2,0.30715021506569984
3,0.2669336165860321
4,0.24837075403326214
5,0.24492600775999923
6,0.24415578093237977
7,0.24398643148325952
8,0.24394939720808756
9,0.2439408740806161
10,0.24393806248987795
11,0.2430532025690608
12,0.24305026349263104
13,0.24304805909244173
14,0.24304593384624726
15,0.24304378769837232
16,0.24304162197223383
17,0.24303944864859775
18,0.24303727607022937
19,0.24303510881560905
20,0.243032949190795
21,0.24303079830366764
22,0.24302865666228696
23,0.2430265244812472
24,0.2430244018331709
25,0.2430222887224615
26,0.24302018512094636
27,0.2430180909850387
28,0.24301600626398626
29,0.24301393090382836
30,0.2430118648492943
31,0.24300980804470795
32,0.24300776043442235
33,0.24300572196302125
34,0.2430036925754166
35,0.24300167221689029
36,0.2429996608331123
37,0.24299765837014767
38,0.24299566477445722
39,0.2429936799928957
40,0.24299170397270922
41,0.24298973666153215
42,0.24298777800738267
43,0.2429858279586608
44,0.24298388646414346
45,0.24298195347298196
46,0.24298002893469875
47,0.24297811279918355
48,0.24297620501669015
49,0.2429743055378336
50,0.24297241431358724
51,0.24297053129527907
52,0.24296865643458923
53,0.24296678968354557
54,0.24296493099452332
55,0.24296308032024014
56,0.24296123761375327
57,0.24295940282845746
58,0.24295757591808206
59,0.24295575683668794
60,0.2429539455386644
61,0.2429521419787268
62,0.24295034611191416
63,0.24294855789358655
64,0.2429467772794207
65,0.24294500422540996
66,0.24294323868785983
67,0.242941480623386
68,0.24293972998891228
69,0.24293798674166667
70,0.24293625083918038
71,0.2429345222392848
72,0.2429328009001088
73,0.24293108678007533
74,0.24292937983790197
75,0.24292768003259588
76,0.24292598732345136
77,0.2429243016700502
78,0.24292262303225537
79,0.24292095137021247
80,0.24291928664434556
81,0.24291762881535442
82,0.2429159778442143
83,0.24291433369217091
84,0.24291269632074078
85,0.24291106569170823
86,0.2429094417671226
87,0.24290782450929602
88,0.24290621388080338
89,0.24290460984447695
90,0.2429030123634071
91,0.2429014214009387
92,0.24289983692066963
93,0.2428982588864487
94,0.24289668726237326
95,0.24289512201278787
96,0.24289356310228208
97,0.24289201049568787
98,0.24289046415807844
99,0.2428889240547662
100,0.24288739015130062
101,0.24288586241346655
102,0.24288434080728183
103,0.2428828252989963
104,0.2428813158550892
105,0.24287981244226822
106,0.242878315027466
107,0.2428768235778407
108,0.24287533806077252
109,0.242873858443862
110,0.24287238469492928
111,0.24287091678201153
112,0.24286945467336157
113,0.24286799833744585
114,0.2428665477429435
115,0.24286510285874405
116,0.24286366365394535
117,0.24286223009785302
118,0.24286080215997838
119,0.2428593798100364
120,0.24285796301794468
121,0.24285655175382162
122,0.2428551459879844
123,0.24285374569094934
124,0.24285235083342702
125,0.24285096138632392
126,0.24284957732073964
127,0.24284819860796478
128,0.2428468252194804
129,0.24284545712695635
130,0.24284409430224965
131,0.24284273671740306
132,0.24284138434464328
133,0.24284003715638053
134,0.24283869512520606
135,0.24283735822389185
136,0.2428360264253877
137,0.2428346997028214
138,0.24283337802949623
139,0.24283206137889077
140,0.24283074972465632
141,0.24282944304061613
142,0.24282814130076416
143,0.2428268444792643
144,0.2428255525504473
145,0.24282426548881192
146,0.24282298326902163
147,0.24282170586590424
148,0.24282043325445027
149,0.2428191654098131
150,0.24281790230730518
151,0.24281664392239932
152,0.24281539023072546
153,0.2428141412080717
154,0.24281289683038076
155,0.24281165707375
156,0.2428104219144309
157,0.2428091913288263
158,0.24280796529349036
159,0.24280674378512737
160,0.24280552678059003
161,0.24280431425687934
162,0.24280310619114176
163,0.24280190256067088
164,0.24280070334290269
165,0.24279950851541818
166,0.2427983180559399
167,0.24279713194233082
168,0.2427959501525954
169,0.24279477266487653
170,0.24279359945745477
171,0.24279243050874752
172,0.24279126579730986
173,0.24279010530182976
174,0.24278894900113
175,0.24278779687416727
176,0.2427866489000286
177,0.2427855050579329
178,0.24278436532722913
179,0.24278322968739519
180,0.24278209811803714
181,0.2427809705988887
182,0.24277984710980913
183,0.24277872763078323
184,0.24277761214192073
185,0.24277650062345407
186,0.2427753930557386
187,0.24277428941925172
188,0.2427731896945914
189,0.2427720938624753
190,0.24277100190374037
191,0.24276991379934154
192,0.2427688295303517
193,0.24276774907795956
194,0.24276667242346928
195,0.2427655995483005
196,0.24276453043398583
197,0.24276346506217253
198,0.2427624034146188
199,0.24276134547319478
200,0.24276029121988138
201,0.24275924063676943
202,0.24275819370605833
203,0.24275715041005658
204,0.24275611073117961
205,0.24275507465195015
206,0.2427540421549963
207,0.24275301322305165
208,0.24275198783895427
209,0.24275096598564638
210,0.24274994764617233
211,0.24274893280367973
212,0.24274792144141638
213,0.24274691354273215
214,0.24274590909107613
215,0.24274490806999743
216,0.24274391046314342
217,0.2427429162542594
218,0.2427419254271881
219,0.24274093796586876
220,0.24273995385433644
221,0.2427389730767212
222,0.24273799561724865
223,0.24273702146023682
224,0.2427360505900977
225,0.2427350829913359
226,0.24273411864854777
227,0.24273315754642066
228,0.24273219966973344
229,0.24273124500335344
230,0.24273029353223885
231,0.24272934524143577
232,0.2427284001160781
233,0.2427274581413883
234,0.24272651930267428
235,0.24272558358533183
236,0.24272465097484067
237,0.24272372145676718
238,0.24272279501676128
239,0.24272187164055628
240,0.24272095131397062
241,0.24272003402290346
242,0.24271911975333751
243,0.24271820849133594
244,0.24271730022304447
245,0.24271639493468714
246,0.24271549261256997
247,0.24271459324307681
248,0.24271369681267144
249,0.24271280330789521
250,0.2427119127153673
251,0.24271102502178438
252,0.2427101402139193
253,0.2427092582786214
254,0.24270837920281554
255,0.24270750297350188
256,0.24270662957775477
257,0.24270575900272265
258,0.24270489123562772
259,0.24270402626376544
260,0.24270316407450349
261,0.24270230465528206
262,0.2427014479936123
263,0.2427005940770768
264,0.24269974289332885
265,0.24269889443009166
266,0.24269804867515837
267,0.24269720561639105
268,0.2426963652417208
269,0.2426955275391465
270,0.24269469249673542
271,0.24269386010262178
272,0.24269303034500705
273,0.24269220321215848
274,0.24269137869240995
275,0.2426905567741606
276,0.2426897374458753
277,0.24268892069608247
278,0.24268810651337544
279,0.24268729488641141
280,0.2426864858039109
281,0.2426856792546574
282,0.24268487522749696
283,0.24268407371133774
284,0.24268327469514947
285,0.24268247816796332
286,0.2426816841188716
287,0.24268089253702674
288,0.2426801034116415
289,0.24267931673198834
290,0.24267853248739893
291,0.24267775066726371
292,0.24267697126103202
293,0.2426761942582112
294,0.24267541964836603
295,0.24267464742111947
296,0.24267387756615055
297,0.24267311007319572
298,0.24267234493204728
299,0.2426715821325529
300,0.24267082166461706
301,0.24267006351819823
302,0.2426693076833106
303,0.24266855415002178
304,0.24266780290845447
305,0.24266705394878452
306,0.24266630726124142
307,0.2426655628361075
308,0.24266482066371803
309,0.2426640807344605
310,0.2426633430387743
311,0.2426626075671505
312,0.2426618743101321
313,0.24266114325831262
314,0.2426604144023354
315,0.24265968773289615
316,0.24265896324073918
317,0.2426582409166588
318,0.2426575207514986
319,0.24265680273615137
320,0.24265608686155937
321,0.24265537311871194
322,0.24265466149864703
323,0.24265395199245127
324,0.24265324459125812
325,0.24265253928624836
326,0.2426518360686492
327,0.2426511349297352
328,0.24265043586082732
329,0.24264973885329183
330,0.24264904389854125
331,0.2426483509880333
332,0.242647660113271
333,0.2426469712658024
334,0.24264628443721986
335,0.2426455996191603
336,0.24264491680330463
337,0.24264423598137672
338,0.24264355714514532
339,0.24264288028642156
340,0.2426422053970592
341,0.2426415324689553
342,0.24264086149404934
343,0.2426401924643223
344,0.2426395253717974
345,0.2426388602085397
346,0.24263819696665534
347,0.2426375356382914
348,0.24263687621563582
349,0.24263621869091742
350,0.24263556305640507
351,0.24263490930440787
352,0.2426342574272746
353,0.2426336074173935
354,0.2426329592671927
355,0.24263231296913873
356,0.2426316685157369
357,0.2426310258995323
358,0.2426303851131069
359,0.2426297461490819
360,0.24262910900011506
361,0.24262847365890375
362,0.24262784011818067
363,0.24262720837071758
364,0.24262657840932184
365,0.24262595022683833
366,0.2426253238161478
367,0.2426246991701677
368,0.2426240762818521
369,0.24262345514418945
370,0.2426228357502054
371,0.24262221809295972
372,0.24262160216554834
373,0.24262098796110168
374,0.24262037547278506
375,0.2426197646937984
376,0.24261915561737551
377,0.2426185482367849
378,0.24261794254532887
379,0.24261733853634343
380,0.24261673620319835
381,0.242616135539296
382,0.2426155365380724
383,0.2426149391929962
384,0.2426143434975698
385,0.24261374944532624
386,0.2426131570298327
387,0.24261256624468724
388,0.24261197708352053
389,0.24261138953999475
390,0.24261080360780377
391,0.2426102192806725
392,0.24260963655235773
393,0.24260905541664596
394,0.24260847586735607
395,0.24260789789833676
396,0.2426073215034669
397,0.24260674667665624
398,0.242606173411844
399,0.2426056017029995
400,0.24260503154412233
401,0.24260446292924118
402,0.24260389585241382
403,0.24260333030772746
404,0.242602766289299
405,0.24260220379127276
406,0.24260164280782337
407,0.2426010833331525
408,0.24260052536149151
409,0.24259996888709887
410,0.24259941390426135
411,0.24259886040729395
412,0.242598308390539
413,0.24259775784836668
414,0.2425972087751741
415,0.2425966611653857
416,0.24259611501345316
417,0.2425955703138551
418,0.2425950270610962
419,0.24259448524970864
420,0.24259394487425026
421,0.24259340592930598
422,0.24259286840948568
423,0.24259233230942642
424,0.24259179762379
425,0.242591264347265
426,0.24259073247456459
427,0.2425902020004271
428,0.24258967291961772
429,0.24258914522692418
430,0.24258861891716194
431,0.24258809398516884
432,0.24258757042580856
433,0.24258704823396943
434,0.2425865274045634
435,0.242586007932527
436,0.24258548981282108
437,0.24258497304043014
438,0.24258445761036238
439,0.24258394351764967
440,0.24258343075734815
441,0.24258291932453643
442,0.24258240921431642
443,0.2425819004218142
444,0.24258139294217712
445,0.24258088677057726
446,0.2425803819022082
447,0.24257987833228623
448,0.24257937605605095
449,0.2425788750687638
450,0.2425783753657077
451,0.24257787694218866
452,0.24257737979353428
453,0.24257688391509433
454,0.24257638930224037
455,0.24257589595036463
456,0.24257540385488136
457,0.24257491301122683
458,0.24257442341485777
459,0.24257393506125227
460,0.24257344794590943
461,0.242572962064349
462,0.24257247741211185
463,0.24257199398475945
464,0.2425715117778739
465,0.24257103078705725
466,0.24257055100793193
467,0.2425700724361411
468,0.24256959506734785
469,0.2425691188972346
470,0.24256864392150457
471,0.24256817013588025
472,0.24256769753610355
473,0.24256722611793605
474,0.2425667558771594
475,0.2425662868095733
476,0.24256581891099793
477,0.24256535217727157
478,0.24256488660425232
479,0.2425644221878167
480,0.24256395892386007
481,0.24256349680829636
482,0.24256303583705865
483,0.24256257600609768
484,0.24256211731138297
485,0.2425616597489028
486,0.24256120331466252
487,0.24256074800468677
488,0.242560293815017
489,0.24255984074171355
490,0.2425593887808539
491,0.24255893792853372
492,0.24255848818086564
493,0.24255803953398003
494,0.24255759198402502
495,0.24255714552716579
496,0.24255670015958472
497,0.2425562558774809
498,0.24255581267707144
499,0.24255537055458917
500,0.24255492950628468
501,0.24255448952842515
502,0.24255405061729396
503,0.24255361276919127
504,0.24255317598043427
505,0.2425527402473557
506,0.24255230556630525
507,0.24255187193364808
508,0.2425514393457662
509,0.24255100779905756
510,0.2425505772899356
511,0.24255014781483025
512,0.24254971937018677
513,0.24254929195246627
514,0.24254886555814556
515,0.24254844018371627
516,0.24254801582568733
517,0.2425475924805801
518,0.24254717014493427
519,0.2425467488153031
520,0.24254632848825472
521,0.24254590916037336
522,0.2425454908282577
523,0.24254507348852086
524,0.2425446571377914
525,0.24254424177271258
526,0.24254382738994218
527,0.24254341398615184
528,0.24254300155802894
529,0.24254259010227422
530,0.2425421796156037
531,0.24254177009474723
532,0.2425413615364482
533,0.24254095393746522
534,0.24254054729457045
535,0.24254014160454954
536,0.2425397368642028
537,0.24253933307034428
538,0.242538930219801
539,0.24253852830941497
540,0.24253812733604035
541,0.2425377272965457
542,0.2425373281878131
543,0.24253693000673765
544,0.24253653275022796
545,0.24253613641520597
546,0.24253574099860664
547,0.24253534649737785
548,0.24253495290848098
549,0.2425345602288901
550,0.24253416845559264
551,0.2425337775855882
552,0.2425333876158893
553,0.24253299854352148
554,0.24253261036552354
555,0.242532223078945
556,0.24253183668084974
557,0.2425314511683133
558,0.2425310665384233
559,0.2425306827882808
560,0.24253029991499753
561,0.24252991791569903
562,0.24252953678752187
563,0.2425291565276151
564,0.24252877713314008
565,0.24252839860126965
566,0.24252802092918838
567,0.24252764411409328
568,0.2425272681531928
569,0.24252689304370711
570,0.242526518782868
571,0.24252614536791892
572,0.24252577279611492
573,0.2425254010647223
574,0.2425250301710192
575,0.24252466011229468
576,0.2425242908858494
577,0.2425239224889946
578,0.24252355491905403
579,0.24252318817336097
580,0.24252282224926114
581,0.24252245714411058
582,0.2425220928552764
583,0.24252172938013658
584,0.24252136671608027
585,0.24252100486050665
586,0.24252064381082675
587,0.2425202835644613
588,0.24251992411884232
589,0.24251956547141196
590,0.24251920761962317
591,0.2425188505609397
592,0.24251849429283465
593,0.24251813881279274
594,0.24251778411830777
595,0.24251743020688526
596,0.24251707707603995
597,0.24251672472329677
598,0.24251637314619104
599,0.24251602234226796
600,0.2425156723090835
601,0.24251532304420226
602,0.2425149745451996
603,0.24251462680966068
604,0.24251427983518067
605,0.24251393361936405
606,0.24251358815982516
607,0.24251324345418818
608,0.24251289950008684
609,0.24251255629516444
610,0.2425122138370737
611,0.24251187212347694
612,0.24251153115204596
613,0.24251119092046233
614,0.2425108514264161
615,0.24251051266760673
616,0.24251017464174407
617,0.24250983734654588
618,0.24250950077973937
619,0.2425091649390618
620,0.24250882982225838
621,0.24250849542708358
622,0.24250816175130155
623,0.2425078287926846
624,0.24250749654901424
625,0.24250716501808087
626,0.24250683419768354
627,0.24250650408563076
628,0.24250617467973823
629,0.24250584597783206
630,0.2425055179777459
631,0.24250519067732249
632,0.24250486407441318
633,0.2425045381668776
634,0.24250421295258326
635,0.2425038884294077
636,0.24250356459523553
637,0.24250324144796004
638,0.24250291898548293
639,0.24250259720571427
640,0.24250227610657268
641,0.24250195568598365
642,0.2425016359418824
643,0.24250131687221121
644,0.24250099847492146
645,0.24250068074797118
646,0.2425003636893276
647,0.24250004729696548
648,0.24249973156886767
649,0.24249941650302415
650,0.24249910209743405
651,0.24249878835010338
652,0.2424984752590459
653,0.24249816282228392
654,0.24249785103784666
655,0.2424975399037711
656,0.24249722941810228
657,0.24249691957889252
658,0.24249661038420167
659,0.24249630183209722
660,0.24249599392065413
661,0.24249568664795498
662,0.24249538001208956
663,0.2424950740111547
664,0.24249476864325545
665,0.24249446390650328
666,0.24249415979901778
667,0.2424938563189244
668,0.24249355346435816
669,0.24249325123345877
670,0.24249294962437445
671,0.2424926486352605
672,0.24249234826427843
673,0.24249204850959832
674,0.24249174936939547
675,0.24249145084185336
676,0.24249115292516218
677,0.24249085561751865
678,0.24249055891712734
679,0.2424902628221979
680,0.24248996733094896
681,0.24248967244160405
682,0.24248937815239494
683,0.242489084461559
684,0.24248879136734067
685,0.2424884988679917
686,0.24248820696176926
687,0.24248791564693836
688,0.24248762492176928
689,0.2424873347845399
690,0.2424870452335345
691,0.24248675626704339
692,0.24248646788336317
693,0.24248618008079767
694,0.24248589285765657
695,0.24248560621225568
696,0.24248532014291788
697,0.24248503464797175
698,0.24248474972575204
699,0.24248446537460042
700,0.2424841815928643
701,0.2424838983788974
702,0.24248361573105937
703,0.2424833336477168
704,0.2424830521272405
705,0.24248277116800968
706,0.24248249076840828
707,0.2424822109268263
708,0.24248193164166038
709,0.24248165291131252
710,0.24248137473419049
711,0.24248109710870877
712,0.24248082003328733
713,0.24248054350635131
714,0.24248026752633325
715,0.2424799920916699
716,0.24247971720080472
717,0.2424794428521862
718,0.24247916904426958
719,0.24247889577551526
720,0.24247862304438889
721,0.24247835084936245
722,0.24247807918891334
723,0.2424778080615243
724,0.24247753746568376
725,0.24247726739988595
726,0.24247699786263072
727,0.2424767288524227
728,0.2424764603677727
729,0.24247619240719628
730,0.24247592496921572
731,0.24247565805235716
732,0.24247539165515297
733,0.2424751257761412
734,0.24247486041386412
735,0.24247459556687034
736,0.24247433123371304
737,0.24247406741295144
738,0.24247380410314912
739,0.24247354130287546
740,0.24247327901070514
741,0.24247301722521702
742,0.24247275594499643
743,0.24247249516863323
744,0.2424722348947221
745,0.2424719751218629
746,0.2424717158486609
747,0.24247145707372622
748,0.24247119879567425
749,0.24247094101312455
750,0.24247068372470268
751,0.24247042692903803
752,0.2424701706247663
753,0.24246991481052682
754,0.24246965948496457
755,0.24246940464672892
756,0.24246915029447427
757,0.24246889642685984
758,0.24246864304254984
759,0.24246839014021324
760,0.24246813771852307
761,0.24246788577615816
762,0.24246763431180088
763,0.2424673833241393
764,0.2424671328118656
765,0.24246688277367742
766,0.2424666332082756
767,0.2424663841143664
768,0.24246613549066146
769,0.2424658873358755
770,0.24246563964872847
771,0.24246539242794513
772,0.24246514567225452
773,0.2424648993803899
774,0.24246465355108943
775,0.24246440818309517
776,0.2424641632751546
777,0.24246391882601875
778,0.2424636748344429
779,0.2424634312991874
780,0.24246318821901663
781,0.24246294559269954
782,0.24246270341900886
783,0.24246246169672223
784,0.24246222042462082
785,0.24246197960149093
786,0.24246173922612269
787,0.24246149929731056
788,0.24246125981385327
789,0.2424610207745527
790,0.24246078217821715
791,0.24246054402365683
792,0.24246030630968748
793,0.2424600690351282
794,0.24245983219880252
795,0.24245959579953846
796,0.242459359836167
797,0.24245912430752406
798,0.24245888921244993
799,0.24245865454978738
800,0.24245842031838508
801,0.2424581865170943
802,0.2424579531447707
803,0.24245772020027453
804,0.24245748768246866
805,0.24245725559022083
806,0.2424570239224026
807,0.24245679267788933
808,0.24245656185556005
809,0.24245633145429787
810,0.24245610147298965
811,0.24245587191052576
812,0.24245564276580103
813,0.24245541403771392
814,0.24245518572516592
815,0.2424549578270632
816,0.24245473034231535
817,0.24245450326983517
818,0.24245427660854035
819,0.24245405035735101
820,0.24245382451519154
821,0.2424535990809902
822,0.24245337405367867
823,0.2424531494321919
824,0.242452925215469
825,0.24245270140245267
826,0.2424524779920885
827,0.24245225498332687
828,0.24245203237512034
829,0.24245181016642595
830,0.24245158835620426
831,0.24245136694341857
832,0.24245114592703668
833,0.24245092530602907
834,0.24245070507937044
835,0.24245048524603796
836,0.2424502658050132
837,0.2424500467552802
838,0.24244982809582777
839,0.24244960982564695
840,0.24244939194373236
841,0.2424491744490826
842,0.24244895734069888
843,0.24244874061758573
844,0.24244852427875216
845,0.24244830832320927
846,0.24244809274997184
847,0.24244787755805808
848,0.2424476627464893
849,0.2424474483142902
850,0.24244723426048864
851,0.24244702058411582
852,0.2424468072842062
853,0.24244659435979715
854,0.24244638180992975
855,0.2424461696336474
856,0.24244595782999784
857,0.2424457463980311
858,0.24244553533680024
859,0.2424453246453626
860,0.2424451143227773
861,0.24244490436810737
862,0.24244469478041858
863,0.24244448555877973
864,0.2424442767022632
865,0.24244406820994394
866,0.24244386008089994
867,0.2424436523142129
868,0.24244344490896613
869,0.24244323786424776
870,0.24244303117914764
871,0.2424428248527587
872,0.2424426188841775
873,0.2424424132725026
874,0.24244220801683664
875,0.24244200311628436
876,0.24244179856995396
877,0.24244159437695567
878,0.24244139053640404
879,0.24244118704741507
880,0.24244098390910845
881,0.24244078112060696
882,0.24244057868103502
883,0.2424403765895216
884,0.2424401748451971
885,0.24243997344719517
886,0.2424397723946528
887,0.24243957168670924
888,0.24243937132250615
889,0.24243917130118894
890,0.2424389716219052
891,0.24243877228380503
892,0.24243857328604212
893,0.24243837462777187
894,0.24243817630815337
895,0.24243797832634778
896,0.24243778068151897
897,0.2424375833728339
898,0.2424373863994624
899,0.24243718976057563
900,0.2424369934553489
901,0.24243679748295974
902,0.2424366018425878
903,0.24243640653341605
904,0.2424362115546298
905,0.24243601690541644
906,0.24243582258496696
907,0.24243562859247403
908,0.24243543492713396
909,0.2424352415881444
910,0.24243504857470602
911,0.2424348558860227
912,0.24243466352130005
913,0.2424344714797463
914,0.24243427976057236
915,0.24243408836299168
916,0.24243389728622025
917,0.24243370652947657
918,0.24243351609198102
919,0.24243332597295777
920,0.2424331361716317
921,0.24243294668723192
922,0.2424327575189883
923,0.2424325686661342
924,0.24243238012790583
925,0.24243219190354023
926,0.2424320039922783
927,0.24243181639336253
928,0.2424316291060382
929,0.2424314421295526
930,0.24243125546315616
931,0.24243106910610027
932,0.24243088305764005
933,0.2424306973170324
934,0.24243051188353604
935,0.2424303267564135
936,0.24243014193492773
937,0.2424299574183454
938,0.24242977320593476
939,0.2424295892969667
940,0.2424294056907143
941,0.24242922238645273
942,0.24242903938345917
943,0.24242885668101452
944,0.2424286742783995
945,0.24242849217489912
946,0.24242831036980012
947,0.24242812886239068
948,0.24242794765196207
949,0.24242776673780717
950,0.24242758611922144
951,0.24242740579550243
952,0.24242722576594955
953,0.24242704602986495
954,0.24242686658655246
955,0.24242668743531823
956,0.24242650857547052
957,0.2424263300063202
958,0.24242615172717918
959,0.24242597373736274
960,0.2424257960361869
961,0.24242561862297102
962,0.24242544149703596
963,0.2424252646577051
964,0.24242508810430316
965,0.24242491183615747
966,0.24242473585259705
967,0.24242456015295374
968,0.24242438473656064
969,0.24242420960275304
970,0.24242403475086846
971,0.2424238601802466
972,0.24242368589022878
973,0.24242351188015826
974,0.2424233381493806
975,0.24242316469724356
976,0.2424229915230964
977,0.24242281862629048
978,0.24242264600617933
979,0.24242247366211858
980,0.24242230159346492
981,0.24242212979957845
982,0.24242195827981963
983,0.24242178703355213
984,0.24242161606014073
985,0.24242144535895271
986,0.24242127492935714
987,0.24242110477072418
988,0.2424209348824272
989,0.24242076526384043
990,0.24242059591434081
991,0.2424204268333063
992,0.2424202580201173
993,0.24242008947415583
994,0.24241992119480638
995,0.24241975318145403
996,0.2424195854334867
997,0.2424194179502945
998,0.24241925073126802
999,0.24241908377580065
1000,0.24241891708328753
1001,0.24241875065312554
1002,0.2424185844847127
1003,0.2424184185774499
1004,0.2424182529307392
1005,0.24241808754398486
1006,0.242417922416592
1007,0.24241775754796852
1008,0.24241759293752377
1009,0.24241742858466872
1010,0.24241726448881612
1011,0.24241710064938038
1012,0.2424169370657777
1013,0.24241677373742662
1014,0.24241661066374637
1015,0.24241644784415867
1016,0.24241628527808656
1017,0.24241612296495504
1018,0.24241596090419032
1019,0.24241579909522096
1020,0.2424156375374771
1021,0.24241547623039003
1022,0.24241531517339324
1023,0.24241515436592173
1024,0.24241499380741208
