1,0.2778346916927606
2,0.2546566719423392
3,0.2545833478477573
4,0.254523190843839
5,0.2544627540759936
6,0.2544020328264241
7,0.2543410928325444
8,0.2542800021676063
9,0.25421883050076066
10,0.25415764869158175
11,0.254096528364654
12,0.2540355414681247
13,0.2539747598225271
14,0.2539142546665366
15,0.2538540962064769
16,0.2537943531763736
17,0.25373509241514314
18,0.2536763784671169
19,0.2536182732115453
20,0.25356083552603664
21,0.2535041209880623
22,0.2534481816177686
23,0.253393065664389
24,0.2533388174375723
25,0.2532854771840025
26,0.2532330810087711
27,0.2531816608401329
28,0.2531312444355367
29,0.25308185542619116
30,0.25303351339690955
31,0.25298623399760106
32,0.2529400290824995
33,0.2528949068730879
34,0.2528508721406242
35,0.2528079264042551
36,0.2527660681408335
37,0.2527252930027746
38,0.25268559404055635
39,0.2526469619267735
40,0.252609385178989
41,0.2525728503789761
42,0.2525373423862827
43,0.25250284454440663
44,0.2524693388781817
45,0.2524368062812943
46,0.25240522669312315
47,0.2523745792643612
48,0.2523448425110926
49,0.2523159944572105
50,0.25228801276522245
51,0.25226087485563586
52,0.2522345580152349
53,0.25220903949464907
54,0.2521842965956981
55,0.2521603067490327
56,0.25213704758264893
57,0.2521144969818562
58,0.25209263314130514
59,0.25207143460967074
60,0.25205088032758205
61,0.25203094965937617
62,0.2520116224192253
63,0.2519928788921756
64,0.2519746998505896
65,0.2519570665664764
66,0.25193996082014436
67,0.251923364905592
68,0.2519072616330185
69,0.2518916343288044
70,0.251876466833285
71,0.2518617434966087
72,0.2518474491729526
73,0.2518335692133331
74,0.2518200894572292
75,0.25180699622322056
76,0.25179427629881046
77,0.25178191692959284
78,0.25176990580790215
79,0.2517582310610726
80,0.2517468812394074
81,0.2517358453039637
82,0.2517251126142299
83,0.2517146729157674
84,0.25170451632788404
85,0.25169463333139014
86,0.2516850147564817
87,0.25167565177079293
88,0.2516665358676464
89,0.2516576588545336
90,0.25164901284184177
91,0.2516405902318482
92,0.2516323837079945
93,0.25162438622445266
94,0.25161659099598815
95,0.25160899148812665
96,0.25160158140762695
97,0.2515943546932597
98,0.25158730550689234
99,0.25158042822487636
100,0.2515737174297381
101,0.2515671679021604
102,0.2515607746132572
103,0.25155453271713274
104,0.25154843754371786
105,0.25154248459187784
106,0.2515366695227827
107,0.25153098815353564
108,0.2515254364510499
109,0.2515200105261646
110,0.25151470662799597
111,0.2515095211385111
112,0.2515044505673234
113,0.25149949154669393
114,0.25149464082673656
115,0.25148989527081644
116,0.2514852518511398
117,0.251480707644519
118,0.25147625982831323
119,0.25147190567653754
120,0.2514676425561276
121,0.25146346792336144
122,0.2514593793204262
123,0.2514553743721285
124,0.2514514507827365
125,0.2514476063329571
126,0.25144383887703203
127,0.2514401463399573
128,0.25143652671481503
129,0.25143297806021514
130,0.251429498497842
131,0.251426086210101
132,0.2514227394378613
133,0.2514194564782927
134,0.251416235682786
135,0.2514130754549633
136,0.2514099742487638
137,0.25140693056661156
138,0.2514039429576527
139,0.25140101001606896
140,0.2513981303794522
141,0.25139530272725075
142,0.2513925257792719
143,0.2513897982942484
144,0.2513871190684601
145,0.25138448693440846
146,0.2513819007595464
147,0.2513793594450559
148,0.25137686192467473
149,0.2513744071635674
150,0.25137199415724215
151,0.2513696219305076
152,0.25136728953647197
153,0.25136499605557994
154,0.25136274059468444
155,0.25136052228615874
156,0.25135834028703635
157,0.25135619377818874
158,0.25135408196353104
159,0.2513520040692591
160,0.25134995934311477
161,0.25134794705367713
162,0.2513459664896839
163,0.25134401695937375
164,0.25134209778985533
165,0.2513402083265001
166,0.2513383479323545
167,0.2513365159875766
168,0.251334711888892
169,0.25133293504906884
170,0.2513311848964129
171,0.2513294608742801
172,0.2513277624406071
173,0.2513260890674576
174,0.2513244402405853
175,0.2513228154590137
176,0.25132121423462706
177,0.2513196360917801
178,0.2513180805669176
179,0.2513165472082111
180,0.2513150355752024
181,0.2513135452384672
182,0.25131207577928205
183,0.25131062678930904
184,0.2513091978702882
185,0.25130778863374054
186,0.25130639870068266
187,0.2513050277013485
188,0.25130367527492264
189,0.2513023410692811
190,0.2513010247407426
191,0.25129972595382455
192,0.251298444381011
193,0.2512971797025263
194,0.25129593160611546
195,0.2512946997868337
196,0.25129348394684076
197,0.25129228379520313
198,0.25129109904770264
199,0.25128992942665057
200,0.2512887746607068
201,0.2512876344847087
202,0.2512865086394988
203,0.2512853968717657
204,0.2512842989338822
205,0.2512832145837551
206,0.25128214358467577
207,0.2512810857051758
208,0.2512800407188884
209,0.2512790084044135
210,0.25127798854518635
211,0.2512769809293511
212,0.2512759853496374
213,0.25127500160324145
214,0.25127402949171
215,0.25127306882082795
216,0.25127211940050964
217,0.2512711810446943
218,0.2512702535712414
219,0.25126933680183244
220,0.25126843056187476
221,0.25126753468040686
222,0.251266648990008
223,0.2512657733267098
224,0.25126490752991054
225,0.2512640514422914
226,0.25126320490973597
227,0.2512623677812519
228,0.2512615399088934
229,0.25126072114768844
230,0.25125991135556647
231,0.25125911039328674
232,0.25125831812437294
233,0.2512575344150449
234,0.251256759134154
235,0.2512559921531234
236,0.2512552333458836
237,0.2512544825888164
238,0.2512537397606953
239,0.25125300474262996
240,0.2512522774180131
241,0.2512515576724658
242,0.2512508453937869
243,0.25125014047190264
244,0.2512494427988184
245,0.25124875226857013
246,0.2512480687771794
247,0.25124739222260684
248,0.2512467225047105
249,0.2512460595252011
250,0.2512454031876015
251,0.2512447533972069
252,0.2512441100610434
253,0.25124347308783196
254,0.25124284238794947
255,0.2512422178733933
256,0.25124159945774505
257,0.25124098705613623
258,0.25124038058521503
259,0.2512397799631127
260,0.25123918510941223
261,0.25123859594511677
262,0.25123801239261956
263,0.25123743437567314
264,0.25123686181936267
265,0.2512362946500754
266,0.25123573279547473
267,0.2512351761844723
268,0.2512346247472029
269,0.251234078414998
270,0.25123353712036156
271,0.2512330007969453
272,0.25123246937952504
273,0.2512319428039784
274,0.2512314210072601
275,0.25123090392738284
276,0.2512303915033932
277,0.25122988367535243
278,0.25122938038431486
279,0.25122888157230844
280,0.25122838718231527
281,0.25122789715825194
282,0.25122741144495125
283,0.25122692998814466
284,0.25122645273444316
285,0.25122597963132104
286,0.25122551062709897
287,0.25122504567092563
288,0.2512245847127646
289,0.25122412770337527
290,0.2512236745943004
291,0.2512232253378483
292,0.2512227798870802
293,0.2512223381957945
294,0.2512219002185134
295,0.25122146591046857
296,0.2512210352275879
297,0.25122060812648245
298,0.2512201845644338
299,0.25121976449938044
300,0.2512193478899067
301,0.2512189346952293
302,0.2512185248751877
303,0.25121811839022967
304,0.25121771520140257
305,0.25121731527034163
306,0.2512169185592571
307,0.2512165250309276
308,0.25121613464868614
309,0.25121574737641206
310,0.2512153631785203
311,0.251214982019952
312,0.25121460386616495
313,0.25121422868312476
314,0.2512138564372945
315,0.2512134870956274
316,0.25121312062555706
317,0.251212756994989
318,0.2512123961722931
319,0.25121203812629483
320,0.2512116828262668
321,0.2512113302419216
322,0.25121098034340406
323,0.2512106331012837
324,0.25121028848654736
325,0.2512099464705915
326,0.2512096070252158
327,0.2512092701226154
328,0.2512089357353757
329,0.251208603836464
330,0.2512082743992234
331,0.2512079473973673
332,0.25120762280497244
333,0.25120730059647234
334,0.2512069807466521
335,0.2512066632306421
336,0.251206348023913
337,0.2512060351022678
338,0.2512057244418397
339,0.2512054160190835
340,0.2512051098107723
341,0.2512048057939914
342,0.25120450394613336
343,0.2512042042448927
344,0.25120390666826137
345,0.2512036111945238
346,0.2512033178022519
347,0.2512030264703013
348,0.25120273717780456
349,0.25120244990417023
350,0.2512021646290747
351,0.25120188133246046
352,0.251201599994531
353,0.2512013205957462
354,0.251201043116819
355,0.2512007675387117
356,0.25120049384263066
357,0.25120022201002323
358,0.2511999520225752
359,0.2511996838622043
360,0.25119941751105934
361,0.25119915295151435
362,0.2511988901661675
363,0.2511986291378352
364,0.2511983698495501
365,0.25119811228455796
366,0.2511978564263135
367,0.2511976022584782
368,0.2511973497649155
369,0.2511970989296892
370,0.2511968497370611
371,0.25119660217148554
372,0.2511963562176084
373,0.25119611186026425
374,0.2511958690844719
375,0.2511956278754336
376,0.25119538821853116
377,0.2511951500993237
378,0.251194913503544
379,0.25119467841709825
380,0.2511944448260607
381,0.2511942127166733
382,0.2511939820753423
383,0.2511937528886358
384,0.25119352514328197
385,0.2511932988261656
386,0.25119307392432727
387,0.25119285042496087
388,0.2511926283154092
389,0.2511924075831652
390,0.25119218821586725
391,0.25119197020129796
392,0.2511917535273828
393,0.25119153818218654
394,0.25119132415391243
395,0.25119111143089995
396,0.2511909000016233
397,0.2511906898546879
398,0.2511904809788304
399,0.25119027336291655
400,0.25119006699593743
401,0.25118986186701125
402,0.2511896579653781
403,0.25118945528040015
404,0.25118925380155954
405,0.25118905351845666
406,0.25118885442080857
407,0.25118865649844796
408,0.2511884597413194
409,0.25118826413948114
410,0.2511880696831011
411,0.2511878763624559
412,0.2511876841679298
413,0.25118749309001315
414,0.2511873031193005
415,0.2511871142464899
416,0.25118692646238056
417,0.25118673975787303
418,0.25118655412396584
419,0.2511863695517556
420,0.2511861860324359
421,0.2511860035572944
422,0.25118582211771345
423,0.25118564170516783
424,0.2511854623112231
425,0.251185283927536
426,0.2511851065458516
427,0.25118493015800325
428,0.25118475475591046
429,0.2511845803315791
430,0.2511844068770981
431,0.25118423438464194
432,0.25118406284646516
433,0.2511838922549049
434,0.25118372260237776
435,0.25118355388138025
436,0.25118338608448615
437,0.25118321920434716
438,0.25118305323369017
439,0.2511828881653184
440,0.25118272399210856
441,0.2511825607070105
442,0.25118239830304706
443,0.2511822367733122
444,0.25118207611097043
445,0.251181916309256
446,0.25118175736147164
447,0.2511815992609883
448,0.25118144200124415
449,0.25118128557574343
450,0.251181129978056
451,0.251180975201816
452,0.2511808212407213
453,0.2511806680885336
454,0.25118051573907635
455,0.25118036418623374
456,0.25118021342395247
457,0.25118006344623756
458,0.2511799142471543
459,0.25117976582082624
460,0.2511796181614346
461,0.251179471263218
462,0.2511793251204716
463,0.25117917972754616
464,0.25117903507884715
465,0.2511788911688354
466,0.2511787479920246
467,0.2511786055429825
468,0.25117846381632875
469,0.2511783228067347
470,0.2511781825089239
471,0.2511780429176695
472,0.2511779040277956
473,0.25117776583417517
474,0.2511776283317306
475,0.25117749151543217
476,0.25117735538029784
477,0.25117721992139375
478,0.25117708513383136
479,0.25117695101276916
480,0.25117681755341115
481,0.25117668475100563
482,0.25117655260084615
483,0.25117642109827026
484,0.2511762902386591
485,0.25117616001743615
486,0.2511760304300682
487,0.2511759014720637
488,0.2511757731389723
489,0.2511756454263853
490,0.2511755183299352
491,0.25117539184529286
492,0.25117526596817047
493,0.2511751406943186
494,0.25117501601952713
495,0.25117489193962417
496,0.25117476845047537
497,0.25117464554798463
498,0.2511745232280923
499,0.25117440148677594
500,0.25117428032004924
501,0.2511741597239613
502,0.2511740396945971
503,0.2511739202280769
504,0.2511738013205556
505,0.25117368296822234
506,0.25117356516729955
507,0.2511734479140444
508,0.2511733312047459
509,0.25117321503572804
510,0.25117309940334476
511,0.2511729843039837
512,0.251172869734064
513,0.251172755690036
514,0.2511726421683814
515,0.25117252916561256
516,0.25117241667827234
517,0.2511723047029333
518,0.2511721932361981
519,0.2511720822746993
520,0.251171971815098
521,0.2511718618540842
522,0.2511717523883768
523,0.2511716434147225
524,0.2511715349298962
525,0.25117142693069994
526,0.25117131941396426
527,0.2511712123765454
528,0.2511711058153275
529,0.2511709997272201
530,0.25117089410916027
531,0.2511707889581095
532,0.25117068427105627
533,0.25117058004501364
534,0.25117047627702044
535,0.25117037296413985
536,0.2511702701034597
537,0.25117016769209266
538,0.25117006572717476
539,0.25116996420586707
540,0.251169863125353
541,0.2511697624828397
542,0.2511696622755583
543,0.2511695625007616
544,0.25116946315572625
545,0.25116936423775027
546,0.25116926574415477
547,0.25116916767228187
548,0.2511690700194969
549,0.25116897278318495
550,0.25116887596075427
551,0.2511687795496327
552,0.25116868354726996
553,0.25116858795113595
554,0.25116849275872116
555,0.25116839796753676
556,0.25116830357511344
557,0.25116820957900193
558,0.2511681159767731
559,0.2511680227660166
560,0.25116792994434184
561,0.251167837509377
562,0.25116774545876963
563,0.25116765379018585
564,0.2511675625013099
565,0.25116747158984487
566,0.251167381053512
567,0.25116729089005063
568,0.25116720109721746
569,0.25116711167278705
570,0.2511670226145518
571,0.2511669339203209
572,0.2511668455879214
573,0.2511667576151967
574,0.2511666700000069
575,0.2511665827402296
576,0.25116649583375794
577,0.2511664092785022
578,0.2511663230723887
579,0.25116623721335873
580,0.25116615169937123
581,0.25116606652839946
582,0.2511659816984331
583,0.2511658972074767
584,0.25116581305355
585,0.2511657292346889
586,0.25116564574894346
587,0.2511655625943785
588,0.25116547976907405
589,0.2511653972711237
590,0.2511653150986377
591,0.251165233249738
592,0.2511651517225623
593,0.25116507051526205
594,0.25116498962600214
595,0.25116490905296196
596,0.25116482879433394
597,0.2511647488483247
598,0.2511646692131535
599,0.25116458988705326
600,0.2511645108682706
601,0.2511644321550634
602,0.25116435374570506
603,0.2511642756384797
604,0.25116419783168503
605,0.251164120323631
606,0.2511640431126402
607,0.25116396619704767
608,0.25116388957520025
609,0.25116381324545733
610,0.2511637372061903
611,0.25116366145578195
612,0.25116358599262717
613,0.2511635108151329
614,0.2511634359217172
615,0.25116336131080974
616,0.2511632869808515
617,0.251163212930295
618,0.2511631391576036
619,0.2511630656612516
620,0.2511629924397252
621,0.2511629194915199
622,0.25116284681514406
623,0.25116277440911466
624,0.2511627022719604
625,0.25116263040222037
626,0.25116255879844385
627,0.2511624874591909
628,0.2511624163830307
629,0.251162345568544
630,0.2511622750143206
631,0.25116220471896056
632,0.25116213468107423
633,0.25116206489928045
634,0.25116199537220935
635,0.2511619260984998
636,0.25116185707680017
637,0.25116178830576874
638,0.2511617197840728
639,0.25116165151038894
640,0.25116158348340323
641,0.2511615157018107
642,0.2511614481643151
643,0.2511613808696297
644,0.2511613138164761
645,0.2511612470035858
646,0.2511611804296974
647,0.25116111409355985
648,0.2511610479939295
649,0.2511609821295721
650,0.25116091649926064
651,0.25116085110177766
652,0.2511607859359137
653,0.2511607210004674
654,0.25116065629424544
655,0.2511605918160629
656,0.2511605275647428
657,0.25116046353911603
658,0.2511603997380214
659,0.2511603361603059
660,0.25116027280482384
661,0.25116020967043706
662,0.25116014675601606
663,0.2511600840604375
664,0.25116002158258677
665,0.25115995932135593
666,0.251159897275645
667,0.251159835444361
668,0.25115977382641813
669,0.2511597124207381
670,0.2511596512262498
671,0.25115959024188855
672,0.25115952946659764
673,0.25115946889932644
674,0.25115940853903224
675,0.2511593483846782
676,0.2511592884352351
677,0.25115922868967966
678,0.25115916914699643
679,0.25115910980617534
680,0.2511590506662135
681,0.2511589917261149
682,0.25115893298488956
683,0.2511588744415538
684,0.25115881609513085
685,0.25115875794465
686,0.2511586999891463
687,0.2511586422276622
688,0.2511585846592455
689,0.2511585272829501
690,0.251158470097836
691,0.25115841310296977
692,0.2511583562974234
693,0.25115829968027525
694,0.25115824325060904
695,0.251158187007515
696,0.25115813095008865
697,0.2511580750774312
698,0.2511580193886502
699,0.251157963882858
700,0.2511579085591734
701,0.25115785341671987
702,0.2511577984546276
703,0.2511577436720309
704,0.2511576890680708
705,0.2511576346418929
706,0.2511575803926484
707,0.251157526319494
708,0.25115747242159125
709,0.2511574186981076
710,0.25115736514821513
711,0.25115731177109063
712,0.25115725856591753
713,0.2511572055318831
714,0.25115715266817995
715,0.25115709997400565
716,0.2511570474485628
717,0.2511569950910594
718,0.25115694290070734
719,0.2511568908767242
720,0.25115683901833125
721,0.25115678732475627
722,0.25115673579523107
723,0.251156684428991
724,0.2511566332252776
725,0.2511565821833364
726,0.2511565313024176
727,0.2511564805817758
728,0.25115643002067073
729,0.25115637961836546
730,0.2511563293741287
731,0.25115627928723333
732,0.251156229356956
733,0.2511561795825782
734,0.25115612996338615
735,0.25115608049866933
736,0.2511560311877223
737,0.25115598202984374
738,0.25115593302433636
739,0.251155884170507
740,0.25115583546766673
741,0.25115578691513085
742,0.25115573851221856
743,0.2511556902582531
744,0.2511556421525619
745,0.2511555941944763
746,0.2511555463833316
747,0.2511554987184671
748,0.25115545119922567
749,0.2511554038249548
750,0.25115535659500443
751,0.25115530950872994
752,0.2511552625654895
753,0.2511552157646457
754,0.2511551691055644
755,0.25115512258761474
756,0.2511550762101705
757,0.25115502997260863
758,0.25115498387430996
759,0.25115493791465837
760,0.25115489209304165
761,0.2511548464088513
762,0.2511548008614825
763,0.2511547554503332
764,0.25115471017480523
765,0.25115466503430445
766,0.25115462002823896
767,0.25115457515602163
768,0.25115453041706687
769,0.25115448581079464
770,0.2511544413366268
771,0.2511543969939884
772,0.25115435278230896
773,0.25115430870102007
774,0.25115426474955715
775,0.2511542209273588
776,0.25115417723386635
777,0.2511541336685253
778,0.2511540902307833
779,0.2511540469200913
780,0.2511540037359036
781,0.2511539606776778
782,0.25115391774487433
783,0.25115387493695607
784,0.25115383225338994
785,0.25115378969364505
786,0.2511537472571941
787,0.25115370494351247
788,0.2511536627520782
789,0.25115362068237246
790,0.25115357873387967
791,0.2511535369060863
792,0.25115349519848285
793,0.25115345361056163
794,0.2511534121418182
795,0.25115337079175076
796,0.2511533295598601
797,0.2511532884456506
798,0.2511532474486282
799,0.2511532065683029
800,0.2511531658041861
801,0.25115312515579274
802,0.25115308462263963
803,0.2511530442042475
804,0.2511530039001383
805,0.25115296370983753
806,0.2511529236328731
807,0.25115288366877514
808,0.25115284381707675
809,0.2511528040773133
810,0.2511527644490228
811,0.25115272493174584
812,0.2511526855250251
813,0.2511526462284066
814,0.2511526070414378
815,0.25115256796366947
816,0.25115252899465373
817,0.2511524901339465
818,0.25115245138110504
819,0.2511524127356894
820,0.2511523741972616
821,0.25115233576538676
822,0.25115229743963174
823,0.25115225921956563
824,0.2511522211047604
825,0.2511521830947897
826,0.25115214518922985
827,0.25115210738765903
828,0.2511520696896581
829,0.25115203209480985
830,0.25115199460269955
831,0.2511519572129143
832,0.2511519199250433
833,0.2511518827386788
834,0.2511518456534145
835,0.2511518086688456
836,0.25115177178457093
837,0.25115173500019033
838,0.2511516983153059
839,0.25115166172952214
840,0.2511516252424456
841,0.25115158885368466
842,0.2511515525628494
843,0.25115151636955324
844,0.25115148027341005
845,0.25115144427403646
846,0.2511514083710508
847,0.25115137256407427
848,0.25115133685272895
849,0.2511513012366395
850,0.25115126571543145
851,0.2511512302887345
852,0.2511511949561777
853,0.25115115971739355
854,0.2511511245720163
855,0.2511510895196818
856,0.2511510545600274
857,0.2511510196926929
858,0.25115098491732024
859,0.251150950233552
860,0.25115091564103376
861,0.2511508811394123
862,0.2511508467283364
863,0.25115081240745635
864,0.25115077817642467
865,0.2511507440348955
866,0.25115070998252426
867,0.2511506760189686
868,0.25115064214388827
869,0.2511506083569433
870,0.25115057465779744
871,0.2511505410461145
872,0.2511505075215605
873,0.2511504740838035
874,0.25115044073251264
875,0.2511504074673592
876,0.25115037428801607
877,0.25115034119415713
878,0.2511503081854587
879,0.25115027526159855
880,0.2511502424222555
881,0.25115020966711044
882,0.25115017699584635
883,0.25115014440814637
884,0.2511501119036965
885,0.25115007948218376
886,0.2511500471432964
887,0.25115001488672545
888,0.2511499827121619
889,0.25114995061929946
890,0.25114991860783226
891,0.25114988667745725
892,0.2511498548278717
893,0.25114982305877526
894,0.251149791369868
895,0.2511497597608523
896,0.2511497282314321
897,0.25114969678131227
898,0.251149665410199
899,0.25114963411780095
900,0.2511496029038266
901,0.2511495717679873
902,0.251149540709995
903,0.25114950972956346
904,0.25114947882640715
905,0.2511494480002426
906,0.25114941725078777
907,0.25114938657776187
908,0.25114935598088456
909,0.25114932545987834
910,0.25114929501446587
911,0.2511492646443717
912,0.2511492343493218
913,0.2511492041290427
914,0.25114917398326353
915,0.2511491439117133
916,0.2511491139141232
917,0.2511490839902254
918,0.25114905413975347
919,0.2511490243624423
920,0.2511489946580283
921,0.251148965026248
922,0.25114893546684025
923,0.25114890597954476
924,0.2511488765641029
925,0.25114884722025704
926,0.2511488179477498
927,0.25114878874632657
928,0.25114875961573263
929,0.2511487305557157
930,0.2511487015660239
931,0.2511486726464065
932,0.25114864379661406
933,0.25114861501639846
934,0.25114858630551296
935,0.25114855766371114
936,0.2511485290907483
937,0.2511485005863814
938,0.2511484721503674
939,0.2511484437824651
940,0.2511484154824341
941,0.251148387250036
942,0.25114835908503214
943,0.25114833098718553
944,0.2511483029562609
945,0.25114827499202313
946,0.2511482470942391
947,0.25114821926267566
948,0.25114819149710177
949,0.25114816379728644
950,0.2511481361630011
951,0.25114810859401693
952,0.25114808109010683
