1,0.311032881060126
2,0.25587560081274885
3,0.2558696378967792
4,0.2558663066999129
5,0.2558629002761838
6,0.25585945747496996
7,0.2558559779525921
8,0.25585246120600985
9,0.25584890672408384
10,0.25584531398806787
11,0.25584168247151895
12,0.2558380116402076
13,0.255834300952025
14,0.25583054985689724
15,0.2558267577966944
16,0.2558229242051449
17,0.255819048507751
18,0.255815130121702
19,0.25581116845579555
20,0.255807162910355
21,0.25580311287715385
22,0.2557990177393376
23,0.25579487687135427
24,0.2557906896388811
25,0.25578645539876155
26,0.2557821734989389
27,0.2557778432783994
28,0.25577346406711493
29,0.25576903518599337
30,0.2557645559468325
31,0.25576002565227773
32,0.2557554435957883
33,0.2557508090616049
34,0.2557461213247297
35,0.2557413796509064
36,0.25573658329661264
37,0.2557317315090575
38,0.25572682352618775
39,0.2557218585767029
40,0.25571683588007965
41,0.2557117546466054
42,0.25570661407742323
43,0.25570141336458657
44,0.25569615169112775
45,0.2556908282311355
46,0.25568544214984934
47,0.255679992603765
48,0.2556744787407557
49,0.2556688997002077
50,0.2556632546131736
51,0.25565754260254275
52,0.255651762783225
53,0.25564591426236205
54,0.25563999613954935
55,0.25563400750708476
56,0.25562794745023726
57,0.25562181504753845
58,0.2556156093710961
59,0.2556093294869372
60,0.2556029744553723
61,0.2555965433313911
62,0.2555900351650828
63,0.2555834490020893
64,0.2555767838840897
65,0.25557003884931195
66,0.2555632129330855
67,0.25555630516842215
68,0.2555493145866382
69,0.255542240218011
70,0.2555350810924752
71,0.2555278362403596
72,0.25552050469316673
73,0.2555130854843932
74,0.25550557765039644
75,0.2554979802313071
76,0.25549029227198594
77,0.2554825128230349
78,0.255474640941851
79,0.2554666756937388
80,0.25545861615306764
81,0.255450461404489
82,0.2554422105442039
83,0.2554338626812889
84,0.2554254169390776
85,0.255416872456599
86,0.2554082283900758
87,0.2553994839144807
88,0.25539063822515307
89,0.2553816905394732
90,0.2553726400985998
91,0.2553634861692671
92,0.2553542280456391
93,0.25534486505122755
94,0.25533539654086673
95,0.25532582190274655
96,0.25531614056050467
97,0.25530635197537377
98,0.25529645564838055
99,0.2552864511226031
100,0.2552763379854724
101,0.2552661158711253
102,0.25525578446279984
103,0.2552453434952733
104,0.2552347927573365
105,0.25522413209430256
106,0.25521336141054296
107,0.2552024806720483
108,0.25519148990900625
109,0.2551803892183926
110,0.25516917876656686
111,0.255157858791867
112,0.25514642960719486
113,0.2551348916025872
114,0.25512324524775604
115,0.2551114910946037
116,0.25509962977968503
117,0.2550876620266227
118,0.2550755886484582
119,0.2550634105499259
120,0.2550511287296459
121,0.2550387442822171
122,0.2550262584002032
123,0.25501367237600076
124,0.2550009876035694
125,0.254988205580025
126,0.25497532790706706
127,0.25496235629224395
128,0.254949292550032
129,0.2549361386027196
130,0.2549228964810876
131,0.25490956832486905
132,0.2548961563829789
133,0.2548826630135031
134,0.2548690906834365
135,0.2548554419681583
136,0.25484171955063767
137,0.2548279262203604
138,0.25481406487196867
139,0.25480013850360966
140,0.2547861502149862
141,0.2547721032051061
142,0.25475800076972716
143,0.25474384629849744
144,0.25472964327179165
145,0.25471539525724246
146,0.2547011059059748
147,0.2546867789485441
148,0.25467241819058695
149,0.2546580275081936
150,0.2546436108430079
151,0.25462917219707404
152,0.2546147156274355
153,0.25460024524050595
154,0.2545857651862266
155,0.2545712796520299
156,0.254556792856626
157,0.25454230904363534
158,0.25452783247508787
159,0.2545133674248103
160,0.2544989181717305
161,0.25448448899311527
162,0.2544700841577744
163,0.2544557079192524
164,0.25444136450903454
165,0.2544270581297913
166,0.2544127929486927
167,0.2543985730908115
168,0.25438440263264217
169,0.2543702855957641
170,0.2543562259406678
171,0.2543422275607662
172,0.25432829427662
173,0.2543144298303881
174,0.25430063788052837
175,0.2542869219967622
176,0.2542732856553246
177,0.25425973223450615
178,0.254246265010505
179,0.2542328871535977
180,0.25421960172463864
181,0.25420641167189134
182,0.25419331982820326
183,0.25418032890852227
184,0.2541674415077547
185,0.25415466009897275
186,0.25414198703195934
187,0.2541294245320942
188,0.25411697469957056
189,0.25410463950893947
190,0.2540924208089717
191,0.2540803203228285
192,0.2540683396485285
193,0.2540564802597034
194,0.25404474350662476
195,0.25403313061749216
196,0.2540216426999671
197,0.254010280742939
198,0.2539990456185056
199,0.2539879380841557
200,0.2539769587851367
201,0.2539661082569916
202,0.2539553869282486
203,0.2539447951232501
204,0.25393433306510255
205,0.2539240008787343
206,0.2539137985940464
207,0.2539037261491389
208,0.25389378339360225
209,0.25388397009185876
210,0.253874285926541
211,0.25386473050189357
212,0.25385530334718986
213,0.253846003920149
214,0.253836831610344
215,0.25382778574259357
216,0.2538188655803222
217,0.25381007032888886
218,0.25380139913886907
219,0.2537928511092852
220,0.25378442529078415
221,0.2537761206887466
222,0.2537679362663321
223,0.2537598709474482
224,0.2537519236196473
225,0.25374409313693946
226,0.2537363783225244
227,0.25372877797143767
228,0.2537212908531115
229,0.2537139157138449
230,0.25370665127918396
231,0.2536994962562177
232,0.2536924493357748
233,0.25368550919453736
234,0.25367867449706233
235,0.2536719438977126
236,0.25366531604250264
237,0.25365878957085425
238,0.2536523631172691
239,0.25364603531291496
240,0.2536398047871323
241,0.2536336701688562
242,0.2536276300879643
243,0.2536216831765453
244,0.2536158280700927
245,0.25361006340862935
246,0.2536043878377577
247,0.2535988000096472
248,0.2535932985839524
249,0.25358788222867074
250,0.2535825496209388
251,0.2535772994477702
252,0.25357213040673726
253,0.2535670412066015
254,0.2535620305678894
255,0.25355709722342107
256,0.25355223991879355
257,0.25354745741281604
258,0.2535427484779068
259,0.25353811190044434
260,0.2535335464810874
261,0.25352905103505113
262,0.2535246243923547
263,0.25352026539803313
264,0.2535159729123184
265,0.2535117458107936
266,0.25350758298451737
267,0.2535034833401238
268,0.25349944579989814
269,0.25349546930182826
270,0.25349155279963786
271,0.2534876952627967
272,0.25348389567651286
273,0.25348015304170923
274,0.25347646637498217
275,0.2534728347085458
276,0.253469257090162
277,0.25346573258305766
278,0.2534622602658305
279,0.25345883923234325
280,0.2534554685916072
281,0.2534521474676584
282,0.25344887499942337
283,0.2534456503405774
284,0.2534424726593986
285,0.2534393411386106
286,0.2534362549752243
287,0.25343321338037145
288,0.25343021557913653
289,0.2534272608103806
290,0.25342434832656563
291,0.2534214773935748
292,0.25341864729052826
293,0.2534158573095988
294,0.25341310675582496
295,0.25341039494692263
296,0.25340772121309707
297,0.253405084896851
298,0.2534024853527952
299,0.25339992194745836
300,0.2533973940590949
301,0.2533949010774962
302,0.25339244240379916
303,0.2533900174502989
304,0.25338762564025974
305,0.2533852664077265
306,0.2533829391973418
307,0.2533806434641581
308,0.25337837867345675
309,0.2533761443005662
310,0.25337393983068046
311,0.2533717647586841
312,0.253369618588973
313,0.25336750083528337
314,0.2533654110205164
315,0.2533633486765715
316,0.25336131334417583
317,0.253359304572721
318,0.25335732192009797
319,0.25335536495253674
320,0.2533534332444485
321,0.25335152637826713
322,0.2533496439442976
323,0.25334778554056253
324,0.2533459507726541
325,0.2533441392535865
326,0.25334235060365207
327,0.2533405844502782
328,0.2533388404278892
329,0.25333711817776766
330,0.25333541734792053
331,0.25333373759294575
332,0.25333207857390294
333,0.2533304399581843
334,0.25332882141939056
335,0.25332722263720653
336,0.2533256432972808
337,0.25332408309110693
338,0.2533225417159062
339,0.2533210188745151
340,0.2533195142752707
341,0.2533180276319034
342,0.25331655866342695
343,0.2533151070940333
344,0.25331367265298976
345,0.25331225507453614
346,0.25331085409778653
347,0.25330946946662974
348,0.25330810092963557
349,0.2533067482399595
350,0.2533054111552512
351,0.25330408943756544
352,0.25330278285327235
353,0.2533014911729718
354,0.2533002141714084
355,0.2532989516273893
356,0.2532977033237017
357,0.2532964690470344
358,0.2532952485878987
359,0.25329404174055353
360,0.25329284830292936
361,0.2532916680765555
362,0.2532905008664885
363,0.25328934648124213
364,0.2532882047327178
365,0.2532870754361377
366,0.25328595840998014
367,0.2532848534759128
368,0.2532837604587308
369,0.25328267918629466
370,0.25328160948946987
371,0.2532805512020683
372,0.25327950416078754
373,0.2532784682051573
374,0.25327744317748185
375,0.2532764289227864
376,0.2532754252887626
377,0.25327443212571815
378,0.25327344928652445
379,0.25327247662656627
380,0.25327151400369413
381,0.25327056127817515
382,0.2532696183126465
383,0.25326868497207
384,0.2532677611236859
385,0.25326684663697013
386,0.25326594138359
387,0.2532650452373636
388,0.25326415807421643
389,0.25326327977214247
390,0.25326241021116425
391,0.25326154927329375
392,0.25326069684249414
393,0.25325985280464375
394,0.25325901704749876
395,0.2532581894606572
396,0.2532573699355254
397,0.25325655836528216
398,0.25325575464484745
399,0.2532549586708469
400,0.25325417034158176
401,0.2532533895569975
402,0.25325261621865114
403,0.2532518502296836
404,0.2532510914947881
405,0.25325033992018303
406,0.25324959541358183
407,0.253248857884167
408,0.2532481272425614
409,0.25324740340080326
410,0.2532466862723188
411,0.25324597577189684
412,0.2532452718156651
413,0.2532445743210642
414,0.2532438832068241
415,0.25324319839294135
416,0.25324251980065515
417,0.25324184735242516
418,0.25324118097190934
419,0.25324052058394275
420,0.25323986611451577
421,0.25323921749075295
422,0.25323857464089417
423,0.2532379374942734
424,0.25323730598129934
425,0.25323668003343663
426,0.2532360595831861
427,0.25323544456406893
428,0.2532348349106047
429,0.2532342305582976
430,0.2532336314436159
431,0.25323303750397763
432,0.25323244867773187
433,0.2532318649041442
434,0.25323128612337875
435,0.2532307122764845
436,0.25323014330537896
437,0.2532295791528324
438,0.25322901976245443
439,0.25322846507867874
440,0.25322791504674963
441,0.2532273696127067
442,0.2532268287233725
443,0.2532262923263391
444,0.25322576036995353
445,0.25322523280330683
446,0.2532247095762203
447,0.25322419063923335
448,0.2532236759435911
449,0.2532231654412332
450,0.2532226590847813
451,0.25322215682752847
452,0.2532216586234271
453,0.25322116442707787
454,0.25322067419372046
455,0.2532201878792208
456,0.25321970544006167
457,0.253219226833333
458,0.25321875201672134
459,0.2532182809484994
460,0.2532178135875178
461,0.2532173498931939
462,0.25321688982550455
463,0.2532164333449746
464,0.2532159804126703
465,0.253215530990189
466,0.2532150850396511
467,0.253214642523691
468,0.2532142034054498
469,0.25321376764856623
470,0.25321333521716977
471,0.2532129060758707
472,0.2532124801897553
473,0.25321205752437576
474,0.2532116380457438
475,0.2532112217203239
476,0.25321080851502475
477,0.25321039839719356
478,0.2532099913346088
479,0.25320958729547244
480,0.2532091862484048
481,0.25320878816243775
482,0.25320839300700615
483,0.25320800075194466
484,0.2532076113674802
485,0.253207224824225
486,0.25320684109317176
487,0.2532064601456875
488,0.253206081953508
489,0.2532057064887314
490,0.2532053337238136
491,0.25320496363156186
492,0.25320459618513014
493,0.25320423135801384
494,0.25320386912404397
495,0.2532035094573827
496,0.2532031523325174
497,0.25320279772425813
498,0.2532024456077292
499,0.25320209595836757
500,0.25320174875191664
501,0.2532014039644215
502,0.25320106157222594
503,0.25320072155196605
504,0.2532003838805672
505,0.2532000485352396
506,0.2531997154934738
507,0.253199384733036
508,0.25319905623196515
509,0.2531987299685689
510,0.2531984059214183
511,0.2531980840693453
512,0.25319776439143865
513,0.2531974468670396
514,0.25319713147573897
515,0.2531968181973731
516,0.2531965070120208
517,0.2531961978999988
518,0.2531958908418597
519,0.25319558581838736
520,0.2531952828105949
521,0.25319498179971944
522,0.25319468276722107
523,0.25319438569477926
524,0.25319409056428804
525,0.2531937973578548
526,0.25319350605779595
527,0.2531932166466368
528,0.2531929291071032
529,0.253192643422125
530,0.2531923595748285
531,0.25319207754853584
532,0.253191797326763
533,0.25319151889321373
534,0.2531912422317815
535,0.2531909673265427
536,0.2531906941617571
537,0.2531904227218642
538,0.2531901529914805
539,0.2531898849553968
540,0.2531896185985774
541,0.2531893539061561
542,0.25318909086343466
543,0.25318882945588034
544,0.2531885696691233
545,0.25318831148895515
546,0.2531880549013265
547,0.2531877998923447
548,0.253187546448271
549,0.2531872945555201
550,0.2531870442006567
551,0.2531867953703943
552,0.2531865480515927
553,0.25318630223125643
554,0.25318605789653265
555,0.2531858150347092
556,0.25318557363321315
557,0.25318533367960844
558,0.2531850951615941
559,0.2531848580670027
560,0.2531846223837994
561,0.2531843881000783
562,0.2531841552040622
563,0.25318392368410075
564,0.2531836935286689
565,0.25318346472636427
566,0.25318323726590675
567,0.25318301113613656
568,0.2531827863260122
569,0.25318256282461005
570,0.2531823406211215
571,0.2531821197048524
572,0.2531819000652211
573,0.25318168169175786
574,0.25318146457410207
575,0.2531812487020023
576,0.25318103406531356
577,0.25318082065399716
578,0.25318060845811874
579,0.2531803974678471
580,0.2531801876734521
581,0.2531799790653057
582,0.25317977163387756
583,0.2531795653697366
584,0.25317936026354776
585,0.25317915630607213
586,0.25317895348816494
587,0.2531787518007748
588,0.2531785512349428
589,0.25317835178180037
590,0.2531781534325691
591,0.25317795617855965
592,0.2531777600111702
593,0.2531775649218851
594,0.2531773709022752
595,0.25317717794399475
596,0.2531769860387824
597,0.2531767951784589
598,0.25317660535492675
599,0.2531764165601683
600,0.2531762287862462
601,0.2531760420253014
602,0.2531758562695523
603,0.25317567151129444
604,0.2531754877428984
605,0.25317530495681057
606,0.2531751231455507
607,0.25317494230171206
608,0.2531747624179598
609,0.25317458348703054
610,0.25317440550173204
611,0.25317422845494086
612,0.25317405233960316
613,0.25317387714873285
614,0.2531737028754116
615,0.2531735295127865
616,0.25317335705407207
617,0.25317318549254614
618,0.253173014821552
619,0.2531728450344957
620,0.2531726761248463
621,0.2531725080861346
622,0.25317234091195345
623,0.2531721745959555
624,0.2531720091318535
625,0.2531718445134196
626,0.25317168073448454
627,0.2531715177889369
628,0.25317135567072196
629,0.2531711943738422
630,0.25317103389235596
631,0.25317087422037643
632,0.25317071535207225
633,0.25317055728166504
634,0.2531704000034307
635,0.2531702435116978
636,0.253170087800847
637,0.2531699328653108
638,0.2531697786995725
639,0.25316962529816595
640,0.2531694726556756
641,0.2531693207667344
642,0.2531691696260249
643,0.2531690192282773
644,0.2531688695682703
645,0.2531687206408287
646,0.25316857244082597
647,0.2531684249631798
648,0.25316827820285465
649,0.2531681321548601
650,0.2531679868142502
651,0.2531678421761235
652,0.25316769823562185
653,0.25316755498793103
654,0.2531674124282791
655,0.25316727055193694
656,0.25316712935421665
657,0.2531669888304724
658,0.2531668489760993
659,0.25316670978653266
660,0.25316657125724806
661,0.25316643338376077
662,0.25316629616162545
663,0.2531661595864359
664,0.2531660236538231
665,0.2531658883594574
666,0.2531657536990464
667,0.2531656196683349
668,0.2531654862631045
669,0.2531653534791725
670,0.253165221312394
671,0.25316508975865815
672,0.25316495881389006
673,0.25316482847405025
674,0.253164698735133
675,0.2531645695931665
676,0.25316444104421476
677,0.2531643130843728
678,0.2531641857097706
679,0.25316405891656996
680,0.253163932700966
681,0.2531638070591852
682,0.2531636819874859
683,0.2531635574821589
684,0.2531634335395249
685,0.2531633101559366
686,0.2531631873277759
687,0.2531630650514563
688,0.25316294332342004
689,0.25316282214014035
690,0.25316270149811804
691,0.25316258139388403
692,0.2531624618239982
693,0.25316234278504823
694,0.25316222427365
695,0.25316210628644736
696,0.25316198882011204
697,0.2531618718713423
698,0.2531617554368647
699,0.2531616395134308
700,0.2531615240978207
701,0.253161409186839
702,0.2531612947773169
703,0.2531611808661117
704,0.25316106745010586
705,0.25316095452620674
706,0.25316084209134676
707,0.25316073014248414
708,0.2531606186765996
709,0.25316050769069987
710,0.25316039718181493
711,0.2531602871469978
712,0.2531601775833266
713,0.2531600684879014
714,0.25315995985784645
715,0.25315985169030764
716,0.25315974398245433
717,0.25315963673147834
718,0.2531595299345933
719,0.25315942358903437
720,0.25315931769205985
721,0.25315921224094823
722,0.253159107233
723,0.2531590026655369
724,0.2531588985359017
725,0.25315879484145676
726,0.2531586915795863
727,0.2531585887476946
728,0.253158486343206
729,0.2531583843635641
730,0.253158282806234
731,0.2531581816686983
732,0.2531580809484605
733,0.2531579806430429
734,0.25315788074998646
735,0.25315778126685184
736,0.2531576821912172
737,0.25315758352068085
738,0.25315748525285764
739,0.2531573873853816
740,0.2531572899159049
741,0.253157192842097
742,0.2531570961616454
743,0.253156999872255
744,0.25315690397164736
745,0.25315680845756305
746,0.2531567133277575
747,0.2531566185800044
748,0.25315652421209406
749,0.25315643022183215
750,0.25315633660704256
751,0.25315624336556397
752,0.2531561504952517
753,0.2531560579939773
754,0.25315596585962763
755,0.2531558740901058
756,0.2531557826833301
757,0.25315569163723367
758,0.25315560094976625
759,0.25315551061889113
760,0.25315542064258817
761,0.2531553310188506
762,0.25315524174568765
763,0.2531551528211219
764,0.25315506424319106
765,0.25315497600994746
766,0.2531548881194568
767,0.2531548005697997
768,0.2531547133590702
769,0.25315462648537607
770,0.2531545399468389
771,0.2531544537415944
772,0.2531543678677907
773,0.25315428232359016
774,0.2531541971071682
775,0.2531541122167124
776,0.25315402765042466
777,0.2531539434065192
778,0.2531538594832229
779,0.2531537758787751
780,0.2531536925914281
781,0.25315360961944655
782,0.2531535269611073
783,0.2531534446146996
784,0.25315336257852405
785,0.25315328085089456
786,0.2531531994301358
787,0.25315311831458487
788,0.25315303750259033
789,0.25315295699251245
790,0.25315287678272247
791,0.2531527968716041
792,0.2531527172575513
793,0.25315263793896975
794,0.2531525589142762
795,0.2531524801818982
796,0.25315240174027437
797,0.25315232358785417
798,0.25315224572309786
799,0.25315216814447605
800,0.2531520908504704
801,0.2531520138395724
802,0.25315193711028466
803,0.2531518606611194
804,0.25315178449059916
805,0.2531517085972572
806,0.2531516329796358
807,0.2531515576362881
808,0.2531514825657765
809,0.2531514077666738
810,0.2531513332375616
811,0.253151258977032
812,0.2531511849836863
813,0.253151111256135
814,0.2531510377929984
815,0.25315096459290587
816,0.2531508916544963
817,0.2531508189764168
818,0.2531507465573251
819,0.2531506743958866
820,0.2531506024907762
821,0.25315053084067746
822,0.2531504594442831
823,0.2531503883002936
824,0.25315031740742
825,0.25315024676437925
826,0.2531501763698992
827,0.2531501062227148
828,0.25315003632156935
829,0.2531499666652154
830,0.25314989725241294
831,0.25314982808193
832,0.2531497591525431
833,0.2531496904630371
834,0.2531496220122042
835,0.2531495537988445
836,0.2531494858217661
837,0.2531494180797856
838,0.2531493505717257
839,0.2531492832964186
840,0.2531492162527027
841,0.2531491494394242
842,0.2531490828554375
843,0.2531490164996036
844,0.2531489503707912
845,0.25314888446787615
846,0.25314881878974155
847,0.2531487533352783
848,0.25314868810338353
849,0.2531486230929616
850,0.25314855830292415
851,0.25314849373218984
852,0.2531484293796841
853,0.25314836524433887
854,0.25314830132509375
855,0.25314823762089383
856,0.25314817413069224
857,0.25314811085344757
