1,0.28411860451180876
2,0.25239972149275225
3,0.2523998426871644
4,0.2523998427087375
5,0.25239984270874105
6,0.25239984270874105
7,0.25239984270874105
8,0.25239984270874105
9,0.25239984270874105
10,0.25239984270874105
11,0.25239984270874105
12,0.25239984270874105
13,0.25239984270874105
14,0.25239984270874105
15,0.25239984270874105
16,0.25239984270874105
17,0.25239984270874105
18,0.25239984270874105
19,0.25239984270874105
20,0.25239984270874105
21,0.25239984270874105
22,0.25239984270874105
23,0.25239984270874105
24,0.25239984270874105
25,0.25239984270874105
26,0.25239984270874105
27,0.25239984270874105
28,0.25239984270874105
29,0.25239984270874105
30,0.25239984270874105
31,0.25239984270874105
32,0.25239984270874105
33,0.25239984270874105
34,0.25239984270874105
35,0.25239984270874105
36,0.25239984270874105
37,0.25239984270874105
38,0.25239984270874105
39,0.25239984270874105
40,0.25239984270874105
41,0.25239984270874105
42,0.25239984270874105
43,0.25239984270874105
44,0.25239984270874105
45,0.25239984270874105
46,0.25239984270874105
47,0.25239984270874105
48,0.25239984270874105
49,0.25239984270874105
50,0.25239984270874105
51,0.25239984270874105
52,0.25239984270874105
53,0.25239984270874105
54,0.25239984270874105
55,0.25239984270874105
56,0.25239984270874105
57,0.25239984270874105
58,0.25239984270874105
59,0.25239984270874105
60,0.25239984270874105
61,0.25239984270874105
62,0.25239984270874105
63,0.25239984270874105
64,0.25239984270874105
65,0.25239984270874105
66,0.25239984270874105
67,0.25239984270874105
68,0.25239984270874105
69,0.25239984270874105
70,0.25239984270874105
71,0.25239984270874105
72,0.25239984270874105
73,0.25239984270874105
74,0.25239984270874105
75,0.25239984270874105
76,0.25239984270874105
77,0.25239984270874105
78,0.25239984270874105
79,0.25239984270874105
80,0.25239984270874105
81,0.25239984270874105
82,0.25239984270874105
83,0.25239984270874105
84,0.25239984270874105
85,0.25239984270874105
86,0.25239984270874105
87,0.25239984270874105
88,0.25239984270874105
89,0.25239984270874105
90,0.25239984270874105
91,0.25239984270874105
92,0.25239984270874105
93,0.25239984270874105
94,0.25239984270874105
95,0.25239984270874105
96,0.25239984270874105
97,0.25239984270874105
98,0.25239984270874105
99,0.25239984270874105
100,0.25239984270874105
101,0.25239984270874105
102,0.25239984270874105
103,0.25239984270874105
104,0.25239984270874105
105,0.25239984270874105
106,0.25239984270874105
107,0.25239984270874105
108,0.25239984270874105
109,0.25239984270874105
110,0.25239984270874105
111,0.25239984270874105
112,0.25239984270874105
113,0.25239984270874105
114,0.25239984270874105
115,0.25239984270874105
116,0.25239984270874105
117,0.25239984270874105
118,0.25239984270874105
119,0.25239984270874105
120,0.25239984270874105
121,0.25239984270874105
122,0.25239984270874105
123,0.25239984270874105
124,0.25239984270874105
125,0.25239984270874105
126,0.25239984270874105
127,0.25239984270874105
128,0.25239984270874105
129,0.25239984270874105
130,0.25239984270874105
131,0.25239984270874105
132,0.25239984270874105
133,0.25239984270874105
134,0.25239984270874105
135,0.25239984270874105
136,0.25239984270874105
137,0.25239984270874105
138,0.25239984270874105
139,0.25239984270874105
140,0.25239984270874105
141,0.25239984270874105
142,0.25239984270874105
143,0.25239984270874105
144,0.25239984270874105
145,0.25239984270874105
146,0.25239984270874105
147,0.25239984270874105
148,0.25239984270874105
149,0.25239984270874105
150,0.25239984270874105
151,0.25239984270874105
152,0.25239984270874105
153,0.25239984270874105
154,0.25239984270874105
155,0.25239984270874105
156,0.25239984270874105
157,0.25239984270874105
158,0.25239984270874105
159,0.25239984270874105
160,0.25239984270874105
161,0.25239984270874105
162,0.25239984270874105
163,0.25239984270874105
164,0.25239984270874105
165,0.25239984270874105
166,0.25239984270874105
167,0.25239984270874105
168,0.25239984270874105
169,0.25239984270874105
170,0.25239984270874105
171,0.25239984270874105
172,0.25239984270874105
173,0.25239984270874105
174,0.25239984270874105
175,0.25239984270874105
176,0.25239984270874105
177,0.25239984270874105
178,0.25239984270874105
179,0.25239984270874105
180,0.25239984270874105
181,0.25239984270874105
182,0.25239984270874105
183,0.25239984270874105
184,0.25239984270874105
185,0.25239984270874105
186,0.25239984270874105
187,0.25239984270874105
188,0.25239984270874105
189,0.25239984270874105
190,0.25239984270874105
191,0.25239984270874105
192,0.25239984270874105
193,0.25239984270874105
194,0.25239984270874105
195,0.25239984270874105
196,0.25239984270874105
197,0.25239984270874105
198,0.25239984270874105
199,0.25239984270874105
200,0.25239984270874105
201,0.25239984270874105
202,0.25239984270874105
203,0.25239984270874105
204,0.25239984270874105
205,0.25239984270874105
206,0.25239984270874105
207,0.25239984270874105
208,0.25239984270874105
209,0.25239984270874105
210,0.25239984270874105
211,0.25239984270874105
212,0.25239984270874105
213,0.25239984270874105
214,0.25239984270874105
215,0.25239984270874105
216,0.25239984270874105
217,0.25239984270874105
218,0.25239984270874105
219,0.25239984270874105
220,0.25239984270874105
221,0.25239984270874105
222,0.25239984270874105
223,0.25239984270874105
224,0.25239984270874105
225,0.25239984270874105
226,0.25239984270874105
227,0.25239984270874105
228,0.25239984270874105
229,0.25239984270874105
230,0.25239984270874105
231,0.25239984270874105
232,0.25239984270874105
233,0.25239984270874105
234,0.25239984270874105
235,0.25239984270874105
236,0.25239984270874105
237,0.25239984270874105
238,0.25239984270874105
239,0.25239984270874105
240,0.25239984270874105
241,0.25239984270874105
242,0.25239984270874105
243,0.25239984270874105
244,0.25239984270874105
245,0.25239984270874105
246,0.25239984270874105
247,0.25239984270874105
248,0.25239984270874105
249,0.25239984270874105
250,0.25239984270874105
251,0.25239984270874105
252,0.25239984270874105
253,0.25239984270874105
254,0.25239984270874105
255,0.25239984270874105
256,0.25239984270874105
257,0.25239984270874105
258,0.25239984270874105
259,0.25239984270874105
260,0.25239984270874105
261,0.25239984270874105
262,0.25239984270874105
263,0.25239984270874105
264,0.25239984270874105
265,0.25239984270874105
266,0.25239984270874105
267,0.25239984270874105
268,0.25239984270874105
269,0.25239984270874105
270,0.25239984270874105
271,0.25239984270874105
272,0.25239984270874105
273,0.25239984270874105
274,0.25239984270874105
275,0.25239984270874105
276,0.25239984270874105
277,0.25239984270874105
278,0.25239984270874105
279,0.25239984270874105
280,0.25239984270874105
281,0.25239984270874105
282,0.25239984270874105
283,0.25239984270874105
284,0.25239984270874105
285,0.25239984270874105
286,0.25239984270874105
287,0.25239984270874105
288,0.25239984270874105
289,0.25239984270874105
290,0.25239984270874105
291,0.25239984270874105
292,0.25239984270874105
293,0.25239984270874105
294,0.25239984270874105
295,0.25239984270874105
296,0.25239984270874105
297,0.25239984270874105
298,0.25239984270874105
299,0.25239984270874105
300,0.25239984270874105
301,0.25239984270874105
302,0.25239984270874105
303,0.25239984270874105
304,0.25239984270874105
305,0.25239984270874105
306,0.25239984270874105
307,0.25239984270874105
308,0.25239984270874105
309,0.25239984270874105
310,0.25239984270874105
311,0.25239984270874105
312,0.25239984270874105
313,0.25239984270874105
314,0.25239984270874105
315,0.25239984270874105
316,0.25239984270874105
317,0.25239984270874105
318,0.25239984270874105
319,0.25239984270874105
320,0.25239984270874105
321,0.25239984270874105
322,0.25239984270874105
323,0.25239984270874105
324,0.25239984270874105
325,0.25239984270874105
326,0.25239984270874105
327,0.25239984270874105
328,0.25239984270874105
329,0.25239984270874105
330,0.25239984270874105
331,0.25239984270874105
332,0.25239984270874105
333,0.25239984270874105
334,0.25239984270874105
335,0.25239984270874105
336,0.25239984270874105
337,0.25239984270874105
338,0.25239984270874105
339,0.25239984270874105
340,0.25239984270874105
341,0.25239984270874105
342,0.25239984270874105
343,0.25239984270874105
344,0.25239984270874105
345,0.25239984270874105
346,0.25239984270874105
347,0.25239984270874105
348,0.25239984270874105
349,0.25239984270874105
350,0.25239984270874105
351,0.25239984270874105
352,0.25239984270874105
353,0.25239984270874105
354,0.25239984270874105
355,0.25239984270874105
356,0.25239984270874105
357,0.25239984270874105
358,0.25239984270874105
359,0.25239984270874105
360,0.25239984270874105
361,0.25239984270874105
362,0.25239984270874105
