1,0.34641647191769315
2,0.28785076195261966
3,0.25733157799241674
4,0.2506848884412133
5,0.24998642030262447
6,0.25005459668022917
7,0.250134236565263
8,0.2501733136546385
9,0.2501897445242842
10,0.25019632329519226
11,0.2501989111240281
12,0.2501999222682857
13,0.2502003163342846
14,0.2502004697571608
15,0.25020052946651977
16,0.2502005527007901
17,0.25020056174124167
18,0.2502005652587998
19,0.2502005666274376
20,0.25020056715995553
21,0.25020056736715063
22,0.2502005674477675
23,0.250200567479134
24,0.25020056749133845
25,0.25020056749608693
26,0.25020056749793457
27,0.2502005674986534
28,0.250200567498933
29,0.2502005674990419
30,0.2502005674990844
31,0.25020056749910086
32,0.2502005674991069
33,0.25020056749910957
34,0.2502005674991107
35,0.250200567499111
36,0.2502005674991111
37,0.25020056749911107
38,0.2502005674991112
39,0.2502005674991112
40,0.2502005674991111
41,0.2502005674991111
42,0.2502005674991112
43,0.2502005674991112
44,0.2502005674991112
45,0.2502005674991112
46,0.2502005674991112
47,0.2502005674991112
48,0.2502005674991112
49,0.2502005674991112
50,0.2502005674991112
51,0.2502005674991112
52,0.2502005674991112
53,0.2502005674991112
54,0.2502005674991112
55,0.2502005674991112
56,0.2502005674991112
57,0.2502005674991112
58,0.2502005674991112
59,0.2502005674991112
60,0.2502005674991112
61,0.2502005674991112
62,0.2502005674991112
63,0.2502005674991112
64,0.2502005674991112
65,0.2502005674991112
66,0.2502005674991112
67,0.2502005674991112
68,0.2502005674991112
69,0.2502005674991112
70,0.2502005674991112
71,0.2502005674991112
72,0.2502005674991112
73,0.2502005674991112
74,0.2502005674991112
75,0.2502005674991112
76,0.2502005674991112
77,0.2502005674991112
78,0.2502005674991112
79,0.2502005674991112
80,0.2502005674991112
81,0.2502005674991112
82,0.2502005674991112
83,0.2502005674991112
84,0.2502005674991112
85,0.2502005674991112
86,0.2502005674991112
87,0.2502005674991112
88,0.2502005674991112
89,0.2502005674991112
90,0.2502005674991112
91,0.2502005674991112
92,0.2502005674991112
93,0.2502005674991112
94,0.2502005674991112
95,0.2502005674991112
96,0.2502005674991112
97,0.2502005674991112
98,0.2502005674991112
99,0.2502005674991112
100,0.2502005674991112
101,0.2502005674991112
102,0.2502005674991112
103,0.2502005674991112
104,0.2502005674991112
105,0.2502005674991112
106,0.2502005674991112
107,0.2502005674991112
108,0.2502005674991112
109,0.2502005674991112
110,0.2502005674991112
111,0.2502005674991112
112,0.2502005674991112
113,0.2502005674991112
114,0.2502005674991112
115,0.2502005674991112
116,0.2502005674991112
117,0.2502005674991112
118,0.2502005674991112
119,0.2502005674991112
120,0.2502005674991112
121,0.2502005674991112
122,0.2502005674991112
123,0.2502005674991112
124,0.2502005674991112
125,0.2502005674991112
126,0.2502005674991112
127,0.2502005674991112
128,0.2502005674991112
129,0.2502005674991112
130,0.2502005674991112
131,0.2502005674991112
132,0.2502005674991112
133,0.2502005674991112
134,0.2502005674991112
135,0.2502005674991112
136,0.2502005674991112
137,0.2502005674991112
138,0.2502005674991112
139,0.2502005674991112
140,0.2502005674991112
141,0.2502005674991112
142,0.2502005674991112
143,0.2502005674991112
144,0.2502005674991112
145,0.2502005674991112
146,0.2502005674991112
147,0.2502005674991112
148,0.2502005674991112
149,0.2502005674991112
150,0.2502005674991112
151,0.2502005674991112
152,0.2502005674991112
153,0.2502005674991112
154,0.2502005674991112
155,0.2502005674991112
156,0.2502005674991112
157,0.2502005674991112
158,0.2502005674991112
159,0.2502005674991112
160,0.2502005674991112
161,0.2502005674991112
162,0.2502005674991112
163,0.2502005674991112
164,0.2502005674991112
165,0.2502005674991112
166,0.2502005674991112
167,0.2502005674991112
168,0.2502005674991112
169,0.2502005674991112
170,0.2502005674991112
171,0.2502005674991112
172,0.2502005674991112
173,0.2502005674991112
174,0.2502005674991112
175,0.2502005674991112
176,0.2502005674991112
177,0.2502005674991112
178,0.2502005674991112
179,0.2502005674991112
180,0.2502005674991112
181,0.2502005674991112
182,0.2502005674991112
183,0.2502005674991112
184,0.2502005674991112
185,0.2502005674991112
186,0.2502005674991112
187,0.2502005674991112
188,0.2502005674991112
189,0.2502005674991112
190,0.2502005674991112
191,0.2502005674991112
192,0.2502005674991112
193,0.2502005674991112
194,0.2502005674991112
195,0.2502005674991112
196,0.2502005674991112
197,0.2502005674991112
198,0.2502005674991112
199,0.2502005674991112
200,0.2502005674991112
201,0.2502005674991112
202,0.2502005674991112
203,0.2502005674991112
204,0.2502005674991112
205,0.2502005674991112
206,0.2502005674991112
207,0.2502005674991112
208,0.2502005674991112
209,0.2502005674991112
210,0.2502005674991112
211,0.2502005674991112
212,0.2502005674991112
213,0.2502005674991112
214,0.2502005674991112
215,0.2502005674991112
216,0.2502005674991112
217,0.2502005674991112
218,0.2502005674991112
219,0.2502005674991112
220,0.2502005674991112
221,0.2502005674991112
222,0.2502005674991112
223,0.2502005674991112
224,0.2502005674991112
225,0.2502005674991112
226,0.2502005674991112
227,0.2502005674991112
228,0.2502005674991112
229,0.2502005674991112
230,0.2502005674991112
231,0.2502005674991112
232,0.2502005674991112
233,0.2502005674991112
234,0.2502005674991112
235,0.2502005674991112
236,0.2502005674991112
237,0.2502005674991112
238,0.2502005674991112
239,0.2502005674991112
240,0.2502005674991112
241,0.2502005674991112
242,0.2502005674991112
243,0.2502005674991112
244,0.2502005674991112
245,0.2502005674991112
246,0.2502005674991112
247,0.2502005674991112
248,0.2502005674991112
249,0.2502005674991112
250,0.2502005674991112
251,0.2502005674991112
252,0.2502005674991112
253,0.2502005674991112
254,0.2502005674991112
255,0.2502005674991112
256,0.2502005674991112
257,0.2502005674991112
258,0.2502005674991112
259,0.2502005674991112
260,0.2502005674991112
261,0.2502005674991112
262,0.2502005674991112
263,0.2502005674991112
264,0.2502005674991112
265,0.2502005674991112
266,0.2502005674991112
267,0.2502005674991112
268,0.2502005674991112
269,0.2502005674991112
270,0.2502005674991112
271,0.2502005674991112
272,0.2502005674991112
273,0.2502005674991112
274,0.2502005674991112
275,0.2502005674991112
276,0.2502005674991112
277,0.2502005674991112
278,0.2502005674991112
279,0.2502005674991112
280,0.2502005674991112
281,0.2502005674991112
282,0.2502005674991112
283,0.2502005674991112
284,0.2502005674991112
285,0.2502005674991112
286,0.2502005674991112
287,0.2502005674991112
288,0.2502005674991112
289,0.2502005674991112
290,0.2502005674991112
291,0.2502005674991112
292,0.2502005674991112
293,0.2502005674991112
294,0.2502005674991112
295,0.2502005674991112
296,0.2502005674991112
297,0.2502005674991112
298,0.2502005674991112
299,0.2502005674991112
300,0.2502005674991112
301,0.2502005674991112
302,0.2502005674991112
303,0.2502005674991112
304,0.2502005674991112
305,0.2502005674991112
306,0.2502005674991112
307,0.2502005674991112
308,0.2502005674991112
309,0.2502005674991112
310,0.2502005674991112
311,0.2502005674991112
312,0.2502005674991112
313,0.2502005674991112
314,0.2502005674991112
315,0.2502005674991112
316,0.2502005674991112
317,0.2502005674991112
318,0.2502005674991112
319,0.2502005674991112
320,0.2502005674991112
321,0.2502005674991112
322,0.2502005674991112
323,0.2502005674991112
324,0.2502005674991112
325,0.2502005674991112
326,0.2502005674991112
327,0.2502005674991112
328,0.2502005674991112
329,0.2502005674991112
330,0.2502005674991112
331,0.2502005674991112
332,0.2502005674991112
333,0.2502005674991112
334,0.2502005674991112
335,0.2502005674991112
336,0.2502005674991112
337,0.2502005674991112
338,0.2502005674991112
339,0.2502005674991112
340,0.2502005674991112
341,0.2502005674991112
342,0.2502005674991112
343,0.2502005674991112
344,0.2502005674991112
345,0.2502005674991112
346,0.2502005674991112
347,0.2502005674991112
348,0.2502005674991112
349,0.2502005674991112
350,0.2502005674991112
351,0.2502005674991112
352,0.2502005674991112
353,0.2502005674991112
354,0.2502005674991112
355,0.2502005674991112
356,0.2502005674991112
357,0.2502005674991112
358,0.2502005674991112
359,0.2502005674991112
360,0.2502005674991112
361,0.2502005674991112
362,0.2502005674991112
363,0.2502005674991112
364,0.2502005674991112
365,0.2502005674991112
366,0.2502005674991112
367,0.2502005674991112
368,0.2502005674991112
369,0.2502005674991112
370,0.2502005674991112
371,0.2502005674991112
372,0.2502005674991112
373,0.2502005674991112
374,0.2502005674991112
375,0.2502005674991112
376,0.2502005674991112
377,0.2502005674991112
378,0.2502005674991112
379,0.2502005674991112
380,0.2502005674991112
381,0.2502005674991112
382,0.2502005674991112
383,0.2502005674991112
384,0.2502005674991112
385,0.2502005674991112
386,0.2502005674991112
387,0.2502005674991112
388,0.2502005674991112
389,0.2502005674991112
390,0.2502005674991112
391,0.2502005674991112
392,0.2502005674991112
393,0.2502005674991112
394,0.2502005674991112
395,0.2502005674991112
396,0.2502005674991112
397,0.2502005674991112
398,0.2502005674991112
399,0.2502005674991112
400,0.2502005674991112
401,0.2502005674991112
402,0.2502005674991112
403,0.2502005674991112
404,0.2502005674991112
405,0.2502005674991112
406,0.2502005674991112
407,0.2502005674991112
408,0.2502005674991112
409,0.2502005674991112
410,0.2502005674991112
411,0.2502005674991112
412,0.2502005674991112
413,0.2502005674991112
414,0.2502005674991112
415,0.2502005674991112
416,0.2502005674991112
417,0.2502005674991112
418,0.2502005674991112
419,0.2502005674991112
420,0.2502005674991112
421,0.2502005674991112
422,0.2502005674991112
423,0.2502005674991112
424,0.2502005674991112
425,0.2502005674991112
426,0.2502005674991112
427,0.2502005674991112
428,0.2502005674991112
429,0.2502005674991112
430,0.2502005674991112
431,0.2502005674991112
432,0.2502005674991112
433,0.2502005674991112
434,0.2502005674991112
435,0.2502005674991112
436,0.2502005674991112
437,0.2502005674991112
438,0.2502005674991112
439,0.2502005674991112
440,0.2502005674991112
441,0.2502005674991112
442,0.2502005674991112
443,0.2502005674991112
444,0.2502005674991112
445,0.2502005674991112
446,0.2502005674991112
447,0.2502005674991112
448,0.2502005674991112
449,0.2502005674991112
450,0.2502005674991112
451,0.2502005674991112
452,0.2502005674991112
453,0.2502005674991112
454,0.2502005674991112
455,0.2502005674991112
456,0.2502005674991112
457,0.2502005674991112
458,0.2502005674991112
459,0.2502005674991112
460,0.2502005674991112
461,0.2502005674991112
462,0.2502005674991112
463,0.2502005674991112
464,0.2502005674991112
465,0.2502005674991112
466,0.2502005674991112
467,0.2502005674991112
468,0.2502005674991112
469,0.2502005674991112
470,0.2502005674991112
471,0.2502005674991112
472,0.2502005674991112
473,0.2502005674991112
474,0.2502005674991112
475,0.2502005674991112
476,0.2502005674991112
477,0.2502005674991112
478,0.2502005674991112
479,0.2502005674991112
480,0.2502005674991112
481,0.2502005674991112
482,0.2502005674991112
483,0.2502005674991112
484,0.2502005674991112
485,0.2502005674991112
486,0.2502005674991112
487,0.2502005674991112
488,0.2502005674991112
489,0.2502005674991112
490,0.2502005674991112
491,0.2502005674991112
492,0.2502005674991112
493,0.2502005674991112
494,0.2502005674991112
495,0.2502005674991112
496,0.2502005674991112
497,0.2502005674991112
498,0.2502005674991112
499,0.2502005674991112
500,0.2502005674991112
501,0.2502005674991112
502,0.2502005674991112
503,0.2502005674991112
504,0.2502005674991112
505,0.2502005674991112
506,0.2502005674991112
507,0.2502005674991112
508,0.2502005674991112
509,0.2502005674991112
510,0.2502005674991112
511,0.2502005674991112
512,0.2502005674991112
513,0.2502005674991112
514,0.2502005674991112
515,0.2502005674991112
516,0.2502005674991112
517,0.2502005674991112
518,0.2502005674991112
519,0.2502005674991112
520,0.2502005674991112
521,0.2502005674991112
522,0.2502005674991112
523,0.2502005674991112
524,0.2502005674991112
525,0.2502005674991112
526,0.2502005674991112
527,0.2502005674991112
528,0.2502005674991112
529,0.2502005674991112
530,0.2502005674991112
531,0.2502005674991112
532,0.2502005674991112
533,0.2502005674991112
534,0.2502005674991112
535,0.2502005674991112
536,0.2502005674991112
537,0.2502005674991112
538,0.2502005674991112
539,0.2502005674991112
540,0.2502005674991112
541,0.2502005674991112
542,0.2502005674991112
543,0.2502005674991112
544,0.2502005674991112
545,0.2502005674991112
546,0.2502005674991112
547,0.2502005674991112
548,0.2502005674991112
549,0.2502005674991112
550,0.2502005674991112
551,0.2502005674991112
552,0.2502005674991112
553,0.2502005674991112
554,0.2502005674991112
555,0.2502005674991112
556,0.2502005674991112
557,0.2502005674991112
558,0.2502005674991112
559,0.2502005674991112
560,0.2502005674991112
561,0.2502005674991112
562,0.2502005674991112
563,0.2502005674991112
564,0.2502005674991112
565,0.2502005674991112
566,0.2502005674991112
567,0.2502005674991112
568,0.2502005674991112
569,0.2502005674991112
570,0.2502005674991112
571,0.2502005674991112
572,0.2502005674991112
573,0.2502005674991112
574,0.2502005674991112
575,0.2502005674991112
576,0.2502005674991112
577,0.2502005674991112
578,0.2502005674991112
579,0.2502005674991112
580,0.2502005674991112
581,0.2502005674991112
582,0.2502005674991112
583,0.2502005674991112
584,0.2502005674991112
585,0.2502005674991112
586,0.2502005674991112
587,0.2502005674991112
588,0.2502005674991112
589,0.2502005674991112
590,0.2502005674991112
591,0.2502005674991112
592,0.2502005674991112
593,0.2502005674991112
594,0.2502005674991112
595,0.2502005674991112
596,0.2502005674991112
597,0.2502005674991112
598,0.2502005674991112
599,0.2502005674991112
600,0.2502005674991112
601,0.2502005674991112
602,0.2502005674991112
603,0.2502005674991112
604,0.2502005674991112
605,0.2502005674991112
606,0.2502005674991112
607,0.2502005674991112
608,0.2502005674991112
