1,0.5099818591915668
2,0.2967330427095665
3,0.25822554815507687
4,0.25822554815507687
5,0.25822554815507687
6,0.25822554815507687
7,0.25822554815507687
8,0.25822554815507687
9,0.25822554815507687
10,0.25822554815507687
11,0.25822554815507687
12,0.25822554815507687
13,0.25822554815507687
14,0.25822554815507687
15,0.25822554815507687
16,0.25822554815507687
17,0.25822554815507687
18,0.25822554815507687
19,0.25822554815507687
20,0.25822554815507687
21,0.25822554815507687
22,0.25822554815507687
23,0.25822554815507687
24,0.25822554815507687
25,0.25822554815507687
26,0.25822554815507687
27,0.25822554815507687
28,0.25822554815507687
29,0.25822554815507687
30,0.25822554815507687
31,0.25822554815507687
32,0.25822554815507687
33,0.25822554815507687
34,0.25822554815507687
35,0.25822554815507687
36,0.25822554815507687
37,0.25822554815507687
38,0.25822554815507687
39,0.25822554815507687
40,0.25822554815507687
41,0.25822554815507687
42,0.25822554815507687
43,0.25822554815507687
44,0.25822554815507687
45,0.25822554815507687
46,0.25822554815507687
47,0.25822554815507687
48,0.25822554815507687
49,0.25822554815507687
50,0.25822554815507687
51,0.25822554815507687
52,0.25822554815507687
53,0.25822554815507687
54,0.25822554815507687
55,0.25822554815507687
56,0.25822554815507687
57,0.25822554815507687
58,0.25822554815507687
59,0.25822554815507687
60,0.25822554815507687
61,0.25822554815507687
62,0.25822554815507687
63,0.25822554815507687
64,0.25822554815507687
65,0.25822554815507687
66,0.25822554815507687
67,0.25822554815507687
68,0.25822554815507687
69,0.25822554815507687
70,0.25822554815507687
71,0.25822554815507687
72,0.25822554815507687
73,0.25822554815507687
74,0.25822554815507687
75,0.25822554815507687
76,0.25822554815507687
77,0.25822554815507687
78,0.25822554815507687
79,0.25822554815507687
80,0.25822554815507687
81,0.25822554815507687
82,0.25822554815507687
83,0.25822554815507687
84,0.25822554815507687
85,0.25822554815507687
86,0.25822554815507687
87,0.25822554815507687
88,0.25822554815507687
89,0.25822554815507687
90,0.25822554815507687
91,0.25822554815507687
92,0.25822554815507687
93,0.25822554815507687
94,0.25822554815507687
95,0.25822554815507687
96,0.25822554815507687
97,0.25822554815507687
98,0.25822554815507687
99,0.25822554815507687
100,0.25822554815507687
101,0.25822554815507687
102,0.25822554815507687
103,0.25822554815507687
104,0.25822554815507687
105,0.25822554815507687
106,0.25822554815507687
107,0.25822554815507687
108,0.25822554815507687
109,0.25822554815507687
110,0.25822554815507687
111,0.25822554815507687
112,0.25822554815507687
113,0.25822554815507687
114,0.25822554815507687
115,0.25822554815507687
116,0.25822554815507687
117,0.25822554815507687
118,0.25822554815507687
119,0.25822554815507687
120,0.25822554815507687
121,0.25822554815507687
122,0.25822554815507687
123,0.25822554815507687
124,0.25822554815507687
125,0.25822554815507687
126,0.25822554815507687
127,0.25822554815507687
128,0.25822554815507687
129,0.25822554815507687
130,0.25822554815507687
131,0.25822554815507687
132,0.25822554815507687
133,0.25822554815507687
134,0.25822554815507687
135,0.25822554815507687
136,0.25822554815507687
137,0.25822554815507687
138,0.25822554815507687
139,0.25822554815507687
140,0.25822554815507687
141,0.25822554815507687
142,0.25822554815507687
143,0.25822554815507687
144,0.25822554815507687
145,0.25822554815507687
146,0.25822554815507687
147,0.25822554815507687
148,0.25822554815507687
149,0.25822554815507687
150,0.25822554815507687
151,0.25822554815507687
152,0.25822554815507687
153,0.25822554815507687
154,0.25822554815507687
155,0.25822554815507687
156,0.25822554815507687
157,0.25822554815507687
158,0.25822554815507687
159,0.25822554815507687
160,0.25822554815507687
161,0.25822554815507687
162,0.25822554815507687
163,0.25822554815507687
164,0.25822554815507687
165,0.25822554815507687
166,0.25822554815507687
167,0.25822554815507687
168,0.25822554815507687
169,0.25822554815507687
170,0.25822554815507687
171,0.25822554815507687
172,0.25822554815507687
173,0.25822554815507687
174,0.25822554815507687
175,0.25822554815507687
176,0.25822554815507687
177,0.25822554815507687
178,0.25822554815507687
179,0.25822554815507687
180,0.25822554815507687
181,0.25822554815507687
182,0.25822554815507687
183,0.25822554815507687
184,0.25822554815507687
185,0.25822554815507687
186,0.25822554815507687
187,0.25822554815507687
188,0.25822554815507687
189,0.25822554815507687
190,0.25822554815507687
191,0.25822554815507687
192,0.25822554815507687
193,0.25822554815507687
194,0.25822554815507687
195,0.25822554815507687
196,0.25822554815507687
197,0.25822554815507687
198,0.25822554815507687
199,0.25822554815507687
200,0.25822554815507687
201,0.25822554815507687
202,0.25822554815507687
203,0.25822554815507687
204,0.25822554815507687
205,0.25822554815507687
206,0.25822554815507687
207,0.25822554815507687
208,0.25822554815507687
209,0.25822554815507687
210,0.25822554815507687
211,0.25822554815507687
212,0.25822554815507687
213,0.25822554815507687
214,0.25822554815507687
215,0.25822554815507687
216,0.25822554815507687
217,0.25822554815507687
218,0.25822554815507687
219,0.25822554815507687
220,0.25822554815507687
221,0.25822554815507687
222,0.25822554815507687
223,0.25822554815507687
224,0.25822554815507687
225,0.25822554815507687
226,0.25822554815507687
227,0.25822554815507687
228,0.25822554815507687
229,0.25822554815507687
230,0.25822554815507687
231,0.25822554815507687
232,0.25822554815507687
233,0.25822554815507687
234,0.25822554815507687
235,0.25822554815507687
236,0.25822554815507687
237,0.25822554815507687
238,0.25822554815507687
239,0.25822554815507687
240,0.25822554815507687
241,0.25822554815507687
242,0.25822554815507687
243,0.25822554815507687
244,0.25822554815507687
245,0.25822554815507687
246,0.25822554815507687
247,0.25822554815507687
248,0.25822554815507687
249,0.25822554815507687
250,0.25822554815507687
251,0.25822554815507687
252,0.25822554815507687
253,0.25822554815507687
254,0.25822554815507687
255,0.25822554815507687
256,0.25822554815507687
257,0.25822554815507687
258,0.25822554815507687
259,0.25822554815507687
260,0.25822554815507687
261,0.25822554815507687
262,0.25822554815507687
263,0.25822554815507687
264,0.25822554815507687
265,0.25822554815507687
266,0.25822554815507687
267,0.25822554815507687
268,0.25822554815507687
269,0.25822554815507687
270,0.25822554815507687
271,0.25822554815507687
272,0.25822554815507687
273,0.25822554815507687
274,0.25822554815507687
275,0.25822554815507687
276,0.25822554815507687
277,0.25822554815507687
278,0.25822554815507687
279,0.25822554815507687
280,0.25822554815507687
281,0.25822554815507687
282,0.25822554815507687
283,0.25822554815507687
284,0.25822554815507687
285,0.25822554815507687
286,0.25822554815507687
287,0.25822554815507687
288,0.25822554815507687
289,0.25822554815507687
290,0.25822554815507687
291,0.25822554815507687
292,0.25822554815507687
293,0.25822554815507687
294,0.25822554815507687
295,0.25822554815507687
296,0.25822554815507687
297,0.25822554815507687
298,0.25822554815507687
299,0.25822554815507687
300,0.25822554815507687
301,0.25822554815507687
302,0.25822554815507687
303,0.25822554815507687
304,0.25822554815507687
305,0.25822554815507687
306,0.25822554815507687
307,0.25822554815507687
308,0.25822554815507687
309,0.25822554815507687
310,0.25822554815507687
311,0.25822554815507687
312,0.25822554815507687
313,0.25822554815507687
314,0.25822554815507687
315,0.25822554815507687
316,0.25822554815507687
317,0.25822554815507687
318,0.25822554815507687
319,0.25822554815507687
320,0.25822554815507687
321,0.25822554815507687
322,0.25822554815507687
323,0.25822554815507687
324,0.25822554815507687
325,0.25822554815507687
326,0.25822554815507687
327,0.25822554815507687
328,0.25822554815507687
329,0.25822554815507687
330,0.25822554815507687
331,0.25822554815507687
332,0.25822554815507687
333,0.25822554815507687
334,0.25822554815507687
335,0.25822554815507687
336,0.25822554815507687
337,0.25822554815507687
338,0.25822554815507687
339,0.25822554815507687
340,0.25822554815507687
341,0.25822554815507687
342,0.25822554815507687
343,0.25822554815507687
344,0.25822554815507687
345,0.25822554815507687
346,0.25822554815507687
347,0.25822554815507687
348,0.25822554815507687
349,0.25822554815507687
350,0.25822554815507687
351,0.25822554815507687
352,0.25822554815507687
353,0.25822554815507687
354,0.25822554815507687
355,0.25822554815507687
356,0.25822554815507687
357,0.25822554815507687
358,0.25822554815507687
359,0.25822554815507687
360,0.25822554815507687
361,0.25822554815507687
362,0.25822554815507687
363,0.25822554815507687
364,0.25822554815507687
365,0.25822554815507687
366,0.25822554815507687
367,0.25822554815507687
368,0.25822554815507687
369,0.25822554815507687
370,0.25822554815507687
371,0.25822554815507687
372,0.25822554815507687
373,0.25822554815507687
374,0.25822554815507687
375,0.25822554815507687
376,0.25822554815507687
377,0.25822554815507687
378,0.25822554815507687
379,0.25822554815507687
380,0.25822554815507687
381,0.25822554815507687
382,0.25822554815507687
383,0.25822554815507687
384,0.25822554815507687
385,0.25822554815507687
386,0.25822554815507687
387,0.25822554815507687
388,0.25822554815507687
389,0.25822554815507687
