1,0.2737019982496917
2,0.25173724461789765
3,0.25173650073054915
4,0.25173579214841263
5,0.251735073030171
6,0.2517343431472596
7,0.25173360226495267
8,0.25173285014186253
9,0.2517320865297106
10,0.25173131117308606
11,0.2517305238091971
12,0.2517297241676075
13,0.25172891196996927
14,0.25172808692973553
15,0.2517272487518701
16,0.25172639713253964
17,0.251725531758791
18,0.2517246523082237
19,0.2517237584486364
20,0.2517228498376687
21,0.2517219261224211
22,0.2517209869390606
23,0.25172003191240916
24,0.2517190606555144
25,0.25171807276920055
26,0.2517170678415985
27,0.2517160454476592
28,0.2517150051486388
29,0.25171394649156587
30,0.25171286900868256
31,0.25171177221686
32,0.25171065561698713
33,0.251709518693333
34,0.25170836091287585
35,0.2517071817246046
36,0.2517059805587863
37,0.25170475682619925
38,0.25170350991733026
39,0.2517022392015324
40,0.25170094402614446
41,0.25169962371556776
42,0.2516982775702972
43,0.25169690486590685
44,0.2516955048519877
45,0.2516940767510274
46,0.25169261975724494
47,0.25169113303535706
48,0.2516896157192931
49,0.2516880669108405
50,0.2516864856782239
51,0.25168487105461423
52,0.2516832220365608
53,0.25168153758234935
54,0.2516798166102702
55,0.2516780579968029
56,0.25167626057470843
57,0.2516744231310233
58,0.25167254440494985
59,0.2516706230856409
60,0.25166865780987113
61,0.25166664715958464
62,0.25166458965931876
63,0.25166248377349953
64,0.2516603279035901
65,0.2516581203850965
66,0.2516558594844207
67,0.2516535433955498
68,0.2516511702365728
69,0.25164873804602733
70,0.2516462447790508
71,0.25164368830334194
72,0.251641066394918
73,0.25163837673365425
74,0.25163561689860997
75,0.2516327843631152
76,0.25162987648962176
77,0.2516268905243063
78,0.25162382359141444
79,0.2516206726873418
80,0.2516174346744443
81,0.25161410627456954
82,0.2516106840623043
83,0.2516071644579418
84,0.25160354372015664
85,0.2515998179383956
86,0.2515959830249869
87,0.25159203470697816
88,0.25158796851770404
89,0.25158377978811564
90,0.25157946363788597
91,0.25157501496632045
92,0.2515704284431158
93,0.25156569849901167
94,0.2515608193164027
95,0.2515557848199723
96,0.25155058866745234
97,0.25154522424060355
98,0.2515396846365546
99,0.25153396265965344
100,0.2515280508140014
101,0.25152194129689714
102,0.251515625993427
103,0.2515090964725023
104,0.2515023439846669
105,0.25149535946207174
106,0.25148813352104993
107,0.2514806564678056
108,0.2514729183077864
109,0.25146490875938454
110,0.25145661727269286
111,0.2514480330541287
112,0.2514391450978112
113,0.2514299422246739
114,0.2514204131303729
115,0.25141054644312666
116,0.2514003307926881
117,0.2513897548916968
118,0.2513788076306734
119,0.2513674781879144
120,0.2513557561554662
121,0.25134363168224366
122,0.25133109563515643
123,0.2513181397788094
124,0.2513047569739517
125,0.25129094139432034
126,0.25127668876085574
127,0.25126199659147386
128,0.251246864463604
129,0.2512312942855921
130,0.25121529057184755
131,0.25119886071528413
132,0.25118201524923023
133,0.2511647680896779
134,0.2511471367475365
135,0.2511291424996345
136,0.2511108105066472
137,0.251092169866121
138,0.2510732535893791
139,0.2510540984924988
140,0.2510347449937767
141,0.2510152368131606
142,0.2509956205729608
143,0.25097594530358314
144,0.25095626186283354
145,0.25093662228214847
146,0.2509170790576122
147,0.25089768440735394
148,0.2508784895195775
149,0.2508595438167641
150,0.2508408942613032
151,0.2508225847259843
152,0.2508046554495108
153,0.250787142592742
154,0.25077007790613803
155,0.25075348851327806
156,0.2507373968098071
157,0.2507218204721385
158,0.2507067725659997
159,0.25069226174171944
160,0.25067829250103274
161,0.25066486551920875
162,0.25065197800628564
163,0.250639624092046
164,0.25062779522082024
165,0.2506164805441044
166,0.25060566730107814
167,0.2505953411792861
168,0.2505854866498132
169,0.2505760872731985
170,0.25056712597399683
171,0.2505585852832621
172,0.2505504475493738
173,0.250542695118437
174,0.25053531048612154
175,0.25052827642319253
176,0.25052157607720704
177,0.25051519305295733
178,0.25050911147420635
179,0.2505033160291781
180,0.2504977920021161
181,0.2504925252930342
182,0.25048750242759465
183,0.25048271055883675
184,0.25047813746227154
185,0.2504737715256758
186,0.2504696017347219
187,0.2504656176554277
188,0.25046180941424595
189,0.25045816767649115
190,0.25045468362367757
191,0.2504513489302388
192,0.2504481557400145
193,0.25044509664280984
194,0.25044216465127206
195,0.2504393531782722
196,0.25043665601493226
197,0.2504340673094105
198,0.25043158154650663
199,0.25042919352814813
200,0.2504268983547783
201,0.2504246914076565
202,0.2504225683320718
203,0.2504205250214575
204,0.2504185576023876
205,0.2504166624204223
206,0.2504148360267833
207,0.25041307516581457
208,0.2504113767632036
209,0.250409737914919
210,0.25040815587683124
211,0.2504066280549812
212,0.2504051519964598
213,0.25040372538085853
214,0.25040234601226835
215,0.2504010118117839
216,0.25039972081048384
217,0.25039847114286434
218,0.2503972610406883
219,0.2503960888272284
220,0.2503949529118787
221,0.2503938517851082
222,0.25039278401373805
223,0.2503917482365179
224,0.25039074315997945
225,0.25038976755455866
226,0.25038882025095577
227,0.25038790013672674
228,0.25038700615308995
229,0.25038613729192377
230,0.2503852925929621
231,0.2503844711411515
232,0.25038367206417855
233,0.2503828945301448
234,0.2503821377453827
235,0.2503814009524065
236,0.25038068342798336
237,0.2503799844813212
238,0.25037930345236564
239,0.2503786397101945
240,0.2503779926515113
241,0.25037736169922137
242,0.2503767463010952
243,0.25037614592850876
244,0.25037556007525136
245,0.25037498825640897
246,0.25037443000730464
247,0.25037388488250206
248,0.2503733524548635
249,0.25037283231466173
250,0.25037232406873833
251,0.25037182733971225
252,0.2503713417652284
253,0.2503708669972468
254,0.2503704027013737
255,0.2503699485562249
256,0.25036950425282445
257,0.2503690694940348
258,0.2503686439940181
259,0.25036822747772464
260,0.2503678196804058
261,0.25036742034715775
262,0.2503670292324818
263,0.25036664609987264
264,0.250366270721424
265,0.25036590287745614
266,0.25036554235616054
267,0.2503651889532625
268,0.2503648424717019
269,0.2503645027213268
270,0.25036416951860574
271,0.2503638426863495
272,0.25036352205345036
273,0.2503632074546307
274,0.2503628987302061
275,0.2503625957258575
276,0.2503622982924148
277,0.25036200628565136
278,0.2503617195660875
279,0.2503614379988018
280,0.2503611614532524
281,0.25036088980310733
282,0.25036062292608
283,0.2503603607037749
284,0.2503601030215355
285,0.2503598497683067
286,0.2503596008364949
287,0.25035935612183985
288,0.25035911552328965
289,0.2503588789428825
290,0.250358646285632
291,0.2503584174594189
292,0.25035819237488594
293,0.25035797094533924
294,0.25035775308665065
295,0.2503575387171686
296,0.25035732775762737
297,0.250357120131065
298,0.25035691576274166
299,0.250356714580062
300,0.2503565165125013
301,0.25035632149153275
302,0.25035612945056124
303,0.25035594032485586
304,0.2503557540514869
305,0.25035557056926655
306,0.25035538981868866
307,0.2503552117418738
308,0.2503550362825159
309,0.2503548633858296
310,0.2503546929985004
311,0.25035452506863837
312,0.25035435954572993
313,0.2503541963805955
314,0.2503540355253446
315,0.2503538769333378
316,0.25035372055914423
317,0.25035356635850625
318,0.2503534142882994
319,0.25035326430650123
320,0.25035311637215374
321,0.2503529704453325
322,0.25035282648711393
323,0.2503526844595461
324,0.2503525443256181
325,0.25035240604923215
326,0.25035226959517665
327,0.2503521349290984
328,0.2503520020174802
329,0.2503518708276122
330,0.2503517413275692
331,0.2503516134861918
332,0.2503514872730588
333,0.2503513626584685
334,0.2503512396134177
335,0.25035111810958166
336,0.2503509981192954
337,0.25035087961553265
338,0.25035076257189176
339,0.2503506469625744
340,0.2503505327623709
341,0.25035041994664314
342,0.25035030849131057
343,0.25035019837283085
344,0.2503500895681894
345,0.25034998205488257
346,0.25034987581090457
347,0.25034977081473453
348,0.2503496670453216
349,0.25034956448207507
350,0.2503494631048503
351,0.25034936289393767
352,0.2503492638300507
353,0.2503491658943148
354,0.25034906906825766
355,0.25034897333379785
356,0.25034887867323496
357,0.2503487850692395
358,0.250348692504844
359,0.25034860096343414
360,0.25034851042873724
361,0.25034842088481757
362,0.2503483323160651
363,0.25034824470718786
364,0.25034815804320487
365,0.2503480723094375
366,0.2503479874915024
367,0.25034790357530395
368,0.2503478205470285
369,0.25034773839313534
370,0.2503476571003523
371,0.25034757665566704
372,0.25034749704632303
373,0.25034741825981155
374,0.2503473402838673
375,0.2503472631064615
376,0.2503471867157976
377,0.25034711110030394
378,0.25034703624862975
379,0.25034696214964
380,0.2503468887924108
381,0.25034681616622195
382,0.2503467442605568
383,0.2503466730650928
384,0.2503466025697003
385,0.2503465327644369
386,0.2503464636395433
387,0.2503463951854403
388,0.2503463273927217
389,0.2503462602521544
390,0.25034619375467104
391,0.2503461278913703
392,0.25034606265350784
393,0.25034599803249824
394,0.2503459340199077
395,0.25034587060745306
396,0.25034580778699705
397,0.2503457455505463
398,0.2503456838902462
399,0.25034562279838174
400,0.25034556226737026
