1,0.28390358665012133
2,0.26486143581393956
3,0.26430552553878556
4,0.2642634111535876
5,0.2642257421631505
6,0.2641919733386935
7,0.2641616244327673
8,0.26413427553464885
9,0.26410956122943546
10,0.26408716441779373
11,0.26406681030117707
12,0.2640482608033864
13,0.26403130955103415
14,0.26401577744589455
15,0.2640015088112106
16,0.2639883680676298
17,0.2639762368830621
18,0.26396501173818077
19,0.26395460185157676
20,0.2639449274132853
21,0.26393591808111744
22,0.26392751170007167
23,0.26391965321064526
24,0.2639122937169114
25,0.2639053896896663
26,0.2638989022837989
27,0.2638927967523287
28,0.2638870419423588
29,0.2638816098605259
30,0.26387647529753333
31,0.2638716155029829
32,0.263867009903136
33,0.263862639855363
34,0.26385848843403703
35,0.26385454024342175
36,0.2638507812537853
37,0.263847198657549
38,0.26384378074274445
39,0.26384051678146575
40,0.2638373969313371
41,0.2638344121482985
42,0.26383155410925835
43,0.2638288151433658
44,0.2638261881708243
45,0.2638236666483208
46,0.2638212445202649
47,0.2638189161751466
48,0.26381667640640627
49,0.2638145203772922
50,0.26381244358924755
51,0.26381044185342745
52,0.2638085112649983
53,0.2638066481799094
54,0.26380484919386993
55,0.2638031111232953
56,0.26380143098801184
57,0.26379980599553976
58,0.26379823352678655
59,0.26379671112301323
60,0.2637952364739372
61,0.26379380740686964
62,0.2637924218767743
63,0.2637910779571682
64,0.26378977383177743
65,0.2637885077868787
66,0.2637872782042629
67,0.2637860835547635
68,0.26378492239229734
69,0.263783793348371
70,0.2637826951270127
71,0.2637816265000937
72,0.26378058630299883
73,0.26377957343062525
74,0.26377858683367367
75,0.2637776255152108
76,0.26377668852748276
77,0.26377577496895166
78,0.2637748839815449
79,0.26377401474809553
80,0.2637731664899608
81,0.26377233846479975
82,0.26377152996450737
83,0.26377074031328085
84,0.26376996886582
85,0.2637692150056386
86,0.2637684781434939
87,0.26376775771590993
88,0.2637670531837977
89,0.26376636403116366
90,0.26376568976389586
91,0.2637650299086284
92,0.26376438401167185
93,0.2637637516380102
94,0.2637631323703606
95,0.2637625258082834
96,0.26376193156735056
97,0.26376134927835826
98,0.2637607785865868
99,0.26376021915110376
100,0.263759670644105
101,0.2637591327502941
102,0.263758605166296
103,0.26375808760010283
104,0.26375757977055014
105,0.2637570814068226
106,0.263756592247985
107,0.26375611204253935
108,0.26375564054800443
109,0.26375517753051875
110,0.26375472276446266
111,0.2637542760321023
112,0.2637538371232483
113,0.26375340583493534
114,0.26375298197111696
115,0.26375256534237296
116,0.263752155765635
117,0.2637517530639245
118,0.26375135706610214
119,0.2637509676066313
120,0.26375058452535
121,0.26375020766725865
122,0.2637498368823136
123,0.26374947202523025
124,0.2637491129552992
125,0.2637487595362077
126,0.2637484116358696
127,0.2637480691262646
128,0.26374773188328304
129,0.2637473997865788
130,0.26374707271942854
131,0.2637467505685967
132,0.26374643322420793
133,0.26374612057962216
134,0.26374581253131807
135,0.2637455089787805
136,0.263745209824393
137,0.263744914973333
138,0.2637446243334744
139,0.26374433781529255
140,0.2637440553317737
141,0.26374377679832695
142,0.2637435021327013
143,0.2637432312549067
144,0.26374296408713627
145,0.2637427005536924
146,0.2637424405809164
147,0.26374218409712036
148,0.263741931032523
149,0.2637416813191854
150,0.26374143489095153
151,0.2637411916833904
152,0.26374095163374006
153,0.26374071468085536
154,0.2637404807651545
155,0.2637402498285711
156,0.26374002181450507
157,0.2637397966677787
158,0.2637395743345902
159,0.2637393547624737
160,0.263739137900255
161,0.2637389236980158
162,0.26373871210705224
163,0.2637385030798409
164,0.2637382965700016
165,0.26373809253226427
166,0.2637378909224354
167,0.26373769169736755
168,0.2637374948149267
169,0.26373730023396447
170,0.2637371079142887
171,0.26373691781663616
172,0.2637367299026463
173,0.2637365441348345
174,0.26373636047656873
175,0.26373617889204376
176,0.26373599934625996
177,0.26373582180499855
178,0.26373564623480283
179,0.2637354726029541
180,0.2637353008774544
181,0.263735131027004
182,0.2637349630209849
183,0.26373479682944084
184,0.26373463242306033
185,0.26373446977315906
186,0.26373430885166366
187,0.26373414963109526
188,0.2637339920845538
189,0.2637338361857028
190,0.263733681908755
191,0.26373352922845905
192,0.2637333781200832
193,0.2637332285594039
194,0.2637330805226934
195,0.26373293398670583
196,0.2637327889286643
197,0.263732645326252
198,0.2637325031575984
199,0.26373236240126746
200,0.2637322230362502
201,0.26373208504195084
202,0.2637319483981782
203,0.2637318130851361
204,0.2637316790834126
205,0.26373154637397206
206,0.26373141493814495
207,0.2637312847576198
208,0.2637311558144344
209,0.26373102809096755
210,0.26373090156993134
211,0.2637307762343627
212,0.2637306520676165
213,0.26373052905335725
214,0.2637304071755527
215,0.2637302864184672
216,0.2637301667666536
217,0.26373004820494766
218,0.2637299307184611
219,0.263729814292576
220,0.2637296989129386
221,0.26372958456545187
222,0.2637294712362719
223,0.26372935891180094
224,0.26372924757868316
225,0.2637291372237976
226,0.26372902783425434
227,0.2637289193973887
228,0.26372881190075703
229,0.2637287053321319
230,0.26372859967949647
231,0.2637284949310402
232,0.2637283910751566
233,0.26372828810043486
234,0.2637281859956599
235,0.2637280847498051
236,0.2637279843520301
237,0.26372788479167614
238,0.26372778605826275
239,0.2637276881414828
240,0.26372759103120125
241,0.2637274947174491
242,0.26372739919042193
243,0.2637273044404751
244,0.2637272104581217
245,0.263727117234028
246,0.2637270247590121
247,0.2637269330240388
248,0.26372684202021873
249,0.263726751738804
250,0.263726662171186
251,0.2637265733088922
252,0.26372648514358416
253,0.2637263976670548
254,0.26372631087122456
255,0.2637262247481405
256,0.2637261392899734
257,0.2637260544890149
258,0.26372597033767536
259,0.2637258868284824
260,0.26372580395407696
261,0.26372572170721303
262,0.26372564008075433
263,0.2637255590676719
264,0.2637254786610431
265,0.2637253988540498
266,0.26372531963997514
267,0.2637252410122029
268,0.2637251629642143
269,0.26372508548958734
270,0.2637250085819953
271,0.2637249322352031
272,0.26372485644306803
273,0.2637247811995361
274,0.26372470649864216
275,0.26372463233450577
276,0.2637245587013329
277,0.2637244855934119
278,0.26372441300511346
279,0.2637243409308874
280,0.2637242693652641
281,0.2637241983028496
282,0.2637241277383278
283,0.26372405766645607
284,0.26372398808206565
285,0.2637239189800606
286,0.2637238503554144
287,0.2637237822031716
288,0.26372371451844495
289,0.26372364729641395
290,0.26372358053232425
291,0.2637235142214878
292,0.263723448359279
293,0.26372338294113573
294,0.26372331796255744
295,0.26372325341910485
296,0.2637231893063971
297,0.26372312562011335
298,0.2637230623559901
299,0.2637229995098202
300,0.26372293707745287
301,0.2637228750547917
302,0.2637228134377946
303,0.2637227522224727
304,0.263722691404889
305,0.26372263098115806
306,0.2637225709474453
307,0.26372251129996493
308,0.2637224520349812
309,0.2637223931488059
310,0.26372233463779826
311,0.26372227649836444
312,0.26372221872695534
313,0.26372216132006876
314,0.26372210427424525
315,0.26372204758607015
316,0.26372199125217116
317,0.263721935269219
318,0.26372187963392535
319,0.2637218243430433
320,0.2637217693933666
321,0.2637217147817281
322,0.26372166050500023
323,0.2637216065600942
324,0.2637215529439586
325,0.26372149965358
326,0.263721446685981
327,0.2637213940382214
328,0.2637213417073959
329,0.2637212896906348
330,0.26372123798510266
331,0.2637211865879984
332,0.26372113549655457
333,0.26372108470803707
334,0.2637210342197437
335,0.2637209840290045
336,0.2637209341331817
337,0.26372088452966846
338,0.26372083521588835
339,0.26372078618929534
340,0.2637207374473734
341,0.26372068898763584
342,0.26372064080762464
343,0.26372059290491073
344,0.26372054527709243
345,0.263720497921797
346,0.26372045083667756
347,0.26372040401941554
348,0.26372035746771805
349,0.2637203111793181
350,0.2637202651519752
351,0.26372021938347434
352,0.2637201738716247
353,0.26372012861426114
354,0.26372008360924193
355,0.2637200388544503
356,0.2637199943477926
357,0.2637199500871987
358,0.26371990607062107
359,0.2637198622960357
360,0.26371981876144
361,0.2637197754648546
362,0.26371973240432117
363,0.2637196895779026
364,0.26371964698368344
365,0.2637196046197694
366,0.26371956248428624
367,0.2637195205753798
368,0.2637194788912172
369,0.26371943742998377
370,0.2637193961898861
371,0.26371935516914796
372,0.2637193143660144
373,0.26371927377874715
374,0.26371923340562775
375,0.26371919324495563
376,0.26371915329504814
377,0.26371911355424027
378,0.26371907402088496
379,0.2637190346933521
380,0.26371899557002887
381,0.2637189566493189
382,0.2637189179296433
383,0.2637188794094384
384,0.26371884108715776
385,0.26371880296127065
386,0.2637187650302617
387,0.2637187272926321
388,0.2637186897468973
389,0.26371865239158876
390,0.26371861522525203
391,0.2637185782464487
392,0.2637185414537539
393,0.2637185048457579
394,0.2637184684210648
395,0.2637184321782928
396,0.2637183961160742
397,0.26371836023305506
398,0.2637183245278946
399,0.2637182889992656
400,0.2637182536458542
401,0.2637182184663595
402,0.2637181834594935
403,0.26371814862398085
404,0.2637181139585588
405,0.26371807946197695
406,0.2637180451329973
407,0.26371801097039366
408,0.26371797697295246
409,0.2637179431394712
410,0.26371790946875956
411,0.2637178759596383
412,0.26371784261094017
413,0.26371780942150846
414,0.26371777639019817
415,0.263717743515875
416,0.2637177107974158
417,0.26371767823370745
418,0.2637176458236483
419,0.2637176135661465
420,0.26371758146012114
421,0.2637175495045007
422,0.2637175176982249
423,0.26371748604024214
424,0.26371745452951173
425,0.2637174231650026
426,0.2637173919456925
427,0.2637173608705695
428,0.2637173299386309
429,0.26371729914888337
430,0.26371726850034266
431,0.26371723799203334
432,0.2637172076229895
433,0.26371717739225403
434,0.2637171472988777
435,0.2637171173419215
436,0.26371708752045386
437,0.2637170578335521
438,0.26371702828030136
439,0.26371699885979644
440,0.26371696957113866
441,0.2637169404134388
442,0.26371691138581466
443,0.26371688248739233
444,0.2637168537173062
445,0.26371682507469796
446,0.26371679655871666
447,0.26371676816851974
448,0.2637167399032712
449,0.26371671176214323
450,0.2637166837443144
451,0.26371665584897175
452,0.2637166280753091
453,0.26371660042252637
454,0.2637165728898316
455,0.2637165454764393
456,0.26371651818157116
457,0.2637164910044557
458,0.2637164639443271
459,0.2637164370004273
460,0.2637164101720047
461,0.2637163834583135
462,0.2637163568586152
463,0.2637163303721767
464,0.26371630399827234
465,0.26371627773618145
466,0.2637162515851904
467,0.26371622554459123
468,0.2637161996136824
469,0.2637161737917676
470,0.2637161480781567
471,0.26371612247216647
472,0.26371609697311754
473,0.26371607158033766
474,0.26371604629315953
475,0.2637160211109222
476,0.2637159960329693
477,0.2637159710586506
478,0.26371594618732114
479,0.2637159214183408
480,0.263715896751076
481,0.26371587218489667
482,0.2637158477191796
483,0.2637158233533058
484,0.2637157990866615
485,0.2637157749186381
486,0.26371575084863214
487,0.26371572687604417
488,0.26371570300028124
489,0.26371567922075373
490,0.2637156555368776
491,0.2637156319480732
492,0.2637156084537657
493,0.2637155850533849
494,0.26371556174636507
495,0.263715538532146
496,0.2637155154101703
497,0.26371549237988623
498,0.2637154694407457
499,0.2637154465922057
500,0.2637154238337274
501,0.26371540116477565
502,0.2637153785848205
503,0.2637153560933353
504,0.26371533368979805
505,0.26371531137369064
506,0.2637152891444993
507,0.2637152670017142
508,0.263715244944829
509,0.2637152229733423
510,0.2637152010867558
511,0.26371517928457505
512,0.2637151575663103
513,0.26371513593147444
514,0.2637151143795854
515,0.26371509291016343
516,0.26371507152273393
517,0.2637150502168246
518,0.26371502899196747
519,0.26371500784769847
520,0.26371498678355654
521,0.26371496579908416
522,0.2637149448938272
523,0.2637149240673358
524,0.2637149033191627
525,0.26371488264886384
526,0.2637148620559997
527,0.2637148415401326
528,0.26371482110082933
529,0.2637148007376591
530,0.2637147804501951
531,0.2637147602380131
532,0.26371474010069257
533,0.2637147200378154
534,0.26371470004896747
535,0.263714680133737
536,0.263714660291716
537,0.2637146405224983
538,0.2637146208256822
539,0.2637146012008679
540,0.26371458164765926
541,0.26371456216566225
542,0.26371454275448647
543,0.2637145234137442
544,0.26371450414305037
545,0.2637144849420225
546,0.26371446581028163
547,0.2637144467474511
548,0.26371442775315634
549,0.2637144088270271
550,0.2637143899686946
551,0.2637143711777925
552,0.26371435245395775
553,0.26371433379683035
554,0.26371431520605176
555,0.2637142966812668
556,0.26371427822212223
557,0.263714259828268
558,0.26371424149935585
559,0.26371422323504085
560,0.2637142050349799
561,0.263714186898832
562,0.2637141688262597
563,0.26371415081692684
564,0.2637141328705004
565,0.2637141149866492
566,0.26371409716504457
567,0.26371407940535985
568,0.2637140617072715
569,0.2637140440704573
570,0.26371402649459774
571,0.2637140089793756
572,0.2637139915244755
573,0.26371397412958447
574,0.26371395679439236
575,0.2637139395185895
576,0.26371392230187013
577,0.26371390514392934
578,0.2637138880444654
579,0.26371387100317745
580,0.263713854019768
581,0.2637138370939403
582,0.26371382022540063
583,0.26371380341385664
584,0.2637137866590183
585,0.26371376996059737
586,0.263713753318308
587,0.2637137367318654
588,0.2637137202009878
589,0.2637137037253948
590,0.2637136873048073
591,0.2637136709389495
592,0.2637136546275453
593,0.2637136383703229
594,0.2637136221670109
595,0.2637136060173396
596,0.26371358992104205
597,0.26371357387785194
598,0.2637135578875058
599,0.2637135419497413
600,0.2637135260642975
601,0.26371351023091627
602,0.2637134944493401
603,0.26371347871931394
604,0.26371346304058413
605,0.2637134474128983
606,0.2637134318360065
607,0.26371341630966
608,0.26371340083361133
609,0.2637133854076154
610,0.2637133700314282
611,0.2637133547048073
612,0.2637133394275125
613,0.26371332419930393
614,0.2637133090199446
615,0.2637132938891979
616,0.26371327880683
617,0.26371326377260723
618,0.26371324878629837
619,0.263713233847673
620,0.2637132189565033
621,0.2637132041125614
622,0.2637131893156221
623,0.26371317456546123
624,0.2637131598618554
625,0.26371314520458405
626,0.26371313059342666
627,0.26371311602816494
628,0.2637131015085812
629,0.26371308703446067
630,0.2637130726055879
631,0.2637130582217503
632,0.26371304388273586
633,0.26371302958833437
634,0.26371301533833635
635,0.26371300113253443
636,0.2637129869707219
637,0.2637129728526935
638,0.2637129587782459
639,0.2637129447471754
640,0.26371293075928115
641,0.26371291681436304
642,0.263712902912222
643,0.2637128890526606
644,0.26371287523548204
645,0.2637128614604913
646,0.26371284772749404
647,0.2637128340362979
648,0.2637128203867107
649,0.26371280677854203
650,0.2637127932116028
651,0.2637127796857044
652,0.26371276620066025
653,0.26371275275628436
654,0.2637127393523918
655,0.26371272598879886
656,0.26371271266532315
657,0.2637126993817828
658,0.2637126861379985
659,0.26371267293379
660,0.26371265976897984
661,0.26371264664339017
662,0.2637126335568456
663,0.2637126205091709
664,0.26371260750019215
665,0.2637125945297365
666,0.26371258159763217
667,0.2637125687037079
668,0.2637125558477943
669,0.26371254302972236
670,0.26371253024932445
671,0.2637125175064337
672,0.26371250480088404
673,0.2637124921325107
674,0.2637124795011502
675,0.2637124669066391
676,0.26371245434881585
677,0.26371244182751913
678,0.2637124293425887
679,0.26371241689386593
680,0.2637124044811925
681,0.2637123921044109
682,0.263712379763365
683,0.26371236745789917
684,0.263712355187859
685,0.26371234295309043
686,0.2637123307534416
687,0.2637123185887597
688,0.26371230645889443
689,0.2637122943636949
690,0.26371228230301247
691,0.2637122702766988
692,0.26371225828460565
693,0.2637122463265869
694,0.2637122344024963
695,0.2637122225121893
696,0.263712210655521
697,0.2637121988323484
698,0.26371218704252913
699,0.26371217528592095
700,0.26371216356238336
701,0.2637121518717758
702,0.263712140213959
703,0.2637121285887945
704,0.2637121169961442
705,0.26371210543587126
706,0.2637120939078396
707,0.2637120824119133
708,0.2637120709479582
709,0.26371205951583965
710,0.2637120481154244
711,0.2637120367465805
712,0.26371202540917593
713,0.26371201410307954
714,0.2637120028281609
715,0.2637119915842907
716,0.2637119803713402
717,0.26371196918918066
718,0.2637119580376847
719,0.26371194691672617
720,0.26371193582617836
721,0.263711924765916
722,0.26371191373581454
723,0.2637119027357498
724,0.26371189176559845
725,0.26371188082523794
726,0.2637118699145459
727,0.26371185903340116
728,0.26371184818168286
729,0.2637118373592711
730,0.26371182656604586
731,0.26371181580188874
732,0.26371180506668174
733,0.26371179436030684
734,0.26371178368264697
735,0.26371177303358606
736,0.2637117624130078
737,0.2637117518207972
738,0.2637117412568398
739,0.2637117307210209
740,0.26371172021322736
741,0.2637117097333462
742,0.2637116992812644
743,0.2637116888568703
744,0.2637116784600522
745,0.2637116680906989
746,0.2637116577486994
747,0.26371164743394376
748,0.26371163714632184
749,0.2637116268857238
750,0.26371161665204007
751,0.2637116064451614
752,0.26371159626497787
753,0.2637115861113805
754,0.2637115759842592
755,0.2637115658835037
756,0.2637115558090025
757,0.2637115457606433
758,0.2637115357383113
759,0.2637115257418899
760,0.26371151577125745
761,0.2637115058262874
762,0.26371149590684445
763,0.2637114860127803
764,0.2637114761439282
765,0.26371146630008974
766,0.26371145648101524
767,0.2637114466863668
768,0.26371143691564103
769,0.2637114271680015
770,0.2637114174418644
771,0.2637114077336921
772,0.2637113980335537
773,0.26371138830126756
774,0.26371137818860524
775,0.26371128969365526
776,0.26370783831426653
777,0.263707831889465
778,0.26370782739164284
779,0.263707822903639
780,0.2637078184254213
781,0.26370781395695814
782,0.26370780949821754
783,0.26370780504916824
784,0.26370780060977844
785,0.2637077961800173
786,0.26370779175985354
787,0.26370778734925604
788,0.2637077829481938
789,0.2637077785566361
790,0.26370777417455277
791,0.2637077698019132
792,0.26370776543868646
793,0.2637077610848429
794,0.26370775674035213
795,0.26370775240518435
796,0.2637077480793098
797,0.26370774376269834
798,0.2637077394553211
799,0.26370773515714774
800,0.2637077308681495
801,0.2637077265882974
802,0.2637077223175617
803,0.2637077180559138
804,0.26370771380332486
805,0.26370770955976597
806,0.2637077053252088
807,0.26370770109962477
808,0.26370769688298507
809,0.26370769267526245
810,0.2637076884764279
811,0.26370768428645364
812,0.263707680105312
813,0.263707675932975
814,0.26370767176941495
815,0.2637076676146047
816,0.2637076634685163
817,0.2637076593311225
818,0.26370765520239614
819,0.26370765108231076
820,0.2637076469708388
821,0.2637076428679535
822,0.2637076387736278
823,0.2637076346878356
824,0.2637076306105499
825,0.2637076265417449
826,0.26370762248139373
827,0.26370761842947027
828,0.26370761438594875
829,0.26370761035080253
830,0.2637076063240064
831,0.26370760230553436
832,0.2637075982953607
833,0.2637075942934599
834,0.2637075902998063
835,0.26370758631437496
836,0.26370758233714015
837,0.263707578368077
838,0.2637075744071604
839,0.26370757045436555
840,0.2637075665096675
841,0.2637075625730413
842,0.2637075586444629
843,0.2637075547239069
844,0.2637075508113498
845,0.2637075469067663
846,0.2637075430101329
847,0.2637075391214249
848,0.26370753524061896
849,0.26370753136769026
850,0.263707527502616
851,0.2637075236453713
852,0.2637075197959334
853,0.2637075159542779
854,0.26370751212038196
855,0.26370750829422196
856,0.2637075044757747
857,0.263707500665017
858,0.2637074968619256
859,0.2637074930664779
860,0.26370748927865023
861,0.2637074854984205
862,0.26370748172576547
863,0.26370747796066263
864,0.2637074742030895
865,0.2637074704530239
866,0.2637074667104433
867,0.26370746297532477
868,0.263707459247647
869,0.2637074555273871
870,0.2637074518145239
871,0.2637074481090347
872,0.2637074444108979
873,0.2637074407200918
874,0.2637074370365949
875,0.2637074333603852
876,0.2637074296914417
877,0.26370742602974223
878,0.26370742237526623
879,0.2637074187279922
880,0.2637074150878985
881,0.2637074114549646
882,0.2637074078291693
883,0.26370740421049166
884,0.2637074005989109
885,0.263707396994406
886,0.26370739339695665
887,0.2637073898065418
888,0.26370738622314127
889,0.2637073826467347
