1,0.25709551535560365
2,0.2562966045269197
3,0.286887380714665
4,0.2588286393581547
5,0.25192528023645444
6,0.2505956343745831
7,0.25034006841660666
8,0.2502857561555119
9,0.2502721170693371
10,0.2502679867850073
11,0.2502665366131771
12,0.2502659806992068
13,0.2502657581393055
14,0.250265667286305
15,0.2502656298878197
16,0.25026561443916784
17,0.2502656080482802
18,0.2502656054028581
19,0.2502656043075462
20,0.25026560385399516
21,0.25026560366617917
22,0.2502656035884026
23,0.25026560355619437
24,0.2502656035428566
25,0.2502656035373333
26,0.2502656035350461
27,0.25026560353409905
28,0.2502656035337069
29,0.25026560353354416
30,0.25026560353347704
31,0.25026560353344895
32,0.25026560353343735
33,0.25026560353343263
34,0.2502656035334308
35,0.2502656035334303
36,0.25026560353342947
37,0.2502656035334296
38,0.2502656035334294
39,0.2502656035334296
40,0.2502656035334296
41,0.25026560353342975
42,0.25026560353342964
43,0.2502656035334295
44,0.2502656035334295
45,0.2502656035334295
46,0.2502656035334295
47,0.2502656035334295
48,0.2502656035334295
49,0.2502656035334295
50,0.2502656035334295
51,0.2502656035334295
52,0.2502656035334295
53,0.2502656035334295
54,0.2502656035334295
55,0.2502656035334295
56,0.2502656035334295
57,0.2502656035334295
58,0.2502656035334295
59,0.2502656035334295
60,0.2502656035334295
61,0.2502656035334295
62,0.2502656035334295
63,0.2502656035334295
64,0.2502656035334295
65,0.2502656035334295
66,0.2502656035334295
67,0.2502656035334295
68,0.2502656035334295
69,0.2502656035334295
70,0.2502656035334295
71,0.2502656035334295
72,0.2502656035334295
73,0.2502656035334295
74,0.2502656035334295
75,0.2502656035334295
76,0.2502656035334295
77,0.2502656035334295
78,0.2502656035334295
79,0.2502656035334295
80,0.2502656035334295
81,0.2502656035334295
82,0.2502656035334295
83,0.2502656035334295
84,0.2502656035334295
85,0.2502656035334295
86,0.2502656035334295
87,0.2502656035334295
88,0.2502656035334295
89,0.2502656035334295
90,0.2502656035334295
91,0.2502656035334295
92,0.2502656035334295
93,0.2502656035334295
94,0.2502656035334295
95,0.2502656035334295
96,0.2502656035334295
97,0.2502656035334295
98,0.2502656035334295
99,0.2502656035334295
100,0.2502656035334295
101,0.2502656035334295
102,0.2502656035334295
103,0.2502656035334295
104,0.2502656035334295
105,0.2502656035334295
106,0.2502656035334295
107,0.2502656035334295
108,0.2502656035334295
109,0.2502656035334295
110,0.2502656035334295
111,0.2502656035334295
112,0.2502656035334295
113,0.2502656035334295
114,0.2502656035334295
115,0.2502656035334295
116,0.2502656035334295
117,0.2502656035334295
118,0.2502656035334295
119,0.2502656035334295
120,0.2502656035334295
121,0.2502656035334295
122,0.2502656035334295
123,0.2502656035334295
124,0.2502656035334295
125,0.2502656035334295
126,0.2502656035334295
127,0.2502656035334295
128,0.2502656035334295
129,0.2502656035334295
130,0.2502656035334295
131,0.2502656035334295
132,0.2502656035334295
133,0.2502656035334295
134,0.2502656035334295
135,0.2502656035334295
136,0.2502656035334295
137,0.2502656035334295
138,0.2502656035334295
139,0.2502656035334295
140,0.2502656035334295
141,0.2502656035334295
142,0.2502656035334295
143,0.2502656035334295
144,0.2502656035334295
145,0.2502656035334295
146,0.2502656035334295
147,0.2502656035334295
148,0.2502656035334295
149,0.2502656035334295
150,0.2502656035334295
151,0.2502656035334295
152,0.2502656035334295
153,0.2502656035334295
154,0.2502656035334295
155,0.2502656035334295
156,0.2502656035334295
157,0.2502656035334295
158,0.2502656035334295
159,0.2502656035334295
160,0.2502656035334295
161,0.2502656035334295
162,0.2502656035334295
163,0.2502656035334295
164,0.2502656035334295
165,0.2502656035334295
166,0.2502656035334295
167,0.2502656035334295
168,0.2502656035334295
169,0.2502656035334295
170,0.2502656035334295
171,0.2502656035334295
172,0.2502656035334295
173,0.2502656035334295
174,0.2502656035334295
175,0.2502656035334295
176,0.2502656035334295
177,0.2502656035334295
178,0.2502656035334295
179,0.2502656035334295
180,0.2502656035334295
181,0.2502656035334295
182,0.2502656035334295
183,0.2502656035334295
184,0.2502656035334295
185,0.2502656035334295
186,0.2502656035334295
187,0.2502656035334295
188,0.2502656035334295
189,0.2502656035334295
190,0.2502656035334295
191,0.2502656035334295
192,0.2502656035334295
193,0.2502656035334295
194,0.2502656035334295
195,0.2502656035334295
196,0.2502656035334295
197,0.2502656035334295
198,0.2502656035334295
199,0.2502656035334295
200,0.2502656035334295
201,0.2502656035334295
202,0.2502656035334295
203,0.2502656035334295
204,0.2502656035334295
205,0.2502656035334295
206,0.2502656035334295
207,0.2502656035334295
208,0.2502656035334295
209,0.2502656035334295
210,0.2502656035334295
211,0.2502656035334295
212,0.2502656035334295
213,0.2502656035334295
214,0.2502656035334295
215,0.2502656035334295
216,0.2502656035334295
217,0.2502656035334295
218,0.2502656035334295
219,0.2502656035334295
220,0.2502656035334295
221,0.2502656035334295
222,0.2502656035334295
223,0.2502656035334295
224,0.2502656035334295
225,0.2502656035334295
226,0.2502656035334295
227,0.2502656035334295
228,0.2502656035334295
229,0.2502656035334295
230,0.2502656035334295
231,0.2502656035334295
232,0.2502656035334295
233,0.2502656035334295
234,0.2502656035334295
235,0.2502656035334295
236,0.2502656035334295
237,0.2502656035334295
238,0.2502656035334295
239,0.2502656035334295
240,0.2502656035334295
241,0.2502656035334295
242,0.2502656035334295
243,0.2502656035334295
244,0.2502656035334295
245,0.2502656035334295
246,0.2502656035334295
247,0.2502656035334295
248,0.2502656035334295
249,0.2502656035334295
250,0.2502656035334295
251,0.2502656035334295
252,0.2502656035334295
253,0.2502656035334295
254,0.2502656035334295
255,0.2502656035334295
256,0.2502656035334295
257,0.2502656035334295
258,0.2502656035334295
259,0.2502656035334295
260,0.2502656035334295
261,0.2502656035334295
262,0.2502656035334295
263,0.2502656035334295
264,0.2502656035334295
265,0.2502656035334295
266,0.2502656035334295
267,0.2502656035334295
268,0.2502656035334295
269,0.2502656035334295
270,0.2502656035334295
271,0.2502656035334295
272,0.2502656035334295
273,0.2502656035334295
274,0.2502656035334295
275,0.2502656035334295
276,0.2502656035334295
277,0.2502656035334295
278,0.2502656035334295
279,0.2502656035334295
280,0.2502656035334295
281,0.2502656035334295
282,0.2502656035334295
283,0.2502656035334295
284,0.2502656035334295
285,0.2502656035334295
286,0.2502656035334295
287,0.2502656035334295
288,0.2502656035334295
289,0.2502656035334295
290,0.2502656035334295
291,0.2502656035334295
292,0.2502656035334295
293,0.2502656035334295
294,0.2502656035334295
295,0.2502656035334295
296,0.2502656035334295
297,0.2502656035334295
298,0.2502656035334295
299,0.2502656035334295
300,0.2502656035334295
301,0.2502656035334295
302,0.2502656035334295
303,0.2502656035334295
304,0.2502656035334295
305,0.2502656035334295
306,0.2502656035334295
307,0.2502656035334295
308,0.2502656035334295
309,0.2502656035334295
310,0.2502656035334295
311,0.2502656035334295
312,0.2502656035334295
313,0.2502656035334295
314,0.2502656035334295
315,0.2502656035334295
316,0.2502656035334295
317,0.2502656035334295
318,0.2502656035334295
319,0.2502656035334295
320,0.2502656035334295
321,0.2502656035334295
322,0.2502656035334295
323,0.2502656035334295
324,0.2502656035334295
325,0.2502656035334295
326,0.2502656035334295
327,0.2502656035334295
328,0.2502656035334295
329,0.2502656035334295
330,0.2502656035334295
331,0.2502656035334295
332,0.2502656035334295
333,0.2502656035334295
334,0.2502656035334295
335,0.2502656035334295
336,0.2502656035334295
337,0.2502656035334295
338,0.2502656035334295
339,0.2502656035334295
340,0.2502656035334295
341,0.2502656035334295
342,0.2502656035334295
343,0.2502656035334295
344,0.2502656035334295
345,0.2502656035334295
346,0.2502656035334295
347,0.2502656035334295
348,0.2502656035334295
349,0.2502656035334295
350,0.2502656035334295
351,0.2502656035334295
352,0.2502656035334295
353,0.2502656035334295
354,0.2502656035334295
355,0.2502656035334295
356,0.2502656035334295
357,0.2502656035334295
358,0.2502656035334295
359,0.2502656035334295
360,0.2502656035334295
361,0.2502656035334295
362,0.2502656035334295
363,0.2502656035334295
364,0.2502656035334295
365,0.2502656035334295
366,0.2502656035334295
367,0.2502656035334295
368,0.2502656035334295
369,0.2502656035334295
370,0.2502656035334295
371,0.2502656035334295
372,0.2502656035334295
373,0.2502656035334295
374,0.2502656035334295
375,0.2502656035334295
376,0.2502656035334295
377,0.2502656035334295
378,0.2502656035334295
379,0.2502656035334295
380,0.2502656035334295
381,0.2502656035334295
382,0.2502656035334295
383,0.2502656035334295
384,0.2502656035334295
385,0.2502656035334295
386,0.2502656035334295
387,0.2502656035334295
388,0.2502656035334295
389,0.2502656035334295
390,0.2502656035334295
391,0.2502656035334295
392,0.2502656035334295
393,0.2502656035334295
394,0.2502656035334295
395,0.2502656035334295
396,0.2502656035334295
397,0.2502656035334295
398,0.2502656035334295
399,0.2502656035334295
400,0.2502656035334295
401,0.2502656035334295
402,0.2502656035334295
403,0.2502656035334295
404,0.2502656035334295
405,0.2502656035334295
406,0.2502656035334295
407,0.2502656035334295
408,0.2502656035334295
409,0.2502656035334295
410,0.2502656035334295
411,0.2502656035334295
412,0.2502656035334295
413,0.2502656035334295
414,0.2502656035334295
415,0.2502656035334295
416,0.2502656035334295
417,0.2502656035334295
418,0.2502656035334295
419,0.2502656035334295
420,0.2502656035334295
421,0.2502656035334295
422,0.2502656035334295
423,0.2502656035334295
424,0.2502656035334295
425,0.2502656035334295
426,0.2502656035334295
427,0.2502656035334295
428,0.2502656035334295
