1,0.2611784188020594
2,0.2571064739340489
3,0.257097705982087
4,0.2570893729651356
5,0.25708145677934774
6,0.2570739391030468
7,0.2570668015992251
8,0.25706002608609846
9,0.25705359467799394
10,0.2570474898992161
11,0.25704169477371597
12,0.25703619289343127
13,0.2570309684680955
14,0.25702600635916983
15,0.25702129210036234
16,0.25701681190697334
17,0.2570125526760653
18,0.25700850197923514
19,0.25700464804951584
20,0.2570009797637394
21,0.2569974866214833
22,0.25699415872155074
23,0.2569909867367722
24,0.2569879618877795
25,0.2569850759162758
26,0.25698232105823565
27,0.2569796900173585
28,0.25697717593904673
29,0.25697477238509814
30,0.25697247330926537
31,0.25697027303377856
32,0.25696816622690466
33,0.25696614788158273
34,0.2569642132951489
35,0.2569623580501531
36,0.2569605779962571
37,0.2569588692331797
38,0.2569572280946708
39,0.25695565113345886
40,0.25695413510714654
41,0.2569526769649998
42,0.2569512738355877
43,0.2569499230152304
44,0.25694862195720347
45,0.25694736826165826
46,0.25694615966621576
47,0.256944994037187
48,0.25694386936138736
49,0.25694278373849444
50,0.2569417353739311
51,0.25694072257221895
52,0.2569397437307856
53,0.2569387973341881
54,0.2569378819487241
55,0.2569369962174037
56,0.25693613885526345
57,0.25693530864498604
58,0.2569345044328168
59,0.2569337251247495
60,0.2569329696829647
61,0.2569322371225008
62,0.2569315265081465
63,0.25693083695153246
64,0.25693016760841425
65,0.25692951767612976
66,0.2569288863912194
67,0.25692827302720017
68,0.2569276768924789
69,0.2569270973283993
70,0.25692653370741053
71,0.2569259854313521
72,0.2569254519298401
73,0.2569249326587606
74,0.2569244270988484
75,0.25692393475435843
76,0.2569234551518121
77,0.25692298783882256
78,0.25692253238298957
79,0.25692208837086006
80,0.25692165540694917
81,0.25692123311281956
82,0.25692082112621417
83,0.25692041910023805
84,0.25692002670259134
85,0.25691964361483927
86,0.25691926953172983
87,0.25691890416054675
88,0.25691854722049956
89,0.25691819844214675
90,0.2569178575668521
91,0.25691752434627024
92,0.25691719854185996
93,0.25691687992442375
94,0.25691656827367426
95,0.2569162633778199
96,0.25691596503317493
97,0.25691567304379337
98,0.25691538722111323
99,0.256915107383628
100,0.2569148333565729
101,0.25691456497162196
102,0.25691430206660826
103,0.2569140444852533
104,0.2569137920769119
105,0.25691354469632904
106,0.25691330220341
107,0.2569130644630001
108,0.2569128313446762
109,0.25691260272254957
110,0.2569123784750755
111,0.256912158484875
112,0.2569119426385624
113,0.2569117308265837
114,0.2569115229430597
115,0.2569113188856401
116,0.2569111185553608
117,0.2569109218565094
118,0.2569107286964975
119,0.25691053898573807
120,0.2569103526375286
121,0.25691016956793755
122,0.25690998969570256
123,0.25690981294212245
124,0.25690963923096394
125,0.25690946848836754
126,0.25690930064275874
127,0.25690913562476153
128,0.256908973367119
129,0.25690881380461433
130,0.25690865687399617
131,0.25690850251390757
132,0.2569083506648165
133,0.25690820126895264
134,0.25690805427024216
135,0.25690790961424825
136,0.2569077672481149
137,0.2569076271205089
138,0.2569074891815691
139,0.256907353382854
140,0.25690721967729374
141,0.25690708801914275
142,0.25690695836393473
143,0.25690683066844044
144,0.2569067048906234
145,0.256906580989603
146,0.25690645892561503
147,0.25690633865997403
148,0.2569062201550384
149,0.2569061033741772
150,0.25690598828173583
151,0.25690587484300514
152,0.25690576302419144
153,0.25690565279238653
154,0.2569055441155408
155,0.25690543696243373
156,0.25690533130265036
157,0.256905227106556
158,0.25690512434526924
159,0.2569050229906419
160,0.256904923015235
161,0.2569048243922965
162,0.25690472709574186
163,0.2569046311001332
164,0.2569045363806594
165,0.25690444291311804
166,0.25690435067389644
167,0.2569042596399552
168,0.256904169788811
169,0.2569040810985195
170,0.2569039935476608
171,0.25690390711532374
172,0.2569038217810905
173,0.2569037375250244
174,0.2569036543276529
175,0.2569035721699583
176,0.2569034910333622
177,0.2569034108997133
178,0.2569033317512769
179,0.2569032535707223
180,0.2569031763411115
181,0.25690310004588873
182,0.2569030246688693
183,0.25690295019423093
184,0.2569028766065025
185,0.25690280389055475
186,0.2569027320315916
187,0.2569026610151411
188,0.2569025908270462
189,0.2569025214534575
190,0.25690245288082414
191,0.2569023850958859
192,0.2569023180856666
193,0.2569022518374657
194,0.256902186338852
195,0.2569021215776552
196,0.2569020575419617
197,0.256901994220105
198,0.25690193160066227
199,0.2569018696724465
200,0.2569018084245004
201,0.25690174784609165
202,0.2569016879267068
203,0.2569016286560462
204,0.2569015700240174
205,0.2569015120207319
206,0.2569014546364984
207,0.2569013978618194
208,0.2569013416873856
209,0.2569012861040721
210,0.256901231102933
211,0.2569011766751976
212,0.25690112281226646
213,0.25690106950570657
214,0.25690101674724874
215,0.25690096452878264
216,0.2569009128423521
217,0.2569008616801544
218,0.2569008110345343
219,0.2569007608979814
220,0.2569007112631265
221,0.25690066212273865
222,0.2569006134697223
223,0.25690056529711397
224,0.2569005175980781
225,0.25690047036590585
226,0.2569004235940118
227,0.2569003772759302
228,0.25690033140531354
229,0.2569002859759294
230,0.256900240981658
231,0.256900196416489
232,0.25690015227452045
233,0.25690010854995515
234,0.2569000652370996
235,0.2569000223303598
236,0.2568999798242419
237,0.256899937713347
238,0.2568998959923717
239,0.25689985465610454
240,0.2568998136994238
241,0.25689977311729745
242,0.25689973290477913
243,0.2568996930570079
244,0.2568996535692052
245,0.25689961443667425
246,0.2568995756547978
247,0.25689953721903586
248,0.2568994991249255
249,0.25689946136807834
250,0.256899423944179
251,0.2568993868489837
252,0.2568993500783197
253,0.2568993136280823
254,0.2568992774942344
255,0.2568992416728051
256,0.2568992061598883
257,0.2568991709516413
258,0.25689913604428366
259,0.25689910143409594
260,0.25689906711741795
261,0.2568990330906486
262,0.25689899935024446
263,0.2568989658927181
264,0.2568989327146367
265,0.2568988998126228
266,0.256898867183351
267,0.25689883482354864
268,0.25689880272999394
269,0.2568987708995152
270,0.25689873932898943
271,0.2568987080153425
272,0.2568986769555475
273,0.2568986461466236
274,0.25689861558563576
275,0.2568985852696932
276,0.25689855519594995
277,0.25689852536160196
278,0.2568984957638878
279,0.2568984664000876
280,0.2568984372675224
281,0.25689840836355265
282,0.2568983796855789
283,0.25689835123103893
284,0.25689832299740933
285,0.25689829498220335
286,0.25689826718297076
287,0.25689823959729696
288,0.2568982122228031
289,0.25689818505714423
290,0.2568981580980094
291,0.25689813134312134
292,0.256898104790235
293,0.25689807843713797
294,0.25689805228164875
295,0.25689802632161773
296,0.2568980005549248
297,0.25689797497948064
298,0.25689794959322476
299,0.25689792439412606
300,0.25689789938018154
301,0.25689787454941626
302,0.25689784989988274
303,0.2568978254296603
304,0.2568978011368551
305,0.2568977770195991
306,0.2568977530760501
307,0.25689772930439103
308,0.2568977057028295
309,0.2568976822695976
310,0.25689765900295175
311,0.25689763590117054
312,0.25689761296255775
313,0.25689759018543845
314,0.2568975675681605
315,0.256897545109094
316,0.25689752280663053
317,0.2568975006591832
318,0.25689747866518614
319,0.25689745682309334
320,0.25689743513138025
321,0.2568974135885417
322,0.256897392193092
323,0.25689737094356513
324,0.2568973498385139
325,0.25689732887651046
326,0.25689730805614386
327,0.2568972873760229
328,0.2568972668347739
329,0.25689724643103967
330,0.25689722616348176
331,0.2568972060307777
332,0.25689718603162237
333,0.25689716616472685
334,0.25689714642881867
335,0.2568971268226407
336,0.2568971073449526
337,0.2568970879945287
338,0.25689706877015916
339,0.25689704967064875
340,0.2568970306948171
341,0.2568970118414982
342,0.2568969931095407
343,0.2568969744978079
344,0.2568969560051762
345,0.2568969376305353
346,0.25689691937279013
347,0.256896901230857
348,0.2568968832036668
349,0.2568968652901621
350,0.2568968474892991
351,0.2568968298000462
352,0.25689681222138433
353,0.25689679475230637
354,0.2568967773918166
355,0.25689676013893237
356,0.2568967429926821
357,0.25689672595210516
358,0.2568967090162528
359,0.2568966921841874
360,0.25689667545498185
361,0.2568966588277206
362,0.25689664230149806
363,0.2568966258754194
364,0.25689660954860016
365,0.2568965933201663
366,0.25689657718925357
367,0.2568965611550074
368,0.25689654521658406
369,0.25689652937314766
