1,0.4971224499057224
2,0.4342658656615759
3,0.25645529615151147
4,0.24944713208053398
5,0.24705120051222068
6,0.24623809424858142
7,0.24596024017092527
8,0.2458648096133026
9,0.24583207953396827
10,0.24582097382031115
11,0.2458173000743757
12,0.24581614801394902
13,0.24581582793520648
14,0.24581576690035567
15,0.24581577648545547
16,0.2458157984897126
17,0.24581581737955474
18,0.2458158306847344
19,0.24581583933956044
20,0.24581584475426543
21,0.24581584807193116
22,0.2458158500810774
23,0.24581585128964029
24,0.245815852013779
25,0.24581585244666293
26,0.2458158527050837
27,0.24581585285922933
28,0.24581585295113137
29,0.24581585300590816
30,0.24581585303855105
31,0.24581585305800205
32,0.24581585306959183
33,0.2458158530764969
34,0.24581585308061113
35,0.2458158530830623
36,0.24581585308452264
37,0.24581585308539278
38,0.2458158530859111
39,0.24581585308622006
40,0.245815853086404
41,0.24581585308651366
42,0.24581585308657894
43,0.24581585308661782
44,0.24581585308664114
45,0.24581585308665493
46,0.24581585308666315
47,0.245815853086668
48,0.2458158530866709
49,0.24581585308667264
50,0.24581585308667364
51,0.24581585308667442
52,0.2458158530866749
53,0.24581585308667503
54,0.24581585308667514
55,0.24581585308667517
56,0.2458158530866751
57,0.24581585308667525
58,0.24581585308667514
59,0.24581585308667514
60,0.24581585308667528
61,0.24581585308667522
62,0.24581585308667503
63,0.2458158530866754
64,0.24581585308667522
65,0.24581585308667517
66,0.2458158530866752
67,0.24581585308667517
68,0.24581585308667514
69,0.24581585308667514
70,0.24581585308667517
71,0.24581585308667514
72,0.24581585308667517
73,0.2458158530866752
74,0.24581585308667517
75,0.24581585308667514
76,0.24581585308667514
77,0.24581585308667517
78,0.24581585308667514
79,0.24581585308667517
80,0.2458158530866752
81,0.24581585308667517
82,0.24581585308667514
83,0.24581585308667514
84,0.24581585308667517
85,0.24581585308667514
86,0.24581585308667517
87,0.2458158530866752
88,0.24581585308667517
89,0.24581585308667514
90,0.24581585308667514
91,0.24581585308667517
92,0.24581585308667514
93,0.24581585308667517
94,0.2458158530866752
95,0.24581585308667517
96,0.24581585308667514
97,0.24581585308667514
98,0.24581585308667517
99,0.24581585308667514
100,0.24581585308667517
101,0.2458158530866752
102,0.24581585308667517
103,0.24581585308667514
104,0.24581585308667514
105,0.24581585308667517
106,0.24581585308667514
107,0.24581585308667517
108,0.2458158530866752
109,0.24581585308667517
110,0.24581585308667514
111,0.24581585308667514
112,0.24581585308667517
113,0.24581585308667514
114,0.24581585308667517
115,0.2458158530866752
116,0.24581585308667517
117,0.24581585308667514
118,0.24581585308667514
119,0.24581585308667517
120,0.24581585308667514
121,0.24581585308667517
122,0.2458158530866752
123,0.24581585308667517
124,0.24581585308667514
125,0.24581585308667514
126,0.24581585308667517
127,0.24581585308667514
128,0.24581585308667517
129,0.2458158530866752
130,0.24581585308667517
131,0.24581585308667514
132,0.24581585308667514
133,0.24581585308667517
134,0.24581585308667514
135,0.24581585308667517
136,0.2458158530866752
137,0.24581585308667517
138,0.24581585308667514
139,0.24581585308667514
140,0.24581585308667517
141,0.24581585308667514
142,0.24581585308667517
143,0.2458158530866752
144,0.24581585308667517
145,0.24581585308667514
146,0.24581585308667514
147,0.24581585308667517
148,0.24581585308667514
149,0.24581585308667517
150,0.2458158530866752
151,0.24581585308667517
152,0.24581585308667514
153,0.24581585308667514
154,0.24581585308667517
155,0.24581585308667514
156,0.24581585308667517
157,0.2458158530866752
158,0.24581585308667517
159,0.24581585308667514
160,0.24581585308667514
161,0.24581585308667517
162,0.24581585308667514
163,0.24581585308667517
164,0.2458158530866752
165,0.24581585308667517
166,0.24581585308667514
167,0.24581585308667514
168,0.24581585308667517
169,0.24581585308667514
170,0.24581585308667517
171,0.2458158530866752
172,0.24581585308667517
173,0.24581585308667514
174,0.24581585308667514
175,0.24581585308667517
176,0.24581585308667514
177,0.24581585308667517
178,0.2458158530866752
179,0.24581585308667517
180,0.24581585308667514
181,0.24581585308667514
182,0.24581585308667517
183,0.24581585308667514
184,0.24581585308667517
185,0.2458158530866752
186,0.24581585308667517
187,0.24581585308667514
188,0.24581585308667514
189,0.24581585308667517
190,0.24581585308667514
191,0.24581585308667517
192,0.2458158530866752
193,0.24581585308667517
194,0.24581585308667514
195,0.24581585308667514
196,0.24581585308667517
197,0.24581585308667514
198,0.24581585308667517
199,0.2458158530866752
200,0.24581585308667517
201,0.24581585308667514
202,0.24581585308667514
203,0.24581585308667517
204,0.24581585308667514
205,0.24581585308667517
206,0.2458158530866752
207,0.24581585308667517
208,0.24581585308667514
209,0.24581585308667514
210,0.24581585308667517
211,0.24581585308667514
212,0.24581585308667517
213,0.2458158530866752
214,0.24581585308667517
215,0.24581585308667514
216,0.24581585308667514
217,0.24581585308667517
218,0.24581585308667514
219,0.24581585308667517
220,0.2458158530866752
221,0.24581585308667517
222,0.24581585308667514
223,0.24581585308667514
224,0.24581585308667517
225,0.24581585308667514
226,0.24581585308667517
227,0.2458158530866752
228,0.24581585308667517
229,0.24581585308667514
230,0.24581585308667514
231,0.24581585308667517
232,0.24581585308667514
233,0.24581585308667517
234,0.2458158530866752
235,0.24581585308667517
236,0.24581585308667514
237,0.24581585308667514
238,0.24581585308667517
239,0.24581585308667514
240,0.24581585308667517
241,0.2458158530866752
242,0.24581585308667517
243,0.24581585308667514
244,0.24581585308667514
245,0.24581585308667517
246,0.24581585308667514
247,0.24581585308667517
248,0.2458158530866752
249,0.24581585308667517
250,0.24581585308667514
251,0.24581585308667514
252,0.24581585308667517
253,0.24581585308667514
254,0.24581585308667517
255,0.2458158530866752
256,0.24581585308667517
257,0.24581585308667514
258,0.24581585308667514
259,0.24581585308667517
260,0.24581585308667514
261,0.24581585308667517
262,0.2458158530866752
263,0.24581585308667517
264,0.24581585308667514
265,0.24581585308667514
266,0.24581585308667517
267,0.24581585308667514
268,0.24581585308667517
269,0.2458158530866752
270,0.24581585308667517
271,0.24581585308667514
272,0.24581585308667514
273,0.24581585308667517
274,0.24581585308667514
275,0.24581585308667517
276,0.2458158530866752
277,0.24581585308667517
278,0.24581585308667514
279,0.24581585308667514
280,0.24581585308667517
281,0.24581585308667514
282,0.24581585308667517
283,0.2458158530866752
284,0.24581585308667517
285,0.24581585308667514
286,0.24581585308667514
287,0.24581585308667517
288,0.24581585308667514
289,0.24581585308667517
290,0.2458158530866752
291,0.24581585308667517
292,0.24581585308667514
293,0.24581585308667514
294,0.24581585308667517
295,0.24581585308667514
296,0.24581585308667517
297,0.2458158530866752
298,0.24581585308667517
299,0.24581585308667514
300,0.24581585308667514
301,0.24581585308667517
302,0.24581585308667514
303,0.24581585308667517
304,0.2458158530866752
305,0.24581585308667517
306,0.24581585308667514
307,0.24581585308667514
308,0.24581585308667517
309,0.24581585308667514
310,0.24581585308667517
311,0.2458158530866752
312,0.24581585308667517
313,0.24581585308667514
314,0.24581585308667514
315,0.24581585308667517
316,0.24581585308667514
317,0.24581585308667517
318,0.2458158530866752
319,0.24581585308667517
320,0.24581585308667514
321,0.24581585308667514
322,0.24581585308667517
323,0.24581585308667514
324,0.24581585308667517
325,0.2458158530866752
326,0.24581585308667517
327,0.24581585308667514
328,0.24581585308667514
329,0.24581585308667517
330,0.24581585308667514
331,0.24581585308667517
332,0.2458158530866752
333,0.24581585308667517
334,0.24581585308667514
335,0.24581585308667514
336,0.24581585308667517
337,0.24581585308667514
338,0.24581585308667517
339,0.2458158530866752
340,0.24581585308667517
341,0.24581585308667514
342,0.24581585308667514
343,0.24581585308667517
344,0.24581585308667514
345,0.24581585308667517
346,0.2458158530866752
347,0.24581585308667517
348,0.24581585308667514
349,0.24581585308667514
350,0.24581585308667517
351,0.24581585308667514
352,0.24581585308667517
353,0.2458158530866752
354,0.24581585308667517
355,0.24581585308667514
356,0.24581585308667514
357,0.24581585308667517
358,0.24581585308667514
359,0.24581585308667517
360,0.2458158530866752
361,0.24581585308667517
362,0.24581585308667514
363,0.24581585308667514
364,0.24581585308667517
365,0.24581585308667514
366,0.24581585308667517
367,0.2458158530866752
368,0.24581585308667517
369,0.24581585308667514
370,0.24581585308667514
371,0.24581585308667517
372,0.24581585308667514
373,0.24581585308667517
374,0.2458158530866752
375,0.24581585308667517
376,0.24581585308667514
377,0.24581585308667514
378,0.24581585308667517
379,0.24581585308667514
380,0.24581585308667517
381,0.2458158530866752
382,0.24581585308667517
383,0.24581585308667514
384,0.24581585308667514
385,0.24581585308667517
386,0.24581585308667514
387,0.24581585308667517
388,0.2458158530866752
389,0.24581585308667517
390,0.24581585308667514
391,0.24581585308667514
392,0.24581585308667517
393,0.24581585308667514
394,0.24581585308667517
395,0.2458158530866752
396,0.24581585308667517
397,0.24581585308667514
398,0.24581585308667514
399,0.24581585308667517
400,0.24581585308667514
401,0.24581585308667517
402,0.2458158530866752
403,0.24581585308667517
404,0.24581585308667514
405,0.24581585308667514
406,0.24581585308667517
407,0.24581585308667514
408,0.24581585308667517
409,0.2458158530866752
410,0.24581585308667517
411,0.24581585308667514
412,0.24581585308667514
413,0.24581585308667517
414,0.24581585308667514
415,0.24581585308667517
416,0.2458158530866752
417,0.24581585308667517
418,0.24581585308667514
419,0.24581585308667514
420,0.24581585308667517
421,0.24581585308667514
422,0.24581585308667517
423,0.2458158530866752
424,0.24581585308667517
425,0.24581585308667514
426,0.24581585308667514
427,0.24581585308667517
428,0.24581585308667514
429,0.24581585308667517
430,0.2458158530866752
431,0.24581585308667517
432,0.24581585308667514
433,0.24581585308667514
434,0.24581585308667517
435,0.24581585308667514
436,0.24581585308667517
437,0.2458158530866752
438,0.24581585308667517
439,0.24581585308667514
440,0.24581585308667514
441,0.24581585308667517
442,0.24581585308667514
443,0.24581585308667517
444,0.2458158530866752
445,0.24581585308667517
446,0.24581585308667514
447,0.24581585308667514
448,0.24581585308667517
449,0.24581585308667514
450,0.24581585308667517
451,0.2458158530866752
452,0.24581585308667517
453,0.24581585308667514
454,0.24581585308667514
455,0.24581585308667517
456,0.24581585308667514
457,0.24581585308667517
458,0.2458158530866752
459,0.24581585308667517
460,0.24581585308667514
461,0.24581585308667514
462,0.24581585308667517
463,0.24581585308667514
464,0.24581585308667517
465,0.2458158530866752
466,0.24581585308667517
467,0.24581585308667514
468,0.24581585308667514
469,0.24581585308667517
470,0.24581585308667514
471,0.24581585308667517
472,0.2458158530866752
473,0.24581585308667517
474,0.24581585308667514
475,0.24581585308667514
476,0.24581585308667517
477,0.24581585308667514
478,0.24581585308667517
479,0.2458158530866752
480,0.24581585308667517
481,0.24581585308667514
482,0.24581585308667514
483,0.24581585308667517
484,0.24581585308667514
485,0.24581585308667517
486,0.2458158530866752
487,0.24581585308667517
488,0.24581585308667514
489,0.24581585308667514
490,0.24581585308667517
491,0.24581585308667514
492,0.24581585308667517
493,0.2458158530866752
494,0.24581585308667517
495,0.24581585308667514
496,0.24581585308667514
497,0.24581585308667517
498,0.24581585308667514
499,0.24581585308667517
500,0.2458158530866752
501,0.24581585308667517
502,0.24581585308667514
503,0.24581585308667514
504,0.24581585308667517
505,0.24581585308667514
506,0.24581585308667517
507,0.2458158530866752
508,0.24581585308667517
509,0.24581585308667514
510,0.24581585308667514
511,0.24581585308667517
512,0.24581585308667514
513,0.24581585308667517
514,0.2458158530866752
515,0.24581585308667517
516,0.24581585308667514
517,0.24581585308667514
518,0.24581585308667517
519,0.24581585308667514
520,0.24581585308667517
521,0.2458158530866752
522,0.24581585308667517
523,0.24581585308667514
524,0.24581585308667514
525,0.24581585308667517
526,0.24581585308667514
527,0.24581585308667517
528,0.2458158530866752
529,0.24581585308667517
530,0.24581585308667514
531,0.24581585308667514
532,0.24581585308667517
533,0.24581585308667514
534,0.24581585308667517
535,0.2458158530866752
536,0.24581585308667517
537,0.24581585308667514
538,0.24581585308667514
539,0.24581585308667517
540,0.24581585308667514
541,0.24581585308667517
542,0.2458158530866752
543,0.24581585308667517
544,0.24581585308667514
545,0.24581585308667514
546,0.24581585308667517
547,0.24581585308667514
548,0.24581585308667517
549,0.2458158530866752
550,0.24581585308667517
551,0.24581585308667514
552,0.24581585308667514
553,0.24581585308667517
554,0.24581585308667514
555,0.24581585308667517
556,0.2458158530866752
557,0.24581585308667517
558,0.24581585308667514
559,0.24581585308667514
560,0.24581585308667517
561,0.24581585308667514
562,0.24581585308667517
563,0.2458158530866752
564,0.24581585308667517
565,0.24581585308667514
566,0.24581585308667514
567,0.24581585308667517
568,0.24581585308667514
569,0.24581585308667517
570,0.2458158530866752
571,0.24581585308667517
572,0.24581585308667514
573,0.24581585308667514
574,0.24581585308667517
575,0.24581585308667514
576,0.24581585308667517
577,0.2458158530866752
578,0.24581585308667517
579,0.24581585308667514
580,0.24581585308667514
581,0.24581585308667517
582,0.24581585308667514
583,0.24581585308667517
584,0.2458158530866752
585,0.24581585308667517
586,0.24581585308667514
587,0.24581585308667514
588,0.24581585308667517
589,0.24581585308667514
590,0.24581585308667517
591,0.2458158530866752
592,0.24581585308667517
593,0.24581585308667514
594,0.24581585308667514
595,0.24581585308667517
596,0.24581585308667514
597,0.24581585308667517
598,0.2458158530866752
599,0.24581585308667517
600,0.24581585308667514
601,0.24581585308667514
602,0.24581585308667517
603,0.24581585308667514
604,0.24581585308667517
605,0.2458158530866752
606,0.24581585308667517
607,0.24581585308667514
608,0.24581585308667514
609,0.24581585308667517
610,0.24581585308667514
611,0.24581585308667517
612,0.2458158530866752
613,0.24581585308667517
614,0.24581585308667514
615,0.24581585308667514
616,0.24581585308667517
617,0.24581585308667514
618,0.24581585308667517
619,0.2458158530866752
620,0.24581585308667517
621,0.24581585308667514
622,0.24581585308667514
623,0.24581585308667517
624,0.24581585308667514
625,0.24581585308667517
626,0.2458158530866752
627,0.24581585308667517
628,0.24581585308667514
629,0.24581585308667514
630,0.24581585308667517
631,0.24581585308667514
632,0.24581585308667517
633,0.2458158530866752
634,0.24581585308667517
635,0.24581585308667514
636,0.24581585308667514
637,0.24581585308667517
638,0.24581585308667514
639,0.24581585308667517
640,0.2458158530866752
641,0.24581585308667517
642,0.24581585308667514
643,0.24581585308667514
644,0.24581585308667517
645,0.24581585308667514
646,0.24581585308667517
647,0.2458158530866752
648,0.24581585308667517
649,0.24581585308667514
650,0.24581585308667514
651,0.24581585308667517
652,0.24581585308667514
653,0.24581585308667517
654,0.2458158530866752
655,0.24581585308667517
656,0.24581585308667514
657,0.24581585308667514
658,0.24581585308667517
659,0.24581585308667514
660,0.24581585308667517
661,0.2458158530866752
662,0.24581585308667517
663,0.24581585308667514
664,0.24581585308667514
665,0.24581585308667517
666,0.24581585308667514
667,0.24581585308667517
668,0.2458158530866752
669,0.24581585308667517
670,0.24581585308667514
671,0.24581585308667514
672,0.24581585308667517
673,0.24581585308667514
674,0.24581585308667517
675,0.2458158530866752
676,0.24581585308667517
677,0.24581585308667514
678,0.24581585308667514
679,0.24581585308667517
680,0.24581585308667514
681,0.24581585308667517
682,0.2458158530866752
683,0.24581585308667517
684,0.24581585308667514
685,0.24581585308667514
686,0.24581585308667517
687,0.24581585308667514
688,0.24581585308667517
689,0.2458158530866752
690,0.24581585308667517
691,0.24581585308667514
692,0.24581585308667514
693,0.24581585308667517
694,0.24581585308667514
695,0.24581585308667517
696,0.2458158530866752
697,0.24581585308667517
698,0.24581585308667514
699,0.24581585308667514
700,0.24581585308667517
701,0.24581585308667514
702,0.24581585308667517
703,0.2458158530866752
704,0.24581585308667517
705,0.24581585308667514
706,0.24581585308667514
707,0.24581585308667517
708,0.24581585308667514
709,0.24581585308667517
710,0.2458158530866752
711,0.24581585308667517
712,0.24581585308667514
713,0.24581585308667514
714,0.24581585308667517
715,0.24581585308667514
716,0.24581585308667517
717,0.2458158530866752
718,0.24581585308667517
719,0.24581585308667514
720,0.24581585308667514
721,0.24581585308667517
722,0.24581585308667514
723,0.24581585308667517
724,0.2458158530866752
725,0.24581585308667517
726,0.24581585308667514
727,0.24581585308667514
728,0.24581585308667517
729,0.24581585308667514
730,0.24581585308667517
731,0.2458158530866752
732,0.24581585308667517
733,0.24581585308667514
734,0.24581585308667514
735,0.24581585308667517
736,0.24581585308667514
737,0.24581585308667517
738,0.2458158530866752
739,0.24581585308667517
740,0.24581585308667514
741,0.24581585308667514
742,0.24581585308667517
743,0.24581585308667514
744,0.24581585308667517
745,0.2458158530866752
746,0.24581585308667517
747,0.24581585308667514
748,0.24581585308667514
749,0.24581585308667517
750,0.24581585308667514
751,0.24581585308667517
752,0.2458158530866752
753,0.24581585308667517
754,0.24581585308667514
755,0.24581585308667514
756,0.24581585308667517
757,0.24581585308667514
758,0.24581585308667517
759,0.2458158530866752
760,0.24581585308667517
761,0.24581585308667514
762,0.24581585308667514
763,0.24581585308667517
764,0.24581585308667514
765,0.24581585308667517
766,0.2458158530866752
767,0.24581585308667517
768,0.24581585308667514
769,0.24581585308667514
770,0.24581585308667517
771,0.24581585308667514
772,0.24581585308667517
773,0.2458158530866752
774,0.24581585308667517
775,0.24581585308667514
776,0.24581585308667514
777,0.24581585308667517
778,0.24581585308667514
779,0.24581585308667517
780,0.2458158530866752
781,0.24581585308667517
782,0.24581585308667514
783,0.24581585308667514
784,0.24581585308667517
785,0.24581585308667514
786,0.24581585308667517
787,0.2458158530866752
788,0.24581585308667517
789,0.24581585308667514
790,0.24581585308667514
791,0.24581585308667517
792,0.24581585308667514
793,0.24581585308667517
794,0.2458158530866752
795,0.24581585308667517
796,0.24581585308667514
797,0.24581585308667514
798,0.24581585308667517
799,0.24581585308667514
800,0.24581585308667517
801,0.2458158530866752
802,0.24581585308667517
803,0.24581585308667514
804,0.24581585308667514
805,0.24581585308667517
806,0.24581585308667514
807,0.24581585308667517
808,0.2458158530866752
809,0.24581585308667517
810,0.24581585308667514
811,0.24581585308667514
812,0.24581585308667517
813,0.24581585308667514
814,0.24581585308667517
815,0.2458158530866752
816,0.24581585308667517
