1,0.49359025518726235
2,0.49251296399358424
3,0.49202015663781834
4,0.4914526849717383
5,0.4907838232912269
6,0.4899838492002693
7,0.48901025854574637
8,0.48780013673366157
9,0.4862563929789019
10,0.48422129417618304
11,0.4814214159951368
12,0.4383552798542695
13,0.25431713384389026
14,0.25148690267452006
15,0.25120305018982614
16,0.2511447908698217
17,0.2511073004852327
18,0.2510723014542277
19,0.25103791398146363
20,0.251003877543018
21,0.25097014077147867
22,0.2509366909891118
23,0.2509035247474207
24,0.2508706410198015
25,0.2508380393971598
26,0.2508057195872162
27,0.2507736812745673
28,0.25074192408245327
29,0.2507104475633544
30,0.25067925119777407
31,0.2506483343953535
32,0.2506176964966452
33,0.2505873367750774
34,0.2505572544389692
35,0.25052744863355486
36,0.25049791844300945
37,0.250468662892463
38,0.250439680950007
39,0.2504109715286854
40,0.25038253348847356
41,0.25035436563823715
42,0.25032646673767317
43,0.25029883549923165
44,0.25027147059001503
45,0.25024437063365224
46,0.2502175342121488
47,0.2501909598677147
48,0.2501646461045573
49,0.25013859139065264
50,0.25011279415948523
51,0.2500872528117556
52,0.25006196571706046
53,0.25003693121553955
54,0.25001214761948753
55,0.24998761321493948
56,0.2499633262632151
57,0.24993928500243662
58,0.24991548764900678
59,0.24989193239905544
60,0.24986861742985206
61,0.24984554090118175
62,0.24982270095668682
63,0.24980009572517572
64,0.24977772332189338
65,0.2497555818497608
66,0.24973366940057748
67,0.2497119840561903
68,0.24969052388962934
69,0.2496692869662061
70,0.24964827134458384
71,0.24962747507780822
72,0.24960689621431084
73,0.2495865327988747
74,0.24956638287357286
75,0.24954644447866994
76,0.24952671565349743
77,0.2495071944372937
78,0.24948787887001636
79,0.24946876699312504
80,0.24944985685033116
81,0.24943114648832382
82,0.2494126339574646
83,0.2493943173124553
84,0.24937619461297658
85,0.24935826392430466
86,0.2493405233178977
87,0.24932297087195793
88,0.2493056046719704
89,0.24928842281121585
90,0.2492714233912593
91,0.2492546045224196
92,0.24923796432420994
93,0.2492215009257636
94,0.24920521246623237
95,0.2491890970951675
96,0.24917315297288103
97,0.24915737827078363
98,0.24914177117170846
99,0.24912632987021188
100,0.24911105257286176
101,0.24909593749849915
102,0.24908098287849612
103,0.24906618695698468
104,0.24905154799107804
105,0.24903706425107322
106,0.24902273402063874
107,0.24900855559698973
108,0.24899452729104915
109,0.24898064742759282
110,0.24896691434538415
111,0.24895332639729723
112,0.2489398819504255
113,0.24892657938617974
114,0.24891341710037532
115,0.24890039350331095
116,0.24888750701983
117,0.2488747560893825
118,0.24886213916606784
119,0.2488496547186736
120,0.24883730123070613
121,0.2488250772004084
122,0.24881298114077502
123,0.2488010115795554
124,0.24878916705925255
125,0.24877744613711247
126,0.24876584738510754
127,0.2487543693899171
128,0.24874301075289343
129,0.2487317700900312
130,0.24872064603192562
131,0.24870963722372647
132,0.24869874232508932
133,0.2486879600101176
134,0.24867728896730484
135,0.24866672789946925
136,0.24865627552368572
137,0.24864593057121384
138,0.24863569178742123
139,0.2486255579317063
140,0.24861552777741233
141,0.2486056001117444
142,0.2485957737356809
143,0.2485860474638817
144,0.2485764201245935
145,0.24856689055955597
146,0.24855745762390097
147,0.2485481201860549
148,0.24853887712763476
149,0.2485297273433436
150,0.24852066974086837
151,0.24851170324076768
152,0.24850282677636845
153,0.2484940392936528
154,0.24848533975114878
155,0.24847672711981844
156,0.24846820038294487
157,0.24845975853601848
158,0.2484514005866243
159,0.24844312555432432
160,0.24843493247054535
161,0.24842682037846098
162,0.24841878833287648
163,0.2484108354001126
164,0.24840296065788764
165,0.24839516319520244
166,0.24838744211222233
167,0.2483797965201611
168,0.24837222554116428
169,0.24836472830819165
170,0.24835730396490197
171,0.24834995166553703
172,0.24834267057480397
173,0.24833545986776148
174,0.2483283187297042
175,0.24832124635604771
176,0.24831424195221435
177,0.24830730473352045
178,0.24830043392506068
179,0.24829362876159825
180,0.2482868884874507
181,0.2482802123563803
182,0.24827359963148124
183,0.24826704958507212
184,0.24826056149858333
185,0.24825413466245275
186,0.2482477683760133
187,0.2482414619473898
188,0.24823521469339072
189,0.24822902593940216
190,0.24822289501928552
191,0.24821682127527184
192,0.24821080405786008
193,0.24820484272571416
194,0.24819893664556317
195,0.2481930851920987
196,0.2481872877478796
197,0.2481815437032297
198,0.24817585245614251
199,0.24817021341218348
200,0.24816462598439643
201,0.24815908959320676
202,0.2481536036663279
203,0.2481481676386708
204,0.2481427809522498
205,0.24813744305609275
206,0.24813215340615133
207,0.24812691146521154
208,0.2481217167028061
209,0.24811656859512815
210,0.24811146662494316
211,0.24810641028150657
212,0.24810139906047748
213,0.24809643246383664
214,0.2480915099998041
215,0.2480866311827568
216,0.24808179553314974
217,0.24807700257743626
218,0.24807225184798876
219,0.24806754288302182
220,0.2480628752265153
221,0.24805824842813914
222,0.24805366204317775
223,0.24804911563245666
224,0.24804460876226958
225,0.24804014100430585
226,0.24803571193558063
227,0.24803132113836138
228,0.24802696820010298
229,0.2480226527133753
230,0.2480183742757977
231,0.2480141324899706
232,0.24800992696341104
233,0.24800575730848676
234,0.24800162314235136
235,0.24799752408688214
236,0.2479934597686162
237,0.24798942981868838
238,0.2479854338727724
239,0.24798147157101721
240,0.24797754255799082
241,0.24797364648261894
242,0.24796978299812897
243,0.24796595176199143
244,0.24796215243586509
245,0.24795838468553896
246,0.24795464818088012
247,0.2479509425957773
248,0.24794726760808894
249,0.24794362289958904
250,0.24794000815591624
251,0.2479364230665227
252,0.24793286732462158
253,0.247929340627139
254,0.2479258426746636
255,0.24792237317139978
256,0.24791893182511626
257,0.24791551834710177
258,0.24791213245211724
259,0.24790877385835045
260,0.24790544228736913
261,0.24790213746407735
262,0.24789885911667145
263,0.2478956069765961
264,0.24789238077850068
265,0.2478891802601977
266,0.24788600516262171
267,0.24788285522978554
268,0.24787973020874252
269,0.24787662984954478
270,0.24787355390520358
271,0.24787050213165115
272,0.2478674742877018
273,0.2478644701350136
274,0.24786148943805195
275,0.24785853196405117
276,0.24785559748298033
277,0.24785268576750474
278,0.24784979659295253
279,0.24784692973727915
280,0.2478440849810327
281,0.24784126210731947
282,0.24783846090177322
283,0.24783568115251833
284,0.24783292265014012
285,0.24783018518765068
286,0.24782746856045987
287,0.24782477256634095
288,0.24782209700540248
289,0.24781944168005607
290,0.24781680639498857
291,0.24781419095712953
292,0.24781159517562548
293,0.24780901886180892
294,0.24780646182917054
295,0.24780392389333147
296,0.24780140487201677
297,0.24779890458502624
298,0.24779642285420944
299,0.24779395950343786
300,0.2477915143585814
301,0.24778908724747872
302,0.247786677999916
303,0.24778428644759898
304,0.24778191242413128
305,0.24777955576498656
306,0.2477772163074883
307,0.2477748938907824
308,0.24777258835581814
309,0.24777029954532148
310,0.24776802730377426
311,0.2477657714773928
312,0.24776353191410297
313,0.24776130846352107
314,0.24775910097693224
315,0.247756909307268
316,0.2477547333090856
317,0.24775257283854965
318,0.2477504277534091
319,0.2477482979129785
320,0.2477461831781192
321,0.24774408341121767
322,0.24774199847616865
323,0.2477399282383555
324,0.2477378725646304
325,0.24773583132329846
326,0.2477338043840964
327,0.24773179161817696
328,0.24772979289809183
329,0.2477278080977716
330,0.24772583709251136
331,0.2477238797589515
332,0.24772193597506298
333,0.2477200056201292
334,0.24771808857473207
335,0.24771618472073245
336,0.24771429394125796
337,0.24771241612068554
338,0.24771055114462578
339,0.24770869889990957
340,0.2477068592745705
341,0.24770503215783327
342,0.24770321744009566
343,0.24770141501291792
344,0.24769962476900473
345,0.24769784660219502
346,0.24769608040744448
347,0.24769432608081587
348,0.24769258351946216
349,0.2476908526216155
350,0.24768913328657274
351,0.24768742541468355
352,0.2476857289073376
353,0.24768404366695215
354,0.2476823695969578
355,0.24768070660179045
356,0.24767905458687411
357,0.24767741345861263
358,0.24767578312437777
359,0.2476741634924954
360,0.2476725544722367
361,0.2476709559738051
362,0.2476693679083253
363,0.2476677901878345
364,0.24766622272526764
365,0.24766466543445137
366,0.24766311823008944
367,0.2476615810277547
368,0.24766005374387806
369,0.2476585362957383
370,0.24765702860145297
371,0.24765553057996695
372,0.24765404215104433
373,0.24765256323525775
374,0.2476510937539793
375,0.2476496336293721
376,0.24764818278437808
377,0.24764674114271298
378,0.247645308628855
379,0.2476438851680348
380,0.2476424706862306
381,0.24764106511015516
382,0.24763966836725013
383,0.24763828038567715
384,0.24763690109430836
385,0.24763553042271969
386,0.24763416830118196
387,0.24763281466065235
388,0.24763146943276887
389,0.24763013254983904
390,0.24762880394483525
391,0.24762748355138553
392,0.24762617130376713
393,0.24762486713689807
394,0.24762357098633067
395,0.24762228278824372
396,0.2476210024794355
397,0.24761972999731818
398,0.24761846527990766
399,0.24761720826582095
400,0.24761595889426494
401,0.24761471710503374
402,0.24761348283849993
403,0.24761225603560819
404,0.24761103663786888
405,0.247609824587353
406,0.24760861982668395
407,0.24760742229903315
408,0.2476062319481121
409,0.24760504871816877
410,0.24760387255397937
411,0.24760270340084342
412,0.24760154120457803
413,0.24760038591151243
414,0.24759923746848128
415,0.24759809582282083
416,0.24759696092236075
417,0.24759583271542243
418,0.24759471115080894
419,0.24759359617780427
420,0.24759248774616535
421,0.2475913858061172
422,0.24759029030834867
423,0.24758920120400724
424,0.24758811844469236
425,0.24758704198245285
426,0.24758597176978184
427,0.24758490775960967
428,0.247583849905301
429,0.24758279816065024
430,0.24758175247987657
431,0.24758071281761843
432,0.24757967912893056
433,0.24757865136927817
434,0.2475776294945336
435,0.24757661346097165
436,0.2475756032252641
437,0.24757459874447843
438,0.2475735999760698
439,0.24757260687787935
440,0.2475716194081303
441,0.2475706375254216
442,0.2475696611887273
443,0.24756869035738996
444,0.24756772499111676
445,0.2475667650499774
446,0.24756581049439952
447,0.24756486128516383
448,0.24756391738340214
449,0.24756297875059224
450,0.24756204534855544
