1,0.2615476745537417
2,0.2510412671856534
3,0.25042655411485326
4,0.2503625426172499
5,0.2503525807953391
6,0.2503507247844671
7,0.25035023271628426
8,0.2503499752067783
9,0.25034975792101616
10,0.2503495460441099
11,0.2503493155798874
12,0.2501796663523524
13,0.25017731964635787
14,0.2501778427311872
15,0.2501779094159135
16,0.25017789747733393
17,0.2501778720294736
18,0.250177844278138
19,0.25017781615125895
20,0.2501777879804975
21,0.250177759822888
22,0.25017773168821633
23,0.25017770357814195
24,0.25017767549292436
25,0.2501776474325832
26,0.25017761939709676
27,0.2501775913864359
28,0.2501775634005713
29,0.2501775354394712
30,0.2501775075031073
31,0.2501774795914482
32,0.25017745170446404
33,0.25017742384212466
34,0.25017739600440025
35,0.25017736819126085
36,0.25017734040267614
37,0.25017731263861653
38,0.2501772848990526
39,0.2501772571839536
40,0.25017722949329074
41,0.250177201827033
42,0.250177174185152
43,0.25017714656761725
44,0.25017711897439965
45,0.2501770914054696
46,0.25017706386079774
47,0.25017703634035426
48,0.25017700884410965
49,0.250176981372035
50,0.250176953924101
51,0.2501769265002779
52,0.2501768991005367
53,0.2501768717248489
54,0.2501768443731841
55,0.2501768170455145
56,0.2501767897418098
57,0.25017676246204146
58,0.2501767352061811
59,0.2501767079741993
60,0.2501766807660674
61,0.2501766535817558
62,0.2501766264212367
63,0.2501765992844813
64,0.2501765721714599
65,0.25017654508214515
66,0.2501765180165074
67,0.2501764909745184
68,0.25017646395615006
69,0.25017643696137315
70,0.25017640999016016
71,0.25017638304248163
72,0.25017635611830974
73,0.25017632921761646
74,0.2501763023403727
75,0.2501762754865511
76,0.25017624865612326
77,0.2501762218490609
78,0.2501761950653352
79,0.2501761683049196
80,0.2501761415677846
81,0.2501761148539034
82,0.25017608816324693
83,0.2501760614957889
84,0.25017603485149964
85,0.25017600823035296
86,0.25017598163232
87,0.250175955057373
88,0.25017592850548503
89,0.2501759019766278
90,0.25017587547077447
91,0.25017584898789624
92,0.25017582252796655
93,0.25017579609095864
94,0.25017576967684274
95,0.25017574328559317
96,0.2501757169171829
97,0.2501756905715833
98,0.2501756642487681
99,0.25017563794870945
100,0.2501756116713805
101,0.25017558541675416
102,0.25017555918480316
103,0.2501755329755003
104,0.2501755067888188
105,0.25017548062473177
106,0.2501754544832116
107,0.25017542836423223
108,0.25017540226776647
109,0.25017537619378744
110,0.2501753501422686
111,0.25017532411318205
112,0.2501752981065026
113,0.25017527212220286
114,0.2501752461602561
115,0.2501752202206362
116,0.25017519430331603
117,0.2501751684082695
118,0.2501751425354701
119,0.2501751166848911
120,0.2501750908565067
121,0.2501750650502899
122,0.25017503926621465
123,0.250175013504255
124,0.250174987764384
125,0.25017496204657597
126,0.2501749363508043
127,0.2501749106770432
128,0.2501748850252671
129,0.2501748593954493
130,0.2501748337875632
131,0.25017480820158416
132,0.2501747826374857
133,0.25017475709524195
134,0.25017473157482656
135,0.2501747060762145
136,0.25017468059937953
137,0.25017465514429604
138,0.2501746297109379
139,0.2501746042992802
140,0.25017457890929734
141,0.2501745535409626
142,0.2501745281942516
143,0.2501745028691385
144,0.2501744775655979
145,0.2501744522836039
146,0.2501744270231315
147,0.25017440178415556
148,0.25017437656664976
149,0.25017435137058996
150,0.2501743261959504
151,0.25017430104270627
152,0.2501742759108315
153,0.2501742508003021
154,0.2501742257110918
155,0.25017420064317664
156,0.2501741755965306
157,0.2501741505711298
158,0.25017412556694785
159,0.25017410058396106
160,0.25017407562214417
161,0.25017405068147247
162,0.25017402576192066
163,0.25017400086346425
164,0.2501739759860788
165,0.25017395112973945
166,0.25017392629442164
167,0.2501739014801
168,0.2501738766867506
169,0.25017385191434877
170,0.25017382716287057
171,0.25017380243229015
172,0.250173777722584
173,0.25017375303372796
174,0.25017372836569746
175,0.2501737037184676
176,0.2501736790920143
177,0.250173654486314
178,0.2501736299013418
179,0.2501736053370732
180,0.25017358079348473
181,0.2501735562705521
182,0.25017353176825113
183,0.25017350728655774
184,0.2501734828254478
185,0.25017345838489763
186,0.25017343396488273
187,0.25017340956538003
188,0.2501733851863648
189,0.250173360827814
190,0.25017333648970286
191,0.25017331217200867
192,0.2501732878747072
193,0.2501732635977742
194,0.250173239341187
195,0.2501732151049211
196,0.25017319088895357
197,0.25017316669326023
198,0.250173142517818
199,0.2501731183626033
200,0.25017309422759243
201,0.250173070112762
202,0.2501730460180892
203,0.2501730219435499
204,0.25017299788912106
205,0.2501729738547797
206,0.250172949840502
207,0.2501729258462651
208,0.25017290187204577
209,0.2501728779178204
210,0.2501728539835669
211,0.250172830069261
212,0.2501728061748803
213,0.2501727823004009
214,0.25017275844580167
215,0.250172734611058
216,0.25017271079614745
217,0.2501726870010476
218,0.25017266322573456
219,0.2501726394701865
220,0.2501726157343798
221,0.25017259201829234
222,0.2501725683219007
223,0.2501725446451835
224,0.2501725209881171
225,0.2501724973506784
226,0.2501724737328458
227,0.2501724501345962
228,0.25017242655590716
229,0.2501724029967564
230,0.25017237945712084
231,0.25017235593697873
232,0.25017233243630727
233,0.25017230895508447
234,0.2501722854932878
235,0.25017226205089493
236,0.25017223862788296
237,0.25017221522423094
238,0.25017219183991546
239,0.2501721684749155
240,0.25017214512920766
241,0.2501721218027708
242,0.25017209849558186
243,0.25017207520762014
244,0.2501720519388621
245,0.2501720286892873
246,0.2501720054588725
247,0.25017198224759657
248,0.25017195905543704
249,0.25017193588237285
250,0.25017191272838096
251,0.25017188959344117
252,0.2501718664775302
253,0.25017184338062703
254,0.25017182030270996
255,0.2501717972437567
256,0.2501717742037466
257,0.2501717511826576
258,0.25017172818046796
259,0.2501717051971563
260,0.25017168223270086
261,0.25017165928708074
262,0.2501716363602738
263,0.2501716134522588
264,0.25017159056301436
265,0.2501715676925198
266,0.2501715448407525
267,0.25017152200769244
268,0.25017149919331716
269,0.2501714763976066
270,0.25017145362053855
271,0.25017143086209204
272,0.2501714081222465
273,0.2501713854009803
274,0.25017136269827234
275,0.25017134001410146
276,0.2501713173484473
277,0.250171294701288
278,0.2501712720726029
279,0.2501712494623717
280,0.25017122687057247
281,0.2501712042971849
282,0.25017118174218816
283,0.25017115920556104
284,0.2501711366872832
285,0.25017111418733323
286,0.2501710917056912
287,0.2501710692423362
288,0.25017104679724683
289,0.25017102437040356
290,0.2501710019617852
291,0.2501709795713703
292,0.2501709571991399
293,0.25017093484507275
294,0.2501709125091479
295,0.25017089019134553
296,0.25017086789164517
297,0.25017084561002606
298,0.25017082334646795
299,0.2501708011009504
300,0.25017077887345346
301,0.2501707566639563
302,0.2501707344724387
303,0.25017071229888105
304,0.2501706901432623
305,0.25017066800556315
306,0.25017064588576293
307,0.2501706237838411
308,0.25017060169977834
309,0.25017057963355366
310,0.2501705575851485
311,0.2501705355545414
312,0.25017051354171355
313,0.25017049154664384
314,0.25017046956931255
315,0.25017044760970053
316,0.25017042566778763
317,0.2501704037435533
318,0.2501703818369787
319,0.25017035994804343
320,0.2501703380767283
321,0.25017031622301267
322,0.250170294386878
323,0.2501702725683031
324,0.2501702507672697
325,0.25017022898375735
326,0.2501702072177471
327,0.25017018546921915
