1,0.25419978811070487
2,0.2527869135301518
3,0.2527376617417959
4,0.25273706323317197
5,0.2527370559275156
6,0.2527370558383349
7,0.2527370558372463
8,0.2527370558372329
9,0.2527370558372329
10,0.25273705583723277
11,0.2527370558372329
12,0.2527370558372329
13,0.2527370558372329
14,0.2527370558372329
15,0.2527370558372329
16,0.2527370558372329
17,0.2527370558372329
18,0.2527370558372329
19,0.2527370558372329
20,0.2527370558372329
21,0.2527370558372329
22,0.2527370558372329
23,0.2527370558372329
24,0.2527370558372329
25,0.2527370558372329
26,0.2527370558372329
27,0.2527370558372329
28,0.2527370558372329
29,0.2527370558372329
30,0.2527370558372329
31,0.2527370558372329
32,0.2527370558372329
33,0.2527370558372329
34,0.2527370558372329
35,0.2527370558372329
36,0.2527370558372329
37,0.2527370558372329
38,0.2527370558372329
39,0.2527370558372329
40,0.2527370558372329
41,0.2527370558372329
42,0.2527370558372329
43,0.2527370558372329
44,0.2527370558372329
45,0.2527370558372329
46,0.2527370558372329
47,0.2527370558372329
48,0.2527370558372329
49,0.2527370558372329
50,0.2527370558372329
51,0.2527370558372329
52,0.2527370558372329
53,0.2527370558372329
54,0.2527370558372329
55,0.2527370558372329
56,0.2527370558372329
57,0.2527370558372329
58,0.2527370558372329
59,0.2527370558372329
60,0.2527370558372329
61,0.2527370558372329
62,0.2527370558372329
63,0.2527370558372329
64,0.2527370558372329
65,0.2527370558372329
66,0.2527370558372329
67,0.2527370558372329
68,0.2527370558372329
69,0.2527370558372329
70,0.2527370558372329
71,0.2527370558372329
72,0.2527370558372329
73,0.2527370558372329
74,0.2527370558372329
75,0.2527370558372329
76,0.2527370558372329
77,0.2527370558372329
78,0.2527370558372329
79,0.2527370558372329
80,0.2527370558372329
81,0.2527370558372329
82,0.2527370558372329
83,0.2527370558372329
84,0.2527370558372329
85,0.2527370558372329
86,0.2527370558372329
87,0.2527370558372329
88,0.2527370558372329
89,0.2527370558372329
90,0.2527370558372329
91,0.2527370558372329
92,0.2527370558372329
93,0.2527370558372329
94,0.2527370558372329
95,0.2527370558372329
96,0.2527370558372329
97,0.2527370558372329
98,0.2527370558372329
99,0.2527370558372329
100,0.2527370558372329
101,0.2527370558372329
102,0.2527370558372329
103,0.2527370558372329
104,0.2527370558372329
105,0.2527370558372329
106,0.2527370558372329
107,0.2527370558372329
108,0.2527370558372329
109,0.2527370558372329
110,0.2527370558372329
111,0.2527370558372329
112,0.2527370558372329
113,0.2527370558372329
114,0.2527370558372329
115,0.2527370558372329
116,0.2527370558372329
117,0.2527370558372329
118,0.2527370558372329
119,0.2527370558372329
120,0.2527370558372329
121,0.2527370558372329
122,0.2527370558372329
123,0.2527370558372329
124,0.2527370558372329
125,0.2527370558372329
126,0.2527370558372329
127,0.2527370558372329
128,0.2527370558372329
129,0.2527370558372329
130,0.2527370558372329
131,0.2527370558372329
132,0.2527370558372329
133,0.2527370558372329
134,0.2527370558372329
135,0.2527370558372329
136,0.2527370558372329
137,0.2527370558372329
138,0.2527370558372329
139,0.2527370558372329
140,0.2527370558372329
141,0.2527370558372329
142,0.2527370558372329
143,0.2527370558372329
144,0.2527370558372329
145,0.2527370558372329
146,0.2527370558372329
147,0.2527370558372329
148,0.2527370558372329
149,0.2527370558372329
150,0.2527370558372329
151,0.2527370558372329
152,0.2527370558372329
153,0.2527370558372329
154,0.2527370558372329
155,0.2527370558372329
156,0.2527370558372329
157,0.2527370558372329
158,0.2527370558372329
159,0.2527370558372329
160,0.2527370558372329
161,0.2527370558372329
162,0.2527370558372329
163,0.2527370558372329
164,0.2527370558372329
165,0.2527370558372329
166,0.2527370558372329
167,0.2527370558372329
168,0.2527370558372329
169,0.2527370558372329
170,0.2527370558372329
171,0.2527370558372329
172,0.2527370558372329
173,0.2527370558372329
174,0.2527370558372329
175,0.2527370558372329
176,0.2527370558372329
177,0.2527370558372329
178,0.2527370558372329
179,0.2527370558372329
180,0.2527370558372329
181,0.2527370558372329
182,0.2527370558372329
183,0.2527370558372329
184,0.2527370558372329
185,0.2527370558372329
186,0.2527370558372329
187,0.2527370558372329
188,0.2527370558372329
189,0.2527370558372329
190,0.2527370558372329
191,0.2527370558372329
192,0.2527370558372329
193,0.2527370558372329
194,0.2527370558372329
195,0.2527370558372329
196,0.2527370558372329
197,0.2527370558372329
198,0.2527370558372329
199,0.2527370558372329
200,0.2527370558372329
201,0.2527370558372329
202,0.2527370558372329
203,0.2527370558372329
204,0.2527370558372329
205,0.2527370558372329
206,0.2527370558372329
207,0.2527370558372329
208,0.2527370558372329
209,0.2527370558372329
210,0.2527370558372329
211,0.2527370558372329
212,0.2527370558372329
213,0.2527370558372329
214,0.2527370558372329
215,0.2527370558372329
216,0.2527370558372329
217,0.2527370558372329
218,0.2527370558372329
219,0.2527370558372329
220,0.2527370558372329
221,0.2527370558372329
222,0.2527370558372329
223,0.2527370558372329
224,0.2527370558372329
225,0.2527370558372329
226,0.2527370558372329
227,0.2527370558372329
228,0.2527370558372329
229,0.2527370558372329
230,0.2527370558372329
231,0.2527370558372329
232,0.2527370558372329
233,0.2527370558372329
234,0.2527370558372329
235,0.2527370558372329
236,0.2527370558372329
237,0.2527370558372329
238,0.2527370558372329
239,0.2527370558372329
240,0.2527370558372329
241,0.2527370558372329
242,0.2527370558372329
243,0.2527370558372329
244,0.2527370558372329
245,0.2527370558372329
246,0.2527370558372329
247,0.2527370558372329
248,0.2527370558372329
249,0.2527370558372329
250,0.2527370558372329
251,0.2527370558372329
252,0.2527370558372329
253,0.2527370558372329
254,0.2527370558372329
255,0.2527370558372329
256,0.2527370558372329
257,0.2527370558372329
258,0.2527370558372329
259,0.2527370558372329
260,0.2527370558372329
261,0.2527370558372329
262,0.2527370558372329
263,0.2527370558372329
264,0.2527370558372329
265,0.2527370558372329
266,0.2527370558372329
267,0.2527370558372329
268,0.2527370558372329
269,0.2527370558372329
270,0.2527370558372329
271,0.2527370558372329
272,0.2527370558372329
273,0.2527370558372329
274,0.2527370558372329
275,0.2527370558372329
276,0.2527370558372329
277,0.2527370558372329
278,0.2527370558372329
279,0.2527370558372329
280,0.2527370558372329
281,0.2527370558372329
282,0.2527370558372329
283,0.2527370558372329
284,0.2527370558372329
285,0.2527370558372329
286,0.2527370558372329
287,0.2527370558372329
288,0.2527370558372329
289,0.2527370558372329
290,0.2527370558372329
291,0.2527370558372329
292,0.2527370558372329
293,0.2527370558372329
294,0.2527370558372329
295,0.2527370558372329
296,0.2527370558372329
297,0.2527370558372329
298,0.2527370558372329
299,0.2527370558372329
300,0.2527370558372329
301,0.2527370558372329
302,0.2527370558372329
303,0.2527370558372329
304,0.2527370558372329
305,0.2527370558372329
306,0.2527370558372329
307,0.2527370558372329
308,0.2527370558372329
309,0.2527370558372329
310,0.2527370558372329
311,0.2527370558372329
312,0.2527370558372329
313,0.2527370558372329
314,0.2527370558372329
315,0.2527370558372329
316,0.2527370558372329
317,0.2527370558372329
318,0.2527370558372329
319,0.2527370558372329
320,0.2527370558372329
321,0.2527370558372329
322,0.2527370558372329
323,0.2527370558372329
324,0.2527370558372329
325,0.2527370558372329
326,0.2527370558372329
327,0.2527370558372329
328,0.2527370558372329
329,0.2527370558372329
330,0.2527370558372329
331,0.2527370558372329
332,0.2527370558372329
333,0.2527370558372329
334,0.2527370558372329
335,0.2527370558372329
336,0.2527370558372329
337,0.2527370558372329
338,0.2527370558372329
339,0.2527370558372329
340,0.2527370558372329
341,0.2527370558372329
342,0.2527370558372329
343,0.2527370558372329
344,0.2527370558372329
345,0.2527370558372329
346,0.2527370558372329
347,0.2527370558372329
348,0.2527370558372329
349,0.2527370558372329
350,0.2527370558372329
351,0.2527370558372329
352,0.2527370558372329
353,0.2527370558372329
354,0.2527370558372329
355,0.2527370558372329
356,0.2527370558372329
357,0.2527370558372329
358,0.2527370558372329
359,0.2527370558372329
360,0.2527370558372329
361,0.2527370558372329
362,0.2527370558372329
363,0.2527370558372329
364,0.2527370558372329
365,0.2527370558372329
366,0.2527370558372329
367,0.2527370558372329
368,0.2527370558372329
369,0.2527370558372329
370,0.2527370558372329
371,0.2527370558372329
372,0.2527370558372329
373,0.2527370558372329
374,0.2527370558372329
375,0.2527370558372329
376,0.2527370558372329
377,0.2527370558372329
378,0.2527370558372329
379,0.2527370558372329
380,0.2527370558372329
381,0.2527370558372329
382,0.2527370558372329
383,0.2527370558372329
384,0.2527370558372329
385,0.2527370558372329
386,0.2527370558372329
387,0.2527370558372329
388,0.2527370558372329
389,0.2527370558372329
390,0.2527370558372329
391,0.2527370558372329
392,0.2527370558372329
393,0.2527370558372329
394,0.2527370558372329
395,0.2527370558372329
396,0.2527370558372329
397,0.2527370558372329
398,0.2527370558372329
399,0.2527370558372329
400,0.2527370558372329
401,0.2527370558372329
402,0.2527370558372329
403,0.2527370558372329
404,0.2527370558372329
405,0.2527370558372329
406,0.2527370558372329
407,0.2527370558372329
408,0.2527370558372329
409,0.2527370558372329
410,0.2527370558372329
411,0.2527370558372329
412,0.2527370558372329
413,0.2527370558372329
414,0.2527370558372329
415,0.2527370558372329
416,0.2527370558372329
417,0.2527370558372329
418,0.2527370558372329
419,0.2527370558372329
420,0.2527370558372329
421,0.2527370558372329
422,0.2527370558372329
423,0.2527370558372329
424,0.2527370558372329
425,0.2527370558372329
426,0.2527370558372329
427,0.2527370558372329
428,0.2527370558372329
429,0.2527370558372329
430,0.2527370558372329
431,0.2527370558372329
432,0.2527370558372329
433,0.2527370558372329
434,0.2527370558372329
435,0.2527370558372329
436,0.2527370558372329
437,0.2527370558372329
438,0.2527370558372329
439,0.2527370558372329
440,0.2527370558372329
441,0.2527370558372329
442,0.2527370558372329
443,0.2527370558372329
444,0.2527370558372329
445,0.2527370558372329
446,0.2527370558372329
447,0.2527370558372329
448,0.2527370558372329
449,0.2527370558372329
450,0.2527370558372329
451,0.2527370558372329
452,0.2527370558372329
453,0.2527370558372329
454,0.2527370558372329
455,0.2527370558372329
456,0.2527370558372329
457,0.2527370558372329
458,0.2527370558372329
459,0.2527370558372329
460,0.2527370558372329
461,0.2527370558372329
462,0.2527370558372329
463,0.2527370558372329
464,0.2527370558372329
465,0.2527370558372329
466,0.2527370558372329
467,0.2527370558372329
468,0.2527370558372329
469,0.2527370558372329
470,0.2527370558372329
471,0.2527370558372329
472,0.2527370558372329
473,0.2527370558372329
474,0.2527370558372329
475,0.2527370558372329
476,0.2527370558372329
477,0.2527370558372329
478,0.2527370558372329
479,0.2527370558372329
480,0.2527370558372329
481,0.2527370558372329
482,0.2527370558372329
483,0.2527370558372329
484,0.2527370558372329
485,0.2527370558372329
486,0.2527370558372329
487,0.2527370558372329
488,0.2527370558372329
489,0.2527370558372329
490,0.2527370558372329
491,0.2527370558372329
492,0.2527370558372329
493,0.2527370558372329
494,0.2527370558372329
495,0.2527370558372329
496,0.2527370558372329
497,0.2527370558372329
498,0.2527370558372329
499,0.2527370558372329
500,0.2527370558372329
501,0.2527370558372329
502,0.2527370558372329
503,0.2527370558372329
504,0.2527370558372329
505,0.2527370558372329
506,0.2527370558372329
507,0.2527370558372329
508,0.2527370558372329
509,0.2527370558372329
510,0.2527370558372329
511,0.2527370558372329
512,0.2527370558372329
513,0.2527370558372329
514,0.2527370558372329
515,0.2527370558372329
516,0.2527370558372329
517,0.2527370558372329
518,0.2527370558372329
519,0.2527370558372329
520,0.2527370558372329
521,0.2527370558372329
522,0.2527370558372329
523,0.2527370558372329
524,0.2527370558372329
525,0.2527370558372329
526,0.2527370558372329
527,0.2527370558372329
528,0.2527370558372329
529,0.2527370558372329
530,0.2527370558372329
531,0.2527370558372329
532,0.2527370558372329
533,0.2527370558372329
534,0.2527370558372329
535,0.2527370558372329
536,0.2527370558372329
537,0.2527370558372329
538,0.2527370558372329
539,0.2527370558372329
540,0.2527370558372329
541,0.2527370558372329
542,0.2527370558372329
543,0.2527370558372329
544,0.2527370558372329
545,0.2527370558372329
546,0.2527370558372329
547,0.2527370558372329
548,0.2527370558372329
549,0.2527370558372329
550,0.2527370558372329
551,0.2527370558372329
552,0.2527370558372329
553,0.2527370558372329
554,0.2527370558372329
555,0.2527370558372329
556,0.2527370558372329
557,0.2527370558372329
558,0.2527370558372329
559,0.2527370558372329
560,0.2527370558372329
561,0.2527370558372329
562,0.2527370558372329
563,0.2527370558372329
564,0.2527370558372329
565,0.2527370558372329
566,0.2527370558372329
567,0.2527370558372329
568,0.2527370558372329
569,0.2527370558372329
570,0.2527370558372329
571,0.2527370558372329
572,0.2527370558372329
573,0.2527370558372329
574,0.2527370558372329
575,0.2527370558372329
576,0.2527370558372329
577,0.2527370558372329
578,0.2527370558372329
579,0.2527370558372329
580,0.2527370558372329
581,0.2527370558372329
582,0.2527370558372329
583,0.2527370558372329
584,0.2527370558372329
585,0.2527370558372329
586,0.2527370558372329
587,0.2527370558372329
588,0.2527370558372329
589,0.2527370558372329
590,0.2527370558372329
591,0.2527370558372329
592,0.2527370558372329
593,0.2527370558372329
594,0.2527370558372329
595,0.2527370558372329
596,0.2527370558372329
597,0.2527370558372329
598,0.2527370558372329
599,0.2527370558372329
600,0.2527370558372329
601,0.2527370558372329
602,0.2527370558372329
603,0.2527370558372329
604,0.2527370558372329
605,0.2527370558372329
606,0.2527370558372329
607,0.2527370558372329
608,0.2527370558372329
609,0.2527370558372329
610,0.2527370558372329
611,0.2527370558372329
612,0.2527370558372329
613,0.2527370558372329
614,0.2527370558372329
615,0.2527370558372329
616,0.2527370558372329
617,0.2527370558372329
618,0.2527370558372329
619,0.2527370558372329
620,0.2527370558372329
621,0.2527370558372329
622,0.2527370558372329
623,0.2527370558372329
624,0.2527370558372329
625,0.2527370558372329
626,0.2527370558372329
627,0.2527370558372329
628,0.2527370558372329
629,0.2527370558372329
630,0.2527370558372329
631,0.2527370558372329
632,0.2527370558372329
633,0.2527370558372329
634,0.2527370558372329
635,0.2527370558372329
636,0.2527370558372329
637,0.2527370558372329
638,0.2527370558372329
639,0.2527370558372329
640,0.2527370558372329
641,0.2527370558372329
642,0.2527370558372329
643,0.2527370558372329
644,0.2527370558372329
645,0.2527370558372329
646,0.2527370558372329
647,0.2527370558372329
648,0.2527370558372329
649,0.2527370558372329
650,0.2527370558372329
651,0.2527370558372329
652,0.2527370558372329
653,0.2527370558372329
654,0.2527370558372329
655,0.2527370558372329
656,0.2527370558372329
657,0.2527370558372329
658,0.2527370558372329
659,0.2527370558372329
660,0.2527370558372329
661,0.2527370558372329
662,0.2527370558372329
663,0.2527370558372329
664,0.2527370558372329
665,0.2527370558372329
666,0.2527370558372329
667,0.2527370558372329
668,0.2527370558372329
669,0.2527370558372329
670,0.2527370558372329
671,0.2527370558372329
672,0.2527370558372329
673,0.2527370558372329
674,0.2527370558372329
675,0.2527370558372329
676,0.2527370558372329
677,0.2527370558372329
678,0.2527370558372329
679,0.2527370558372329
680,0.2527370558372329
681,0.2527370558372329
682,0.2527370558372329
683,0.2527370558372329
684,0.2527370558372329
685,0.2527370558372329
686,0.2527370558372329
687,0.2527370558372329
688,0.2527370558372329
689,0.2527370558372329
690,0.2527370558372329
691,0.2527370558372329
692,0.2527370558372329
693,0.2527370558372329
694,0.2527370558372329
695,0.2527370558372329
696,0.2527370558372329
697,0.2527370558372329
698,0.2527370558372329
699,0.2527370558372329
700,0.2527370558372329
701,0.2527370558372329
702,0.2527370558372329
703,0.2527370558372329
704,0.2527370558372329
705,0.2527370558372329
706,0.2527370558372329
707,0.2527370558372329
708,0.2527370558372329
709,0.2527370558372329
710,0.2527370558372329
711,0.2527370558372329
712,0.2527370558372329
713,0.2527370558372329
714,0.2527370558372329
715,0.2527370558372329
716,0.2527370558372329
717,0.2527370558372329
718,0.2527370558372329
719,0.2527370558372329
720,0.2527370558372329
721,0.2527370558372329
722,0.2527370558372329
723,0.2527370558372329
724,0.2527370558372329
725,0.2527370558372329
726,0.2527370558372329
727,0.2527370558372329
728,0.2527370558372329
729,0.2527370558372329
730,0.2527370558372329
731,0.2527370558372329
732,0.2527370558372329
733,0.2527370558372329
734,0.2527370558372329
735,0.2527370558372329
736,0.2527370558372329
737,0.2527370558372329
738,0.2527370558372329
739,0.2527370558372329
740,0.2527370558372329
741,0.2527370558372329
742,0.2527370558372329
743,0.2527370558372329
744,0.2527370558372329
745,0.2527370558372329
746,0.2527370558372329
747,0.2527370558372329
748,0.2527370558372329
749,0.2527370558372329
750,0.2527370558372329
751,0.2527370558372329
752,0.2527370558372329
753,0.2527370558372329
754,0.2527370558372329
755,0.2527370558372329
756,0.2527370558372329
757,0.2527370558372329
758,0.2527370558372329
759,0.2527370558372329
760,0.2527370558372329
761,0.2527370558372329
762,0.2527370558372329
763,0.2527370558372329
764,0.2527370558372329
765,0.2527370558372329
766,0.2527370558372329
767,0.2527370558372329
768,0.2527370558372329
769,0.2527370558372329
770,0.2527370558372329
771,0.2527370558372329
772,0.2527370558372329
773,0.2527370558372329
774,0.2527370558372329
775,0.2527370558372329
776,0.2527370558372329
777,0.2527370558372329
778,0.2527370558372329
779,0.2527370558372329
780,0.2527370558372329
781,0.2527370558372329
782,0.2527370558372329
783,0.2527370558372329
784,0.2527370558372329
785,0.2527370558372329
786,0.2527370558372329
787,0.2527370558372329
788,0.2527370558372329
789,0.2527370558372329
790,0.2527370558372329
791,0.2527370558372329
792,0.2527370558372329
793,0.2527370558372329
794,0.2527370558372329
795,0.2527370558372329
796,0.2527370558372329
797,0.2527370558372329
798,0.2527370558372329
799,0.2527370558372329
800,0.2527370558372329
801,0.2527370558372329
802,0.2527370558372329
803,0.2527370558372329
804,0.2527370558372329
805,0.2527370558372329
806,0.2527370558372329
807,0.2527370558372329
808,0.2527370558372329
809,0.2527370558372329
810,0.2527370558372329
811,0.2527370558372329
812,0.2527370558372329
813,0.2527370558372329
814,0.2527370558372329
815,0.2527370558372329
816,0.2527370558372329
817,0.2527370558372329
818,0.2527370558372329
819,0.2527370558372329
820,0.2527370558372329
821,0.2527370558372329
822,0.2527370558372329
823,0.2527370558372329
824,0.2527370558372329
825,0.2527370558372329
