1,0.2776786840378097
2,0.24944760079681016
3,0.24941610317993118
4,0.2493713610336953
5,0.249327950453252
6,0.24928584021197878
7,0.24924499687590362
8,0.24920538672844805
9,0.24916697592754303
10,0.24912973064618402
11,0.24909361719747178
12,0.24905860214504835
13,0.24902465239987187
14,0.24899173530429494
15,0.24895981870440473
16,0.24892887101158293
17,0.24889886125419608
18,0.24886975912032344
19,0.2488415349923557
20,0.248814159974283
21,0.24878760591242474
22,0.24876184541031154
23,0.2487368518383745
24,0.24871259933905676
25,0.24868906282790176
26,0.24866621799113325
27,0.24864404128019785
28,0.2486225099036881
29,0.24860160181703897
30,0.24858129571033552
31,0.2485615709945489
32,0.24854240778647577
33,0.24852378689262875
34,0.24850568979229756
35,0.2484880986199794
36,0.2484709961473385
37,0.24845436576486285
38,0.24843819146332846
39,0.24842245781520192
40,0.24840714995607055
41,0.24839225356618236
42,0.24837775485217944
43,0.24836364052906973
44,0.24834989780250105
45,0.24833651435137197
46,0.2483234783108174
47,0.24831077825559505
48,0.24829840318389224
49,0.24828634250157763
50,0.24827458600689464
51,0.24826312387562213
52,0.24825194664669292
53,0.24824104520827586
54,0.24823041078432342
55,0.2482200349215768
56,0.2482099094770268
57,0.24820002660582097
58,0.24819037874960903
59,0.24818095862532366
60,0.2481717592143763
61,0.24816277375226709
62,0.24815399571859148
63,0.24814541882743754
64,0.24813703701815557
65,0.2481288444464952
66,0.24812083547609415
67,0.24811300467030498
68,0.24810534678435595
69,0.2480978567578232
70,0.24809052970741194
71,0.2480833609200311
72,0.2480763458461502
73,0.24806948009342844
74,0.2480627594206074
75,0.24805617973165187
76,0.24804973707013406
77,0.2480434276138486
78,0.24803724766965068
79,0.24803119366850523
80,0.24802526216074144
81,0.248019449811504
82,0.24801375339638984
83,0.24800816979726703
84,0.24800269599826302
85,0.2479973290819209
86,0.24799206622551034
87,0.24798690469749288
88,0.24798184185412883
89,0.24797687513622552
90,0.24797200206601627
91,0.24796722024416656
92,0.24796252734690363
93,0.24795792112325957
94,0.24795339939242692
95,0.2479489600412215
96,0.24794460102164761
97,0.24794032034855665
98,0.24793611609740662
99,0.24793198640210265
100,0.24792792945293052
101,0.24792394349456698
102,0.24792002682417152
103,0.2479161777895503
104,0.24791239478739555
105,0.2479086762615924
106,0.24790502070158932
107,0.24790142664083492
108,0.24789789265527468
109,0.24789441736190385
110,0.24789099941737683
111,0.24788763751667175
112,0.2478843303918013
113,0.24788107681057783
114,0.24787787557542124
115,0.2478747255222127
116,0.24787162551919428
117,0.24786857446590374
118,0.24786557129215522
119,0.2478626149570543
120,0.24785970444804978
121,0.24785683878002157
122,0.2478540169943999
123,0.24785123815831991
124,0.2478485013638029
125,0.24784580572697132
126,0.24784315038728913
127,0.24784053450683094
128,0.24783795726957641
129,0.247835417880731
130,0.24783291556606937
131,0.24783044957130274
132,0.24782801916146852
133,0.24782562362034208
134,0.24782326224986692
135,0.24782093436960775
136,0.2478186393162177
137,0.2478163764429307
138,0.24781414511906558
139,0.2478119447295487
140,0.2478097746744539
141,0.24780763436855738
142,0.24780552324090807
143,0.24780344073441052
144,0.2478013863054253
145,0.24779935942337894
146,0.24779735957038881
147,0.24779538624090147
148,0.2477934389413399
149,0.24779151718976558
150,0.24778962051554881
151,0.24778774845905144
152,0.24778590057131955
153,0.24778407641378677
154,0.24778227555798424
155,0.24778049758526383
156,0.2477787420865278
157,0.24777700866196717
158,0.24777529692080746
159,0.24777360648106803
160,0.24777193696931935
161,0.24777028802045634
162,0.24776865927747402
163,0.2477670503912538
164,0.2477654610203513
165,0.24776389083079547
166,0.24776233949589155
167,0.24776080669603043
168,0.2477592921185033
169,0.24775779545732432
170,0.24775631641305337
171,0.24775485469263123
172,0.24775341000921355
173,0.24775198208201255
174,0.24775057063614372
175,0.2477491754024749
176,0.24774779611748346
177,0.24774643252311374
178,0.24774508436664036
179,0.24774375140053606
180,0.24774243338234314
181,0.2477411300745466
182,0.24773984124445536
183,0.2477385666640805
184,0.2477373061100241
185,0.24773605936336507
186,0.24773482620955245
187,0.24773360643829875
188,0.24773239984347917
189,0.24773120622303063
190,0.2477300253788559
191,0.24772885711672965
192,0.24772770124620594
193,0.24772655758053155
194,0.2477254259365556
195,0.24772430613465002
196,0.24772319799862488
197,0.24772210135564848
198,0.247721016036172
199,0.24771994187385238
200,0.2477188787054796
201,0.24771782637090498
202,0.2477167847129715
203,0.24771575357744713
204,0.24771473281295797
205,0.2477137222709246
206,0.24771272180549847
207,0.24771173127350357
208,0.2477107505343738
209,0.24770977945009853
210,0.24770881788516375
211,0.24770786570649897
212,0.2477069227834232
213,0.24770598898759238
214,0.24770506419295008
215,0.2477041482756778
216,0.24770324111414382
217,0.2477023425888611
218,0.24770145258243803
219,0.24770057097953604
220,0.24769969766682287
221,0.24769883253293376
222,0.2476979754684277
223,0.24769712636574834
224,0.24769628511918382
225,0.24769545162482876
226,0.24769462578054624
227,0.2476938074859319
228,0.24769299664227795
229,0.24769219315253824
230,0.24769139692129472
231,0.24769060785472335
232,0.24768982586056262
233,0.2476890508480816
234,0.24768828272804938
235,0.24768752141270403
236,0.24768676681572424
237,0.24768601885219907
238,0.24768527743860297
239,0.24768454249276456
240,0.24768381393384248
241,0.24768309168229768
242,0.24768237565986978
243,0.24768166578954898
244,0.24768096199555614
245,0.2476802642033138
246,0.24767957233942722
247,0.24767888633165921
248,0.24767820610890862
249,0.24767753160118844
250,0.24767686273960476
251,0.24767619945633565
252,0.2476755416846115
253,0.24767488935869414
254,0.2476742424138581
255,0.24767360078637185
256,0.2476729644134781
257,0.24767233323337665
258,0.2476717071852069
259,0.24767108620902925
260,0.2476704702458084
261,0.24766985923739845
262,0.24766925312652338
263,0.24766865185676454
264,0.2476680553725419
265,0.24766746361910236
266,0.24766687654250097
267,0.24766629408958896
268,0.24766571620799907
269,0.24766514284613003
270,0.24766457395313476
271,0.24766400947890613
272,0.24766344937406326
273,0.2476628935899402
274,0.24766234207857102
275,0.24766179479268044
276,0.2476612516856686
277,0.2476607127116018
278,0.2476601778251995
279,0.24765964698182288
280,0.2476591201374651
281,0.24765859724873923
282,0.2476580782728673
283,0.24765756316767099
284,0.24765705189156062
285,0.2476565444035246
286,0.24765604066312197
287,0.24765554063046943
288,0.24765504426623353
289,0.24765455153162289
290,0.2476540623883763
291,0.24765357679875566
292,0.2476530947255362
293,0.247652616132
294,0.2476521409819238
295,0.24765166923957518
296,0.2476512008697015
297,0.24765073583752284
298,0.24765027410872414
299,0.24764981564944807
300,0.24764936042628785
301,0.24764890840627823
302,0.24764845955688963
303,0.24764801384602242
304,0.24764757124199602
305,0.24764713171354694
306,0.24764669522981825
307,0.24764626176035592
308,0.24764583127510004
309,0.24764540374438027
310,0.24764497913890898
311,0.2476445574297751
312,0.24764413858843826
313,0.2476437225867242
314,0.24764330939681667
315,0.24764289899125355
316,0.24764249134292063
317,0.24764208642504745
318,0.24764168421120047
319,0.24764128467527757
320,0.24764088779150512
321,0.2476404935344308
322,0.24764010187892035
323,0.24763971280015074
324,0.24763932627360744
325,0.24763894227507863
326,0.24763856078065022
327,0.2476381817667037
328,0.24763780520990794
329,0.24763743108721833
330,0.24763705937587038
331,0.2476366900533773
332,0.2476363230975227
333,0.2476359584863616
334,0.2476355961982109
335,0.2476352362116492
336,0.247634878505512
337,0.2476345230588878
338,0.2476341698511139
339,0.2476338188617738
340,0.24763347007069297
341,0.24763312345793487
342,0.24763277900379874
343,0.24763243668881532
344,0.2476320964937432
345,0.24763175839956722
346,0.24763142238749258
347,0.2476310884389449
348,0.24763075653556338
349,0.24763042665920157
350,0.24763009879192113
351,0.24762977291599106
352,0.2476294490138835
353,0.2476291270682715
354,0.24762880706202606
355,0.24762848897821332
356,0.24762817280009186
357,0.24762785851110974
358,0.24762754609490234
359,0.24762723553528954
360,0.24762692681627327
361,0.24762661992203466
362,0.2476263148369319
363,0.24762601154549788
364,0.24762571003243736
365,0.2476254102826252
366,0.24762511228110376
367,0.24762481601308042
368,0.2476245214639252
369,0.24762422861917008
370,0.24762393746450434
371,0.24762364798577474
372,0.24762336016898087
373,0.24762307400027675
374,0.24762278946596553
375,0.24762250655249826
376,0.2476222252464733
377,0.2476219455346325
378,0.24762166740386043
379,0.24762139084118287
380,0.24762111583376303
381,0.24762084236890242
382,0.24762057043403668
383,0.24762030001673518
384,0.24762003110469918
385,0.2476197636857589
386,0.2476194977478738
387,0.2476192332791298
388,0.24761897026773705
389,0.2476187087020293
390,0.2476184485704623
391,0.247618189861612
392,0.247617932564173
393,0.24761767666695603
394,0.24761742215888907
395,0.24761716902901293
396,0.24761691726648194
397,0.24761666686056152
398,0.2476164178006263
399,0.2476161700761608
400,0.24761592367675564
401,0.24761567859210729
402,0.24761543481201712
403,0.24761519232638965
404,0.24761495112523138
405,0.24761471119864906
406,0.24761447253684812
407,0.24761423513013445
408,0.2476139989689083
409,0.24761376404366772
410,0.24761353034500422
411,0.24761329786360298
412,0.2476130665902415
413,0.24761283651578847
414,0.24761260763120344
415,0.2476123799275328
416,0.24761215339591305
417,0.2476119280275666
418,0.2476117038138012
419,0.24761148074601042
420,0.24761125881567075
421,0.2476110380143421
422,0.247610818333665
423,0.2476105997653621
424,0.24761038230123494
425,0.2476101659331642
426,0.24760995065310878
427,0.2476097364531042
428,0.24760952332526218
429,0.24760931126177002
430,0.24760910025488905
431,0.24760889029695374
432,0.2476086813803717
433,0.2476084734976224
434,0.24760826664125554
435,0.2476080608038914
436,0.24760785597822
437,0.24760765215699893
438,0.2476074493330539
439,0.2476072474992777
440,0.24760704664862915
441,0.24760684677413244
442,0.24760664786887646
443,0.247606449926014
444,0.2476062529387614
445,0.24760605690039603
446,0.2476058618042588
447,0.24760566764375166
448,0.24760547441233516
449,0.24760528210353122
450,0.24760509071092046
