1,0.3298560637821681
2,0.25706486063249995
3,0.2570649118522331
4,0.25706491185223507
5,0.257064911852235
6,0.25706491185223496
7,0.257064911852235
8,0.257064911852235
9,0.25706491185223507
10,0.25706491185223507
11,0.25706491185223507
12,0.25706491185223507
13,0.25706491185223507
14,0.25706491185223507
15,0.25706491185223507
16,0.25706491185223507
17,0.25706491185223507
18,0.25706491185223507
19,0.25706491185223507
20,0.25706491185223507
21,0.25706491185223507
22,0.25706491185223507
23,0.25706491185223507
24,0.25706491185223507
25,0.25706491185223507
26,0.25706491185223507
27,0.25706491185223507
28,0.25706491185223507
29,0.25706491185223507
30,0.25706491185223507
31,0.25706491185223507
32,0.25706491185223507
33,0.25706491185223507
34,0.25706491185223507
35,0.25706491185223507
36,0.25706491185223507
37,0.25706491185223507
38,0.25706491185223507
39,0.25706491185223507
40,0.25706491185223507
41,0.25706491185223507
42,0.25706491185223507
43,0.25706491185223507
44,0.25706491185223507
45,0.25706491185223507
46,0.25706491185223507
47,0.25706491185223507
48,0.25706491185223507
49,0.25706491185223507
50,0.25706491185223507
51,0.25706491185223507
52,0.25706491185223507
53,0.25706491185223507
54,0.25706491185223507
55,0.25706491185223507
56,0.25706491185223507
57,0.25706491185223507
58,0.25706491185223507
59,0.25706491185223507
60,0.25706491185223507
61,0.25706491185223507
62,0.25706491185223507
63,0.25706491185223507
64,0.25706491185223507
65,0.25706491185223507
66,0.25706491185223507
67,0.25706491185223507
68,0.25706491185223507
69,0.25706491185223507
70,0.25706491185223507
71,0.25706491185223507
72,0.25706491185223507
73,0.25706491185223507
74,0.25706491185223507
75,0.25706491185223507
76,0.25706491185223507
77,0.25706491185223507
78,0.25706491185223507
79,0.25706491185223507
80,0.25706491185223507
81,0.25706491185223507
82,0.25706491185223507
83,0.25706491185223507
84,0.25706491185223507
85,0.25706491185223507
86,0.25706491185223507
87,0.25706491185223507
88,0.25706491185223507
89,0.25706491185223507
90,0.25706491185223507
91,0.25706491185223507
92,0.25706491185223507
93,0.25706491185223507
94,0.25706491185223507
95,0.25706491185223507
96,0.25706491185223507
97,0.25706491185223507
98,0.25706491185223507
99,0.25706491185223507
100,0.25706491185223507
101,0.25706491185223507
102,0.25706491185223507
103,0.25706491185223507
104,0.25706491185223507
105,0.25706491185223507
106,0.25706491185223507
107,0.25706491185223507
108,0.25706491185223507
109,0.25706491185223507
110,0.25706491185223507
111,0.25706491185223507
112,0.25706491185223507
113,0.25706491185223507
114,0.25706491185223507
115,0.25706491185223507
116,0.25706491185223507
117,0.25706491185223507
118,0.25706491185223507
119,0.25706491185223507
120,0.25706491185223507
121,0.25706491185223507
122,0.25706491185223507
123,0.25706491185223507
124,0.25706491185223507
125,0.25706491185223507
126,0.25706491185223507
127,0.25706491185223507
128,0.25706491185223507
129,0.25706491185223507
130,0.25706491185223507
131,0.25706491185223507
132,0.25706491185223507
133,0.25706491185223507
134,0.25706491185223507
135,0.25706491185223507
136,0.25706491185223507
137,0.25706491185223507
138,0.25706491185223507
139,0.25706491185223507
140,0.25706491185223507
141,0.25706491185223507
142,0.25706491185223507
143,0.25706491185223507
144,0.25706491185223507
145,0.25706491185223507
146,0.25706491185223507
147,0.25706491185223507
148,0.25706491185223507
149,0.25706491185223507
150,0.25706491185223507
151,0.25706491185223507
152,0.25706491185223507
153,0.25706491185223507
154,0.25706491185223507
155,0.25706491185223507
156,0.25706491185223507
157,0.25706491185223507
158,0.25706491185223507
159,0.25706491185223507
160,0.25706491185223507
161,0.25706491185223507
162,0.25706491185223507
163,0.25706491185223507
164,0.25706491185223507
165,0.25706491185223507
166,0.25706491185223507
167,0.25706491185223507
168,0.25706491185223507
169,0.25706491185223507
170,0.25706491185223507
171,0.25706491185223507
172,0.25706491185223507
173,0.25706491185223507
174,0.25706491185223507
175,0.25706491185223507
176,0.25706491185223507
177,0.25706491185223507
178,0.25706491185223507
179,0.25706491185223507
180,0.25706491185223507
181,0.25706491185223507
182,0.25706491185223507
183,0.25706491185223507
184,0.25706491185223507
185,0.25706491185223507
186,0.25706491185223507
187,0.25706491185223507
188,0.25706491185223507
189,0.25706491185223507
190,0.25706491185223507
191,0.25706491185223507
192,0.25706491185223507
193,0.25706491185223507
194,0.25706491185223507
195,0.25706491185223507
196,0.25706491185223507
197,0.25706491185223507
198,0.25706491185223507
199,0.25706491185223507
200,0.25706491185223507
201,0.25706491185223507
202,0.25706491185223507
203,0.25706491185223507
204,0.25706491185223507
205,0.25706491185223507
206,0.25706491185223507
207,0.25706491185223507
208,0.25706491185223507
209,0.25706491185223507
210,0.25706491185223507
211,0.25706491185223507
212,0.25706491185223507
213,0.25706491185223507
214,0.25706491185223507
215,0.25706491185223507
216,0.25706491185223507
217,0.25706491185223507
218,0.25706491185223507
219,0.25706491185223507
220,0.25706491185223507
221,0.25706491185223507
222,0.25706491185223507
223,0.25706491185223507
224,0.25706491185223507
225,0.25706491185223507
226,0.25706491185223507
227,0.25706491185223507
228,0.25706491185223507
229,0.25706491185223507
230,0.25706491185223507
231,0.25706491185223507
232,0.25706491185223507
233,0.25706491185223507
234,0.25706491185223507
235,0.25706491185223507
236,0.25706491185223507
237,0.25706491185223507
238,0.25706491185223507
239,0.25706491185223507
240,0.25706491185223507
241,0.25706491185223507
242,0.25706491185223507
243,0.25706491185223507
244,0.25706491185223507
245,0.25706491185223507
246,0.25706491185223507
247,0.25706491185223507
248,0.25706491185223507
249,0.25706491185223507
250,0.25706491185223507
251,0.25706491185223507
252,0.25706491185223507
253,0.25706491185223507
254,0.25706491185223507
255,0.25706491185223507
256,0.25706491185223507
257,0.25706491185223507
258,0.25706491185223507
259,0.25706491185223507
260,0.25706491185223507
261,0.25706491185223507
262,0.25706491185223507
263,0.25706491185223507
264,0.25706491185223507
265,0.25706491185223507
266,0.25706491185223507
267,0.25706491185223507
268,0.25706491185223507
269,0.25706491185223507
270,0.25706491185223507
271,0.25706491185223507
272,0.25706491185223507
273,0.25706491185223507
274,0.25706491185223507
275,0.25706491185223507
276,0.25706491185223507
277,0.25706491185223507
278,0.25706491185223507
279,0.25706491185223507
280,0.25706491185223507
281,0.25706491185223507
282,0.25706491185223507
283,0.25706491185223507
284,0.25706491185223507
285,0.25706491185223507
286,0.25706491185223507
287,0.25706491185223507
288,0.25706491185223507
289,0.25706491185223507
290,0.25706491185223507
291,0.25706491185223507
292,0.25706491185223507
293,0.25706491185223507
294,0.25706491185223507
295,0.25706491185223507
296,0.25706491185223507
297,0.25706491185223507
298,0.25706491185223507
299,0.25706491185223507
300,0.25706491185223507
301,0.25706491185223507
302,0.25706491185223507
303,0.25706491185223507
304,0.25706491185223507
305,0.25706491185223507
306,0.25706491185223507
307,0.25706491185223507
308,0.25706491185223507
309,0.25706491185223507
310,0.25706491185223507
311,0.25706491185223507
312,0.25706491185223507
313,0.25706491185223507
314,0.25706491185223507
315,0.25706491185223507
316,0.25706491185223507
317,0.25706491185223507
318,0.25706491185223507
319,0.25706491185223507
320,0.25706491185223507
321,0.25706491185223507
322,0.25706491185223507
323,0.25706491185223507
324,0.25706491185223507
325,0.25706491185223507
326,0.25706491185223507
327,0.25706491185223507
328,0.25706491185223507
329,0.25706491185223507
330,0.25706491185223507
331,0.25706491185223507
332,0.25706491185223507
333,0.25706491185223507
334,0.25706491185223507
335,0.25706491185223507
336,0.25706491185223507
337,0.25706491185223507
338,0.25706491185223507
339,0.25706491185223507
340,0.25706491185223507
341,0.25706491185223507
342,0.25706491185223507
343,0.25706491185223507
344,0.25706491185223507
345,0.25706491185223507
346,0.25706491185223507
347,0.25706491185223507
348,0.25706491185223507
349,0.25706491185223507
350,0.25706491185223507
351,0.25706491185223507
352,0.25706491185223507
353,0.25706491185223507
354,0.25706491185223507
355,0.25706491185223507
356,0.25706491185223507
357,0.25706491185223507
358,0.25706491185223507
359,0.25706491185223507
360,0.25706491185223507
361,0.25706491185223507
362,0.25706491185223507
363,0.25706491185223507
364,0.25706491185223507
365,0.25706491185223507
366,0.25706491185223507
367,0.25706491185223507
368,0.25706491185223507
369,0.25706491185223507
370,0.25706491185223507
371,0.25706491185223507
372,0.25706491185223507
373,0.25706491185223507
374,0.25706491185223507
375,0.25706491185223507
376,0.25706491185223507
377,0.25706491185223507
378,0.25706491185223507
379,0.25706491185223507
380,0.25706491185223507
381,0.25706491185223507
382,0.25706491185223507
383,0.25706491185223507
384,0.25706491185223507
385,0.25706491185223507
386,0.25706491185223507
387,0.25706491185223507
388,0.25706491185223507
389,0.25706491185223507
390,0.25706491185223507
391,0.25706491185223507
392,0.25706491185223507
393,0.25706491185223507
394,0.25706491185223507
395,0.25706491185223507
396,0.25706491185223507
397,0.25706491185223507
398,0.25706491185223507
399,0.25706491185223507
400,0.25706491185223507
401,0.25706491185223507
402,0.25706491185223507
403,0.25706491185223507
404,0.25706491185223507
405,0.25706491185223507
406,0.25706491185223507
407,0.25706491185223507
408,0.25706491185223507
409,0.25706491185223507
410,0.25706491185223507
411,0.25706491185223507
412,0.25706491185223507
413,0.25706491185223507
414,0.25706491185223507
415,0.25706491185223507
416,0.25706491185223507
417,0.25706491185223507
418,0.25706491185223507
419,0.25706491185223507
420,0.25706491185223507
421,0.25706491185223507
422,0.25706491185223507
423,0.25706491185223507
424,0.25706491185223507
425,0.25706491185223507
426,0.25706491185223507
427,0.25706491185223507
428,0.25706491185223507
429,0.25706491185223507
430,0.25706491185223507
431,0.25706491185223507
432,0.25706491185223507
433,0.25706491185223507
434,0.25706491185223507
435,0.25706491185223507
436,0.25706491185223507
437,0.25706491185223507
438,0.25706491185223507
439,0.25706491185223507
440,0.25706491185223507
441,0.25706491185223507
442,0.25706491185223507
443,0.25706491185223507
444,0.25706491185223507
445,0.25706491185223507
446,0.25706491185223507
447,0.25706491185223507
448,0.25706491185223507
449,0.25706491185223507
450,0.25706491185223507
451,0.25706491185223507
452,0.25706491185223507
453,0.25706491185223507
454,0.25706491185223507
455,0.25706491185223507
456,0.25706491185223507
457,0.25706491185223507
458,0.25706491185223507
459,0.25706491185223507
460,0.25706491185223507
461,0.25706491185223507
462,0.25706491185223507
463,0.25706491185223507
464,0.25706491185223507
465,0.25706491185223507
466,0.25706491185223507
467,0.25706491185223507
468,0.25706491185223507
469,0.25706491185223507
470,0.25706491185223507
471,0.25706491185223507
472,0.25706491185223507
473,0.25706491185223507
474,0.25706491185223507
