1,0.31897432003292014
2,0.2525056304190855
3,0.25145939624246627
4,0.25145671393497415
5,0.2514564741597887
6,0.25145626266495813
7,0.25145605243607405
8,0.25145584314908975
9,0.25145563479449173
10,0.2514554273665182
11,0.25145522085949507
12,0.2514550152677922
13,0.2514548105858216
14,0.25145460680803816
15,0.2514544039289386
16,0.251454201943062
17,0.2514540008449878
18,0.2514538006293367
19,0.25145360129077077
20,0.2514534028239919
21,0.25145320522374043
22,0.251453008484799
23,0.2514528126019866
24,0.2514526175701636
25,0.25145242338422674
26,0.2514522300391122
27,0.25145203752979384
28,0.2514518458512821
29,0.25145165499862576
30,0.2514514649669099
31,0.25145127575125575
32,0.25145108734682137
33,0.25145089974880047
34,0.2514507129524221
35,0.2514505269529509
36,0.25145034174568615
37,0.2514501573259621
38,0.2514499736891468
39,0.251449790830643
40,0.25144960874588695
41,0.2514494274303481
42,0.2514492468795293
43,0.2514490670889667
44,0.25144888805422844
45,0.251448709770914
46,0.2514485322346573
47,0.2514483554411229
48,0.25144817938600567
49,0.2514480040650333
50,0.25144782947396416
51,0.2514476556085864
52,0.2514474824647195
53,0.25144731003821297
54,0.2514471383249459
55,0.25144696732082716
56,0.2514467970217955
57,0.2514466274238178
58,0.25144645852289066
59,0.2514462903150393
60,0.2514461227963174
61,0.2514459559628055
62,0.25144578981061433
63,0.25144562433588075
64,0.2514454595347694
65,0.25144529540347255
66,0.25144513193820894
67,0.2514449691352246
68,0.25144480699079175
69,0.25144464550120904
70,0.25144448466280084
71,0.25144432447191895
72,0.25144416492493893
73,0.2514440060182626
74,0.25144384774831696
75,0.2514436901115546
76,0.2514435331044528
77,0.251443376723512
78,0.2514432209652592
79,0.2514430658262446
80,0.25144291130304197
81,0.25144275739224936
82,0.2514426040904897
83,0.2514424513944065
84,0.2514422993006695
85,0.25144214780596974
86,0.25144199690702107
87,0.251441846600561
88,0.2514416968833492
89,0.25144154775216687
90,0.251441399203818
91,0.2514412512351287
92,0.25144110384294693
93,0.2514409570241412
94,0.25144081077560265
95,0.25144066509424284
96,0.2514405199769943
97,0.25144037542081166
98,0.25144023142266897
99,0.25144008797956163
100,0.25143994508850437
101,0.2514398027465336
102,0.2514396609507044
103,0.2514395196980937
104,0.2514393789857953
105,0.251439238810925
106,0.2514390991706174
107,0.2514389600620258
108,0.25143882148232266
109,0.25143868342870074
110,0.25143854589836934
111,0.25143840888855856
112,0.25143827239651584
113,0.25143813641950713
114,0.2514380009548171
115,0.2514378659997478
116,0.25143773155161964
117,0.2514375976077707
118,0.2514374641655568
119,0.2514373312223512
120,0.25143719877554455
121,0.2514370668225442
122,0.2514369353607764
123,0.2514368043876814
124,0.25143667390071905
125,0.2514365438973644
126,0.25143641437510994
127,0.2514362853314633
128,0.2514361567639496
129,0.2514360286701102
130,0.2514359010475015
131,0.2514357738936966
132,0.2514356472062846
133,0.25143552098286986
134,0.2514353952210715
135,0.25143526991852577
136,0.25143514507288317
137,0.25143502068180973
138,0.25143489674298636
139,0.25143477325410896
140,0.2514346502128886
141,0.2514345276170508
142,0.25143440546433565
143,0.25143428375249816
144,0.251434162479307
145,0.25143404164254596
146,0.2514339212400123
147,0.25143380126951825
148,0.25143368172888925
149,0.25143356261596395
150,0.2514334439285969
151,0.25143332566465404
152,0.25143320782201656
153,0.25143309039857753
154,0.2514329733922448
155,0.25143285680093863
156,0.2514327406225928
157,0.25143262485515316
158,0.25143250949658064
159,0.25143239454484645
160,0.25143227999793694
161,0.2514321658538485
162,0.25143205211059266
163,0.25143193876619185
164,0.25143182581868156
165,0.2514317132661087
166,0.25143160110653345
167,0.2514314893380275
168,0.2514313779586741
169,0.25143126696656976
170,0.25143115635982144
171,0.2514310461365487
172,0.2514309362948819
173,0.2514308268329643
174,0.25143071774894926
175,0.25143060904100184
176,0.2514305007072998
177,0.25143039274602974
178,0.251430285155391
179,0.25143017793359423
180,0.2514300710788598
181,0.2514299645894201
182,0.25142985846351723
183,0.2514297526994055
184,0.25142964729534834
185,0.25142954224962105
186,0.25142943756050856
187,0.25142933322630634
188,0.25142922924532085
189,0.25142912561586817
190,0.25142902233627473
191,0.2514289194048771
192,0.25142881682002205
193,0.251428714580066
194,0.25142861268337574
195,0.2514285111283277
196,0.2514284099133079
197,0.251428309036712
198,0.25142820849694586
199,0.2514281082924246
200,0.2514280084215721
201,0.25142790888282285
202,0.25142780967461975
203,0.2514277107954156
204,0.25142761224367205
205,0.2514275140178601
206,0.25142741611646
207,0.25142731853796035
208,0.2514272212808595
209,0.25142712434366393
210,0.2514270277248899
211,0.25142693142306133
212,0.2514268354367121
213,0.25142673976438307
214,0.251426644404626
215,0.25142654935599834
216,0.2514264546170687
217,0.25142636018641157
218,0.25142626606261254
219,0.2514261722442628
220,0.2514260787299643
221,0.2514259855183247
222,0.25142589260796105
223,0.25142579999749926
224,0.2514257076855714
225,0.25142561567081834
226,0.2514255239518893
227,0.2514254325274407
228,0.25142534139613715
229,0.25142525055665055
230,0.25142516000766063
231,0.2514250697478553
232,0.25142497977592865
233,0.25142489009058355
234,0.25142480069053064
235,0.25142471157448615
236,0.2514246227411756
237,0.2514245341893304
238,0.2514244459176898
239,0.2514243579250009
240,0.25142427021001673
241,0.25142418277149814
242,0.25142409560821277
243,0.2514240087189358
244,0.25142392210244824
245,0.2514238357575391
246,0.251423749683004
247,0.25142366387764553
248,0.2514235783402724
249,0.25142349306970024
250,0.2514234080647519
251,0.25142332332425615
252,0.25142323884704915
253,0.25142315463197257
254,0.25142307067787584
255,0.251422986983614
256,0.25142290354804814
257,0.2514228203700468
258,0.2514227374484844
259,0.2514226547822411
260,0.25142257237020404
261,0.25142249021126567
262,0.2514224083043261
263,0.25142232664829034
264,0.2514222452420699
265,0.25142216408458146
266,0.251422083174749
267,0.251422002511502
268,0.2514219220937755
269,0.251421841920511
270,0.2514217619906549
271,0.25142168230316053
272,0.2514216028569864
273,0.2514215236510966
274,0.25142144468446087
275,0.2514213659560555
276,0.2514212874648609
277,0.2514212092098644
278,0.25142113119005804
279,0.2514210534044398
280,0.2514209758520128
281,0.25142089853178573
282,0.251420821442773
283,0.25142074458399344
284,0.25142066795447277
285,0.2514205915532394
286,0.2514205153793302
287,0.25142043943178527
288,0.25142036370965004
289,0.2514202882119754
290,0.25142021293781697
291,0.25142013788623674
292,0.25142006305629977
293,0.25141998844707786
294,0.2514199140576462
295,0.2514198398870866
296,0.25141976593448534
297,0.2514196921989321
298,0.2514196186795231
299,0.25141954537535915
300,0.25141947228554534
301,0.2514193994091913
302,0.2514193267454127
303,0.2514192542933276
304,0.2514191820520617
305,0.25141911002074324
306,0.2514190381985053
307,0.25141896658448615
308,0.25141889517782834
309,0.25141882397767873
310,0.2514187529831891
311,0.2514186821935154
312,0.25141861160781775
313,0.2514185412252615
314,0.25141847104501625
315,0.2514184010662541
316,0.25141833128815466
317,0.2514182617098989
318,0.25141819233067414
319,0.2514181231496707
320,0.2514180541660837
321,0.2514179853791121
322,0.2514179167879596
323,0.25141784839183307
324,0.25141778018994443
325,0.25141771218150943
326,0.2514176443657471
327,0.25141757674188175
328,0.2514175093091414
329,0.2514174420667573
330,0.2514173750139653
331,0.2514173081500045
332,0.2514172414741193
333,0.2514171749855563
334,0.25141710868356804
335,0.25141704256740816
336,0.2514169766363361
337,0.2514169108896152
338,0.2514168453265109
339,0.25141677994629436
340,0.251416714748239
341,0.25141664973162264
342,0.25141658489572655
343,0.25141652023983585
344,0.25141645576323907
345,0.2514163914652285
346,0.25141632734509967
347,0.251416263402152
348,0.2514161996356888
349,0.251416136045016
350,0.25141607262944365
351,0.2514160093882854
352,0.25141594632085773
353,0.25141588342648136
354,0.2514158207044798
355,0.2514157581541797
356,0.2514156957749127
357,0.2514156335660109
358,0.2514155715268135
359,0.25141550965665904
360,0.251415447954892
361,0.2514153864208596
362,0.25141532505391223
363,0.25141526385340307
364,0.25141520281868907
365,0.25141514194913006
366,0.2514150812440886
367,0.2514150207029316
368,0.2514149603250287
369,0.2514149001097517
370,0.2514148400564763
371,0.2514147801645813
372,0.2514147204334485
373,0.25141466086246267
374,0.2514146014510116
375,0.2514145421984857
376,0.25141448310427944
377,0.2514144241677892
378,0.2514143653884147
379,0.25141430676555865
380,0.2514142482986266
381,0.2514141899870272
382,0.2514141318301712
383,0.25141407382747355
384,0.2514140159783511
385,0.25141395828222374
386,0.25141390073851433
387,0.25141384334664807
388,0.2514137861060537
389,0.2514137290161615
390,0.25141367207640636
391,0.25141361528622397
392,0.2514135586450544
393,0.25141350215233915
394,0.2514134458075224
395,0.2514133896100522
396,0.25141333355937856
397,0.25141327765495386
398,0.25141322189623344
399,0.25141316628267524
400,0.2514131108137397
401,0.2514130554888897
402,0.25141300030759084
403,0.2514129452693115
404,0.2514128903735226
405,0.25141283561969674
406,0.25141278100731007
407,0.2514127265358403
408,0.2514126722047688
409,0.2514126180135788
410,0.2514125639617549
411,0.25141251004878584
412,0.2514124562741622
413,0.25141240263737624
414,0.2514123491379238
415,0.25141229577530216
416,0.25141224254901146
417,0.2514121894585541
418,0.2514121365034348
419,0.25141208368316065
420,0.25141203099723974
421,0.25141197844518576
422,0.2514119260265109
423,0.25141187374073265
424,0.25141182158736813
425,0.2514117695659393
426,0.25141171767596787
427,0.2514116659169802
428,0.25141161428850245
429,0.251411562790065
430,0.2514115114211993
431,0.25141146018143945
432,0.2514114090703209
433,0.2514113580873826
434,0.25141130723216415
435,0.2514112565042086
436,0.25141120590306043
437,0.25141115542826603
438,0.251411105079374
439,0.25141105485593596
440,0.25141100475750455
441,0.251410954783634
442,0.2514109049338818
443,0.2514108552078073
444,0.25141080560497114
445,0.25141075612493663
446,0.2514107067672684
447,0.2514106575315336
448,0.25141060841730156
449,0.25141055942414325
450,0.25141051055163094
451,0.25141046179934007
452,0.25141041316684754
453,0.2514103646537313
454,0.25141031625957294
455,0.2514102679839542
456,0.2514102198264598
457,0.25141017178667596
458,0.25141012386419104
459,0.251410076058595
460,0.25141002836947945
461,0.2514099807964381
462,0.25140993333906697
463,0.25140988599696246
464,0.25140983876972506
465,0.2514097916569543
466,0.25140974465825383
467,0.2514096977732278
468,0.25140965100148194
469,0.25140960434262577
470,0.2514095577962678
471,0.2514095113620201
472,0.25140946503949557
473,0.2514094188283095
474,0.25140937272807845
475,0.25140932673842087
476,0.25140928085895664
477,0.25140923508930774
478,0.2514091894290979
479,0.25140914387795127
480,0.2514090984354955
481,0.2514090531013583
482,0.25140900787517073
483,0.2514089627565635
484,0.25140891774517027
485,0.25140887284062574
486,0.2514088280425668
487,0.2514087833506315
488,0.2514087387644588
489,0.2514086942836913
490,0.2514086499079706
491,0.25140860563694206
492,0.251408561470251
493,0.2514085174075449
494,0.2514084734484733
495,0.25140842959268644
496,0.25140838583983655
497,0.2514083421895766
498,0.25140829864156305
499,0.2514082551954513
500,0.2514082118508999
501,0.25140816860756815
502,0.251408125465118
503,0.2514080824232107
504,0.2514080394815105
505,0.25140799663968366
506,0.25140795389739656
507,0.25140791125431683
508,0.25140786871011533
509,0.2514078262644624
510,0.25140778391703095
511,0.2514077416674951
512,0.25140769951552927
513,0.25140765746081123
514,0.2514076155030191
515,0.2514075736418316
516,0.2514075318769303
517,0.25140749020799696
518,0.2514074486347159
519,0.25140740715677085
520,0.25140736577384964
521,0.25140732448563813
522,0.2514072832918268
523,0.25140724219210525
524,0.251407201186165
525,0.25140716027369864
526,0.2514071194544009
527,0.2514070787279671
528,0.2514070380940941
529,0.2514069975524796
530,0.251406957102823
531,0.25140691674482507
532,0.2514068764781874
533,0.25140683630261335
534,0.25140679621780715
535,0.2514067562234741
536,0.2514067163193214
537,0.2514066765050571
538,0.25140663678038994
539,0.2514065971450308
540,0.2514065575986913
541,0.25140651814108417
542,0.25140647877192357
543,0.2514064394909253
544,0.2514064002978047
545,0.25140636119228016
546,0.25140632217407083
547,0.2514062832428959
548,0.25140624439847714
549,0.25140620564053634
550,0.25140616696879675
551,0.2514061283829837
552,0.251406089882822
553,0.2514060514680396
554,0.2514060131383638
555,0.25140597489352356
556,0.2514059367332496
557,0.2514058986572729
558,0.25140586066532605
559,0.251405822757142
560,0.25140578493245663
561,0.2514057471910042
562,0.25140570953252245
563,0.2514056719567489
564,0.2514056344634224
565,0.2514055970522834
566,0.25140555972307227
567,0.2514055224755319
568,0.25140548530940465
569,0.25140544822443495
570,0.25140541122036864
571,0.2514053742969518
572,0.2514053374539314
573,0.25140530069105554
574,0.25140526400807384
575,0.2514052274047369
576,0.2514051908807963
577,0.2514051544360039
578,0.25140511807011334
579,0.2514050817828788
580,0.2514050455740556
581,0.2514050094434004
582,0.25140497339067025
583,0.2514049374156235
584,0.2514049015180198
585,0.2514048656976188
586,0.25140482995418206
587,0.2514047942874719
588,0.2514047586972511
589,0.25140472318328344
590,0.251404687745335
591,0.25140465238317045
592,0.25140461709655704
593,0.2514045818852626
594,0.2514045467490565
595,0.2514045116877074
596,0.25140447670098653
597,0.25140444178866495
598,0.25140440695051475
599,0.25140437218631034
600,0.2514043374958249
601,0.2514043028788333
602,0.2514042683351127
603,0.2514042338644387
604,0.2514041994665891
605,0.25140416514134356
606,0.2514041308884806
607,0.25140409670778047
608,0.25140406259902515
609,0.25140402856199595
610,0.251403994596476
611,0.25140396070224874
612,0.2514039268790994
613,0.2514038931268131
614,0.2514038594451763
615,0.25140382583397564
616,0.2514037922929994
617,0.2514037588220365
618,0.2514037254208762
619,0.25140369208930924
620,0.25140365882712656
621,0.2514036256341204
622,0.25140359251008354
623,0.2514035594548095
624,0.2514035264680929
625,0.251403493549729
626,0.2514034606995135
627,0.2514034279172437
628,0.2514033952027168
629,0.2514033625557318
630,0.25140332997608705
631,0.251403297463583
632,0.2514032650180204
633,0.25140323263920034
634,0.2514032003269257
635,0.25140316808099933
636,0.2514031359012238
637,0.25140310378740505
638,0.2514030717393481
639,0.2514030397568584
640,0.251403007839743
641,0.25140297598780953
642,0.2514029442008662
643,0.25140291247872154
644,0.2514028808211856
645,0.2514028492280685
646,0.2514028176991818
647,0.25140278623433693
648,0.25140275483334656
649,0.25140272349602416
650,0.2514026922221833
651,0.25140266101163916
652,0.25140262986420653
