1,0.4702374328375177
2,0.47009479953942646
3,0.46988009139242665
4,0.46945969085569295
5,0.46836572071792615
6,0.43320582948148795
7,0.2576694314353488
8,0.2575228270709652
9,0.2573855260877925
10,0.2572967952656579
11,0.2572402518020788
12,0.2572045742873216
13,0.25718223515406824
14,0.25716834423162394
15,0.2571597692643039
16,0.2571545215681921
17,0.25715134582844135
18,0.25714945303308345
19,0.25714834909382445
20,0.2571477257888998
21,0.2571473917076972
22,0.2571472286590095
23,0.2571471642123912
24,0.25714715443325775
25,0.257147173048033
26,0.2571472046601842
27,0.2571472405152478
28,0.2571472758675253
29,0.2571473083513496
30,0.25714733698087233
31,0.2571473615417694
32,0.2571473822262574
33,0.2571473994182324
34,0.25714741357029963
35,0.2571474251364147
36,0.2571474345376639
37,0.2571474421473659
38,0.2571474482870482
39,0.2571474532282421
40,0.25714745719708076
41,0.2571474603799893
42,0.2571474629294971
43,0.25714746496968954
44,0.25714746660107146
45,0.2571474679047735
46,0.25714746894611556
47,0.2571474697775798
48,0.25714747044126585
49,0.2571474709709018
50,0.25714747139348176
51,0.25714747173059466
52,0.25714747199949284
53,0.25714747221395867
54,0.2571474723849984
55,0.25714747252139697
56,0.2571474726301638
57,0.2571474727168945
58,0.2571474727860503
59,0.2571474728411919
60,0.25714747288515827
61,0.2571474729202137
62,0.2571474729481637
63,0.257147472970448
64,0.25714747298821555
65,0.2571474730023816
66,0.25714747301367585
67,0.25714747302268076
68,0.2571474730298599
69,0.25714747303558394
70,0.2571474730401476
71,0.25714747304378616
72,0.2571474730466866
73,0.2571474730489995
74,0.25714747305084357
75,0.2571474730523138
76,0.2571474730534858
77,0.2571474730544204
78,0.25714747305516494
79,0.2571474730557594
80,0.2571474730562324
81,0.25714747305661023
82,0.2571474730569116
83,0.2571474730571513
84,0.2571474730573429
85,0.257147473057495
86,0.2571474730576169
87,0.25714747305771385
88,0.25714747305779123
89,0.257147473057853
90,0.25714747305790203
91,0.257147473057941
92,0.2571474730579723
93,0.2571474730579971
94,0.25714747305801683
95,0.25714747305803287
96,0.2571474730580454
97,0.2571474730580555
98,0.25714747305806396
99,0.25714747305807006
100,0.25714747305807506
101,0.2571474730580791
102,0.2571474730580826
103,0.25714747305808494
104,0.2571474730580873
105,0.2571474730580888
106,0.25714747305809016
107,0.257147473058091
108,0.257147473058092
109,0.2571474730580927
110,0.2571474730580928
111,0.25714747305809366
112,0.25714747305809393
113,0.2571474730580943
114,0.2571474730580943
115,0.2571474730580945
116,0.25714747305809466
117,0.2571474730580945
118,0.2571474730580946
119,0.25714747305809477
120,0.25714747305809466
121,0.25714747305809504
122,0.2571474730580951
123,0.25714747305809504
124,0.25714747305809516
125,0.2571474730580952
126,0.25714747305809516
127,0.2571474730580952
128,0.25714747305809516
129,0.2571474730580952
130,0.25714747305809516
131,0.2571474730580953
132,0.2571474730580953
133,0.2571474730580953
134,0.25714747305809543
135,0.25714747305809527
136,0.25714747305809527
137,0.25714747305809527
138,0.2571474730580952
139,0.2571474730580952
140,0.2571474730580952
141,0.2571474730580952
142,0.2571474730580951
143,0.25714747305809504
144,0.25714747305809504
145,0.2571474730580951
146,0.2571474730580951
147,0.2571474730580951
148,0.2571474730580951
149,0.2571474730580951
150,0.2571474730580951
151,0.25714747305809504
152,0.2571474730580951
153,0.25714747305809504
154,0.2571474730580951
155,0.25714747305809504
156,0.257147473058095
157,0.2571474730580951
158,0.25714747305809504
159,0.25714747305809504
160,0.2571474730580951
161,0.25714747305809504
162,0.25714747305809504
163,0.2571474730580951
164,0.2571474730580951
165,0.2571474730580951
166,0.25714747305809504
167,0.25714747305809504
168,0.2571474730580951
169,0.2571474730580951
170,0.2571474730580951
171,0.25714747305809504
172,0.25714747305809504
173,0.2571474730580951
174,0.2571474730580951
175,0.2571474730580951
176,0.25714747305809504
177,0.25714747305809504
178,0.2571474730580951
179,0.2571474730580951
180,0.2571474730580951
181,0.25714747305809504
182,0.25714747305809504
183,0.2571474730580951
184,0.2571474730580951
185,0.2571474730580951
186,0.25714747305809504
187,0.25714747305809504
188,0.2571474730580951
189,0.2571474730580951
190,0.2571474730580951
191,0.25714747305809504
192,0.25714747305809504
193,0.2571474730580951
194,0.2571474730580951
195,0.2571474730580951
196,0.25714747305809504
197,0.25714747305809504
198,0.2571474730580951
199,0.2571474730580951
200,0.2571474730580951
201,0.25714747305809504
202,0.25714747305809504
203,0.2571474730580951
204,0.2571474730580951
205,0.2571474730580951
206,0.25714747305809504
207,0.25714747305809504
208,0.2571474730580951
209,0.2571474730580951
210,0.2571474730580951
211,0.25714747305809504
212,0.25714747305809504
213,0.2571474730580951
214,0.2571474730580951
215,0.2571474730580951
216,0.25714747305809504
217,0.25714747305809504
218,0.2571474730580951
219,0.2571474730580951
220,0.2571474730580951
221,0.25714747305809504
222,0.25714747305809504
223,0.2571474730580951
224,0.2571474730580951
225,0.2571474730580951
226,0.25714747305809504
227,0.25714747305809504
228,0.2571474730580951
229,0.2571474730580951
230,0.2571474730580951
231,0.25714747305809504
232,0.25714747305809504
233,0.2571474730580951
234,0.2571474730580951
235,0.2571474730580951
236,0.25714747305809504
237,0.25714747305809504
238,0.2571474730580951
239,0.2571474730580951
240,0.2571474730580951
241,0.25714747305809504
242,0.25714747305809504
243,0.2571474730580951
244,0.2571474730580951
245,0.2571474730580951
246,0.25714747305809504
247,0.25714747305809504
248,0.2571474730580951
249,0.2571474730580951
250,0.2571474730580951
251,0.25714747305809504
252,0.25714747305809504
253,0.2571474730580951
254,0.2571474730580951
255,0.2571474730580951
256,0.25714747305809504
257,0.25714747305809504
258,0.2571474730580951
259,0.2571474730580951
260,0.2571474730580951
261,0.25714747305809504
262,0.25714747305809504
263,0.2571474730580951
264,0.2571474730580951
265,0.2571474730580951
266,0.25714747305809504
267,0.25714747305809504
268,0.2571474730580951
269,0.2571474730580951
270,0.2571474730580951
271,0.25714747305809504
272,0.25714747305809504
273,0.2571474730580951
274,0.2571474730580951
275,0.2571474730580951
276,0.25714747305809504
277,0.25714747305809504
278,0.2571474730580951
279,0.2571474730580951
280,0.2571474730580951
281,0.25714747305809504
282,0.25714747305809504
283,0.2571474730580951
284,0.2571474730580951
285,0.2571474730580951
286,0.25714747305809504
287,0.25714747305809504
288,0.2571474730580951
289,0.2571474730580951
290,0.2571474730580951
291,0.25714747305809504
292,0.25714747305809504
293,0.2571474730580951
294,0.2571474730580951
295,0.2571474730580951
296,0.25714747305809504
297,0.25714747305809504
298,0.2571474730580951
299,0.2571474730580951
300,0.2571474730580951
301,0.25714747305809504
302,0.25714747305809504
303,0.2571474730580951
304,0.2571474730580951
305,0.2571474730580951
306,0.25714747305809504
307,0.25714747305809504
308,0.2571474730580951
309,0.2571474730580951
310,0.2571474730580951
311,0.25714747305809504
312,0.25714747305809504
313,0.2571474730580951
314,0.2571474730580951
315,0.2571474730580951
316,0.25714747305809504
317,0.25714747305809504
318,0.2571474730580951
319,0.2571474730580951
320,0.2571474730580951
321,0.25714747305809504
322,0.25714747305809504
323,0.2571474730580951
324,0.2571474730580951
325,0.2571474730580951
326,0.25714747305809504
327,0.25714747305809504
328,0.2571474730580951
329,0.2571474730580951
330,0.2571474730580951
331,0.25714747305809504
332,0.25714747305809504
333,0.2571474730580951
334,0.2571474730580951
335,0.2571474730580951
336,0.25714747305809504
337,0.25714747305809504
338,0.2571474730580951
339,0.2571474730580951
340,0.2571474730580951
341,0.25714747305809504
342,0.25714747305809504
343,0.2571474730580951
344,0.2571474730580951
345,0.2571474730580951
346,0.25714747305809504
347,0.25714747305809504
