1,0.2728856052435947
2,0.2528915220805226
3,0.25214650472071176
4,0.2521464829357268
5,0.2521464612204635
6,0.2521464395723231
7,0.25214641799100024
8,0.2521463964761914
9,0.2521463750275956
10,0.25214635364491345
11,0.25214633232784595
12,0.2521463110760985
13,0.2521462898893754
14,0.2521462687673853
15,0.2521462477098361
16,0.25214622671643966
17,0.2521462057869079
18,0.2521461849209559
19,0.2521461641182987
20,0.2521461433786543
21,0.25214612270174236
22,0.252146102087283
23,0.252146081534999
24,0.25214606104461507
25,0.25214604061585677
26,0.2521460202484508
27,0.2521459999421276
28,0.25214597969661584
29,0.2521459595116492
30,0.2521459393869603
31,0.25214591932228503
32,0.25214589931735965
33,0.25214587937192295
34,0.25214585948571405
35,0.2521458396584748
36,0.25214581988994733
37,0.2521458001798763
38,0.252145780528007
39,0.2521457609340872
40,0.25214574139786516
41,0.25214572191909057
42,0.2521457024975154
43,0.2521456831328921
44,0.2521456638249753
45,0.2521456445735205
46,0.25214562537828455
47,0.2521456062390261
48,0.2521455871555051
49,0.25214556812748246
50,0.2521455491547205
51,0.25214553023698366
52,0.2521455113740365
53,0.2521454925656454
54,0.2521454738115788
55,0.2521454551116051
56,0.25214543646549537
57,0.2521454178730208
58,0.25214539933395447
59,0.25214538084807014
60,0.2521453624151436
61,0.2521453440349523
62,0.25214532570727305
63,0.2521453074318855
64,0.25214528920857
65,0.2521452710371084
66,0.25214525291728335
67,0.25214523484887835
68,0.25214521683167973
69,0.25214519886547254
70,0.25214518095004534
71,0.2521451630851864
72,0.2521451452706858
73,0.25214512750633444
74,0.2521451097919247
75,0.2521450921272494
76,0.2521450745121034
77,0.25214505694628203
78,0.2521450394295822
79,0.25214502196180166
80,0.2521450045427386
81,0.25214498717219375
82,0.25214496984996826
83,0.2521449525758635
84,0.2521449353496829
85,0.25214491817123086
86,0.2521449010403125
87,0.2521448839567344
88,0.25214486692030363
89,0.2521448499308284
90,0.25214483298811885
91,0.2521448160919852
92,0.2521447992422381
93,0.2521447824386911
94,0.25214476568115707
95,0.25214474896945055
96,0.2521447323033868
97,0.25214471568278257
98,0.25214469910745513
99,0.2521446825772225
100,0.25214466609190495
101,0.25214464965132144
102,0.2521446332552941
103,0.2521446169036445
104,0.25214460059619626
105,0.2521445843327732
106,0.2521445681132001
107,0.2521445519373028
108,0.2521445358049087
109,0.25214451971584445
110,0.25214450366993924
111,0.2521444876670224
112,0.25214447170692433
113,0.2521444557894759
114,0.2521444399145103
115,0.252144424081859
116,0.2521444082913569
117,0.25214439254283855
118,0.2521443768361391
119,0.25214436117109534
120,0.252144345547544
121,0.25214432996532365
122,0.25214431442427343
123,0.25214429892423273
124,0.25214428346504153
125,0.25214426804654255
126,0.25214425266857676
127,0.25214423733098773
128,0.2521442220336191
129,0.2521442067763156
130,0.25214419155892254
131,0.2521441763812858
132,0.2521441612432531
133,0.25214414614467184
134,0.2521441310853895
135,0.2521441160652571
136,0.252144101084123
137,0.2521440861418392
138,0.2521440712382571
139,0.2521440563732281
140,0.25214404154660586
141,0.2521440267582446
142,0.2521440120079979
143,0.25214399729572123
144,0.25214398262127086
145,0.2521439679845033
146,0.2521439533852761
147,0.25214393882344693
148,0.25214392429887517
149,0.25214390981142004
150,0.25214389536094106
151,0.2521438809473003
152,0.25214386657035875
153,0.25214385222997887
154,0.25214383792602346
155,0.25214382365835614
156,0.25214380942684106
157,0.25214379523134356
158,0.25214378107172897
159,0.2521437669478641
160,0.2521437528596154
161,0.25214373880685054
162,0.252143724789438
163,0.2521437108072461
164,0.252143696860145
165,0.2521436829480048
166,0.25214366907069596
167,0.2521436552280901
168,0.25214364142005974
169,0.25214362764647696
170,0.2521436139072148
171,0.25214360020214815
172,0.25214358653115065
173,0.25214357289409806
174,0.25214355929086574
175,0.25214354572132974
176,0.25214353218536784
177,0.25214351868285717
178,0.2521435052136755
179,0.252143491777702
180,0.2521434783748153
181,0.25214346500489604
182,0.2521434516678242
183,0.25214343836348085
184,0.25214342509174764
185,0.2521434118525069
186,0.2521433986456412
187,0.2521433854710331
188,0.2521433723285674
189,0.252143359218128
190,0.2521433461395998
191,0.25214333309286846
192,0.2521433200778197
193,0.25214330709434046
194,0.2521432941423173
195,0.2521432812216381
196,0.25214326833219103
197,0.25214325547386474
198,0.25214324264654836
199,0.2521432298501314
200,0.2521432170845045
201,0.2521432043495582
202,0.2521431916451839
203,0.25214317897127253
204,0.25214316632771727
205,0.25214315371441093
206,0.2521431411312459
207,0.25214312857811694
208,0.25214311605491785
209,0.25214310356154296
210,0.25214309109788813
211,0.2521430786638491
212,0.2521430662593214
213,0.25214305388420194
214,0.2521430415383885
215,0.25214302922177834
216,0.252143016934269
217,0.2521430046757595
218,0.2521429924461494
219,0.2521429802453374
220,0.2521429680732239
221,0.2521429559297091
222,0.2521429438146938
223,0.25214293172807933
224,0.252142919669768
225,0.25214290763966135
226,0.2521428956376622
227,0.2521428836636743
228,0.2521428717176001
229,0.2521428597993441
230,0.2521428479088111
231,0.25214283604590576
232,0.2521428242105332
233,0.25214281240259917
234,0.25214280062200983
235,0.2521427888686715
236,0.25214277714249167
237,0.25214276544337727
238,0.2521427537712366
239,0.25214274212597765
240,0.25214273050750874
241,0.2521427189157396
242,0.2521427073505787
243,0.25214269581193727
244,0.2521426842997245
245,0.25214267281385166
246,0.2521426613542295
247,0.25214264992076907
248,0.25214263851338303
249,0.25214262713198327
250,0.2521426157764826
251,0.2521426044467936
252,0.25214259314283044
253,0.2521425818645057
254,0.25214257061173523
255,0.252142559384432
256,0.25214254818251186
257,0.25214253700588996
258,0.2521425258544819
259,0.2521425147282033
260,0.25214250362697127
261,0.25214249255070215
262,0.25214248149931356
263,0.2521424704727224
264,0.25214245947084724
265,0.2521424484936055
266,0.2521424375409165
267,0.2521424266126984
268,0.2521424157088714
269,0.2521424048293545
270,0.25214239397406807
271,0.25214238314293225
272,0.25214237233586745
273,0.25214236155279524
274,0.252142350793637
275,0.2521423400583141
276,0.25214232934674846
277,0.25214231865886305
278,0.25214230799457965
279,0.2521422973538224
280,0.252142286736514
281,0.2521422761425787
282,0.2521422655719396
283,0.2521422550245218
284,0.2521422445002504
285,0.2521422339990496
286,0.25214222352084503
287,0.2521422130655623
288,0.2521422026331273
289,0.2521421922234663
290,0.2521421818365063
291,0.25214217147217355
292,0.25214216113039595
293,0.2521421508111006
294,0.2521421405142153
295,0.25214213023966875
296,0.25214211998738895
297,0.2521421097573043
298,0.2521420995493447
299,0.25214208936343896
300,0.2521420791995166
301,0.25214206905750775
302,0.25214205893734265
303,0.2521420488389521
304,0.2521420387622661
305,0.25214202870721714
306,0.2521420186737354
307,0.252142008661753
308,0.2521419986712017
309,0.2521419887020142
310,0.25214197875412264
311,0.25214196882746
312,0.2521419589219593
313,0.25214194903755444
314,0.25214193917417804
315,0.25214192933176455
316,0.2521419195102484
317,0.252141909709564
318,0.2521418999296458
319,0.25214189017042943
320,0.25214188043184926
321,0.25214187071384164
322,0.25214186101634195
323,0.25214185133928646
324,0.25214184168261133
325,0.2521418320462532
326,0.2521418224301495
327,0.25214181283423637
328,0.25214180325845187
329,0.2521417937027333
330,0.2521417841670187
331,0.2521417746512466
332,0.2521417651553544
333,0.2521417556792818
334,0.2521417462229674
335,0.25214173678634993
336,0.2521417273693696
337,0.25214171797196533
338,0.2521417085940769
339,0.2521416992356451
340,0.2521416898966094
341,0.2521416805769118
342,0.2521416712764915
343,0.2521416619952909
344,0.2521416527332508
345,0.25214164349031265
346,0.25214163426641856
347,0.25214162506151067
348,0.2521416158755307
349,0.2521416067084214
350,0.2521415975601256
351,0.25214158843058626
352,0.2521415793197464
353,0.2521415702275495
354,0.2521415611539396
355,0.25214155209885986
356,0.25214154306225484
357,0.252141534044069
358,0.25214152504424625
359,0.25214151606273205
360,0.2521415070994707
361,0.25214149815440795
362,0.2521414892274888
363,0.25214148031865924
364,0.2521414714278648
365,0.2521414625550517
366,0.252141453700166
367,0.25214144486315476
368,0.2521414360439638
369,0.2521414272425407
370,0.25214141845883237
371,0.25214140969278603
372,0.25214140094434945
373,0.2521413922134699
374,0.25214138350009596
375,0.2521413748041752
376,0.2521413661256559
377,0.25214135746448707
378,0.2521413488206175
379,0.25214134019399564
380,0.2521413315845711
381,0.2521413229922923
382,0.25214131441711035
383,0.2521413058589737
384,0.2521412973178328
385,0.2521412887936371
386,0.25214128028633825
387,0.2521412717958858
388,0.25214126332223047
389,0.2521412548653232
390,0.25214124642511526
391,0.25214123800155797
392,0.2521412295946025
393,0.2521412212042007
394,0.2521412128303042
395,0.2521412044728653
396,0.25214119613183583
397,0.25214118780716854
398,0.25214117949881615
399,0.2521411712067307
400,0.25214116293086514
401,0.2521411546711737
402,0.2521411464276086
403,0.2521411382001236
404,0.25214112998867244
405,0.25214112179320863
406,0.2521411136136864
407,0.2521411054500601
408,0.2521410973022838
409,0.2521410891703121
410,0.25214108105409944
411,0.2521410729536011
412,0.2521410648687719
413,0.2521410567995669
414,0.2521410487459415
415,0.25214104070785137
416,0.2521410326852524
417,0.25214102467810023
418,0.2521410166863507
419,0.2521410087099606
420,0.2521410007488855
421,0.25214099280308244
422,0.2521409848725082
423,0.25214097695711923
424,0.2521409690568729
425,0.2521409611717264
426,0.25214095330163644
427,0.25214094544656135
428,0.25214093760645845
429,0.25214092978128544
430,0.252140921971
431,0.252140914175561
432,0.2521409063949265
433,0.25214089862905437
434,0.25214089087790376
435,0.2521408831414335
436,0.2521408754196022
437,0.25214086771236854
438,0.2521408600196924
439,0.2521408523415329
440,0.25214084467784953
441,0.2521408370286017
442,0.2521408293937498
443,0.2521408217732529
444,0.2521408141670716
445,0.25214080657516635
446,0.2521407989974972
447,0.25214079143402474
448,0.25214078388470973
449,0.252140776349513
450,0.25214076882839515
451,0.252140761321318
452,0.25214075382824197
453,0.25214074634912925
454,0.25214073888394056
455,0.25214073143263827
456,0.2521407239951836
457,0.2521407165715392
458,0.252140709161666
