1,0.38650981111909943
2,0.2608268452837571
3,0.26082684492191205
4,0.26082684492191205
5,0.26082684492191205
6,0.26082684492191205
7,0.26082684492191205
8,0.26082684492191205
9,0.26082684492191205
10,0.26082684492191205
11,0.26082684492191205
12,0.26082684492191205
13,0.26082684492191205
14,0.26082684492191205
15,0.26082684492191205
16,0.26082684492191205
17,0.26082684492191205
18,0.26082684492191205
19,0.26082684492191205
20,0.26082684492191205
21,0.26082684492191205
22,0.26082684492191205
23,0.26082684492191205
24,0.26082684492191205
25,0.26082684492191205
26,0.26082684492191205
27,0.26082684492191205
28,0.26082684492191205
29,0.26082684492191205
30,0.26082684492191205
31,0.26082684492191205
32,0.26082684492191205
33,0.26082684492191205
34,0.26082684492191205
35,0.26082684492191205
36,0.26082684492191205
37,0.26082684492191205
38,0.26082684492191205
39,0.26082684492191205
40,0.26082684492191205
41,0.26082684492191205
42,0.26082684492191205
43,0.26082684492191205
44,0.26082684492191205
45,0.26082684492191205
46,0.26082684492191205
47,0.26082684492191205
48,0.26082684492191205
49,0.26082684492191205
50,0.26082684492191205
51,0.26082684492191205
52,0.26082684492191205
53,0.26082684492191205
54,0.26082684492191205
55,0.26082684492191205
56,0.26082684492191205
57,0.26082684492191205
58,0.26082684492191205
59,0.26082684492191205
60,0.26082684492191205
61,0.26082684492191205
62,0.26082684492191205
63,0.26082684492191205
64,0.26082684492191205
65,0.26082684492191205
66,0.26082684492191205
67,0.26082684492191205
68,0.26082684492191205
69,0.26082684492191205
70,0.26082684492191205
71,0.26082684492191205
72,0.26082684492191205
73,0.26082684492191205
74,0.26082684492191205
75,0.26082684492191205
76,0.26082684492191205
77,0.26082684492191205
78,0.26082684492191205
79,0.26082684492191205
80,0.26082684492191205
81,0.26082684492191205
82,0.26082684492191205
83,0.26082684492191205
84,0.26082684492191205
85,0.26082684492191205
86,0.26082684492191205
87,0.26082684492191205
88,0.26082684492191205
89,0.26082684492191205
90,0.26082684492191205
91,0.26082684492191205
92,0.26082684492191205
93,0.26082684492191205
94,0.26082684492191205
95,0.26082684492191205
96,0.26082684492191205
97,0.26082684492191205
98,0.26082684492191205
99,0.26082684492191205
100,0.26082684492191205
101,0.26082684492191205
102,0.26082684492191205
103,0.26082684492191205
104,0.26082684492191205
105,0.26082684492191205
106,0.26082684492191205
107,0.26082684492191205
108,0.26082684492191205
109,0.26082684492191205
110,0.26082684492191205
111,0.26082684492191205
112,0.26082684492191205
113,0.26082684492191205
114,0.26082684492191205
115,0.26082684492191205
116,0.26082684492191205
117,0.26082684492191205
118,0.26082684492191205
119,0.26082684492191205
120,0.26082684492191205
121,0.26082684492191205
122,0.26082684492191205
123,0.26082684492191205
124,0.26082684492191205
125,0.26082684492191205
126,0.26082684492191205
127,0.26082684492191205
128,0.26082684492191205
129,0.26082684492191205
130,0.26082684492191205
131,0.26082684492191205
132,0.26082684492191205
133,0.26082684492191205
134,0.26082684492191205
135,0.26082684492191205
136,0.26082684492191205
137,0.26082684492191205
138,0.26082684492191205
139,0.26082684492191205
140,0.26082684492191205
141,0.26082684492191205
142,0.26082684492191205
143,0.26082684492191205
144,0.26082684492191205
145,0.26082684492191205
146,0.26082684492191205
147,0.26082684492191205
148,0.26082684492191205
149,0.26082684492191205
150,0.26082684492191205
151,0.26082684492191205
152,0.26082684492191205
153,0.26082684492191205
154,0.26082684492191205
155,0.26082684492191205
156,0.26082684492191205
157,0.26082684492191205
158,0.26082684492191205
159,0.26082684492191205
160,0.26082684492191205
161,0.26082684492191205
162,0.26082684492191205
163,0.26082684492191205
164,0.26082684492191205
165,0.26082684492191205
166,0.26082684492191205
167,0.26082684492191205
168,0.26082684492191205
169,0.26082684492191205
170,0.26082684492191205
171,0.26082684492191205
172,0.26082684492191205
173,0.26082684492191205
174,0.26082684492191205
175,0.26082684492191205
176,0.26082684492191205
177,0.26082684492191205
178,0.26082684492191205
179,0.26082684492191205
180,0.26082684492191205
181,0.26082684492191205
182,0.26082684492191205
183,0.26082684492191205
184,0.26082684492191205
185,0.26082684492191205
186,0.26082684492191205
187,0.26082684492191205
188,0.26082684492191205
189,0.26082684492191205
190,0.26082684492191205
191,0.26082684492191205
192,0.26082684492191205
193,0.26082684492191205
194,0.26082684492191205
195,0.26082684492191205
196,0.26082684492191205
197,0.26082684492191205
198,0.26082684492191205
199,0.26082684492191205
200,0.26082684492191205
201,0.26082684492191205
202,0.26082684492191205
203,0.26082684492191205
204,0.26082684492191205
205,0.26082684492191205
206,0.26082684492191205
207,0.26082684492191205
208,0.26082684492191205
209,0.26082684492191205
210,0.26082684492191205
211,0.26082684492191205
212,0.26082684492191205
213,0.26082684492191205
214,0.26082684492191205
215,0.26082684492191205
216,0.26082684492191205
217,0.26082684492191205
218,0.26082684492191205
219,0.26082684492191205
220,0.26082684492191205
221,0.26082684492191205
222,0.26082684492191205
223,0.26082684492191205
224,0.26082684492191205
225,0.26082684492191205
226,0.26082684492191205
227,0.26082684492191205
228,0.26082684492191205
229,0.26082684492191205
230,0.26082684492191205
231,0.26082684492191205
232,0.26082684492191205
233,0.26082684492191205
234,0.26082684492191205
235,0.26082684492191205
236,0.26082684492191205
237,0.26082684492191205
238,0.26082684492191205
239,0.26082684492191205
240,0.26082684492191205
241,0.26082684492191205
242,0.26082684492191205
243,0.26082684492191205
244,0.26082684492191205
245,0.26082684492191205
246,0.26082684492191205
247,0.26082684492191205
248,0.26082684492191205
249,0.26082684492191205
250,0.26082684492191205
251,0.26082684492191205
252,0.26082684492191205
253,0.26082684492191205
254,0.26082684492191205
255,0.26082684492191205
256,0.26082684492191205
257,0.26082684492191205
258,0.26082684492191205
259,0.26082684492191205
260,0.26082684492191205
261,0.26082684492191205
262,0.26082684492191205
263,0.26082684492191205
264,0.26082684492191205
265,0.26082684492191205
266,0.26082684492191205
267,0.26082684492191205
268,0.26082684492191205
269,0.26082684492191205
270,0.26082684492191205
271,0.26082684492191205
272,0.26082684492191205
273,0.26082684492191205
274,0.26082684492191205
275,0.26082684492191205
276,0.26082684492191205
277,0.26082684492191205
278,0.26082684492191205
279,0.26082684492191205
280,0.26082684492191205
281,0.26082684492191205
282,0.26082684492191205
283,0.26082684492191205
284,0.26082684492191205
285,0.26082684492191205
286,0.26082684492191205
287,0.26082684492191205
288,0.26082684492191205
289,0.26082684492191205
290,0.26082684492191205
291,0.26082684492191205
292,0.26082684492191205
293,0.26082684492191205
294,0.26082684492191205
295,0.26082684492191205
296,0.26082684492191205
297,0.26082684492191205
