1,0.2758450432676278
2,0.25207433116524486
3,0.2514217722398596
4,0.2514217653191705
5,0.2514217653191703
6,0.2514217653191703
7,0.2514217653191703
8,0.2514217653191703
9,0.2514217653191703
10,0.2514217653191703
11,0.2514217653191703
12,0.2514217653191703
13,0.2514217653191703
14,0.2514217653191703
15,0.2514217653191703
16,0.2514217653191703
17,0.2514217653191703
18,0.2514217653191703
19,0.2514217653191703
20,0.2514217653191703
21,0.2514217653191703
22,0.2514217653191703
23,0.2514217653191703
24,0.2514217653191703
25,0.2514217653191703
26,0.2514217653191703
27,0.2514217653191703
28,0.2514217653191703
29,0.2514217653191703
30,0.2514217653191703
31,0.2514217653191703
32,0.2514217653191703
33,0.2514217653191703
34,0.2514217653191703
35,0.2514217653191703
36,0.2514217653191703
37,0.2514217653191703
38,0.2514217653191703
39,0.2514217653191703
40,0.2514217653191703
41,0.2514217653191703
42,0.2514217653191703
43,0.2514217653191703
44,0.2514217653191703
45,0.2514217653191703
46,0.2514217653191703
47,0.2514217653191703
48,0.2514217653191703
49,0.2514217653191703
50,0.2514217653191703
51,0.2514217653191703
52,0.2514217653191703
53,0.2514217653191703
54,0.2514217653191703
55,0.2514217653191703
56,0.2514217653191703
57,0.2514217653191703
58,0.2514217653191703
59,0.2514217653191703
60,0.2514217653191703
61,0.2514217653191703
62,0.2514217653191703
63,0.2514217653191703
64,0.2514217653191703
65,0.2514217653191703
66,0.2514217653191703
67,0.2514217653191703
68,0.2514217653191703
69,0.2514217653191703
70,0.2514217653191703
71,0.2514217653191703
72,0.2514217653191703
73,0.2514217653191703
74,0.2514217653191703
75,0.2514217653191703
76,0.2514217653191703
77,0.2514217653191703
78,0.2514217653191703
79,0.2514217653191703
80,0.2514217653191703
81,0.2514217653191703
82,0.2514217653191703
83,0.2514217653191703
84,0.2514217653191703
85,0.2514217653191703
86,0.2514217653191703
87,0.2514217653191703
88,0.2514217653191703
89,0.2514217653191703
90,0.2514217653191703
91,0.2514217653191703
92,0.2514217653191703
93,0.2514217653191703
94,0.2514217653191703
95,0.2514217653191703
96,0.2514217653191703
97,0.2514217653191703
98,0.2514217653191703
99,0.2514217653191703
100,0.2514217653191703
101,0.2514217653191703
102,0.2514217653191703
103,0.2514217653191703
104,0.2514217653191703
105,0.2514217653191703
106,0.2514217653191703
107,0.2514217653191703
108,0.2514217653191703
109,0.2514217653191703
110,0.2514217653191703
111,0.2514217653191703
112,0.2514217653191703
113,0.2514217653191703
114,0.2514217653191703
115,0.2514217653191703
116,0.2514217653191703
117,0.2514217653191703
118,0.2514217653191703
119,0.2514217653191703
120,0.2514217653191703
121,0.2514217653191703
122,0.2514217653191703
123,0.2514217653191703
124,0.2514217653191703
125,0.2514217653191703
126,0.2514217653191703
127,0.2514217653191703
128,0.2514217653191703
129,0.2514217653191703
130,0.2514217653191703
131,0.2514217653191703
132,0.2514217653191703
133,0.2514217653191703
134,0.2514217653191703
135,0.2514217653191703
136,0.2514217653191703
137,0.2514217653191703
138,0.2514217653191703
139,0.2514217653191703
140,0.2514217653191703
141,0.2514217653191703
142,0.2514217653191703
143,0.2514217653191703
144,0.2514217653191703
145,0.2514217653191703
146,0.2514217653191703
147,0.2514217653191703
148,0.2514217653191703
149,0.2514217653191703
150,0.2514217653191703
151,0.2514217653191703
152,0.2514217653191703
153,0.2514217653191703
154,0.2514217653191703
155,0.2514217653191703
156,0.2514217653191703
157,0.2514217653191703
158,0.2514217653191703
159,0.2514217653191703
160,0.2514217653191703
161,0.2514217653191703
162,0.2514217653191703
163,0.2514217653191703
164,0.2514217653191703
165,0.2514217653191703
166,0.2514217653191703
167,0.2514217653191703
168,0.2514217653191703
169,0.2514217653191703
170,0.2514217653191703
171,0.2514217653191703
172,0.2514217653191703
173,0.2514217653191703
174,0.2514217653191703
175,0.2514217653191703
176,0.2514217653191703
177,0.2514217653191703
178,0.2514217653191703
179,0.2514217653191703
180,0.2514217653191703
181,0.2514217653191703
182,0.2514217653191703
183,0.2514217653191703
184,0.2514217653191703
185,0.2514217653191703
186,0.2514217653191703
187,0.2514217653191703
188,0.2514217653191703
189,0.2514217653191703
190,0.2514217653191703
191,0.2514217653191703
192,0.2514217653191703
193,0.2514217653191703
194,0.2514217653191703
195,0.2514217653191703
196,0.2514217653191703
197,0.2514217653191703
198,0.2514217653191703
199,0.2514217653191703
200,0.2514217653191703
201,0.2514217653191703
202,0.2514217653191703
203,0.2514217653191703
204,0.2514217653191703
205,0.2514217653191703
206,0.2514217653191703
207,0.2514217653191703
208,0.2514217653191703
209,0.2514217653191703
210,0.2514217653191703
211,0.2514217653191703
212,0.2514217653191703
213,0.2514217653191703
214,0.2514217653191703
215,0.2514217653191703
216,0.2514217653191703
217,0.2514217653191703
218,0.2514217653191703
219,0.2514217653191703
220,0.2514217653191703
221,0.2514217653191703
222,0.2514217653191703
223,0.2514217653191703
224,0.2514217653191703
225,0.2514217653191703
226,0.2514217653191703
227,0.2514217653191703
228,0.2514217653191703
229,0.2514217653191703
230,0.2514217653191703
231,0.2514217653191703
232,0.2514217653191703
233,0.2514217653191703
234,0.2514217653191703
235,0.2514217653191703
236,0.2514217653191703
237,0.2514217653191703
238,0.2514217653191703
239,0.2514217653191703
240,0.2514217653191703
241,0.2514217653191703
242,0.2514217653191703
243,0.2514217653191703
244,0.2514217653191703
245,0.2514217653191703
246,0.2514217653191703
247,0.2514217653191703
248,0.2514217653191703
249,0.2514217653191703
250,0.2514217653191703
251,0.2514217653191703
252,0.2514217653191703
253,0.2514217653191703
254,0.2514217653191703
255,0.2514217653191703
256,0.2514217653191703
257,0.2514217653191703
258,0.2514217653191703
259,0.2514217653191703
260,0.2514217653191703
261,0.2514217653191703
262,0.2514217653191703
263,0.2514217653191703
264,0.2514217653191703
265,0.2514217653191703
266,0.2514217653191703
267,0.2514217653191703
268,0.2514217653191703
269,0.2514217653191703
270,0.2514217653191703
271,0.2514217653191703
272,0.2514217653191703
273,0.2514217653191703
274,0.2514217653191703
275,0.2514217653191703
276,0.2514217653191703
277,0.2514217653191703
278,0.2514217653191703
279,0.2514217653191703
280,0.2514217653191703
281,0.2514217653191703
282,0.2514217653191703
283,0.2514217653191703
284,0.2514217653191703
285,0.2514217653191703
286,0.2514217653191703
287,0.2514217653191703
288,0.2514217653191703
289,0.2514217653191703
290,0.2514217653191703
291,0.2514217653191703
292,0.2514217653191703
293,0.2514217653191703
294,0.2514217653191703
295,0.2514217653191703
296,0.2514217653191703
297,0.2514217653191703
298,0.2514217653191703
299,0.2514217653191703
300,0.2514217653191703
301,0.2514217653191703
302,0.2514217653191703
303,0.2514217653191703
304,0.2514217653191703
305,0.2514217653191703
306,0.2514217653191703
307,0.2514217653191703
308,0.2514217653191703
309,0.2514217653191703
310,0.2514217653191703
311,0.2514217653191703
312,0.2514217653191703
313,0.2514217653191703
314,0.2514217653191703
315,0.2514217653191703
316,0.2514217653191703
317,0.2514217653191703
318,0.2514217653191703
319,0.2514217653191703
320,0.2514217653191703
321,0.2514217653191703
322,0.2514217653191703
323,0.2514217653191703
324,0.2514217653191703
325,0.2514217653191703
326,0.2514217653191703
327,0.2514217653191703
328,0.2514217653191703
329,0.2514217653191703
330,0.2514217653191703
331,0.2514217653191703
332,0.2514217653191703
333,0.2514217653191703
334,0.2514217653191703
335,0.2514217653191703
336,0.2514217653191703
337,0.2514217653191703
338,0.2514217653191703
339,0.2514217653191703
340,0.2514217653191703
341,0.2514217653191703
342,0.2514217653191703
343,0.2514217653191703
344,0.2514217653191703
345,0.2514217653191703
346,0.2514217653191703
347,0.2514217653191703
348,0.2514217653191703
349,0.2514217653191703
350,0.2514217653191703
351,0.2514217653191703
352,0.2514217653191703
353,0.2514217653191703
354,0.2514217653191703
355,0.2514217653191703
356,0.2514217653191703
357,0.2514217653191703
358,0.2514217653191703
359,0.2514217653191703
360,0.2514217653191703
361,0.2514217653191703
362,0.2514217653191703
363,0.2514217653191703
364,0.2514217653191703
365,0.2514217653191703
366,0.2514217653191703
367,0.2514217653191703
368,0.2514217653191703
369,0.2514217653191703
370,0.2514217653191703
371,0.2514217653191703
372,0.2514217653191703
373,0.2514217653191703
374,0.2514217653191703
375,0.2514217653191703
376,0.2514217653191703
377,0.2514217653191703
378,0.2514217653191703
379,0.2514217653191703
380,0.2514217653191703
381,0.2514217653191703
382,0.2514217653191703
383,0.2514217653191703
384,0.2514217653191703
385,0.2514217653191703
386,0.2514217653191703
387,0.2514217653191703
388,0.2514217653191703
389,0.2514217653191703
390,0.2514217653191703
391,0.2514217653191703
392,0.2514217653191703
393,0.2514217653191703
394,0.2514217653191703
395,0.2514217653191703
396,0.2514217653191703
397,0.2514217653191703
398,0.2514217653191703
399,0.2514217653191703
400,0.2514217653191703
401,0.2514217653191703
402,0.2514217653191703
403,0.2514217653191703
404,0.2514217653191703
405,0.2514217653191703
406,0.2514217653191703
407,0.2514217653191703
408,0.2514217653191703
409,0.2514217653191703
410,0.2514217653191703
411,0.2514217653191703
412,0.2514217653191703
413,0.2514217653191703
414,0.2514217653191703
415,0.2514217653191703
416,0.2514217653191703
417,0.2514217653191703
418,0.2514217653191703
419,0.2514217653191703
420,0.2514217653191703
421,0.2514217653191703
422,0.2514217653191703
423,0.2514217653191703
424,0.2514217653191703
425,0.2514217653191703
426,0.2514217653191703
427,0.2514217653191703
428,0.2514217653191703
429,0.2514217653191703
430,0.2514217653191703
431,0.2514217653191703
432,0.2514217653191703
433,0.2514217653191703
434,0.2514217653191703
435,0.2514217653191703
436,0.2514217653191703
437,0.2514217653191703
438,0.2514217653191703
439,0.2514217653191703
440,0.2514217653191703
441,0.2514217653191703
442,0.2514217653191703
443,0.2514217653191703
444,0.2514217653191703
445,0.2514217653191703
446,0.2514217653191703
447,0.2514217653191703
448,0.2514217653191703
