1,0.4844609915665463
2,0.4369757738490908
3,0.25839647818404465
4,0.2518735704781453
5,0.2518787471429662
6,0.25187875756443023
7,0.25187875758510087
8,0.2518787575850334
9,0.2518787575849205
10,0.25187875758480394
11,0.25187875758468287
12,0.2518787575845579
13,0.251878757584428
14,0.2518787575842935
15,0.25187875758415357
16,0.2518787575840083
17,0.2518787575838572
18,0.2518787575836998
19,0.25187875758353573
20,0.251878757583365
21,0.2518787575831873
22,0.2518787575830011
23,0.2518787575828064
24,0.25187875758260325
25,0.2518787575823896
26,0.2518787575821665
27,0.25187875758193157
28,0.25187875758168554
29,0.25187875758142614
30,0.2518787575811528
31,0.2518787575808643
32,0.25187875758055955
33,0.2518787575802368
34,0.2518787575798952
35,0.2518787575795319
36,0.25187875757914574
37,0.25187875757873407
38,0.2518787575782947
39,0.25187875757782396
40,0.2518787575773193
41,0.25187875757677575
42,0.25187875757619005
43,0.2518787575755565
44,0.25187875757486905
45,0.25187875757411976
46,0.25187875757330175
47,0.25187875757240397
48,0.2518787575714144
49,0.2518787575703182
50,0.2518787575690977
51,0.25187875756773104
52,0.2518787575661898
53,0.2518787575644387
54,0.2518787575624332
55,0.25187875756011385
56,0.2518787575574017
57,0.2518787575541891
58,0.2518787575503278
59,0.25187875754560235
60,0.25187875753969396
61,0.25187875753210853
62,0.25187875752203864
63,0.2518787575080791
64,0.25187875748756344
65,0.25187875745481425
66,0.25187875739555904
67,0.2518787572631913
68,0.2518787568120236
69,0.25187891440325666
70,0.251878756874491
71,0.25187875759011763
72,0.2518787575915437
73,0.2518787575915468
74,0.2518787575915468
75,0.2518787575915469
76,0.2518787575915469
77,0.2518787575915469
78,0.2518787575915469
79,0.2518787575915469
80,0.2518787575915469
81,0.2518787575915469
82,0.2518787575915469
83,0.2518787575915469
84,0.2518787575915469
85,0.2518787575915469
86,0.2518787575915469
87,0.2518787575915469
88,0.2518787575915469
89,0.2518787575915469
90,0.2518787575915469
91,0.2518787575915469
92,0.2518787575915469
93,0.2518787575915469
94,0.2518787575915469
95,0.2518787575915469
96,0.2518787575915469
97,0.2518787575915469
98,0.2518787575915469
99,0.2518787575915469
100,0.2518787575915469
101,0.2518787575915469
102,0.2518787575915469
103,0.2518787575915469
104,0.2518787575915469
105,0.2518787575915469
106,0.2518787575915469
107,0.2518787575915469
108,0.2518787575915469
109,0.2518787575915469
110,0.2518787575915469
111,0.2518787575915469
112,0.2518787575915469
113,0.2518787575915469
114,0.2518787575915469
115,0.2518787575915469
116,0.2518787575915469
117,0.2518787575915469
118,0.2518787575915469
119,0.2518787575915469
120,0.2518787575915469
121,0.2518787575915469
122,0.2518787575915469
123,0.2518787575915469
124,0.2518787575915469
125,0.2518787575915469
126,0.2518787575915469
127,0.2518787575915469
128,0.2518787575915469
129,0.2518787575915469
130,0.2518787575915469
131,0.2518787575915469
132,0.2518787575915469
133,0.2518787575915469
134,0.2518787575915469
135,0.2518787575915469
136,0.2518787575915469
137,0.2518787575915469
138,0.2518787575915469
139,0.2518787575915469
140,0.2518787575915469
141,0.2518787575915469
142,0.2518787575915469
143,0.2518787575915469
144,0.2518787575915469
145,0.2518787575915469
146,0.2518787575915469
147,0.2518787575915469
148,0.2518787575915469
149,0.2518787575915469
150,0.2518787575915469
151,0.2518787575915469
152,0.2518787575915469
153,0.2518787575915469
154,0.2518787575915469
155,0.2518787575915469
156,0.2518787575915469
157,0.2518787575915469
158,0.2518787575915469
159,0.2518787575915469
160,0.2518787575915469
161,0.2518787575915469
162,0.2518787575915469
163,0.2518787575915469
164,0.2518787575915469
165,0.2518787575915469
166,0.2518787575915469
167,0.2518787575915469
168,0.2518787575915469
169,0.2518787575915469
170,0.2518787575915469
171,0.2518787575915469
172,0.2518787575915469
173,0.2518787575915469
174,0.2518787575915469
175,0.2518787575915469
176,0.2518787575915469
177,0.2518787575915469
178,0.2518787575915469
179,0.2518787575915469
180,0.2518787575915469
181,0.2518787575915469
182,0.2518787575915469
183,0.2518787575915469
184,0.2518787575915469
185,0.2518787575915469
186,0.2518787575915469
187,0.2518787575915469
188,0.2518787575915469
189,0.2518787575915469
190,0.2518787575915469
191,0.2518787575915469
192,0.2518787575915469
193,0.2518787575915469
194,0.2518787575915469
195,0.2518787575915469
196,0.2518787575915469
197,0.2518787575915469
198,0.2518787575915469
199,0.2518787575915469
200,0.2518787575915469
201,0.2518787575915469
202,0.2518787575915469
203,0.2518787575915469
204,0.2518787575915469
205,0.2518787575915469
206,0.2518787575915469
207,0.2518787575915469
208,0.2518787575915469
209,0.2518787575915469
210,0.2518787575915469
211,0.2518787575915469
212,0.2518787575915469
213,0.2518787575915469
214,0.2518787575915469
215,0.2518787575915469
216,0.2518787575915469
217,0.2518787575915469
218,0.2518787575915469
219,0.2518787575915469
220,0.2518787575915469
221,0.2518787575915469
222,0.2518787575915469
223,0.2518787575915469
224,0.2518787575915469
225,0.2518787575915469
226,0.2518787575915469
227,0.2518787575915469
228,0.2518787575915469
229,0.2518787575915469
230,0.2518787575915469
231,0.2518787575915469
232,0.2518787575915469
233,0.2518787575915469
234,0.2518787575915469
235,0.2518787575915469
236,0.2518787575915469
237,0.2518787575915469
238,0.2518787575915469
239,0.2518787575915469
240,0.2518787575915469
241,0.2518787575915469
242,0.2518787575915469
243,0.2518787575915469
244,0.2518787575915469
245,0.2518787575915469
246,0.2518787575915469
247,0.2518787575915469
248,0.2518787575915469
249,0.2518787575915469
250,0.2518787575915469
251,0.2518787575915469
252,0.2518787575915469
253,0.2518787575915469
254,0.2518787575915469
255,0.2518787575915469
256,0.2518787575915469
257,0.2518787575915469
258,0.2518787575915469
259,0.2518787575915469
260,0.2518787575915469
261,0.2518787575915469
262,0.2518787575915469
263,0.2518787575915469
264,0.2518787575915469
265,0.2518787575915469
266,0.2518787575915469
267,0.2518787575915469
268,0.2518787575915469
269,0.2518787575915469
270,0.2518787575915469
271,0.2518787575915469
272,0.2518787575915469
273,0.2518787575915469
274,0.2518787575915469
275,0.2518787575915469
276,0.2518787575915469
277,0.2518787575915469
278,0.2518787575915469
279,0.2518787575915469
280,0.2518787575915469
281,0.2518787575915469
282,0.2518787575915469
283,0.2518787575915469
284,0.2518787575915469
285,0.2518787575915469
286,0.2518787575915469
287,0.2518787575915469
288,0.2518787575915469
289,0.2518787575915469
290,0.2518787575915469
291,0.2518787575915469
292,0.2518787575915469
293,0.2518787575915469
294,0.2518787575915469
295,0.2518787575915469
296,0.2518787575915469
297,0.2518787575915469
298,0.2518787575915469
299,0.2518787575915469
300,0.2518787575915469
301,0.2518787575915469
302,0.2518787575915469
303,0.2518787575915469
304,0.2518787575915469
305,0.2518787575915469
306,0.2518787575915469
307,0.2518787575915469
308,0.2518787575915469
309,0.2518787575915469
310,0.2518787575915469
311,0.2518787575915469
312,0.2518787575915469
313,0.2518787575915469
314,0.2518787575915469
315,0.2518787575915469
316,0.2518787575915469
317,0.2518787575915469
318,0.2518787575915469
319,0.2518787575915469
320,0.2518787575915469
321,0.2518787575915469
322,0.2518787575915469
323,0.2518787575915469
324,0.2518787575915469
325,0.2518787575915469
326,0.2518787575915469
327,0.2518787575915469
328,0.2518787575915469
329,0.2518787575915469
330,0.2518787575915469
331,0.2518787575915469
332,0.2518787575915469
333,0.2518787575915469
334,0.2518787575915469
335,0.2518787575915469
336,0.2518787575915469
337,0.2518787575915469
338,0.2518787575915469
339,0.2518787575915469
340,0.2518787575915469
341,0.2518787575915469
342,0.2518787575915469
343,0.2518787575915469
344,0.2518787575915469
345,0.2518787575915469
346,0.2518787575915469
347,0.2518787575915469
348,0.2518787575915469
349,0.2518787575915469
350,0.2518787575915469
351,0.2518787575915469
352,0.2518787575915469
353,0.2518787575915469
354,0.2518787575915469
355,0.2518787575915469
356,0.2518787575915469
357,0.2518787575915469
358,0.2518787575915469
359,0.2518787575915469
360,0.2518787575915469
361,0.2518787575915469
362,0.2518787575915469
363,0.2518787575915469
364,0.2518787575915469
365,0.2518787575915469
366,0.2518787575915469
367,0.2518787575915469
368,0.2518787575915469
369,0.2518787575915469
370,0.2518787575915469
371,0.2518787575915469
372,0.2518787575915469
373,0.2518787575915469
374,0.2518787575915469
375,0.2518787575915469
376,0.2518787575915469
377,0.2518787575915469
378,0.2518787575915469
379,0.2518787575915469
380,0.2518787575915469
381,0.2518787575915469
382,0.2518787575915469
383,0.2518787575915469
384,0.2518787575915469
385,0.2518787575915469
386,0.2518787575915469
387,0.2518787575915469
388,0.2518787575915469
389,0.2518787575915469
390,0.2518787575915469
391,0.2518787575915469
392,0.2518787575915469
393,0.2518787575915469
394,0.2518787575915469
395,0.2518787575915469
396,0.2518787575915469
397,0.2518787575915469
398,0.2518787575915469
399,0.2518787575915469
400,0.2518787575915469
401,0.2518787575915469
402,0.2518787575915469
403,0.2518787575915469
404,0.2518787575915469
405,0.2518787575915469
406,0.2518787575915469
407,0.2518787575915469
408,0.2518787575915469
409,0.2518787575915469
410,0.2518787575915469
411,0.2518787575915469
412,0.2518787575915469
413,0.2518787575915469
414,0.2518787575915469
415,0.2518787575915469
416,0.2518787575915469
417,0.2518787575915469
418,0.2518787575915469
419,0.2518787575915469
420,0.2518787575915469
421,0.2518787575915469
422,0.2518787575915469
423,0.2518787575915469
424,0.2518787575915469
425,0.2518787575915469
426,0.2518787575915469
427,0.2518787575915469
428,0.2518787575915469
429,0.2518787575915469
430,0.2518787575915469
431,0.2518787575915469
432,0.2518787575915469
433,0.2518787575915469
434,0.2518787575915469
435,0.2518787575915469
436,0.2518787575915469
437,0.2518787575915469
438,0.2518787575915469
439,0.2518787575915469
440,0.2518787575915469
441,0.2518787575915469
442,0.2518787575915469
443,0.2518787575915469
444,0.2518787575915469
445,0.2518787575915469
446,0.2518787575915469
447,0.2518787575915469
448,0.2518787575915469
449,0.2518787575915469
450,0.2518787575915469
451,0.2518787575915469
452,0.2518787575915469
453,0.2518787575915469
454,0.2518787575915469
455,0.2518787575915469
456,0.2518787575915469
457,0.2518787575915469
