1,0.27899801009273834
2,0.267366305114549
3,0.2673478748081746
4,0.2673282662748515
5,0.26730736816339384
6,0.2672850552518989
7,0.26726118631600404
8,0.26723560161138815
9,0.26720811989163934
10,0.26717853486517024
11,0.2671466109736059
12,0.26711207834827805
13,0.2670746267705146
14,0.2670338984248595
15,0.26698947919233956
16,0.2669408881846622
17,0.26688756517330836
18,0.26682885552772323
19,0.2667639922595896
20,0.26669207480478135
21,0.26661204431371827
22,0.2665226555576442
23,0.26642244625210176
24,0.26630970591417996
25,0.2661824487273686
26,0.26603839891227754
27,0.26587500361595234
28,0.26568949815021
29,0.2654790615967725
30,0.26524111481797386
31,0.2649738190000369
32,0.2646768111594205
33,0.2643521318324486
34,0.2640051338448635
35,0.26364494468691235
36,0.2632839523762137
37,0.26293604427128603
38,0.2626139981732729
39,0.26232706496684366
40,0.26207976044322084
41,0.26187214967409744
42,0.2617011211228277
43,0.26156189147948816
44,0.2614492175608918
45,0.2613581485229239
46,0.2612843814819376
47,0.26122435723933907
48,0.26117521798053905
49,0.26113470809420636
50,0.26110106300105
51,0.2610729068500906
52,0.261049166471491
53,0.2610290023923829
54,0.26101175499964513
55,0.26099690314345453
56,0.2609840325434353
57,0.2609728117416432
58,0.2609629737923995
59,0.2609543022858857
60,0.2609466206386714
61,0.26093978384852645
62,0.26093367211263396
63,0.26092818586005445
64,0.26092324186238464
65,0.26091877017057047
66,0.2609147116881367
67,0.26091101623740093
68,0.26090764100971253
69,0.26090454931652973
70,0.26090170957747466
71,0.2608990944961007
72,0.26089668038513497
73,0.26089444661138356
74,0.26089237513691765
75,0.2608904501381114
76,0.2608886576879333
77,0.26088698548987077
78,0.2608854226541884
79,0.2608839595090463
80,0.26088258744045373
81,0.26088129875615307
82,0.2608800865694588
83,0.26087894469979406
84,0.2608778675872421
85,0.2608768502189118
86,0.26087588806529616
87,0.2608749770251031
88,0.260874113377296
89,0.2608732937392956
90,0.26087251503045006
91,0.2608717744400323
92,0.2608710693991317
93,0.26087039755591424
94,0.2608697567537907
95,0.2608691450121137
96,0.2608685605090725
97,0.2608680015665035
98,0.26086746663637544
99,0.26086695428874235
100,0.2608664632009832
101,0.2608659921481727
102,0.2608655399944525
103,0.26086510568528165
104,0.26086468824046705
105,0.26086428674788537
106,0.26086390035781887
107,0.26086352827783543
108,0.2608631697681572
109,0.26086282413746187
110,0.26086249073907286
111,0.26086216896749603
112,0.2608618582552697
113,0.26086155807009054
114,0.2608612679121972
115,0.26086098731197654
116,0.2608607158277737
117,0.2608604530438896
118,0.26086019856874293
119,0.26085995203318685
120,0.26085971308895667
121,0.26085948140724846
122,0.2608592566774079
123,0.2608590386057192
124,0.2608588269142939
125,0.26085862134003857
126,0.2608584216337066
127,0.2608582275590157
128,0.26085803889183434
129,0.2608578554194268
130,0.2608576769397522
131,0.2608575032608156
132,0.2608573342000626
133,0.26085716958381794
134,0.26085700924676514
135,0.26085685303145606
136,0.26085670078786016
137,0.26085655237294064
138,0.2608564076502595
139,0.2608562664896084
140,0.26085612876666436
141,0.2608559943626681
142,0.26085586316412057
143,0.26085573506250265
144,0.2608556099540074
145,0.2608554877392939
146,0.26085536832325457
147,0.2608552516147932
148,0.2608551375266232
149,0.2608550259750739
150,0.2608549168799038
151,0.26085481016413614
152,0.2608547057538953
153,0.2608546035782533
154,0.2608545035690889
155,0.26085440566095147
156,0.2608543097909353
157,0.26085421589855756
158,0.26085412392564583
159,0.26085403381622974
160,0.26085394551644137
161,0.260853858974417
162,0.2608537741402085
163,0.2608536909656965
164,0.260853609404507
165,0.2608535294119375
166,0.2608534509448812
167,0.2608533739617589
168,0.26085329842245264
169,0.26085322428824415
170,0.26085315152175254
171,0.2608530800868812
172,0.2608530099487633
173,0.26085294107370866
174,0.2608528734291575
175,0.2608528069836346
176,0.26085274170670303
177,0.26085267756892416
178,0.26085261454181696
179,0.2608525525978203
180,0.26085249171025615
181,0.2608524318532973
182,0.26085237300193015
183,0.26085231513192775
184,0.2608522582198161
185,0.26085220224284905
186,0.260852147178977
187,0.26085209300682344
188,0.2608520397056595
189,0.26085198725537895
190,0.2608519356364763
191,0.2608518848300255
192,0.26085183481765717
193,0.2608517855815389
194,0.2608517371043579
195,0.2608516893693007
196,0.26085164236003594
197,0.26085159606069686
198,0.2608515504558694
199,0.26085150553056813
200,0.26085146127022957
201,0.26085141766069364
202,0.2608513746881912
203,0.26085133233933144
204,0.2608512906010859
205,0.26085124946078153
206,0.2608512089060844
207,0.2608511689249915
208,0.26085112950581857
209,0.26085109063719
210,0.2608510523080276
211,0.2608510145075447
212,0.26085097722523204
213,0.2608509404508528
214,0.2608509041744318
215,0.2608508683862488
216,0.26085083307682927
217,0.2608507982369369
218,0.26085076385756706
219,0.2608507299299395
220,0.26085069644549114
221,0.26085066339586943
222,0.26085063077292664
223,0.2608505985687124
224,0.26085056677546953
225,0.2608505353856277
226,0.2608505043917962
227,0.2608504737867622
228,0.26085044356348236
229,0.26085041371507933
230,0.26085038423483664
231,0.2608503551161943
232,0.26085032635274413
233,0.2608502979382259
234,0.2608502698665229
235,0.26085024213165614
236,0.260850214727785
237,0.26085018764919843
238,0.2608501608903137
239,0.2608501344456734
240,0.2608501083099409
241,0.26085008247789715
242,0.26085005694443825
243,0.26085003170457194
244,0.2608500067534142
245,0.2608499820861863
246,0.2608499576982138
247,0.26084993358492087
248,0.2608499097418299
249,0.2608498861645585
250,0.2608498628488166
251,0.26084983979040394
252,0.2608498169852077
253,0.26084979442920275
254,0.26084977211844407
255,0.2608497500490707
256,0.260849728217299
257,0.26084970661942364
258,0.2608496852518142
259,0.26084966411091276
260,0.26084964319323584
261,0.2608496224953653
262,0.2608496020139547
263,0.26084958174572254
264,0.2608495616874524
265,0.2608495418359915
266,0.2608495221882476
267,0.2608495027411894
268,0.26084948349184456
269,0.2608494644372976
270,0.2608494455746902
271,0.26084942690121726
272,0.2608494084141271
273,0.26084939011072145
274,0.26084937198835245
275,0.2608493540444216
276,0.2608493362763794
277,0.2608493186817233
278,0.26084930125799766
279,0.2608492840027927
280,0.26084926691374116
281,0.2608492499885213
282,0.2608492332248521
283,0.26084921662049454
284,0.26084920017325053
285,0.26084918388096
286,0.2608491677415033
287,0.26084915175279855
288,0.2608491359127983
289,0.2608491202194948
290,0.2608491046709132
291,0.26084908926511496
292,0.26084907400019425
293,0.2608490588742779
294,0.26084904388552654
295,0.26084902903213203
296,0.2608490143123181
297,0.26084899972433634
298,0.2608489852664707
299,0.26084897093703296
300,0.2608489567343631
301,0.26084894265682973
302,0.26084892870282844
303,0.2608489148707817
304,0.2608489011591366
305,0.26084888756636865
306,0.2608488740909741
307,0.2608488607314774
308,0.2608488474864246
309,0.26084883435438494
310,0.26084882133395015
311,0.2608488084237337
312,0.26084879562237007
313,0.2608487829285125
314,0.2608487703408342
315,0.2608487578580246
316,0.2608487454787882
317,0.26084873320184093
318,0.26084872102590523
319,0.26084870894970485
320,0.2608486969719449
321,0.26084868509129233
