1,0.28503273339920565
2,0.2616908312893491
3,0.25339867261335497
4,0.25108133352658235
5,0.25052333789491155
6,0.25039224915777014
7,0.25036290684035967
8,0.25035695161789967
9,0.25035605549048345
10,0.25035610055190316
11,0.250356238354915
12,0.25035633347259906
13,0.25035638663224175
14,0.25035641422294624
15,0.2503564280990587
16,0.2503564349776166
17,0.2503564383641006
18,0.2503564400258485
19,0.2503564408399605
20,0.25035644123849243
21,0.25035644143351093
22,0.25035644152892395
23,0.25035644157560066
24,0.2503564415984344
25,0.25035644160960385
26,0.25035644161506776
27,0.2503564416177404
28,0.2503564416190477
29,0.2503564416196872
30,0.2503564416200001
31,0.2503564416201533
32,0.2503564416202281
33,0.2503564416202646
34,0.2503564416202826
35,0.2503564416202914
36,0.25035644162029563
37,0.25035644162029774
38,0.25035644162029885
39,0.25035644162029913
40,0.2503564416202995
41,0.2503564416202995
42,0.2503564416202996
43,0.2503564416202996
44,0.2503564416202998
45,0.2503564416202998
46,0.25035644162029963
47,0.25035644162029974
48,0.25035644162029963
49,0.2503564416202997
50,0.2503564416202998
51,0.2503564416202998
52,0.2503564416202997
53,0.2503564416202998
54,0.25035644162029974
55,0.2503564416202998
56,0.2503564416202997
57,0.2503564416202998
58,0.25035644162029974
59,0.2503564416202998
60,0.2503564416202997
61,0.2503564416202998
62,0.25035644162029974
63,0.2503564416202998
64,0.2503564416202997
65,0.2503564416202998
66,0.25035644162029974
67,0.2503564416202998
68,0.2503564416202997
69,0.2503564416202998
70,0.25035644162029974
71,0.2503564416202998
72,0.2503564416202997
73,0.2503564416202998
74,0.25035644162029974
75,0.2503564416202998
76,0.2503564416202997
77,0.2503564416202998
78,0.25035644162029974
79,0.2503564416202998
80,0.2503564416202997
81,0.2503564416202998
82,0.25035644162029974
83,0.2503564416202998
84,0.2503564416202997
85,0.2503564416202998
86,0.25035644162029974
87,0.2503564416202998
88,0.2503564416202997
89,0.2503564416202998
90,0.25035644162029974
91,0.2503564416202998
92,0.2503564416202997
93,0.2503564416202998
94,0.25035644162029974
95,0.2503564416202998
96,0.2503564416202997
97,0.2503564416202998
98,0.25035644162029974
99,0.2503564416202998
100,0.2503564416202997
101,0.2503564416202998
102,0.25035644162029974
103,0.2503564416202998
104,0.2503564416202997
105,0.2503564416202998
106,0.25035644162029974
107,0.2503564416202998
108,0.2503564416202997
109,0.2503564416202998
110,0.25035644162029974
111,0.2503564416202998
112,0.2503564416202997
113,0.2503564416202998
114,0.25035644162029974
115,0.2503564416202998
116,0.2503564416202997
117,0.2503564416202998
118,0.25035644162029974
119,0.2503564416202998
120,0.2503564416202997
121,0.2503564416202998
122,0.25035644162029974
123,0.2503564416202998
124,0.2503564416202997
125,0.2503564416202998
126,0.25035644162029974
127,0.2503564416202998
128,0.2503564416202997
129,0.2503564416202998
130,0.25035644162029974
131,0.2503564416202998
132,0.2503564416202997
133,0.2503564416202998
134,0.25035644162029974
135,0.2503564416202998
136,0.2503564416202997
137,0.2503564416202998
138,0.25035644162029974
139,0.2503564416202998
140,0.2503564416202997
141,0.2503564416202998
142,0.25035644162029974
143,0.2503564416202998
144,0.2503564416202997
145,0.2503564416202998
146,0.25035644162029974
147,0.2503564416202998
148,0.2503564416202997
149,0.2503564416202998
150,0.25035644162029974
151,0.2503564416202998
152,0.2503564416202997
153,0.2503564416202998
154,0.25035644162029974
155,0.2503564416202998
156,0.2503564416202997
157,0.2503564416202998
158,0.25035644162029974
159,0.2503564416202998
160,0.2503564416202997
161,0.2503564416202998
162,0.25035644162029974
163,0.2503564416202998
164,0.2503564416202997
165,0.2503564416202998
166,0.25035644162029974
167,0.2503564416202998
168,0.2503564416202997
169,0.2503564416202998
170,0.25035644162029974
171,0.2503564416202998
172,0.2503564416202997
173,0.2503564416202998
174,0.25035644162029974
175,0.2503564416202998
176,0.2503564416202997
177,0.2503564416202998
178,0.25035644162029974
179,0.2503564416202998
180,0.2503564416202997
181,0.2503564416202998
182,0.25035644162029974
183,0.2503564416202998
184,0.2503564416202997
185,0.2503564416202998
186,0.25035644162029974
187,0.2503564416202998
188,0.2503564416202997
189,0.2503564416202998
190,0.25035644162029974
191,0.2503564416202998
192,0.2503564416202997
193,0.2503564416202998
194,0.25035644162029974
195,0.2503564416202998
196,0.2503564416202997
197,0.2503564416202998
198,0.25035644162029974
199,0.2503564416202998
200,0.2503564416202997
201,0.2503564416202998
202,0.25035644162029974
203,0.2503564416202998
204,0.2503564416202997
205,0.2503564416202998
206,0.25035644162029974
207,0.2503564416202998
208,0.2503564416202997
209,0.2503564416202998
210,0.25035644162029974
211,0.2503564416202998
212,0.2503564416202997
213,0.2503564416202998
214,0.25035644162029974
215,0.2503564416202998
216,0.2503564416202997
217,0.2503564416202998
218,0.25035644162029974
219,0.2503564416202998
220,0.2503564416202997
221,0.2503564416202998
222,0.25035644162029974
223,0.2503564416202998
224,0.2503564416202997
225,0.2503564416202998
226,0.25035644162029974
227,0.2503564416202998
228,0.2503564416202997
229,0.2503564416202998
230,0.25035644162029974
231,0.2503564416202998
232,0.2503564416202997
233,0.2503564416202998
234,0.25035644162029974
235,0.2503564416202998
236,0.2503564416202997
237,0.2503564416202998
238,0.25035644162029974
239,0.2503564416202998
240,0.2503564416202997
241,0.2503564416202998
242,0.25035644162029974
243,0.2503564416202998
244,0.2503564416202997
245,0.2503564416202998
246,0.25035644162029974
247,0.2503564416202998
248,0.2503564416202997
249,0.2503564416202998
250,0.25035644162029974
251,0.2503564416202998
252,0.2503564416202997
253,0.2503564416202998
254,0.25035644162029974
255,0.2503564416202998
256,0.2503564416202997
257,0.2503564416202998
258,0.25035644162029974
259,0.2503564416202998
260,0.2503564416202997
261,0.2503564416202998
262,0.25035644162029974
263,0.2503564416202998
264,0.2503564416202997
265,0.2503564416202998
266,0.25035644162029974
267,0.2503564416202998
268,0.2503564416202997
269,0.2503564416202998
270,0.25035644162029974
271,0.2503564416202998
272,0.2503564416202997
273,0.2503564416202998
274,0.25035644162029974
275,0.2503564416202998
276,0.2503564416202997
277,0.2503564416202998
278,0.25035644162029974
279,0.2503564416202998
280,0.2503564416202997
281,0.2503564416202998
282,0.25035644162029974
283,0.2503564416202998
284,0.2503564416202997
285,0.2503564416202998
286,0.25035644162029974
287,0.2503564416202998
288,0.2503564416202997
289,0.2503564416202998
290,0.25035644162029974
291,0.2503564416202998
292,0.2503564416202997
293,0.2503564416202998
294,0.25035644162029974
295,0.2503564416202998
296,0.2503564416202997
297,0.2503564416202998
298,0.25035644162029974
299,0.2503564416202998
300,0.2503564416202997
301,0.2503564416202998
302,0.25035644162029974
303,0.2503564416202998
304,0.2503564416202997
305,0.2503564416202998
306,0.25035644162029974
307,0.2503564416202998
308,0.2503564416202997
309,0.2503564416202998
310,0.25035644162029974
311,0.2503564416202998
312,0.2503564416202997
313,0.2503564416202998
314,0.25035644162029974
315,0.2503564416202998
316,0.2503564416202997
317,0.2503564416202998
318,0.25035644162029974
319,0.2503564416202998
320,0.2503564416202997
321,0.2503564416202998
322,0.25035644162029974
323,0.2503564416202998
324,0.2503564416202997
325,0.2503564416202998
326,0.25035644162029974
327,0.2503564416202998
328,0.2503564416202997
329,0.2503564416202998
330,0.25035644162029974
331,0.2503564416202998
332,0.2503564416202997
333,0.2503564416202998
334,0.25035644162029974
335,0.2503564416202998
336,0.2503564416202997
337,0.2503564416202998
338,0.25035644162029974
339,0.2503564416202998
340,0.2503564416202997
341,0.2503564416202998
342,0.25035644162029974
343,0.2503564416202998
344,0.2503564416202997
345,0.2503564416202998
346,0.25035644162029974
347,0.2503564416202998
348,0.2503564416202997
349,0.2503564416202998
350,0.25035644162029974
351,0.2503564416202998
352,0.2503564416202997
353,0.2503564416202998
354,0.25035644162029974
355,0.2503564416202998
356,0.2503564416202997
357,0.2503564416202998
358,0.25035644162029974
359,0.2503564416202998
360,0.2503564416202997
361,0.2503564416202998
362,0.25035644162029974
363,0.2503564416202998
364,0.2503564416202997
365,0.2503564416202998
366,0.25035644162029974
367,0.2503564416202998
368,0.2503564416202997
369,0.2503564416202998
370,0.25035644162029974
371,0.2503564416202998
372,0.2503564416202997
373,0.2503564416202998
374,0.25035644162029974
375,0.2503564416202998
376,0.2503564416202997
377,0.2503564416202998
378,0.25035644162029974
379,0.2503564416202998
380,0.2503564416202997
381,0.2503564416202998
382,0.25035644162029974
383,0.2503564416202998
384,0.2503564416202997
385,0.2503564416202998
386,0.25035644162029974
387,0.2503564416202998
388,0.2503564416202997
389,0.2503564416202998
390,0.25035644162029974
391,0.2503564416202998
392,0.2503564416202997
393,0.2503564416202998
394,0.25035644162029974
395,0.2503564416202998
396,0.2503564416202997
397,0.2503564416202998
398,0.25035644162029974
399,0.2503564416202998
400,0.2503564416202997
401,0.2503564416202998
402,0.25035644162029974
403,0.2503564416202998
404,0.2503564416202997
405,0.2503564416202998
406,0.25035644162029974
407,0.2503564416202998
408,0.2503564416202997
409,0.2503564416202998
410,0.25035644162029974
411,0.2503564416202998
412,0.2503564416202997
413,0.2503564416202998
414,0.25035644162029974
415,0.2503564416202998
416,0.2503564416202997
417,0.2503564416202998
418,0.25035644162029974
419,0.2503564416202998
420,0.2503564416202997
421,0.2503564416202998
422,0.25035644162029974
423,0.2503564416202998
424,0.2503564416202997
425,0.2503564416202998
426,0.25035644162029974
427,0.2503564416202998
428,0.2503564416202997
429,0.2503564416202998
430,0.25035644162029974
431,0.2503564416202998
432,0.2503564416202997
433,0.2503564416202998
434,0.25035644162029974
435,0.2503564416202998
436,0.2503564416202997
437,0.2503564416202998
438,0.25035644162029974
439,0.2503564416202998
440,0.2503564416202997
441,0.2503564416202998
442,0.25035644162029974
443,0.2503564416202998
444,0.2503564416202997
445,0.2503564416202998
446,0.25035644162029974
447,0.2503564416202998
448,0.2503564416202997
449,0.2503564416202998
450,0.25035644162029974
451,0.2503564416202998
452,0.2503564416202997
453,0.2503564416202998
454,0.25035644162029974
455,0.2503564416202998
456,0.2503564416202997
457,0.2503564416202998
458,0.25035644162029974
459,0.2503564416202998
460,0.2503564416202997
461,0.2503564416202998
462,0.25035644162029974
463,0.2503564416202998
464,0.2503564416202997
465,0.2503564416202998
466,0.25035644162029974
467,0.2503564416202998
468,0.2503564416202997
469,0.2503564416202998
470,0.25035644162029974
471,0.2503564416202998
472,0.2503564416202997
473,0.2503564416202998
474,0.25035644162029974
475,0.2503564416202998
476,0.2503564416202997
477,0.2503564416202998
478,0.25035644162029974
479,0.2503564416202998
480,0.2503564416202997
481,0.2503564416202998
482,0.25035644162029974
483,0.2503564416202998
484,0.2503564416202997
485,0.2503564416202998
486,0.25035644162029974
487,0.2503564416202998
488,0.2503564416202997
489,0.2503564416202998
490,0.25035644162029974
491,0.2503564416202998
492,0.2503564416202997
493,0.2503564416202998
494,0.25035644162029974
495,0.2503564416202998
496,0.2503564416202997
497,0.2503564416202998
498,0.25035644162029974
499,0.2503564416202998
500,0.2503564416202997
501,0.2503564416202998
502,0.25035644162029974
503,0.2503564416202998
504,0.2503564416202997
505,0.2503564416202998
506,0.25035644162029974
507,0.2503564416202998
508,0.2503564416202997
509,0.2503564416202998
510,0.25035644162029974
511,0.2503564416202998
512,0.2503564416202997
513,0.2503564416202998
514,0.25035644162029974
515,0.2503564416202998
516,0.2503564416202997
517,0.2503564416202998
518,0.25035644162029974
519,0.2503564416202998
520,0.2503564416202997
521,0.2503564416202998
522,0.25035644162029974
523,0.2503564416202998
524,0.2503564416202997
525,0.2503564416202998
526,0.25035644162029974
527,0.2503564416202998
528,0.2503564416202997
529,0.2503564416202998
530,0.25035644162029974
531,0.2503564416202998
532,0.2503564416202997
533,0.2503564416202998
534,0.25035644162029974
535,0.2503564416202998
536,0.2503564416202997
537,0.2503564416202998
538,0.25035644162029974
539,0.2503564416202998
540,0.2503564416202997
541,0.2503564416202998
542,0.25035644162029974
543,0.2503564416202998
544,0.2503564416202997
545,0.2503564416202998
546,0.25035644162029974
547,0.2503564416202998
548,0.2503564416202997
549,0.2503564416202998
550,0.25035644162029974
551,0.2503564416202998
552,0.2503564416202997
553,0.2503564416202998
554,0.25035644162029974
555,0.2503564416202998
556,0.2503564416202997
557,0.2503564416202998
558,0.25035644162029974
559,0.2503564416202998
560,0.2503564416202997
561,0.2503564416202998
562,0.25035644162029974
563,0.2503564416202998
564,0.2503564416202997
565,0.2503564416202998
566,0.25035644162029974
567,0.2503564416202998
568,0.2503564416202997
569,0.2503564416202998
570,0.25035644162029974
571,0.2503564416202998
572,0.2503564416202997
573,0.2503564416202998
574,0.25035644162029974
575,0.2503564416202998
576,0.2503564416202997
577,0.2503564416202998
578,0.25035644162029974
579,0.2503564416202998
580,0.2503564416202997
581,0.2503564416202998
582,0.25035644162029974
583,0.2503564416202998
584,0.2503564416202997
585,0.2503564416202998
586,0.25035644162029974
587,0.2503564416202998
588,0.2503564416202997
589,0.2503564416202998
590,0.25035644162029974
591,0.2503564416202998
592,0.2503564416202997
593,0.2503564416202998
594,0.25035644162029974
595,0.2503564416202998
596,0.2503564416202997
597,0.2503564416202998
598,0.25035644162029974
599,0.2503564416202998
600,0.2503564416202997
601,0.2503564416202998
602,0.25035644162029974
603,0.2503564416202998
604,0.2503564416202997
605,0.2503564416202998
606,0.25035644162029974
607,0.2503564416202998
608,0.2503564416202997
609,0.2503564416202998
610,0.25035644162029974
611,0.2503564416202998
612,0.2503564416202997
613,0.2503564416202998
614,0.25035644162029974
615,0.2503564416202998
616,0.2503564416202997
617,0.2503564416202998
618,0.25035644162029974
619,0.2503564416202998
620,0.2503564416202997
621,0.2503564416202998
622,0.25035644162029974
623,0.2503564416202998
624,0.2503564416202997
625,0.2503564416202998
626,0.25035644162029974
627,0.2503564416202998
628,0.2503564416202997
629,0.2503564416202998
630,0.25035644162029974
631,0.2503564416202998
632,0.2503564416202997
633,0.2503564416202998
634,0.25035644162029974
635,0.2503564416202998
636,0.2503564416202997
637,0.2503564416202998
638,0.25035644162029974
639,0.2503564416202998
640,0.2503564416202997
641,0.2503564416202998
642,0.25035644162029974
643,0.2503564416202998
644,0.2503564416202997
645,0.2503564416202998
646,0.25035644162029974
647,0.2503564416202998
648,0.2503564416202997
649,0.2503564416202998
650,0.25035644162029974
651,0.2503564416202998
652,0.2503564416202997
653,0.2503564416202998
654,0.25035644162029974
655,0.2503564416202998
656,0.2503564416202997
657,0.2503564416202998
658,0.25035644162029974
659,0.2503564416202998
660,0.2503564416202997
661,0.2503564416202998
662,0.25035644162029974
663,0.2503564416202998
664,0.2503564416202997
665,0.2503564416202998
666,0.25035644162029974
667,0.2503564416202998
668,0.2503564416202997
669,0.2503564416202998
670,0.25035644162029974
671,0.2503564416202998
672,0.2503564416202997
673,0.2503564416202998
674,0.25035644162029974
675,0.2503564416202998
676,0.2503564416202997
677,0.2503564416202998
678,0.25035644162029974
679,0.2503564416202998
680,0.2503564416202997
681,0.2503564416202998
682,0.25035644162029974
683,0.2503564416202998
684,0.2503564416202997
685,0.2503564416202998
686,0.25035644162029974
687,0.2503564416202998
688,0.2503564416202997
689,0.2503564416202998
690,0.25035644162029974
691,0.2503564416202998
692,0.2503564416202997
693,0.2503564416202998
694,0.25035644162029974
695,0.2503564416202998
696,0.2503564416202997
697,0.2503564416202998
698,0.25035644162029974
699,0.2503564416202998
700,0.2503564416202997
701,0.2503564416202998
702,0.25035644162029974
703,0.2503564416202998
704,0.2503564416202997
705,0.2503564416202998
706,0.25035644162029974
707,0.2503564416202998
708,0.2503564416202997
709,0.2503564416202998
710,0.25035644162029974
711,0.2503564416202998
712,0.2503564416202997
713,0.2503564416202998
714,0.25035644162029974
715,0.2503564416202998
716,0.2503564416202997
717,0.2503564416202998
