1,0.48742147106091355
2,0.48735814561615637
3,0.487330401630474
4,0.4873015645215096
5,0.4872715685303051
6,0.48724034250518944
7,0.4872078092941039
8,0.48717388487404223
9,0.48713847534152044
10,0.4871013040596205
11,0.4870618848713903
12,0.4870213180770358
13,0.48697880747653816
14,0.486934210309279
15,0.48688736951358086
16,0.4868381118931147
17,0.4867862459942131
18,0.48673155963954423
19,0.4866738170515417
20,0.4866127554838187
21,0.48654808125966686
22,0.486479465092374
23,0.48640653653102073
24,0.48632887733523056
25,0.48624601353039293
26,0.4861574058267564
27,0.48606243799609056
28,0.4859604026802521
29,0.48585048394576463
30,0.4857317356812594
31,0.4856030546369448
32,0.48546314649258
33,0.485310482761496
34,0.4851432455150257
35,0.4849592557245552
36,0.4847558792796542
37,0.4845299021507845
38,0.4842773622355354
39,0.48399331934382567
40,0.4836715351471179
41,0.4833040192911236
42,0.4828803718120047
43,0.4823868071757628
44,0.4818046654440466
45,0.48110806818955215
46,0.48026009004564046
47,0.47920623063199613
48,0.47786269667440456
49,0.47609401801256246
50,0.4736668708870246
51,0.4701450897428286
52,0.46470856698457064
53,0.4551210821829545
54,0.434610006271779
55,0.38155816979885804
56,0.28733786936220373
57,0.2514322911965072
58,0.24879431160706558
59,0.24864329359172113
60,0.24862721328084852
61,0.24862377350973705
62,0.24862226543313284
63,0.24862111094266925
64,0.24862002744331776
65,0.24861896199672345
66,0.24861790457002642
67,0.24861685323071747
68,0.24861580757908663
69,0.2486147675059421
70,0.24861373295747635
71,0.2486127038907331
72,0.2486116802651538
73,0.24861066204096058
74,0.24860964917883704
75,0.2486086416398619
76,0.24860763938548242
77,0.24860664237750976
78,0.24860565057810816
79,0.24860466394978886
80,0.24860368245540693
81,0.24860270605815352
82,0.248601734721553
83,0.24860076840945897
84,0.2485998070860482
85,0.24859885071581858
86,0.2485978992635857
87,0.24859695269447613
88,0.2485960109739281
89,0.2485950740676848
90,0.2485941419417929
91,0.24859321456259778
92,0.2485922918967419
93,0.24859137391116057
94,0.2485904605730789
95,0.24858955185000947
96,0.24858864770974853
97,0.2485877481203725
98,0.24858685305023673
99,0.24858596246797193
100,0.2485850763424804
101,0.24858419464293402
102,0.24858331733877143
103,0.248582444399696
104,0.24858157579567103
105,0.24858071149691877
106,0.24857985147391792
107,0.24857899569740038
108,0.2485781441383481
109,0.2485772967679923
110,0.24857645355780894
111,0.24857561447951745
112,0.24857477950507897
113,0.24857394860669055
114,0.24857312175678806
115,0.24857229892803914
116,0.24857148009334293
117,0.2485706652258278
118,0.24856985429884781
119,0.2485690472859827
120,0.2485682441610336
121,0.2485674448980211
122,0.24856664947118443
123,0.24856585785497734
124,0.24856507002406805
125,0.24856428595333496
126,0.24856350561786694
127,0.24856272899295864
128,0.24856195605411044
129,0.248561186777026
130,0.24856042113761015
131,0.2485596591119661
132,0.24855890067639463
133,0.248558145807392
134,0.24855739448164751
135,0.24855664667604166
136,0.24855590236764497
137,0.24855516153371515
138,0.24855442415169665
139,0.24855369019921725
140,0.24855295965408727
141,0.24855223249429798
142,0.24855150869801831
143,0.24855078824359525
144,0.24855007110955135
145,0.24854935727458233
146,0.24854864671755603
147,0.24854793941750974
148,0.24854723535365145
149,0.2485465345053548
150,0.24854583685215956
151,0.24854514237376862
152,0.2485444510500485
153,0.24854376286102578
154,0.24854307778688642
155,0.24854239580797363
156,0.24854171690478832
157,0.24854104105798488
158,0.24854036824837233
159,0.24853969845690985
160,0.24853903166470853
161,0.2485383678530283
162,0.24853770700327668
163,0.2485370490970069
164,0.24853639411591696
165,0.24853574204185053
166,0.24853509285679096
167,0.24853444654286308
168,0.24853380308233286
169,0.24853316245760218
170,0.24853252465121173
171,0.248531889645837
172,0.24853125742428833
173,0.24853062796950906
174,0.2485300012645745
175,0.24852937729269126
176,0.24852875603719415
177,0.24852813748154853
178,0.24852752160934463
179,0.24852690840429975
180,0.24852629785025637
181,0.2485256899311805
182,0.24852508463116033
183,0.24852448193440638
184,0.24852388182524773
185,0.2485232842881348
186,0.24852268930763535
187,0.24852209686843438
188,0.2485215069553324
189,0.24852091955324504
190,0.2485203346472026
191,0.24851975222234812
192,0.24851917226393583
193,0.2485185947573319
194,0.24851801968801138
195,0.24851744704155831
196,0.24851687680366635
197,0.24851630896013394
198,0.24851574349686684
199,0.24851518039987497
200,0.2485146196552736
201,0.24851406124928033
202,0.248513505168215
203,0.24851295139850035
204,0.24851239992665625
205,0.2485118507393058
206,0.24851130382316902
207,0.24851075916506365
208,0.2485102167519053
209,0.24850967657070488
210,0.24850913860856932
211,0.24850860285269935
212,0.24850806929038943
213,0.24850753790902708
214,0.24850700869609177
215,0.24850648163915384
216,0.24850595672587442
217,0.24850543394400396
218,0.2485049132813815
219,0.2485043947259352
220,0.2485038782656793
221,0.24850336388871486
222,0.24850285158322902
223,0.2485023413374934
224,0.2485018331398651
225,0.2485013269787835
226,0.24850082284277153
227,0.24850032072043407
228,0.24849982060045733
229,0.2484993224716083
230,0.2484988263227345
231,0.24849833214276154
232,0.24849783992069563
233,0.24849734964561962
234,0.24849686130669377
235,0.24849637489315546
236,0.248495890394318
237,0.2484954077995699
238,0.2484949270983751
239,0.24849444828027054
240,0.2484939713348676
241,0.24849349625185038
242,0.24849302302097453
243,0.2484925516320685
244,0.24849208207503068
245,0.24849161433983077
246,0.24849114841650805
247,0.24849068429517118
248,0.24849022196599735
249,0.24848976141923118
250,0.2484893026451865
251,0.24848884563424264
252,0.2484883903768464
253,0.24848793686351042
254,0.24848748508481153
255,0.2484870350313928
256,0.24848658669396015
257,0.2484861400632847
258,0.24848569513019972
259,0.2484852518856023
260,0.24848481032044975
261,0.2484843704257633
262,0.2484839321926239
263,0.24848349561217342
264,0.24848306067561443
265,0.24848262737420862
266,0.2484821956992767
267,0.24848176564219857
268,0.24848133719441223
269,0.24848091034741376
270,0.24848048509275558
271,0.24848006142204782
272,0.24847963932695613
273,0.24847921879920343
274,0.24847879983056662
275,0.24847838241287862
276,0.24847796653802645
277,0.2484775521979511
278,0.2484771393846475
279,0.24847672809016352
280,0.2484763183066007
281,0.2484759100261123
282,0.24847550324090292
283,0.24847509794323092
284,0.24847469412540327
285,0.2484742917797792
286,0.24847389089876745
287,0.24847349147482828
288,0.2484730935004694
289,0.24847269696824892
290,0.24847230187077388
291,0.24847190820069884
292,0.24847151595072714
293,0.248471125113609
294,0.24847073568214267
295,0.24847034764917314
296,0.24846996100759106
297,0.2484695757503348
298,0.2484691918703871
299,0.24846880936077667
300,0.24846842821457707
301,0.24846804842490686
302,0.24846766998492928
303,0.2484672928878511
304,0.2484669171269226
305,0.24846654269543783
306,0.24846616958673348
307,0.24846579779418979
