1,0.3618612856285468
2,0.2555872911412261
3,0.2554359223733347
4,0.25542196066780065
5,0.255407864718954
6,0.2553935928336655
7,0.2553791451359978
8,0.25536452186663255
9,0.2553497233691232
10,0.2553347500884076
11,0.25531960256871367
12,0.25530428145083894
13,0.2552887874687634
14,0.2552731214455914
15,0.2552572842887913
16,0.2552412769847307
17,0.2552251005924897
18,0.2552087562369579
19,0.2551922451012011
20,0.2551755684181254
21,0.2551587274614251
22,0.25514172353585635
23,0.2551245579668352
24,0.25510723208940983
25,0.2550897472366256
26,0.2550721047273265
27,0.2550543058534376
28,0.2550363518667743
29,0.25501824396543504
30,0.2549999832798279
31,0.2549815708583915
32,0.25496300765307917
33,0.2549442945046617
34,0.2549254321279131
35,0.25490642109675615
36,0.25488726182942195
37,0.2548679545736905
38,0.2548484993922835
39,0.2548288961484594
40,0.2548091444918769
41,0.2547892438447815
42,0.2547691933885627
43,0.2547489920507355
44,0.2547286384923832
45,0.25470813109610446
46,0.2546874679544983
47,0.25466664685921236
48,0.2546456652905852
49,0.2546245204078914
50,0.25460320904022443
51,0.2545817276780029
52,0.25456007246513357
53,0.2545382391918165
54,0.2545162232880117
55,0.25449401981755554
56,0.25447162347293356
57,0.25444902857071044
58,0.2544262290476145
59,0.25440321845728564
60,0.2543799899676817
61,0.25435653635916355
62,0.25433285002326383
63,0.25430892296215885
64,0.254284746788874
65,0.25426031272824484
66,0.25423561161868474
67,0.2542106339148006
68,0.25418536969092426
69,0.25415980864561877
70,0.2541339401072592
71,0.254107753040769
72,0.2540812360556308
73,0.25405437741529674
74,0.25402716504812983
75,0.25399958656004545
76,0.2539716292490133
77,0.2539432801216198
78,0.2539145259118936
79,0.25388535310261423
80,0.2538557479493557
81,0.2538256965075133
82,0.2537951846625952
83,0.25376419816406154
84,0.25373272266301516
85,0.2537007437540573
86,0.2536682470216261
87,0.2536352180911429
88,0.25360164268528557
89,0.25356750668571537
90,0.2535327962005556
91,0.253497497637906
92,0.2534615977856612
93,0.2534250838978389
94,0.25338794378759877
95,0.25335016592705084
96,0.2533117395538955
97,0.25327265478482575
98,0.253232902735535
99,0.25319247564703934
100,0.253151367017886
101,0.25310957174166127
102,0.25306708624904045
103,0.2530239086534256
104,0.2529800388990204
105,0.2529354789099731
106,0.2528902327389961
107,0.25284430671364494
108,0.2527977095782244
109,0.25275045262907453
110,0.2527025498407869
111,0.2526540179807616
112,0.25260487670935056
113,0.2525551486627893
114,0.2525048595160595
115,0.2524540380228904
116,0.25240271603021036
117,0.25235092846456736
118,0.2522987132883077
119,0.2522461114237103
120,0.25219316664368574
121,0.25213992542825864
122,0.2520864367866159
123,0.25203275204522446
124,0.25197892460321747
125,0.2519250096570278
126,0.25187106389695113
127,0.2518171451790728
128,0.2517633121766376
129,0.2517096240155201
130,0.2516561398989334
131,0.25160291872687457
132,0.2515500187159804
133,0.2514974970255588
134,0.25144540939543203
135,0.25139380980098175
136,0.251342750130377
137,0.25129227988844544
138,0.25124244593099204
139,0.2511932922326546
140,0.2511448596905975
141,0.25109718596553937
142,0.25105030536079037
143,0.25100424873920885
144,0.25095904347723125
145,0.2509147134544865
146,0.2508712790769291
147,0.2508287573309308
148,0.25078716186541844
149,0.2507465030988592
150,0.2507067883477342
151,0.25066802197306354
152,0.2506302055415686
153,0.2505933379981388
154,0.250557415846432
155,0.2505224333346422
156,0.25048838264370443
157,0.2504552540754994
158,0.25042303623888407
159,0.25039171623168266
160,0.2503612798170627
161,0.25033171159299455
162,0.2503029951537719
163,0.2502751132428066
164,0.2502480478961428
165,0.25022178057634703
166,0.2501962922965837
167,0.2501715637348774
168,0.25014757533865073
169,0.25012430741977904
170,0.250101740240453
171,0.25007985409023825
172,0.2500586293547492
173,0.2500380465764179
174,0.2500180865078322
175,0.24999873015816032
176,0.2499799588331591
177,0.249961754169272
178,0.24994409816230878
179,0.24992697319118348
180,0.24991036203716213
181,0.24989424789906498
182,0.24987861440482298
183,0.24986344561978116
184,0.2498487260521031
185,0.24983444065561408
186,0.2498205748303892
187,0.24980711442136427
188,0.249794045715237
189,0.24978135543588528
190,0.2497690307385237
191,0.24975705920278254
192,0.2497454288248931
193,0.24973412800912534
194,0.24972314555862696
195,0.24971247066577548
196,0.24970209290216663
197,0.24969200220832807
198,0.2496821888832408
199,0.24967264357375446
200,0.24966335726394828
201,0.24965432126450227
202,0.24964552720212707
203,0.24963696700908716
204,0.24962863291286033
205,0.24962051742596086
206,0.24961261333594742
207,0.2496049136956383
208,0.24959741181355297
209,0.24959010124458963
210,0.24958297578094996
211,0.24957602944331556
212,0.24956925647228467
213,0.24956265132007252
214,0.2495562086424711
215,0.24954992329107553
216,0.24954379030576954
217,0.24953780490746855
218,0.24953196249112208
219,0.24952625861896205
220,0.24952068901400135
221,0.2495152495537716
222,0.24950993626429416
223,0.24950474531428293
224,0.24949967300956746
225,0.24949471578773388
226,0.24948987021297278
227,0.24948513297113326
228,0.24948050086496906
229,0.24947597080957695
230,0.249471539828017
231,0.24946720504710873
232,0.24946296369339813
233,0.24945881308928697
234,0.2494547506493189
235,0.24945077387661907
236,0.24944688035947835
237,0.2494430677680739
238,0.2494393338513286
239,0.24943567643389755
240,0.24943209341327738
241,0.24942858275703314
242,0.24942514250014008
243,0.24942177074243638
244,0.249418465646175
245,0.24941522543368258
246,0.24941204838510522
247,0.24940893283625618
248,0.2494058771765429
249,0.24940287984698392
250,0.2493999393383023
251,0.24939705418910146
252,0.24939422298410743
253,0.24939144435249078
254,0.24938871696624923
255,0.24938603953865837
256,0.24938341082278395
257,0.24938082961005484
258,0.24937829472888923
259,0.24937580504338072
260,0.24937335945203193
261,0.24937095688654123
262,0.249368596310635
263,0.2493662767189485
264,0.24936399713594676
265,0.249361756614892
266,0.24935955423684739
267,0.24935738910972224
268,0.24935526036735264
269,0.24935316716861763
270,0.24935110869658894
271,0.24934908415771564
272,0.24934709278103653
273,0.24934513381742374
274,0.24934320653885622
275,0.24934131023771874
276,0.24933944422612864
277,0.2493376078352874
278,0.24933580041485412
279,0.2493340213323464
280,0.24933226997256014
281,0.2493305457370138
282,0.2493288480434062
283,0.24932717632510523
284,0.24932553003064492
285,0.24932390862324483
286,0.24932231158034832
287,0.24932073839317567
288,0.24931918856629146
289,0.24931766161719193
290,0.24931615707590246
291,0.24931467448459224
292,0.2493132133972011
293,0.24931177337907923
294,0.24931035400664148
295,0.2493089548670312
296,0.24930757555779798
297,0.2493062156865839
298,0.24930487487082278
299,0.24930355273745006
300,0.24930224892261973
301,0.24930096307143432
302,0.24929969483768147
303,0.24929844388357902
304,0.24929720987953463
305,0.24929599250390358
306,0.2492947914427614
307,0.2492936063896841
308,0.24929243704553214
309,0.24929128311824472
310,0.24929014432263716
311,0.2492890203802111
