1,439
2,440
3,433
4,433
5,433
6,433
7,433
8,433
9,433
10,433
11,433
12,433
13,433
14,433
15,433
16,433
17,433
18,433
19,433
20,433
21,433
22,433
23,433
24,433
25,433
26,433
27,433
28,433
29,433
30,433
31,433
32,433
33,433
34,433
35,433
36,433
37,433
38,433
39,433
40,433
41,433
42,433
43,433
44,433
45,433
46,433
47,433
48,433
49,433
50,433
51,433
52,433
53,433
54,433
55,433
56,433
57,433
58,433
59,433
60,433
61,433
62,433
63,433
64,433
65,433
66,433
67,433
68,433
69,433
70,433
71,433
72,433
73,433
74,433
75,433
76,433
77,433
78,433
79,433
80,433
81,433
82,433
83,433
84,433
85,433
86,433
87,433
88,433
89,433
90,433
91,433
92,433
93,433
94,433
95,433
96,433
97,433
98,433
99,433
100,433
101,433
102,433
103,433
104,433
105,433
106,433
107,433
108,433
109,433
110,433
111,433
112,433
113,433
114,433
115,433
116,433
117,433
118,433
119,433
120,433
121,433
122,433
123,433
124,433
125,433
126,433
127,433
128,433
129,433
130,433
131,433
132,433
133,433
134,433
135,433
136,433
137,433
138,433
139,433
140,433
141,433
142,433
143,433
144,433
145,433
146,433
147,433
148,433
149,433
150,433
151,433
152,433
153,433
154,433
155,433
156,433
157,433
158,433
159,433
160,433
161,433
162,433
163,433
164,433
165,433
166,433
167,433
168,433
169,433
170,433
171,433
172,433
173,433
174,433
175,433
176,433
177,433
178,433
179,433
