1,405
2,405
3,405
4,405
5,405
6,405
7,405
8,405
9,405
10,405
11,405
12,405
13,405
14,405
15,405
16,405
17,405
18,405
19,405
20,405
21,405
22,405
23,405
24,405
25,405
26,405
27,405
28,405
29,405
30,405
31,405
32,405
33,405
34,405
35,405
36,405
37,405
38,405
39,405
40,405
41,405
42,405
43,405
44,405
45,405
46,405
47,405
48,405
49,405
50,405
51,405
52,405
53,405
54,405
55,405
56,406
57,406
58,406
59,406
60,406
61,406
62,406
63,406
64,406
65,406
66,406
67,406
68,406
69,406
70,406
71,406
72,406
73,406
74,406
75,406
76,406
77,406
78,406
79,406
80,406
81,406
82,406
83,406
84,406
85,406
86,406
87,406
88,406
89,406
90,406
91,406
92,406
93,407
94,407
95,407
96,407
97,407
98,407
99,407
100,407
101,407
102,407
103,407
104,407
105,407
106,407
107,407
108,407
109,407
110,407
111,407
112,407
113,407
114,407
115,407
116,407
117,407
118,407
119,407
120,407
121,407
122,407
123,407
124,408
125,408
126,408
127,408
128,408
129,408
130,408
131,408
132,408
133,408
134,408
135,408
136,408
137,408
138,408
139,408
140,408
141,408
142,408
143,408
144,408
145,408
146,408
147,408
148,408
149,408
150,408
151,408
152,408
153,408
154,408
155,408
156,408
157,408
158,408
159,408
160,408
161,408
162,408
163,408
164,408
165,408
166,408
167,408
168,408
169,408
170,408
171,408
172,408
173,408
174,408
175,408
176,408
177,408
178,408
179,408
180,408
