1,240
2,308
3,304
4,304
5,304
6,304
7,304
8,304
9,304
10,304
11,304
12,304
13,304
14,304
15,304
16,304
17,304
18,304
19,304
20,304
21,304
22,304
23,304
24,304
25,304
26,304
27,304
28,304
29,304
30,304
31,304
32,304
33,304
34,304
35,304
36,304
37,304
38,304
39,304
40,304
41,304
42,304
43,304
44,304
45,304
46,304
47,304
48,304
49,304
50,304
51,304
52,304
53,304
54,304
55,304
56,304
57,304
58,304
59,304
60,304
61,304
62,304
63,304
64,304
65,304
66,304
67,304
68,304
69,304
70,304
71,304
72,304
73,304
74,304
75,304
76,304
77,304
78,304
79,304
80,304
81,304
82,304
83,304
84,304
85,304
86,304
87,304
88,304
89,304
90,304
91,304
92,304
93,304
94,304
95,304
96,304
97,304
98,304
99,304
100,304
101,304
102,304
103,304
104,304
105,304
106,304
107,304
108,304
109,304
110,304
111,304
112,304
113,304
114,304
115,304
116,304
117,304
118,304
119,304
120,304
121,304
122,304
123,305
124,305
125,305
126,305
127,305
128,305
129,305
130,305
131,305
132,305
133,305
134,305
135,305
136,305
137,305
138,305
139,305
140,305
141,305
142,305
143,305
144,305
145,305
146,305
147,305
148,305
149,305
150,305
151,305
152,305
153,305
154,305
155,305
156,305
157,305
158,305
159,305
160,305
161,305
162,305
163,305
164,305
165,305
166,305
167,305
168,305
169,305
170,305
171,305
172,305
173,305
174,305
175,305
176,305
177,305
178,305
179,305
180,305
181,305
182,305
183,305
184,305
185,305
186,305
187,305
188,305
189,305
190,305
191,305
192,305
193,305
194,305
195,305
196,305
197,305
198,305
199,305
200,305
201,305
202,305
203,305
204,305
205,305
206,305
207,305
208,305
209,305
210,305
211,305
212,305
213,305
214,305
215,305
216,305
217,305
218,305
219,305
220,305
221,305
222,305
223,305
224,305
225,305
226,305
227,305
228,305
229,305
230,305
231,305
232,305
233,305
234,305
235,305
236,305
237,305
238,305
239,305
240,305
241,305
242,305
243,305
244,305
245,305
246,305
247,305
248,305
249,305
250,305
251,305
252,305
