1,410
2,400
3,400
4,400
5,400
6,400
7,400
8,400
9,400
10,400
11,400
12,400
13,400
14,400
15,400
16,400
17,400
18,400
19,400
20,400
21,400
22,400
23,400
24,400
25,400
26,400
27,400
28,400
29,400
30,400
31,400
32,400
33,400
34,400
35,400
36,400
37,401
38,401
39,401
40,401
41,401
42,401
43,401
44,401
45,401
46,401
47,401
48,401
49,401
50,401
51,401
52,401
53,401
54,401
55,401
56,401
57,401
58,401
59,401
60,401
61,401
62,401
63,401
64,401
65,401
66,401
67,401
68,401
69,401
70,401
71,401
72,401
73,401
74,401
75,401
76,401
77,401
78,401
79,401
80,401
81,401
82,401
83,401
84,401
85,401
86,401
87,401
88,401
89,401
90,401
91,401
92,401
93,401
94,401
95,401
96,401
97,401
98,401
99,401
100,401
101,401
102,401
103,401
104,401
105,401
106,401
107,401
108,401
109,401
110,401
111,401
112,401
113,401
114,401
115,401
116,401
117,401
118,401
119,401
120,401
121,401
122,401
123,401
124,401
125,401
126,401
127,401
128,401
129,401
130,401
131,401
132,401
133,401
134,401
135,401
136,401
137,401
138,401
139,401
140,401
141,401
142,401
143,401
144,401
145,401
146,401
147,401
148,401
149,401
150,401
151,401
152,401
153,401
154,401
155,401
156,401
157,401
158,401
159,401
160,401
161,401
162,401
163,401
164,401
165,401
166,401
167,401
168,401
169,401
170,401
171,401
172,401
173,401
174,401
175,401
176,401
177,401
178,401
179,401
