1,294
2,283
3,283
4,284
5,283
6,283
7,283
8,283
9,283
10,283
11,283
12,283
13,283
14,282
15,281
16,281
17,281
18,280
19,280
20,280
21,280
22,280
23,280
24,279
25,279
26,280
27,280
28,280
29,281
30,282
31,282
32,282
33,282
34,282
35,282
36,283
37,283
38,283
39,283
40,283
41,283
42,283
43,283
44,283
45,283
46,283
47,283
48,283
49,283
50,283
51,283
52,283
53,283
54,283
55,283
56,283
57,283
58,283
59,283
60,283
61,283
62,283
63,283
64,283
65,283
66,284
67,284
68,284
69,284
70,284
71,284
72,284
73,284
74,284
75,284
76,284
77,284
78,284
79,284
80,284
81,284
82,284
83,284
84,284
85,284
86,284
87,284
88,284
89,284
90,284
91,284
92,284
93,284
94,284
95,284
96,284
97,285
98,285
99,285
100,285
101,285
102,285
103,285
104,285
105,285
106,285
107,285
108,285
109,285
110,285
111,285
112,285
113,285
114,285
115,285
116,285
117,285
118,285
119,285
120,285
121,285
122,285
123,285
124,285
125,285
126,285
127,285
128,285
129,285
130,285
131,285
132,285
133,285
134,285
135,285
136,285
137,285
138,285
139,285
140,285
141,285
142,285
143,285
144,285
145,285
146,285
147,285
148,285
149,285
150,285
151,285
152,285
153,285
154,285
155,285
156,285
157,285
158,285
159,285
160,285
161,285
162,285
163,285
164,285
165,285
166,285
167,285
168,285
169,285
170,285
171,285
172,285
173,285
174,285
175,285
176,285
177,285
178,285
179,285
180,285
181,285
182,285
183,285
184,285
185,285
186,285
187,285
188,285
189,285
190,285
191,285
192,285
193,285
194,285
195,285
196,285
197,285
198,285
199,285
200,285
201,285
202,285
203,284
204,284
205,284
206,284
207,284
208,284
209,283
210,283
211,283
212,283
213,283
214,283
215,283
216,283
217,283
218,283
219,283
220,283
221,283
222,283
223,283
224,283
225,283
226,283
227,283
228,283
229,283
230,283
231,283
232,283
233,283
234,283
235,283
236,283
237,283
238,283
239,283
240,283
241,283
242,283
243,283
244,283
245,283
246,283
247,283
248,283
249,283
250,283
251,283
252,283
253,283
