1,269
2,307
3,307
4,307
5,307
6,307
7,307
8,307
9,307
10,307
11,307
12,307
13,307
14,307
15,307
16,307
17,307
18,307
19,307
20,307
21,307
22,307
23,307
24,307
25,307
26,307
27,307
28,307
29,307
30,307
31,307
32,307
33,307
34,307
35,307
36,307
37,307
38,307
39,307
40,307
41,307
42,307
43,307
44,307
45,307
46,307
47,307
48,307
49,307
50,307
51,307
52,307
53,307
54,307
55,307
56,307
57,307
58,307
59,307
60,307
61,307
62,307
63,307
64,307
65,307
66,307
67,307
68,307
69,307
70,307
71,307
72,307
73,307
74,307
75,307
76,307
77,307
78,307
79,307
80,307
81,307
82,307
83,307
84,307
85,307
86,307
87,307
88,307
89,307
90,307
91,307
92,307
93,307
94,307
95,307
96,307
97,307
98,307
99,307
100,307
101,307
102,307
103,307
104,307
105,307
106,307
107,307
108,307
109,307
110,307
111,307
112,307
113,307
114,307
115,307
116,307
117,307
118,307
119,307
120,307
121,307
122,307
123,307
124,307
125,307
126,307
127,307
128,307
129,307
130,307
131,307
132,307
133,307
134,307
135,307
136,307
137,307
138,307
139,307
140,307
141,307
142,307
143,307
144,307
145,307
146,307
147,307
148,307
149,307
150,307
151,307
152,307
153,307
154,307
155,307
156,307
157,307
158,307
159,307
160,307
161,307
162,307
163,307
164,307
165,307
166,307
167,307
168,307
169,307
170,307
171,307
172,307
173,307
174,307
175,307
176,307
177,307
178,307
179,307
180,307
181,307
182,307
183,307
184,307
185,307
186,307
187,307
188,307
189,307
190,307
191,307
192,307
193,307
194,307
195,307
196,307
197,307
198,307
199,307
200,307
201,307
202,307
203,307
204,307
205,307
206,307
207,307
208,307
209,307
210,307
211,307
212,307
213,307
214,307
215,307
216,307
217,307
218,307
219,307
220,307
221,307
222,307
223,307
224,307
225,307
226,307
227,307
228,307
229,307
230,307
231,307
232,307
