1,439
2,439
3,439
4,439
5,439
6,439
7,439
8,439
9,439
10,439
11,439
12,439
13,439
14,439
15,439
16,439
17,439
18,439
19,439
20,439
21,439
22,439
23,439
24,439
25,439
26,439
27,439
28,439
29,439
30,439
31,439
32,439
33,439
34,439
35,439
36,439
37,439
38,439
39,439
40,439
41,439
42,439
43,439
44,439
45,439
46,439
47,439
48,439
49,439
50,439
51,439
52,439
53,439
54,439
55,439
56,439
57,439
58,439
59,439
60,439
61,439
62,439
63,439
64,439
65,439
66,439
67,439
68,439
69,439
70,439
71,439
72,439
73,439
74,439
75,439
76,439
77,439
78,439
79,439
80,439
81,439
82,439
83,439
84,439
85,439
86,439
87,439
88,439
89,439
90,439
91,439
92,439
93,439
94,439
95,439
96,439
97,439
98,439
99,439
100,439
101,439
102,439
103,439
104,439
105,439
106,439
107,439
108,439
109,439
110,439
111,439
112,439
113,439
114,439
115,439
116,439
117,439
118,439
119,439
120,439
121,439
122,439
123,439
124,439
125,439
126,439
127,439
128,439
129,439
130,439
131,439
132,439
133,439
134,439
135,439
136,439
137,439
138,439
139,439
140,439
141,439
142,439
143,439
144,439
145,439
146,439
147,439
148,439
149,439
150,439
151,439
152,439
153,439
154,439
155,439
156,439
157,439
158,439
159,439
160,439
161,439
162,439
163,439
164,439
165,439
166,439
