1,135
2,135
3,135
4,135
5,135
6,135
7,135
8,135
9,135
10,135
11,135
12,135
13,135
14,135
15,135
16,135
17,135
18,135
19,135
20,135
21,135
22,135
23,135
24,135
25,135
26,135
27,135
28,135
29,135
30,135
31,135
32,135
33,135
34,135
35,135
36,135
37,135
38,135
39,135
40,135
41,135
42,135
43,135
44,135
45,135
46,135
47,135
48,135
49,135
50,135
51,135
52,135
53,135
54,135
55,135
56,135
57,135
58,135
59,135
60,135
61,135
62,135
63,135
64,135
65,135
66,135
67,135
68,135
69,135
70,135
71,135
72,135
73,135
74,135
75,135
76,135
77,135
78,135
79,135
80,135
81,135
82,135
83,135
84,135
85,135
86,135
87,135
88,135
89,135
90,135
91,135
92,135
93,135
94,135
95,135
96,135
97,135
98,135
99,135
100,135
101,135
102,135
103,135
104,135
105,135
106,135
107,135
108,135
109,135
110,135
111,135
112,135
113,135
114,135
115,135
116,135
117,135
118,135
119,135
120,135
121,135
122,135
123,135
124,161
125,200
126,200
127,200
128,200
129,200
130,200
131,200
132,200
133,200
134,200
135,200
136,200
137,200
138,200
139,200
140,200
141,200
142,200
143,200
144,200
145,200
146,200
147,200
148,200
149,200
150,200
151,200
152,200
153,200
154,200
155,200
156,200
157,200
158,200
159,200
160,200
161,200
162,200
163,200
164,200
165,200
166,200
167,200
168,200
169,200
170,200
171,200
172,200
173,200
174,200
175,200
176,200
177,200
178,200
179,200
180,200
181,200
182,200
183,200
184,200
185,200
186,200
187,200
188,200
189,200
190,200
191,200
192,200
193,200
194,200
195,200
196,200
197,200
198,200
199,200
200,200
201,200
202,200
203,200
204,200
205,200
206,200
207,200
208,200
209,200
210,200
211,200
212,200
213,200
214,200
215,200
216,200
217,200
218,200
219,200
220,200
221,200
222,200
223,200
224,200
225,200
226,200
227,200
228,200
229,200
230,200
231,200
232,200
233,200
234,200
235,200
236,200
237,200
238,200
239,200
240,200
241,200
242,200
243,200
244,200
245,200
246,200
247,200
248,200
249,200
250,200
251,200
252,200
253,200
254,200
255,200
256,200
257,200
258,200
259,200
260,200
261,200
262,200
263,200
264,200
265,200
266,200
267,200
268,200
269,200
270,200
271,200
272,200
273,200
274,200
275,200
276,200
277,200
278,200
279,200
280,200
281,200
282,200
283,200
284,200
285,200
286,200
287,200
288,200
289,200
290,200
291,200
292,200
293,200
294,200
295,200
296,200
297,200
298,200
299,200
300,200
301,200
302,200
303,200
304,200
305,200
306,200
307,200
308,200
309,200
310,200
311,200
312,200
313,200
314,200
315,200
316,200
317,200
318,200
319,200
320,200
321,200
322,200
323,200
324,200
325,200
326,200
327,200
328,200
329,200
330,200
331,200
332,200
333,200
334,200
335,200
336,200
337,200
338,200
339,200
340,200
341,200
342,200
343,200
344,200
345,200
346,200
347,200
348,200
349,200
350,200
351,200
352,200
353,200
354,200
355,200
356,200
357,200
358,200
359,200
360,200
361,200
362,200
363,200
364,200
365,200
366,200
367,200
368,200
369,200
370,200
371,200
372,200
373,200
374,200
375,200
376,200
377,200
378,200
379,200
380,200
381,200
382,200
383,200
