1,351
2,411
3,419
4,420
5,421
6,421
7,421
8,421
9,421
10,421
11,421
12,421
13,421
14,421
15,421
16,421
17,421
18,421
19,421
20,421
21,422
22,422
23,422
24,422
25,422
26,422
27,422
28,422
29,422
30,422
31,422
32,422
33,422
34,422
35,422
36,422
37,422
38,422
39,422
40,422
41,422
42,422
43,422
44,422
45,422
46,422
47,422
48,422
49,422
50,422
51,422
52,421
53,421
54,421
55,421
56,421
57,421
58,421
59,421
60,421
61,422
62,423
63,423
64,423
65,423
66,423
67,423
68,423
69,423
70,423
71,423
72,423
73,422
74,422
75,422
76,422
77,422
78,422
79,422
80,422
81,422
82,422
83,422
84,422
85,422
86,422
87,422
88,421
89,421
90,421
91,421
92,421
93,421
94,421
95,421
96,421
97,421
98,421
99,421
100,421
101,421
102,421
103,421
104,421
105,421
106,421
107,421
108,421
109,421
110,421
111,421
112,420
113,420
114,420
115,420
116,421
117,421
118,421
119,421
120,421
121,421
122,422
123,422
124,422
125,422
126,421
127,422
128,422
129,422
130,423
131,422
132,422
133,422
134,422
135,422
136,422
137,421
138,421
139,420
140,420
141,420
142,421
143,421
144,420
145,420
146,420
147,420
148,420
149,420
150,420
151,420
152,420
153,420
154,420
155,420
156,420
157,420
158,420
159,420
160,421
161,421
162,421
