1,167
2,173
3,175
4,175
5,175
6,175
7,175
8,175
9,175
10,175
11,175
12,175
13,175
14,175
15,175
16,175
17,175
18,175
19,175
20,175
21,175
22,175
23,175
24,175
25,175
26,175
27,175
28,175
29,175
30,175
31,175
32,175
33,175
34,175
35,175
36,175
37,175
38,175
39,175
40,175
41,175
42,175
43,175
44,175
45,175
46,174
47,174
48,174
49,174
50,173
51,173
52,173
53,173
54,173
55,173
56,173
57,173
58,173
59,173
60,173
61,173
62,173
63,173
64,173
65,173
66,173
67,173
68,173
69,173
70,173
71,173
72,173
73,173
74,173
75,173
76,173
77,173
78,173
79,173
80,173
81,173
82,173
83,173
84,173
85,173
86,173
87,173
88,173
89,173
90,173
91,173
92,173
93,173
94,173
95,173
96,173
97,173
98,173
99,173
100,173
101,173
102,173
103,173
104,173
105,173
106,173
107,173
108,173
109,173
110,173
111,173
112,173
113,173
114,173
115,174
116,174
117,174
118,175
119,175
120,175
121,176
122,176
123,176
124,176
125,176
126,176
127,176
128,176
129,176
130,176
131,176
132,176
133,176
134,176
135,176
136,176
137,176
138,176
139,176
140,176
141,176
142,176
143,176
144,176
145,176
146,176
147,176
148,176
149,176
150,176
151,176
152,176
153,176
154,176
155,176
156,176
157,176
158,176
159,175
160,175
161,175
162,175
163,175
164,175
165,175
166,175
167,175
168,175
169,175
170,175
171,175
172,175
173,175
174,175
175,175
176,175
177,175
178,175
179,175
180,175
181,175
182,175
183,175
184,175
185,175
186,175
187,175
188,175
189,175
190,175
191,175
192,175
193,175
194,175
195,175
196,175
197,175
198,175
199,175
200,175
201,175
202,175
203,175
204,175
205,175
206,175
207,175
208,175
209,175
210,175
211,175
212,175
213,175
214,175
215,175
216,175
217,175
218,175
219,175
220,175
221,175
222,175
223,175
224,175
225,175
226,175
227,175
228,175
229,175
230,175
231,175
232,175
233,175
234,175
235,175
236,175
237,175
238,175
239,175
240,175
241,175
242,175
243,175
244,175
245,175
246,175
247,175
248,175
249,175
250,175
251,175
252,175
253,175
254,175
255,175
256,175
257,175
258,175
259,175
260,175
261,175
262,175
263,175
264,175
265,175
266,175
267,175
268,175
269,175
270,175
271,175
272,175
273,175
274,175
275,175
276,175
277,175
278,175
279,175
280,175
281,175
282,175
283,175
284,175
285,175
286,175
287,175
288,175
289,175
290,175
291,175
292,175
293,175
294,175
295,175
296,175
297,175
298,175
299,175
300,175
301,175
302,175
303,175
304,175
305,175
306,175
307,175
308,175
309,175
310,175
311,175
312,175
313,175
314,175
315,175
316,175
317,175
318,175
319,175
320,175
321,175
322,175
323,175
324,175
325,175
326,175
327,175
328,175
329,175
330,175
331,175
332,175
333,175
334,175
335,175
336,175
337,175
338,175
339,175
340,175
341,175
342,175
343,175
344,175
345,175
346,175
347,175
348,175
349,175
350,175
351,175
352,175
353,175
354,175
355,175
356,175
357,175
358,175
359,175
360,175
361,175
362,175
363,175
364,175
365,175
366,175
367,175
368,175
369,175
370,175
371,175
372,175
373,175
374,175
375,175
376,175
377,175
378,175
379,175
380,175
381,175
382,175
383,175
384,175
385,175
