1,293
2,304
3,309
4,307
5,307
6,307
7,307
8,308
9,309
10,307
11,307
12,307
13,308
14,308
15,311
16,312
17,314
18,316
19,316
20,316
21,316
22,317
23,317
24,317
25,317
26,317
27,317
28,317
29,317
30,317
31,317
32,317
33,317
34,317
35,317
36,317
37,317
38,317
39,317
40,317
41,317
42,317
43,317
44,317
45,317
46,317
47,317
48,317
49,317
50,317
51,318
52,318
53,318
54,318
55,318
56,318
57,318
58,318
59,318
60,318
61,318
62,318
63,318
64,318
65,318
66,318
67,318
68,318
69,318
70,318
71,318
72,318
73,318
74,318
75,318
76,318
77,318
78,318
79,318
80,318
81,318
82,318
83,318
84,318
85,318
86,318
87,318
88,318
89,318
90,318
91,318
92,318
93,318
94,318
95,318
96,318
97,318
98,318
99,318
100,318
101,318
102,318
103,318
104,318
105,318
106,318
107,318
108,318
109,318
110,318
111,318
112,318
113,318
114,318
115,318
116,318
117,318
118,318
119,318
120,318
121,318
122,318
123,318
124,318
125,318
126,318
127,318
128,318
129,318
130,318
131,318
132,318
133,318
134,318
135,318
136,318
137,318
138,318
139,318
140,318
141,318
142,318
143,318
144,318
145,318
146,318
147,318
148,318
149,318
150,318
151,318
152,318
153,318
154,318
155,318
156,318
157,318
158,318
159,318
160,318
161,318
162,318
163,318
164,318
165,318
166,318
167,318
168,318
169,318
170,318
171,318
172,318
173,318
174,318
175,318
176,318
177,318
178,318
179,318
180,318
181,318
182,318
183,318
184,318
185,318
186,318
187,318
188,318
189,318
190,318
191,318
192,318
193,318
194,318
195,318
196,318
197,318
198,318
199,318
200,318
201,318
202,318
203,318
204,318
205,318
206,318
207,318
208,318
209,318
210,318
211,318
212,318
213,318
214,318
215,318
216,318
217,318
218,318
219,318
220,318
221,318
222,318
223,318
224,318
225,318
226,318
227,318
228,318
