1,406
2,416
3,416
4,416
5,416
6,416
7,416
8,416
9,416
10,416
11,417
12,417
13,417
14,417
15,417
16,417
17,417
18,417
19,417
20,417
21,417
22,417
23,417
24,417
25,417
26,417
27,417
28,417
29,417
30,417
31,417
32,417
33,417
34,416
35,416
36,416
37,416
38,416
39,416
40,416
41,416
42,416
43,416
44,416
45,416
46,416
47,416
48,416
49,416
50,416
51,417
52,417
53,417
54,417
55,417
56,417
57,417
58,417
59,417
60,417
61,417
62,417
63,417
64,417
65,417
66,417
67,417
68,417
69,417
70,417
71,417
72,417
73,417
74,417
75,417
76,417
77,417
78,417
79,417
80,417
81,417
82,417
83,417
84,417
85,417
86,417
87,417
88,417
89,417
90,417
91,417
92,417
93,417
94,417
95,417
96,417
97,417
98,417
99,417
100,417
101,417
102,417
103,417
104,417
105,417
106,417
107,417
108,417
109,417
110,417
111,417
112,417
113,417
114,417
115,417
116,417
117,417
118,417
119,417
120,417
121,417
122,417
123,417
124,417
125,417
126,417
127,417
128,417
129,417
130,417
131,417
132,417
133,417
134,417
135,417
136,417
137,417
138,417
139,417
140,417
141,417
142,417
143,417
144,417
145,417
146,417
147,417
148,417
149,417
