1,452
2,435
3,436
4,436
5,436
6,436
7,436
8,436
9,436
10,436
11,436
12,436
13,436
14,436
15,436
16,436
17,436
18,436
19,436
20,436
21,436
22,436
23,437
24,437
25,437
26,436
27,436
28,436
29,436
30,436
31,436
32,436
33,437
34,438
35,439
36,439
37,439
38,439
39,439
40,439
41,439
42,439
43,439
44,439
45,439
46,439
47,439
48,439
49,439
50,439
51,439
52,439
53,439
54,439
55,439
56,439
57,439
58,439
59,439
60,439
61,439
62,439
63,439
64,439
65,439
66,439
67,439
68,439
69,439
70,439
71,439
72,439
73,439
74,439
75,439
76,439
77,439
78,439
79,439
80,439
81,439
82,439
83,439
84,439
85,439
86,439
87,439
88,439
89,439
90,439
91,439
92,439
93,439
94,439
95,439
96,439
97,439
98,439
99,439
100,439
101,439
102,438
103,438
104,438
105,438
106,438
107,438
108,438
109,438
110,438
111,438
112,438
113,438
114,438
115,438
116,438
117,438
118,438
119,438
120,438
121,438
122,438
123,438
124,438
125,438
126,438
127,438
128,438
129,438
130,438
131,438
132,438
133,438
134,438
135,438
136,438
137,438
138,438
139,438
140,438
141,438
142,438
143,438
144,438
145,438
146,438
147,438
148,438
149,438
150,438
