1,445
2,431
3,426
4,426
5,426
6,426
7,426
8,426
9,426
10,426
11,426
12,426
13,426
14,426
15,426
16,426
17,426
18,426
19,426
20,426
21,426
22,426
23,426
24,426
25,426
26,426
27,426
28,426
29,426
30,426
31,426
32,426
33,426
34,426
35,426
36,426
37,426
38,426
39,426
40,426
41,426
42,426
43,426
44,426
45,426
46,426
47,426
48,426
49,426
50,426
51,426
52,426
53,426
54,426
55,426
56,426
57,426
58,426
59,426
60,426
61,426
62,426
63,426
64,426
65,426
66,426
67,426
68,426
69,426
70,426
71,426
72,426
73,426
74,426
75,426
76,426
77,426
78,426
79,426
80,426
81,426
82,426
83,426
84,426
85,426
86,426
87,426
88,426
89,426
90,426
91,426
92,426
93,426
94,426
95,426
96,426
97,427
98,427
99,427
100,427
101,427
102,427
103,427
104,427
105,427
106,427
107,427
108,427
109,427
110,427
111,427
112,427
113,427
114,427
115,427
116,427
117,427
118,427
119,427
120,427
121,427
122,427
123,427
124,427
125,427
126,427
127,427
128,427
129,427
130,427
131,427
132,427
133,427
134,427
135,427
136,427
137,427
138,427
139,427
140,427
141,427
