1,419
2,434
3,434
4,434
5,434
6,434
7,434
8,434
9,434
10,434
11,434
12,434
13,434
14,434
15,434
16,434
17,434
18,434
19,434
20,434
21,434
22,434
23,434
24,434
25,434
26,434
27,434
28,434
29,434
30,434
31,434
32,434
33,434
34,434
35,434
36,434
37,434
38,434
39,434
40,434
41,434
42,434
43,434
44,434
45,434
46,434
47,434
48,434
49,434
50,434
51,434
52,434
53,434
54,434
55,434
56,434
57,434
58,434
59,434
60,434
61,434
62,434
63,434
64,434
65,434
66,434
67,434
68,434
69,434
70,434
71,434
72,434
73,434
74,434
75,434
76,434
77,434
78,434
79,434
80,434
81,434
82,434
83,434
84,434
85,434
86,434
87,434
88,434
89,434
90,434
91,434
92,434
93,434
94,434
95,434
96,434
97,434
98,434
99,434
100,434
101,434
102,434
103,434
104,434
105,434
106,434
107,434
108,434
109,434
110,434
111,434
112,434
113,434
114,434
115,434
116,434
117,434
118,434
119,434
120,434
121,434
122,434
123,434
124,434
125,434
126,434
127,434
128,434
129,434
130,434
131,434
132,434
133,434
134,434
135,434
136,434
137,434
138,434
139,434
