1,313
2,317
3,316
4,317
5,318
6,317
7,317
8,317
9,317
10,317
11,317
12,317
13,317
14,318
15,318
16,318
17,318
18,318
19,318
20,318
21,318
22,318
23,318
24,318
25,318
26,317
27,317
28,317
29,317
30,317
31,317
32,317
33,317
34,317
35,317
36,317
37,317
38,317
39,317
40,317
41,317
42,317
43,317
44,317
45,317
46,317
47,317
48,317
49,317
50,317
51,317
52,317
53,317
54,317
55,317
56,317
57,317
58,317
59,317
60,317
61,317
62,318
63,318
64,318
65,318
66,318
67,318
68,318
69,318
70,318
71,318
72,318
73,318
74,318
75,318
76,318
77,318
78,318
79,318
80,318
81,318
82,318
83,318
84,317
85,317
86,318
87,318
88,318
89,318
90,318
91,318
92,318
93,318
94,318
95,318
96,318
97,318
98,318
99,318
100,318
101,318
102,318
103,318
104,318
105,318
106,318
107,319
108,319
109,319
110,319
111,319
112,318
113,318
114,318
115,318
116,318
117,318
118,318
119,318
120,318
121,318
122,318
123,318
124,319
125,319
126,319
127,319
128,319
129,319
130,319
131,319
132,319
133,319
134,319
135,319
136,319
137,319
138,319
139,319
140,319
141,319
142,319
143,319
144,319
145,319
146,319
147,319
148,319
149,319
150,319
151,319
152,319
153,319
154,319
155,319
156,319
157,319
158,319
159,319
160,319
161,319
162,319
163,319
164,319
165,319
166,319
167,319
168,319
169,319
170,319
171,319
172,319
173,319
174,319
175,319
176,319
177,319
178,319
179,319
180,319
181,319
182,319
183,319
184,319
185,319
186,319
187,319
188,319
189,319
190,319
191,319
192,319
193,319
194,319
195,319
