1,295
2,292
3,292
4,292
5,292
6,290
7,290
8,292
9,293
10,293
11,293
12,293
13,293
14,295
15,294
16,293
17,293
18,293
19,292
20,293
21,293
22,293
23,293
24,293
25,293
26,293
27,293
28,293
29,293
30,293
31,293
32,293
33,294
34,294
35,294
36,294
37,294
38,294
39,294
40,294
41,294
42,294
43,294
44,294
45,294
46,294
47,294
48,294
49,294
50,294
51,294
52,294
53,294
54,294
55,294
56,294
57,294
58,294
59,294
60,294
61,294
62,294
63,294
64,294
65,294
66,294
67,293
68,292
69,292
70,292
71,292
72,292
73,292
74,292
75,292
76,292
77,292
78,292
79,292
80,292
81,292
82,292
83,292
84,292
85,292
86,292
87,292
88,292
89,292
90,292
91,293
92,293
93,293
94,293
95,293
96,293
97,293
98,293
99,293
100,293
101,293
102,293
103,293
104,293
105,293
106,293
107,293
108,293
109,293
110,293
111,293
112,293
113,293
114,293
115,293
116,294
117,294
118,294
119,294
120,294
121,294
122,294
123,294
124,294
125,294
126,294
127,294
128,294
129,294
130,294
131,294
132,294
133,294
134,294
135,294
136,294
137,294
138,294
139,294
140,294
141,294
142,294
143,294
144,294
145,294
146,294
147,294
148,294
149,294
150,294
151,294
152,294
153,294
154,294
155,294
156,294
157,294
158,294
159,294
160,295
161,295
162,295
163,295
164,295
165,295
166,295
167,295
168,295
169,295
170,295
171,295
172,295
173,295
174,295
175,295
176,295
177,295
178,295
179,295
180,295
181,295
182,295
183,295
184,295
185,295
186,295
187,295
188,295
189,295
190,295
191,295
192,295
193,295
194,295
