1,444
2,443
3,443
4,443
5,443
6,443
7,443
8,443
9,443
10,443
11,443
12,443
13,443
14,443
15,443
16,443
17,443
18,443
19,443
20,443
21,443
22,443
23,443
24,443
25,443
26,443
27,443
28,443
29,443
30,443
31,443
32,443
33,443
34,443
35,443
36,443
37,443
38,443
39,443
40,443
41,443
42,443
43,443
44,443
45,443
46,443
47,443
48,443
49,443
50,443
51,443
52,443
53,443
54,443
55,443
56,443
57,443
58,443
59,443
60,443
61,443
62,443
63,443
64,443
65,443
66,443
67,443
68,443
69,443
70,443
71,443
72,443
73,443
74,443
75,443
76,443
77,443
78,443
79,443
80,443
81,443
82,443
83,443
84,443
85,443
86,443
87,443
88,443
89,443
90,443
91,443
92,443
93,443
94,443
95,443
96,443
97,443
98,443
99,443
100,443
101,443
102,443
103,443
104,443
105,443
106,443
107,443
108,443
109,443
110,443
111,443
112,443
113,443
114,443
115,443
116,443
117,443
118,443
119,443
120,443
121,443
122,443
123,443
124,443
125,443
126,443
127,443
128,443
129,443
130,443
