1,421
2,434
3,429
4,429
5,429
6,429
7,429
8,429
9,429
10,429
11,429
12,429
13,429
14,429
15,429
16,429
17,428
18,428
19,427
20,427
21,426
22,426
23,426
24,426
25,426
26,426
27,426
28,426
29,426
30,426
31,426
32,426
33,426
34,426
35,426
36,426
37,426
38,426
39,426
40,426
41,426
42,426
43,426
44,426
45,426
46,426
47,426
48,426
49,426
50,426
51,426
52,426
53,426
54,426
55,426
56,426
57,426
58,426
59,426
60,426
61,426
62,426
63,426
64,426
65,426
66,426
67,426
68,426
69,426
70,426
71,426
72,426
73,426
74,426
75,426
76,426
77,426
78,426
79,426
80,426
81,426
82,426
83,426
84,426
85,426
86,426
87,426
88,426
89,426
90,426
91,426
92,426
93,426
94,426
95,426
96,426
97,426
98,426
99,426
100,426
101,426
102,426
103,426
104,426
105,426
106,426
107,426
108,426
109,427
110,427
111,427
112,427
113,427
114,427
115,427
116,427
117,427
118,427
119,427
120,427
121,427
122,427
123,427
124,427
125,427
126,427
127,427
128,427
129,427
130,427
131,427
132,427
133,427
134,427
135,427
136,427
137,427
138,427
139,428
140,428
141,428
142,428
143,428
144,428
145,428
146,428
147,428
148,428
149,428
150,428
151,428
152,428
153,428
154,428
155,428
156,428
157,428
158,428
159,428
160,428
161,428
162,428
163,428
164,428
165,428
166,428
167,428
168,428
169,428
170,428
171,428
172,428
173,428
174,428
175,428
176,428
177,428
178,428
179,428
180,428
181,428
182,428
183,428
184,428
185,428
186,428
187,428
188,428
189,428
190,428
191,428
192,428
193,428
194,428
195,428
196,428
197,428
198,428
199,428
200,428
201,428
202,428
203,428
204,428
205,428
206,428
207,428
208,428
209,428
210,428
211,428
212,428
213,428
214,428
215,428
216,428
217,428
218,428
219,428
220,428
221,428
222,428
223,428
224,428
225,428
226,428
227,428
228,428
229,428
230,428
231,428
232,428
233,428
234,428
235,428
236,428
237,428
238,428
239,428
240,428
241,428
242,428
243,428
244,428
245,428
246,428
247,428
248,428
249,428
250,428
251,428
252,428
253,428
254,428
255,428
256,428
257,428
258,428
259,428
260,428
261,428
262,428
263,428
264,428
265,428
266,428
267,428
268,428
269,428
270,428
271,428
272,428
273,428
274,428
275,428
276,428
277,427
278,427
279,427
280,427
281,427
282,427
283,427
284,427
285,427
286,427
287,427
288,428
289,428
290,428
291,428
292,428
293,428
294,428
