1,391
2,395
3,395
4,394
5,394
6,393
7,393
8,393
9,394
10,395
11,395
12,398
13,400
14,402
15,401
16,403
17,403
18,405
19,409
20,409
21,411
22,407
23,406
24,405
25,403
26,403
27,402
28,402
29,403
30,403
31,402
32,402
33,401
34,401
35,404
36,404
37,404
38,404
39,404
40,405
41,405
42,405
43,405
44,405
45,405
46,406
47,406
48,406
49,406
50,406
51,406
52,406
53,406
54,406
55,406
56,406
57,406
58,406
59,406
60,406
61,406
62,406
63,406
64,406
65,406
66,406
67,406
68,406
69,406
70,406
71,406
72,406
73,406
74,406
75,406
76,406
77,406
78,406
79,406
80,406
81,406
82,406
83,406
84,406
85,406
86,406
87,406
88,406
89,406
90,406
91,406
92,406
93,406
94,406
95,406
96,406
97,406
98,406
99,406
100,406
101,406
102,406
103,406
104,406
105,406
106,406
107,406
108,406
109,406
110,406
111,406
112,406
113,406
114,406
115,406
116,406
117,406
118,406
119,406
120,406
121,406
122,406
123,406
124,406
125,406
126,406
127,406
128,406
129,406
130,406
