1,178
2,174
3,174
4,174
5,174
6,174
7,174
8,174
9,174
10,174
11,174
12,174
13,174
14,174
15,174
16,174
17,174
18,174
19,174
20,174
21,174
22,174
23,174
24,174
25,174
26,174
27,174
28,174
29,174
30,174
31,174
32,174
33,174
34,174
35,174
36,174
37,174
38,174
39,174
40,174
41,174
42,174
43,174
44,174
45,174
46,174
47,174
48,174
49,174
50,174
51,174
52,174
53,174
54,174
55,174
56,174
57,174
58,174
59,174
60,174
61,174
62,174
63,174
64,174
65,174
66,174
67,174
68,174
69,174
70,174
71,174
72,174
73,174
74,174
75,174
76,174
77,174
78,174
79,174
80,174
81,174
82,174
83,174
84,174
85,174
86,174
87,174
88,174
89,174
90,174
91,174
92,174
93,174
94,174
95,174
96,174
97,174
98,174
99,174
100,174
101,174
102,174
103,174
104,174
105,174
106,174
107,174
108,174
109,174
110,174
111,174
112,174
113,174
114,174
115,174
116,174
117,174
118,174
119,174
120,174
121,174
122,174
123,174
124,174
125,173
126,173
127,173
128,173
129,173
130,173
131,173
132,173
133,174
134,174
135,174
136,174
137,174
138,174
139,174
140,174
141,174
142,174
143,174
144,174
145,174
146,174
147,174
148,174
149,174
150,174
151,174
152,174
153,175
154,175
155,175
156,175
157,175
158,175
159,175
160,175
161,175
162,175
163,175
164,175
165,175
166,175
167,175
168,175
169,175
170,175
171,175
172,175
173,175
174,175
175,175
176,175
177,175
178,175
179,175
180,175
181,175
182,175
183,175
184,175
185,175
186,175
187,175
188,175
189,175
190,175
191,175
192,175
193,175
194,175
195,175
196,175
197,175
198,175
199,175
200,175
201,175
202,175
203,175
204,175
205,175
206,175
207,175
208,175
209,175
210,175
211,175
212,175
213,175
214,175
215,175
216,175
217,175
218,175
219,175
220,175
221,175
222,175
223,175
224,175
225,175
226,175
227,175
228,175
229,175
230,175
231,175
232,175
233,175
234,175
235,175
236,175
237,175
238,175
239,175
240,175
241,175
242,175
243,175
244,175
245,175
246,175
247,175
248,175
249,175
250,175
251,175
252,175
253,175
254,175
255,175
256,175
257,175
258,175
259,175
260,175
261,175
262,175
263,175
264,175
265,175
266,175
267,175
268,175
269,175
270,175
271,175
272,175
273,175
274,175
275,175
276,175
277,175
278,175
279,175
280,175
281,175
282,175
