1,426
2,416
3,416
4,416
5,416
6,416
7,416
8,416
9,416
10,416
11,416
12,416
13,416
14,416
15,416
16,416
17,416
18,416
19,416
20,416
21,416
22,416
23,416
24,416
25,416
26,416
27,416
28,416
29,416
30,416
31,416
32,416
33,416
34,416
35,416
36,416
37,416
38,416
39,416
40,416
41,416
42,416
43,416
44,416
45,416
46,416
47,416
48,416
49,416
50,416
51,416
52,416
53,416
54,416
55,416
56,416
57,416
58,416
59,416
60,416
61,416
62,416
63,416
64,416
65,416
66,416
67,416
68,416
69,416
70,416
71,416
72,416
73,416
74,416
75,416
76,416
77,416
78,416
79,416
80,416
81,416
82,416
83,416
84,416
85,416
86,416
87,416
88,416
89,416
90,416
91,416
92,416
93,416
94,416
95,416
96,416
97,416
98,416
99,416
100,416
101,417
102,417
103,417
104,417
105,417
106,417
107,417
108,417
109,417
110,417
111,417
112,417
113,417
114,417
115,417
116,417
117,417
118,417
119,417
120,417
121,417
