1,418
2,412
3,412
4,412
5,412
6,412
7,412
8,412
9,412
10,412
11,412
12,412
13,412
14,412
15,412
16,412
17,412
18,412
19,412
20,412
21,412
22,412
23,412
24,412
25,412
26,411
27,411
28,411
29,411
30,411
31,411
32,411
33,411
34,411
35,411
36,411
37,411
38,411
39,411
40,411
41,411
42,411
43,411
44,411
45,411
46,411
47,411
48,411
49,411
50,411
51,411
52,411
53,411
54,411
55,411
56,411
57,411
58,411
59,411
60,411
61,411
62,411
63,411
64,411
65,411
66,411
67,411
68,411
69,411
70,411
71,411
72,411
73,411
74,411
75,411
76,411
77,411
78,411
79,411
80,411
81,411
82,411
83,411
84,411
85,411
86,411
87,411
88,411
89,411
90,411
91,411
92,411
93,411
94,411
95,411
96,411
97,411
98,411
99,411
100,411
101,411
102,411
103,411
104,411
105,411
106,411
107,411
108,411
109,411
110,411
111,411
112,411
113,411
114,411
115,411
116,411
117,411
118,411
