1,339
2,339
3,339
4,339
5,339
6,339
7,339
8,339
9,339
10,339
11,339
12,339
13,339
14,339
15,339
16,339
17,339
18,339
19,339
20,339
21,339
22,339
23,339
24,339
25,339
26,339
27,339
28,339
29,339
30,339
31,339
32,339
33,339
34,339
35,339
36,339
37,339
38,339
39,339
40,339
41,339
42,339
43,339
44,339
45,339
46,339
47,339
48,339
49,339
50,339
51,339
52,339
53,339
54,339
55,339
56,339
57,364
58,444
59,444
60,444
61,444
62,444
63,444
64,444
65,444
66,444
67,444
68,444
69,444
70,444
71,444
72,444
73,444
74,444
75,444
76,444
77,444
78,444
79,444
80,444
81,444
82,444
83,444
84,444
85,444
86,444
87,444
88,444
89,444
90,444
91,444
92,444
93,444
94,444
95,444
96,444
97,444
98,444
99,444
100,444
101,444
102,444
103,444
104,444
105,444
106,444
107,444
108,444
109,444
110,444
111,444
112,444
113,444
114,444
115,444
116,444
117,444
118,444
119,444
120,444
121,444
122,444
123,444
124,444
125,444
126,444
127,444
128,444
129,444
130,444
131,444
132,444
133,444
134,444
135,444
136,444
137,444
138,444
139,444
140,444
141,444
142,444
143,444
144,444
145,444
146,444
147,444
148,444
149,444
150,444
151,444
152,444
153,444
154,444
155,444
156,444
157,444
158,444
159,444
160,444
161,444
162,444
163,444
164,444
165,444
166,444
167,444
168,444
169,444
170,444
171,444
172,444
173,444
174,444
175,444
176,444
177,444
178,444
179,444
180,444
181,444
182,444
183,444
184,444
185,444
186,444
187,444
188,444
189,444
190,444
191,444
192,444
193,444
194,444
195,444
196,444
197,444
198,444
199,444
200,444
201,444
202,444
203,444
204,444
205,444
206,444
207,444
208,444
209,444
210,444
211,444
212,444
213,444
214,444
215,444
216,444
217,444
218,444
219,444
220,444
221,444
222,444
223,444
224,444
225,444
226,444
227,444
228,444
229,444
230,444
231,444
232,444
233,444
234,444
235,444
236,444
237,444
238,444
239,444
240,444
241,444
242,444
243,444
244,444
245,444
246,444
247,444
248,444
249,444
250,444
251,444
