1,431
2,431
3,431
4,431
5,431
6,435
7,435
8,435
9,435
10,435
11,435
12,435
13,435
14,435
15,435
16,435
17,435
18,435
19,435
20,435
21,435
22,435
23,435
24,435
25,435
26,435
27,435
28,435
29,435
30,435
31,435
32,435
33,435
34,435
35,435
36,435
37,435
38,435
39,435
40,435
41,435
42,435
43,435
44,435
45,435
46,435
47,435
48,435
49,435
50,435
51,435
52,435
53,435
54,435
55,435
56,435
57,435
58,435
59,435
60,435
61,435
62,435
63,435
64,435
65,435
66,435
67,435
68,435
69,435
70,435
71,435
72,435
73,435
74,435
75,435
76,435
77,435
78,435
79,435
80,435
81,435
82,435
83,435
84,435
85,435
86,435
87,435
88,435
89,435
90,435
91,435
92,435
93,435
94,435
95,435
96,435
97,435
98,435
99,435
100,435
101,435
102,435
103,435
104,435
105,435
106,435
107,435
108,435
109,435
110,435
111,435
112,435
113,435
114,435
115,435
116,435
117,435
118,435
119,435
120,435
121,435
122,435
123,435
124,435
125,435
126,435
127,435
128,435
129,435
130,435
131,435
132,435
133,435
134,435
135,435
136,435
137,435
138,435
139,435
140,435
141,435
142,435
143,435
144,435
145,435
146,435
147,435
148,435
149,435
150,435
151,435
152,435
153,435
154,435
155,435
156,435
157,435
158,435
159,435
160,435
161,435
162,435
163,435
164,435
165,435
166,435
167,435
168,435
169,435
170,435
171,435
172,435
173,435
174,435
175,435
176,435
177,435
178,435
179,435
180,435
181,435
182,435
183,435
184,435
185,435
186,435
187,435
188,435
189,435
190,435
191,435
192,435
193,435
194,435
195,435
196,435
197,435
198,435
199,435
200,435
201,435
202,435
203,435
204,435
205,435
206,435
207,435
208,435
209,435
210,435
211,435
212,435
213,435
214,435
215,435
216,435
217,435
218,435
219,435
220,435
221,435
222,435
223,435
224,435
225,435
226,435
227,435
228,435
229,435
230,435
231,435
232,435
233,435
234,435
235,435
236,435
237,435
238,435
239,435
240,435
241,435
242,435
243,435
244,435
245,435
246,435
247,435
248,435
249,435
250,435
251,435
252,435
253,435
254,435
