1,432
2,431
3,431
4,431
5,432
6,433
7,436
8,434
9,435
10,429
11,424
12,424
13,424
14,424
15,424
16,424
17,424
18,424
19,424
20,424
21,424
22,424
23,424
24,424
25,424
26,424
27,424
28,424
29,424
30,424
31,424
32,424
33,424
34,424
35,424
36,424
37,424
38,424
39,424
40,424
41,424
42,424
43,424
44,424
45,424
46,424
47,424
48,424
49,424
50,424
51,424
52,424
53,424
54,424
55,424
56,424
57,424
58,424
59,424
60,424
61,424
62,424
63,424
64,424
65,424
66,424
67,424
68,424
69,424
70,424
71,424
72,424
73,424
74,424
75,424
76,424
77,424
78,424
79,424
80,424
81,424
82,424
83,424
84,424
85,424
86,424
87,424
88,424
89,424
90,424
91,424
92,424
93,424
94,424
95,424
96,424
97,424
98,424
99,424
100,424
101,424
102,424
103,424
104,424
105,424
106,424
107,424
108,424
109,424
110,424
111,424
112,424
113,424
114,424
115,424
116,424
117,424
118,424
119,424
120,424
121,424
122,424
123,424
124,424
125,424
126,424
127,424
128,424
129,424
130,424
131,424
132,424
133,424
134,424
135,424
136,424
137,424
138,424
139,424
140,424
141,424
142,424
143,424
144,424
145,424
146,424
147,424
148,424
149,424
150,424
151,424
152,424
153,424
154,424
155,424
156,424
157,424
158,424
159,424
160,424
161,424
162,424
163,424
164,424
165,424
166,424
167,424
168,424
169,424
170,424
171,424
172,424
173,424
174,424
175,424
176,424
177,424
178,424
179,424
180,424
181,424
182,424
183,424
184,424
185,424
186,424
187,424
188,424
189,424
190,424
191,424
192,424
193,424
194,424
195,424
196,424
197,424
198,424
199,424
200,424
201,424
202,424
203,424
204,424
205,424
206,424
207,424
208,424
209,424
210,424
211,424
212,424
213,424
214,424
215,424
216,424
217,424
218,424
219,424
220,424
221,424
222,424
223,424
224,424
225,424
226,424
227,424
228,424
229,424
230,424
231,424
232,424
233,424
234,424
235,424
236,424
237,424
238,424
239,424
240,424
241,424
242,424
243,424
244,424
245,424
246,424
247,424
248,424
249,424
250,424
251,424
252,424
253,424
