1,262
2,324
3,324
4,324
5,324
6,324
7,324
8,324
9,324
10,324
11,324
12,324
13,324
14,324
15,324
16,324
17,324
18,324
19,324
20,324
21,324
22,324
23,324
24,324
25,324
26,324
27,324
28,324
29,324
30,324
31,324
32,324
33,324
34,324
35,324
36,324
37,324
38,324
39,324
40,324
41,324
42,324
43,324
44,324
45,324
46,324
47,324
48,324
49,324
50,324
51,324
52,324
53,324
54,324
55,324
56,324
57,324
58,324
59,324
60,324
61,324
62,324
63,324
64,324
65,324
66,324
67,324
68,324
69,324
70,324
71,324
72,324
73,324
74,324
75,324
76,324
77,324
78,324
79,324
80,324
81,324
82,324
83,324
84,324
85,324
86,324
87,324
88,324
89,324
90,324
91,324
92,324
93,324
94,324
95,324
96,324
97,324
98,324
99,324
100,324
101,324
102,324
103,324
104,324
105,324
106,324
107,324
108,324
109,324
110,324
111,324
112,324
113,324
114,324
115,324
116,324
117,325
118,325
119,325
120,325
121,325
122,325
123,325
124,325
125,325
126,325
127,325
128,325
129,325
130,325
131,325
132,325
133,325
134,325
135,325
136,325
137,325
138,325
139,325
140,325
141,325
142,325
143,325
144,325
145,325
146,325
147,325
148,325
149,325
150,325
151,325
152,325
153,325
154,325
155,325
156,325
157,325
158,325
159,325
160,325
161,325
162,325
163,325
164,325
165,326
166,326
167,326
168,326
169,327
170,327
171,327
172,327
173,327
174,327
175,327
176,327
177,327
178,327
179,327
180,327
181,327
182,327
183,327
184,327
185,327
186,327
187,327
188,327
189,327
190,327
191,327
192,327
193,327
194,327
195,327
196,327
197,327
198,327
199,327
200,327
201,327
202,327
203,327
204,327
205,327
206,327
207,327
208,327
209,327
210,327
211,327
212,327
213,327
214,327
215,327
216,327
217,327
218,327
219,327
220,327
221,327
222,327
223,327
224,327
225,327
226,327
227,327
228,327
229,327
230,327
231,327
232,327
233,327
234,327
235,327
236,327
237,327
238,327
239,327
240,327
241,327
242,327
243,327
244,327
245,327
246,327
247,327
248,327
249,327
250,327
251,327
252,327
253,327
254,327
255,327
256,327
257,327
258,327
259,327
260,327
261,327
262,327
263,327
264,327
265,327
266,327
267,327
268,327
269,327
270,327
271,327
272,327
273,327
274,327
275,327
276,327
277,327
278,327
279,327
280,327
281,327
282,327
283,327
284,327
285,327
286,327
287,327
288,327
289,327
290,327
291,327
292,327
293,327
294,327
295,327
296,327
297,327
298,327
299,327
300,327
301,327
302,327
303,327
304,327
305,327
306,327
307,327
308,327
309,327
310,327
311,327
312,327
313,327
314,327
315,327
316,327
317,327
318,327
319,327
320,327
321,327
322,327
323,327
324,327
325,327
326,327
327,327
328,327
329,327
330,327
331,327
332,327
333,327
334,327
335,327
336,327
337,327
338,327
339,327
340,327
341,327
342,327
343,327
344,327
345,327
346,327
347,327
348,327
349,327
350,327
351,327
352,327
353,327
354,327
