1,433
2,434
3,434
4,434
5,434
6,434
7,434
8,434
9,434
10,434
11,434
12,434
13,434
14,434
15,434
16,434
17,434
18,434
19,434
20,434
21,434
22,434
23,434
24,434
25,434
26,434
27,434
28,434
29,434
30,434
31,434
32,434
33,434
34,434
35,434
36,434
37,434
38,435
39,435
40,435
41,435
42,435
43,435
44,434
45,434
46,434
47,434
48,434
49,434
50,434
51,434
52,434
53,434
54,434
55,434
56,434
57,434
58,434
59,434
60,434
61,434
62,434
63,434
64,434
65,434
66,434
67,434
68,434
69,433
70,433
71,433
72,433
73,433
74,433
75,433
76,433
77,433
78,433
79,433
80,433
81,433
82,433
83,433
84,433
85,433
86,433
87,433
88,432
89,432
90,432
91,432
92,432
93,432
94,432
95,432
96,432
97,432
98,432
99,432
100,432
101,432
102,432
103,432
104,432
105,432
106,432
107,432
108,432
109,432
110,432
111,432
112,432
113,432
114,432
115,432
116,432
117,432
118,432
119,432
120,432
121,432
122,432
123,432
124,432
125,432
126,432
127,432
128,432
129,432
130,432
131,432
132,432
133,432
134,432
135,432
136,432
137,432
138,432
139,432
140,432
141,432
142,432
143,432
144,432
145,432
146,432
147,432
148,432
149,432
150,432
151,432
152,432
153,432
154,432
155,432
156,432
157,432
158,432
159,432
160,432
161,432
162,432
163,432
164,432
165,432
166,432
167,432
168,432
169,432
170,432
171,432
172,432
173,432
174,432
175,432
176,432
177,432
178,432
179,432
180,432
181,432
182,432
183,433
184,433
185,433
186,433
187,433
188,433
189,433
190,433
191,433
192,433
193,433
194,433
195,433
196,433
197,433
198,433
199,433
200,433
201,433
202,433
203,433
204,433
205,433
206,433
207,433
208,433
209,433
210,433
211,433
212,433
213,433
214,433
215,433
216,433
217,433
218,433
219,433
220,433
221,433
222,433
223,433
224,433
225,433
226,433
227,433
228,433
229,433
230,433
231,433
232,433
233,433
234,433
235,433
236,433
237,433
238,433
239,433
240,433
241,433
242,433
243,433
244,433
245,433
246,433
247,433
248,433
249,433
250,433
251,433
252,433
253,433
254,433
255,433
