1,241
2,242
3,242
4,242
5,242
6,239
7,250
8,314
9,314
10,314
11,314
12,314
13,314
14,314
15,314
16,314
17,314
18,314
19,314
20,314
21,314
22,314
23,314
24,314
25,314
26,314
27,314
28,314
29,314
30,314
31,314
32,314
33,314
34,314
35,314
36,314
37,314
38,314
39,314
40,314
41,314
42,314
43,314
44,314
45,314
46,314
47,314
48,314
49,314
50,314
51,314
52,314
53,314
54,314
55,314
56,315
57,315
58,315
59,315
60,315
61,315
62,315
63,315
64,315
65,315
66,315
67,315
68,315
69,315
70,315
71,316
72,316
73,316
74,316
75,316
76,317
77,317
78,317
79,317
80,317
81,317
82,317
83,317
84,317
85,317
86,317
87,317
88,317
89,317
90,317
91,317
92,317
93,317
94,317
95,317
96,317
97,317
98,317
99,317
100,317
101,317
102,317
103,317
104,317
105,317
106,317
107,317
108,317
109,317
110,317
111,317
112,317
113,317
114,317
115,317
116,317
117,317
118,317
119,317
120,317
121,317
122,317
123,317
124,317
125,317
126,317
127,317
128,317
129,317
130,317
131,317
132,317
133,317
134,317
135,317
136,317
137,317
138,317
139,317
140,317
141,317
142,317
143,317
144,317
145,317
146,317
147,317
148,317
149,317
150,317
151,317
152,317
153,317
154,317
155,317
156,317
157,317
158,317
159,317
160,317
161,317
162,317
163,317
164,317
165,317
166,317
167,317
168,317
169,317
170,317
171,317
172,317
173,317
174,317
175,317
176,317
177,317
178,317
179,317
180,317
181,317
182,317
183,317
184,317
185,317
186,317
187,317
188,317
189,317
190,317
191,317
192,317
193,317
194,317
195,317
196,317
197,317
198,317
199,317
200,317
201,317
202,317
203,317
204,317
205,317
206,317
207,317
208,317
209,317
210,317
211,317
212,317
213,317
214,317
215,317
216,317
217,317
218,317
219,317
220,317
221,317
222,317
223,317
224,317
225,317
226,317
227,317
228,317
229,317
230,317
231,317
232,317
233,317
234,317
235,317
236,317
237,317
238,317
239,317
240,317
241,317
242,317
243,317
244,317
245,317
246,317
247,317
248,317
249,317
250,317
251,317
252,317
253,317
254,317
255,317
256,317
257,317
258,317
259,317
260,317
261,317
262,317
263,317
264,317
265,317
266,317
267,317
268,317
269,317
270,317
271,317
272,317
273,317
274,317
275,317
276,317
277,317
278,317
279,317
280,317
281,317
282,317
283,317
284,317
285,317
286,317
287,317
288,317
289,317
290,317
291,317
292,317
293,317
294,317
295,317
296,317
297,317
298,317
299,318
300,319
301,319
302,320
303,320
304,320
305,320
306,320
307,321
308,321
309,321
310,321
311,321
312,321
