1,386
2,427
3,427
4,427
5,427
6,427
7,427
8,427
9,427
10,427
11,427
12,427
13,427
14,427
15,427
16,427
17,427
18,427
19,427
20,427
21,427
22,427
23,427
24,427
25,427
26,427
27,427
28,427
29,427
30,427
31,427
32,427
33,427
34,427
35,427
36,427
37,427
38,427
39,427
40,427
41,427
42,427
43,427
44,427
45,427
46,427
47,427
48,427
49,427
50,427
51,427
52,427
53,427
54,427
55,427
56,427
57,427
58,427
59,427
60,427
61,427
62,427
63,427
64,427
65,427
66,427
67,427
68,427
69,427
70,427
71,427
72,427
73,427
74,427
75,427
76,427
77,427
78,427
79,427
80,427
81,427
82,427
83,427
84,427
85,427
86,427
87,427
88,427
89,427
90,427
91,427
92,427
93,427
94,427
95,427
96,427
97,427
98,427
99,427
100,427
101,427
102,427
103,427
104,427
105,427
106,427
107,427
108,427
109,427
110,427
111,427
112,427
113,427
114,427
115,427
116,427
117,427
118,427
119,427
120,427
121,427
122,427
123,427
124,427
125,427
126,427
127,427
128,427
129,427
130,427
131,427
132,427
133,427
134,427
135,427
136,427
137,427
138,427
139,427
140,427
141,427
142,427
143,427
144,427
145,427
146,427
147,427
148,427
149,427
150,427
151,427
152,427
153,427
154,427
155,427
156,427
157,427
158,427
159,427
160,427
161,427
162,427
163,427
164,427
165,427
166,427
167,427
168,427
169,427
170,427
171,427
172,427
173,427
174,427
175,427
176,427
177,427
178,427
179,427
180,427
181,427
182,427
183,427
184,427
185,427
186,427
187,427
188,427
189,427
190,427
191,427
192,427
193,427
194,427
195,427
196,427
197,427
198,427
199,427
200,427
201,427
202,427
203,427
204,427
205,427
206,427
207,427
208,427
209,427
210,427
211,427
212,427
213,427
214,427
215,427
216,427
217,427
218,427
219,427
220,427
221,427
222,427
223,427
224,427
225,427
