1,141
2,141
3,141
4,141
5,141
6,141
7,141
8,141
9,141
10,141
11,141
12,141
13,141
14,141
15,141
16,141
17,141
18,141
19,141
20,141
21,141
22,141
23,141
24,141
25,141
26,141
27,141
28,141
29,141
30,141
31,141
32,141
33,141
34,141
35,141
36,141
37,141
38,141
39,141
40,141
41,141
42,141
43,141
44,141
45,141
46,141
47,141
48,141
49,141
50,141
51,141
52,141
53,141
54,141
55,141
56,141
57,141
58,141
59,141
60,141
61,141
62,141
63,141
64,141
65,141
66,141
67,141
68,141
69,141
70,141
71,141
72,141
73,141
74,141
75,141
76,141
77,141
78,141
79,141
80,141
81,141
82,141
83,141
84,141
85,141
86,141
87,141
88,141
89,141
90,141
91,141
92,141
93,141
94,141
95,141
96,141
97,141
98,141
99,141
100,141
101,141
102,141
103,141
104,141
105,141
106,141
107,141
108,141
109,141
110,141
111,141
112,141
113,141
114,141
115,141
116,141
117,141
118,141
119,141
120,141
121,141
122,141
123,141
124,141
125,141
126,141
127,141
128,141
129,141
130,141
131,141
132,141
133,141
134,141
135,141
136,141
137,141
138,141
139,141
140,141
141,141
142,141
143,141
144,141
145,141
146,141
147,141
148,141
149,141
150,141
151,141
152,141
153,141
154,141
155,141
156,141
157,141
158,141
159,141
160,141
161,141
162,141
163,141
164,141
165,141
166,141
167,141
168,141
169,141
170,141
171,141
172,141
173,141
174,141
175,141
176,141
177,141
178,141
179,141
180,141
181,141
182,141
183,141
184,141
185,141
186,141
187,141
188,141
189,141
190,141
191,141
192,141
193,141
194,141
195,141
196,141
197,141
198,141
199,141
200,141
201,141
202,141
203,141
204,141
205,141
206,141
207,141
208,141
209,141
210,141
211,141
212,141
213,141
214,141
215,141
216,141
217,141
218,141
219,141
220,141
221,141
222,141
223,141
224,141
225,141
226,141
227,141
228,141
229,141
230,141
231,141
232,141
233,141
234,141
235,141
236,141
237,141
238,141
239,141
240,141
241,141
242,141
243,141
244,142
245,194
246,194
247,194
248,194
249,194
250,194
251,194
252,194
253,194
254,194
255,194
256,194
257,194
258,194
259,194
260,194
261,194
262,194
263,194
264,194
265,194
266,194
267,194
268,194
269,194
270,194
271,194
272,194
273,194
274,194
275,194
276,194
277,194
278,194
279,194
280,194
281,194
282,194
283,194
284,194
285,194
286,194
287,194
288,194
289,194
290,194
291,194
292,194
293,194
294,194
295,194
296,194
297,194
298,194
299,194
300,194
301,194
302,194
303,194
304,194
305,194
306,194
307,194
308,194
309,194
310,194
311,194
312,194
313,194
314,194
315,194
316,194
317,194
318,194
319,194
320,194
321,194
322,194
323,194
324,194
325,194
326,194
327,194
328,194
329,194
330,194
331,194
332,194
333,194
334,194
335,194
336,194
337,194
338,194
339,194
340,194
341,194
342,194
343,194
344,194
345,194
346,194
347,194
348,194
349,194
350,194
351,194
352,194
353,194
354,194
355,194
356,194
357,194
358,194
359,194
360,194
361,194
362,194
363,194
364,194
365,194
366,194
367,194
368,194
369,194
370,194
371,194
372,194
373,194
374,194
375,194
376,194
377,194
378,194
379,194
380,194
381,194
382,194
383,194
384,194
385,194
386,194
387,194
388,194
389,194
390,194
391,194
392,194
393,194
394,194
395,194
396,194
397,194
398,194
399,194
400,194
401,194
402,194
403,194
404,194
405,194
406,194
407,194
408,194
409,194
410,194
411,194
412,194
413,194
414,194
415,194
416,194
417,194
418,194
419,194
420,194
421,194
422,194
423,194
424,194
425,194
426,194
427,194
428,194
429,194
430,194
431,194
432,194
433,194
434,194
435,194
436,194
437,194
438,194
439,194
440,194
441,194
442,194
443,194
444,194
445,194
446,194
447,194
448,194
449,194
450,194
451,194
452,194
453,194
454,194
455,194
456,194
457,194
458,194
459,194
460,194
461,194
462,194
463,194
464,194
465,194
466,194
467,194
468,194
469,194
470,194
471,194
472,194
473,194
474,194
475,194
476,194
477,194
478,194
479,194
480,194
481,194
482,194
483,194
484,194
485,194
486,194
487,194
488,194
489,194
490,194
491,194
492,194
493,194
494,194
495,194
496,194
497,194
498,194
499,194
500,194
501,194
502,194
503,194
504,194
505,194
506,194
507,194
508,194
509,194
510,194
511,194
512,194
513,194
514,194
515,194
516,194
517,194
518,194
519,194
520,194
521,194
522,194
523,194
