1,434
2,450
3,450
4,450
5,450
6,451
7,451
8,451
9,451
10,452
11,452
12,452
13,452
14,452
15,454
16,454
17,454
18,454
19,454
20,454
21,453
22,452
23,452
24,452
25,452
26,452
27,452
28,452
29,452
30,452
31,452
32,452
33,452
34,452
35,452
36,452
37,452
38,452
39,452
40,452
41,452
42,452
43,452
44,452
45,452
46,452
47,452
48,452
49,452
50,452
51,452
52,452
53,452
54,452
55,452
56,452
57,452
58,452
59,452
60,452
61,452
62,452
63,452
64,452
65,452
66,452
67,452
68,452
69,452
70,452
71,452
72,452
73,452
74,452
75,452
76,452
77,452
78,452
79,452
80,452
81,452
82,452
83,452
84,452
85,452
86,452
87,452
88,452
89,452
90,452
91,452
92,452
93,452
94,452
95,452
96,452
97,452
98,452
99,452
100,452
101,452
102,452
103,452
104,452
105,452
106,452
107,452
108,452
109,452
110,452
111,452
112,452
113,452
114,452
115,452
116,452
117,452
118,452
119,452
120,452
121,452
122,452
123,452
124,452
125,452
126,452
127,452
128,452
129,452
130,452
131,452
132,452
133,452
134,452
135,452
136,452
137,452
138,452
139,452
140,452
141,452
142,452
143,452
144,452
145,452
146,452
147,452
148,452
149,452
150,452
151,452
152,452
153,452
154,452
155,452
156,452
157,452
158,452
159,452
160,452
161,452
162,452
163,452
164,452
165,452
166,452
167,452
168,452
169,452
170,452
171,452
172,452
173,452
174,452
175,452
176,452
177,452
178,452
179,452
180,452
181,452
182,452
183,452
184,452
185,452
186,452
187,452
188,452
189,452
190,452
191,452
192,452
193,452
194,452
195,452
196,452
197,452
198,452
199,452
200,452
201,452
202,452
203,452
204,452
205,452
206,452
207,452
208,452
209,452
210,452
211,452
212,452
213,452
214,452
215,452
216,452
217,452
218,452
219,452
220,452
221,452
222,452
223,452
224,452
225,452
