1,345
2,345
3,345
4,408
5,423
6,423
7,422
8,423
9,424
10,424
11,424
12,425
13,427
14,427
15,428
16,429
17,428
18,428
19,429
20,429
21,430
22,430
23,431
24,431
25,430
26,431
27,431
28,431
29,431
30,430
31,430
32,430
33,430
34,429
35,429
36,429
37,429
38,429
39,429
40,429
41,428
42,428
43,428
44,428
45,428
46,428
47,428
48,428
49,428
50,427
51,427
52,427
53,427
54,427
55,427
56,427
57,426
58,426
59,426
60,426
61,426
62,426
63,426
64,426
65,426
66,426
67,426
68,426
69,426
70,426
71,426
72,426
73,426
74,426
75,426
76,426
77,426
78,426
79,426
80,426
81,426
82,426
83,426
84,426
85,426
86,426
87,426
88,426
89,426
90,426
91,426
92,426
93,426
94,426
95,426
96,426
97,426
98,426
99,426
100,426
101,426
102,426
103,426
104,426
105,426
106,426
107,426
108,426
109,426
110,426
111,426
112,426
113,426
114,426
115,426
116,426
117,426
118,426
119,426
120,426
121,426
122,426
123,426
124,426
125,426
126,426
127,426
128,426
129,426
130,426
131,426
132,426
133,426
134,426
135,426
136,426
137,426
138,426
139,426
140,426
141,426
142,426
143,426
144,426
145,426
146,426
147,426
148,426
149,426
150,426
151,426
152,426
153,426
154,426
155,426
156,426
157,426
158,426
159,426
160,426
161,426
162,426
163,426
164,426
165,426
166,426
167,426
168,426
169,426
170,426
171,426
172,426
173,426
174,426
175,426
176,426
177,426
178,426
179,426
180,426
181,426
182,426
183,426
184,426
185,426
186,426
187,426
188,426
189,426
190,426
191,426
192,426
193,426
194,426
195,426
196,426
197,426
198,426
199,426
200,426
201,426
202,426
203,426
204,426
205,426
206,426
207,426
208,426
209,426
210,426
211,426
212,426
213,426
214,426
215,426
216,426
217,426
218,426
219,426
220,426
221,426
222,426
223,426
224,426
225,426
