1,425
2,424
3,424
4,424
5,424
6,424
7,424
8,424
9,424
10,424
11,424
12,424
13,424
14,424
15,424
16,424
17,424
18,424
19,424
20,424
21,424
22,424
23,424
24,424
25,424
26,424
27,424
28,425
29,425
30,425
31,425
32,425
33,425
34,425
35,425
36,425
37,425
38,425
39,425
40,425
41,425
42,425
43,425
44,425
45,425
46,425
47,425
48,425
49,425
50,425
51,425
52,425
53,425
54,425
55,425
56,424
57,424
58,424
59,424
60,424
61,424
62,424
63,424
64,424
65,424
66,424
67,424
68,424
69,424
70,424
71,424
72,424
73,425
74,425
75,425
76,425
77,425
78,425
79,425
80,426
81,426
82,426
83,426
84,426
85,426
86,425
87,425
88,425
89,425
90,425
91,425
92,425
93,425
94,425
95,425
96,425
97,425
98,425
99,425
100,425
101,425
102,425
103,425
104,425
105,425
106,425
107,425
108,425
109,425
110,425
111,425
112,425
113,425
114,425
115,425
116,425
117,425
118,425
119,425
120,425
121,425
122,425
123,425
124,425
125,425
126,425
127,425
128,425
129,425
130,425
131,425
132,425
133,425
134,425
135,425
136,425
137,425
138,425
139,425
140,425
141,425
142,425
143,425
144,425
145,425
146,425
147,425
148,425
149,425
150,425
151,425
152,425
153,425
154,425
155,425
156,425
157,425
158,425
159,425
160,425
161,425
162,425
163,425
164,425
165,425
166,425
167,425
168,425
169,425
170,425
171,425
172,425
173,425
174,425
175,425
176,425
177,425
178,425
179,425
180,425
181,425
182,425
183,425
184,425
185,425
186,425
187,425
188,425
189,425
190,425
191,425
192,425
193,425
194,425
195,425
196,425
197,425
198,425
199,425
200,425
201,425
