1,94
2,94
3,94
4,94
5,94
6,94
7,94
8,94
9,94
10,94
11,94
12,94
13,94
14,94
15,94
16,94
17,94
18,94
19,94
20,94
21,94
22,94
23,94
24,94
25,94
26,94
27,94
28,94
29,94
30,94
31,94
32,94
33,94
34,94
35,94
36,94
37,94
38,94
39,94
40,94
41,94
42,94
43,94
44,94
45,94
46,94
47,94
48,94
49,94
50,94
51,94
52,94
53,94
54,94
55,94
56,94
57,94
58,94
59,94
60,94
61,94
62,94
63,94
64,94
65,94
66,94
67,94
68,94
69,94
70,94
71,94
72,94
73,94
74,94
75,94
76,94
77,94
78,94
79,94
80,94
81,94
82,94
83,94
84,94
85,94
86,94
87,94
88,94
89,237
90,342
91,342
92,342
93,342
94,342
95,342
96,342
97,342
98,342
99,342
100,342
101,342
102,342
103,342
104,342
105,342
106,342
107,342
108,342
109,342
110,342
111,342
112,342
113,342
114,342
115,342
116,342
117,342
118,342
119,342
120,342
121,342
122,342
123,342
124,342
125,342
126,342
127,342
128,342
129,342
130,342
131,342
132,342
133,342
134,342
135,342
136,342
137,342
138,342
139,342
140,342
141,342
142,342
143,342
144,342
145,342
146,342
147,342
148,342
149,342
150,342
151,342
152,342
153,342
154,342
155,342
156,342
157,342
158,342
159,342
160,342
161,342
162,342
163,342
164,342
165,342
166,342
167,342
168,342
169,342
170,342
171,342
172,342
173,342
174,342
175,342
176,342
177,342
178,342
179,342
180,342
181,342
182,342
183,342
184,343
185,343
186,343
187,343
188,343
189,343
190,343
191,343
192,343
193,343
194,343
195,343
196,343
197,343
198,343
199,343
200,343
201,343
202,343
203,343
204,343
205,343
206,343
207,343
208,343
209,343
210,343
211,343
212,343
213,343
214,343
215,343
216,343
217,343
218,343
219,343
220,343
221,343
222,343
223,343
224,343
225,343
226,343
227,343
228,343
229,343
230,343
231,343
232,343
233,343
234,343
235,343
236,343
237,343
238,343
239,343
240,343
241,343
242,343
243,343
244,343
245,343
246,343
247,343
248,343
249,343
250,343
251,343
252,343
253,343
254,343
255,343
256,343
257,343
258,343
259,343
260,343
261,343
262,343
263,343
264,343
265,343
266,343
267,343
268,343
269,343
270,343
271,343
272,343
273,343
274,343
275,343
276,343
277,343
278,343
279,343
280,343
281,343
282,343
283,343
284,343
285,343
286,343
287,343
288,343
289,343
290,343
291,343
292,343
293,343
294,343
295,343
296,343
297,343
298,343
299,343
300,343
301,343
302,343
303,343
304,343
305,343
306,343
307,343
308,343
309,343
310,343
311,343
312,343
313,343
314,343
315,343
316,343
317,343
318,343
319,343
320,343
321,343
322,343
323,343
324,343
325,343
326,343
327,343
328,343
329,343
330,343
331,343
332,343
333,343
334,343
335,343
336,343
337,343
338,343
339,343
340,343
341,343
342,343
343,343
344,343
345,343
346,343
347,343
348,343
349,343
350,343
351,343
352,343
353,343
354,343
355,343
356,343
357,343
358,343
359,343
360,343
361,343
362,343
363,343
364,343
365,343
366,343
367,343
368,343
369,343
370,343
371,343
372,343
373,343
374,343
375,343
376,343
377,343
378,343
379,343
380,343
381,343
382,343
383,343
384,343
385,343
386,343
387,343
388,343
389,343
390,343
391,343
392,343
393,343
394,343
395,343
396,343
397,343
398,343
399,343
400,343
401,343
402,343
403,343
404,343
405,343
406,343
407,343
408,343
409,343
410,343
411,343
412,343
413,343
414,343
415,343
416,343
417,343
418,343
419,343
420,343
421,343
422,343
423,343
424,343
425,343
426,343
427,343
428,343
429,343
430,343
431,343
432,343
433,343
434,343
435,343
436,343
437,343
438,343
439,343
440,343
441,343
442,343
443,343
444,343
445,343
446,343
447,343
448,343
449,343
450,343
451,343
452,343
453,343
454,343
455,343
456,343
457,343
458,343
459,343
460,343
461,343
462,343
463,343
464,343
465,343
466,343
467,343
468,343
469,343
470,343
471,343
472,343
473,343
474,343
475,343
476,343
477,343
478,343
479,343
480,343
481,343
482,343
483,343
484,343
485,343
486,343
487,343
488,343
489,343
490,343
491,343
492,343
493,343
494,343
495,343
496,343
497,343
498,343
499,343
500,343
501,343
502,343
503,343
504,343
505,343
506,343
507,343
508,343
509,343
510,343
511,343
512,343
513,343
514,343
