1,251
2,251
3,251
4,251
5,251
6,251
7,251
8,251
9,251
10,251
11,251
12,251
13,251
14,251
15,251
16,251
17,251
18,251
19,251
20,251
21,251
22,251
23,251
24,251
25,251
26,251
27,251
28,251
29,251
30,251
31,251
32,251
33,251
34,251
35,251
36,251
37,251
38,251
39,251
40,251
41,251
42,251
43,251
44,251
45,251
46,251
47,251
48,251
49,251
50,251
51,251
52,251
53,251
54,251
55,251
56,251
57,251
58,251
59,251
60,251
61,251
62,251
63,251
64,251
65,251
66,251
67,251
68,251
69,251
70,251
71,251
72,251
73,251
74,251
75,251
76,251
77,251
78,251
79,251
80,251
81,251
82,251
83,251
84,251
85,251
86,251
87,251
88,251
89,251
90,251
91,251
92,251
93,251
94,252
95,252
96,252
97,252
98,252
99,252
100,252
101,252
102,252
103,252
104,252
105,252
106,252
107,252
108,252
109,252
110,252
111,252
112,252
113,252
114,252
115,252
116,252
117,252
118,252
119,252
120,252
121,252
122,252
123,252
124,252
125,252
126,252
127,252
128,252
129,252
130,252
131,252
132,252
133,252
134,252
135,252
136,252
137,252
138,252
139,252
140,252
141,252
142,252
143,252
144,252
145,252
146,252
147,252
148,252
149,252
150,252
151,252
152,252
153,252
154,252
155,252
156,252
157,252
158,252
159,252
160,252
161,252
162,252
163,252
164,252
165,252
166,252
167,252
168,252
169,252
170,252
171,252
172,252
173,252
174,252
175,252
176,252
177,252
178,252
179,252
180,252
181,252
182,252
183,252
184,252
185,252
186,252
187,252
188,252
189,252
190,252
191,252
192,252
193,252
194,252
195,252
196,252
197,252
198,252
199,252
200,252
201,252
202,252
203,252
204,252
205,252
206,252
207,252
208,252
209,252
210,252
211,252
212,252
213,252
214,252
215,252
216,252
217,252
218,252
219,252
220,252
221,252
222,252
223,252
224,252
225,252
226,252
227,252
228,252
229,252
230,252
231,252
232,252
233,252
234,252
235,252
236,252
237,252
238,252
239,252
240,252
241,252
242,252
243,252
244,252
245,252
246,252
247,252
248,252
249,252
250,252
251,252
252,252
253,252
254,252
255,252
256,252
257,252
258,252
259,252
260,252
261,252
262,252
263,252
264,252
265,252
266,252
267,252
268,252
269,252
270,252
271,252
272,252
273,252
274,252
275,252
276,252
277,252
278,252
279,252
280,252
281,252
282,252
283,252
284,252
285,252
286,252
287,252
288,252
289,252
290,252
291,252
292,252
293,252
294,252
295,252
296,252
297,252
298,252
299,252
300,252
301,252
302,252
303,252
304,252
305,252
306,252
307,252
308,252
309,252
310,252
311,252
312,252
313,252
314,252
315,252
316,252
317,252
318,252
319,252
320,252
321,252
322,252
323,252
324,252
325,252
326,252
327,252
328,252
329,252
330,252
331,252
332,252
333,252
334,252
335,252
336,252
337,252
338,252
339,252
340,252
341,252
342,252
343,252
344,252
345,252
346,252
347,252
348,252
349,252
350,252
351,252
352,252
353,252
354,252
355,252
356,252
357,252
358,252
359,252
360,252
361,252
362,252
363,252
364,252
365,252
366,252
367,252
368,252
369,252
370,252
371,252
372,252
373,252
374,252
375,252
376,252
377,252
378,252
379,252
380,252
381,252
382,252
383,252
384,252
385,252
386,252
387,252
388,252
389,252
390,252
391,252
392,252
393,252
394,252
395,252
396,252
397,252
398,252
399,252
400,252
401,252
402,252
403,252
404,252
405,252
406,252
407,252
408,252
409,252
410,252
411,252
412,252
413,252
414,252
415,252
416,252
417,252
418,252
419,252
420,252
421,252
422,252
423,252
424,252
425,252
426,252
427,252
428,252
429,252
430,252
431,252
432,252
433,252
434,252
435,252
436,252
437,252
438,252
439,252
440,252
441,252
442,252
443,252
444,252
445,252
446,252
447,252
448,252
449,252
450,252
451,252
452,252
453,252
454,252
455,252
456,252
457,252
458,252
459,252
460,252
461,252
462,252
463,252
464,252
465,252
466,252
467,252
468,252
469,252
470,252
471,252
472,252
473,252
474,252
475,252
476,252
477,252
478,252
479,252
480,252
481,252
482,252
483,252
484,252
485,252
486,252
487,252
488,252
489,252
490,252
491,252
492,252
493,252
494,252
495,252
496,252
497,252
498,252
499,252
500,252
501,252
502,252
503,252
504,252
505,252
506,252
507,252
508,252
509,252
510,252
511,252
512,252
513,252
514,252
515,252
516,252
517,252
518,252
519,252
520,252
521,252
522,252
523,252
524,252
525,252
526,252
527,252
528,252
529,252
530,252
531,252
532,252
533,252
534,252
535,252
536,252
537,252
538,252
539,252
540,252
541,252
542,252
543,252
544,252
545,252
546,252
547,252
548,252
549,252
550,252
551,252
552,252
553,252
554,252
555,252
556,252
557,252
558,252
559,252
560,252
561,252
562,252
563,252
564,252
565,252
566,252
567,252
568,252
569,252
570,252
571,252
572,252
573,252
574,252
575,252
576,252
577,252
578,252
579,252
580,252
581,252
582,252
583,252
584,252
585,252
586,252
587,252
588,252
589,252
590,252
591,252
592,252
593,252
594,252
595,252
596,252
597,252
598,252
599,252
600,252
601,252
602,252
603,252
604,252
605,252
606,252
607,252
608,252
609,252
610,252
611,252
612,252
613,252
614,252
615,252
616,252
617,252
618,252
619,252
620,252
621,252
622,252
623,252
624,252
625,252
626,252
627,252
628,252
629,252
630,252
631,252
632,252
633,252
634,252
635,252
636,252
637,252
638,252
639,252
640,252
641,252
642,252
643,252
644,252
645,252
646,252
647,252
648,252
649,252
650,252
651,252
652,252
653,252
654,252
655,252
656,252
657,252
658,252
659,252
660,252
661,252
662,252
663,252
664,252
665,252
666,252
667,252
668,252
669,252
670,252
671,252
672,252
673,252
674,252
675,252
676,252
677,252
678,252
679,252
680,252
681,252
682,252
683,252
684,252
685,252
686,252
687,252
688,252
689,252
690,252
691,252
692,252
693,252
694,252
695,252
696,252
697,252
698,252
699,252
700,252
701,252
702,252
703,252
704,252
705,252
706,252
707,252
708,252
709,252
710,252
711,252
712,252
713,252
714,252
715,252
716,252
717,252
718,252
719,252
720,252
