1,134
2,153
3,153
4,153
5,153
6,153
7,153
8,153
9,153
10,153
11,153
12,153
13,153
14,153
15,153
16,153
17,153
18,153
19,153
20,153
21,153
22,153
23,153
24,153
25,153
26,153
27,153
28,153
29,153
30,153
31,153
32,153
33,153
34,153
35,153
36,153
37,153
38,153
39,153
40,153
41,153
42,153
43,153
44,153
45,153
46,153
47,153
48,153
49,153
50,153
51,153
52,153
53,153
54,153
55,153
56,153
57,153
58,153
59,153
60,153
61,153
62,153
63,153
64,153
65,153
66,153
67,153
68,153
69,153
70,153
71,153
72,153
73,153
74,153
75,153
76,153
77,153
78,153
79,153
80,153
81,153
82,153
83,153
84,153
85,153
86,153
87,153
88,153
89,153
90,153
91,153
92,153
93,153
94,153
95,153
96,153
97,153
98,153
99,153
100,153
101,153
102,153
103,153
104,153
105,153
106,153
107,153
108,153
109,153
110,153
111,153
112,153
113,153
114,153
115,153
116,153
117,153
118,153
119,153
120,153
121,153
122,153
123,153
124,153
125,153
126,153
127,153
128,153
129,153
130,153
131,153
132,153
133,153
134,153
135,153
136,153
137,153
138,153
139,153
140,153
141,153
142,153
143,153
144,153
145,153
146,153
147,153
148,153
149,153
150,153
151,153
152,153
153,153
154,153
155,153
156,153
157,153
158,153
159,153
160,153
161,153
162,153
163,153
164,153
165,153
166,153
167,153
168,153
169,153
170,153
171,153
172,153
173,153
174,153
175,153
176,153
177,153
178,153
179,153
180,153
181,153
182,153
183,153
184,153
185,153
186,153
187,153
188,153
189,153
190,153
191,153
192,153
193,153
194,153
195,153
196,153
197,153
198,153
199,153
200,153
201,153
202,153
203,153
204,153
205,153
206,153
207,153
208,153
209,153
210,153
211,153
212,153
213,153
214,153
215,153
216,153
217,153
218,153
219,153
220,153
221,153
222,153
223,153
224,153
225,153
226,153
227,153
228,153
229,153
230,153
231,153
232,153
233,153
234,153
235,153
236,153
237,153
238,153
239,153
240,153
241,153
242,153
243,153
244,153
245,153
246,153
247,153
248,153
249,153
250,153
251,153
252,153
253,153
254,153
255,153
256,153
257,153
258,153
259,153
260,153
261,153
262,153
263,153
264,153
265,153
266,153
267,153
268,153
269,153
270,153
271,153
272,153
273,153
274,153
275,153
276,153
277,153
278,153
279,153
280,153
281,153
282,153
283,153
284,153
285,153
286,153
287,153
288,153
289,153
290,153
291,153
292,153
293,153
294,153
295,153
296,153
297,153
298,153
299,153
300,153
301,153
302,153
303,153
304,153
305,153
306,153
307,153
308,153
309,153
310,153
311,153
312,153
313,153
314,153
315,153
316,153
317,153
318,153
319,153
320,153
321,153
322,153
323,153
324,153
325,153
326,153
327,153
328,153
329,153
330,153
331,153
332,153
333,153
334,153
335,153
336,153
337,153
338,153
339,153
340,153
341,153
342,153
343,153
344,153
345,153
346,153
347,153
348,153
349,153
350,153
351,153
352,153
353,153
354,153
355,153
356,153
357,153
358,153
359,153
360,153
361,153
362,153
363,153
364,153
365,153
366,153
367,153
368,153
369,153
370,153
371,153
372,153
373,153
374,153
375,153
376,153
377,153
378,153
379,153
380,153
381,153
382,153
383,153
384,153
385,153
386,153
387,153
388,153
389,153
390,153
391,153
392,153
393,153
394,153
395,153
396,153
397,153
398,153
399,153
400,153
401,153
402,153
403,153
404,153
405,153
406,153
407,153
408,153
409,153
410,153
411,153
412,153
413,153
414,153
415,153
416,153
417,153
418,153
419,153
420,153
421,153
422,153
423,153
424,153
425,153
426,153
427,153
428,153
429,153
430,153
431,153
432,153
433,153
434,153
435,153
436,153
437,153
438,153
439,153
440,153
441,153
442,153
443,153
444,153
445,153
446,153
447,153
448,153
449,153
450,153
451,153
452,153
453,153
454,153
455,153
456,153
457,153
458,153
459,153
460,153
461,153
462,153
463,153
464,153
465,153
466,153
467,153
468,153
469,153
470,153
471,153
472,153
473,153
474,153
475,153
476,153
477,153
478,153
479,153
480,153
481,153
482,153
483,153
484,153
485,153
486,153
487,153
488,153
489,153
490,153
491,153
492,153
493,153
494,153
495,153
496,153
497,153
498,153
499,153
500,153
501,153
502,153
503,153
504,153
505,153
506,153
507,153
508,153
509,153
510,153
511,153
512,153
513,153
514,153
515,153
516,153
517,153
518,153
519,153
520,153
521,153
522,153
523,153
524,153
525,153
526,153
527,153
528,153
529,153
530,153
531,153
532,153
533,153
534,153
535,153
536,153
537,153
538,153
539,153
540,153
541,153
542,153
543,153
544,153
545,153
546,153
547,153
548,153
549,153
550,153
551,153
552,153
553,153
554,153
555,153
556,153
557,153
558,153
559,153
560,153
561,153
562,153
563,153
564,153
565,153
566,153
567,153
568,153
569,153
570,153
571,153
572,153
573,153
574,153
575,153
576,153
577,153
578,153
579,153
580,153
581,153
582,153
583,153
584,153
585,153
586,153
587,153
588,153
589,153
590,153
591,153
592,153
593,153
594,153
595,153
596,153
597,153
598,153
599,153
600,153
601,153
602,153
603,153
604,153
605,153
606,153
607,153
608,153
609,153
610,153
611,153
612,153
613,153
614,153
615,153
616,153
617,153
618,153
619,153
620,153
621,153
622,153
623,153
624,153
625,153
626,153
627,153
628,153
629,153
630,153
631,153
632,153
633,153
634,153
635,153
636,153
637,153
638,153
639,153
640,153
641,153
642,153
643,153
644,153
645,153
646,153
647,153
648,153
649,153
650,153
651,153
652,153
653,153
654,153
655,153
656,153
657,153
658,153
659,153
660,153
661,153
662,153
663,153
664,153
665,153
666,153
667,153
668,153
669,153
670,153
671,153
672,153
673,153
674,153
675,153
676,153
677,153
678,153
679,153
680,153
681,153
682,153
683,153
684,153
685,153
686,153
687,153
688,153
689,153
690,153
691,153
692,153
693,153
694,153
695,153
696,153
697,153
698,153
699,153
700,153
701,153
702,153
703,153
704,153
705,153
706,153
707,153
708,153
709,153
710,153
711,153
712,153
713,153
714,153
715,153
716,153
717,153
718,153
719,153
720,153
721,153
722,153
723,153
724,153
725,153
726,153
727,153
728,153
729,153
730,153
731,153
732,153
733,153
734,153
735,153
736,153
737,153
738,153
739,153
740,153
741,153
742,153
743,153
744,153
745,153
746,153
747,153
748,153
749,153
750,153
751,153
752,153
753,153
754,153
755,153
756,153
757,153
758,153
759,153
760,153
761,153
762,153
763,153
764,153
765,153
766,153
767,153
768,153
769,153
770,153
771,153
772,153
773,153
774,153
775,153
776,153
777,153
778,153
779,153
780,153
781,153
782,153
783,153
784,153
785,153
786,153
787,153
788,153
789,153
790,153
791,153
792,153
793,153
794,153
795,153
796,153
797,153
798,153
799,153
800,153
801,153
802,153
803,153
804,153
805,153
806,153
807,153
808,153
809,153
810,153
811,153
812,153
813,153
814,153
815,153
816,153
817,153
818,153
819,153
820,153
821,153
822,153
823,153
824,153
825,153
826,153
827,153
828,153
829,153
830,153
831,153
832,153
833,153
834,153
835,153
836,153
837,153
838,153
839,153
840,153
841,153
842,153
843,153
844,153
845,153
846,153
847,153
848,153
849,153
850,153
851,153
852,153
853,153
854,153
855,153
856,153
857,153
858,153
859,153
860,153
861,153
862,153
863,153
864,153
865,153
866,153
867,153
868,153
869,153
870,153
871,153
872,153
873,153
874,153
875,153
876,153
877,153
878,153
879,153
880,153
881,153
882,153
883,153
884,153
885,153
886,153
887,153
888,153
889,153
890,153
891,153
892,153
893,153
894,153
895,153
896,153
897,153
898,153
899,153
900,153
901,153
902,153
903,153
904,153
905,153
906,153
907,153
908,153
909,153
910,153
911,153
912,153
913,153
914,153
915,153
916,153
917,153
918,153
919,153
920,153
921,153
922,153
923,153
924,153
925,153
926,153
927,153
928,153
929,153
930,153
931,153
932,153
933,153
934,153
935,153
936,153
937,153
938,153
939,153
940,153
941,153
942,153
943,153
944,153
945,153
946,153
947,153
948,153
949,153
950,153
951,153
952,153
953,153
954,153
955,153
956,153
957,153
958,153
959,153
960,153
961,153
962,153
963,153
964,153
965,153
966,153
967,153
968,153
969,153
970,153
971,153
972,153
973,153
974,153
975,153
976,153
977,153
978,153
979,153
980,153
981,153
982,153
983,153
984,153
985,153
986,153
987,153
988,153
989,153
990,153
991,153
992,153
993,153
994,153
995,153
996,153
997,153
998,153
999,153
1000,153
1001,153
1002,153
1003,153
1004,153
1005,153
1006,153
1007,153
1008,153
1009,153
1010,153
1011,153
1012,153
1013,153
1014,153
1015,153
1016,153
1017,153
1018,153
1019,153
1020,153
1021,153
1022,153
1023,153
1024,153
1025,153
1026,153
1027,153
1028,153
1029,153
1030,153
1031,153
1032,153
1033,153
1034,153
1035,153
1036,153
1037,153
1038,153
1039,153
1040,153
1041,153
1042,153
1043,153
1044,153
1045,153
1046,153
1047,153
1048,153
1049,153
1050,153
1051,153
1052,153
1053,153
1054,153
1055,153
1056,153
1057,153
1058,153
1059,153
1060,153
1061,153
1062,153
1063,153
1064,153
1065,153
1066,153
1067,153
1068,153
1069,153
1070,153
1071,153
1072,153
1073,153
1074,153
1075,153
1076,153
1077,153
1078,153
1079,153
1080,153
1081,153
1082,153
1083,153
1084,153
1085,153
1086,153
1087,153
1088,153
1089,153
1090,153
1091,153
1092,153
1093,153
1094,153
1095,153
1096,153
1097,153
1098,153
1099,153
1100,153
1101,153
1102,153
1103,153
1104,153
1105,153
1106,153
1107,153
1108,153
1109,153
1110,153
1111,153
1112,153
1113,153
1114,153
1115,153
1116,153
1117,153
1118,153
1119,153
1120,153
1121,153
1122,153
1123,153
1124,153
1125,153
1126,153
1127,153
1128,153
1129,153
1130,153
1131,153
1132,153
1133,153
1134,153
1135,153
1136,153
1137,153
1138,153
1139,153
1140,153
1141,153
1142,153
1143,153
1144,153
1145,153
1146,153
1147,153
1148,153
1149,153
1150,153
1151,153
1152,153
1153,153
1154,153
1155,153
1156,153
1157,153
1158,153
1159,153
1160,153
1161,153
1162,153
1163,153
1164,153
1165,153
1166,153
1167,153
1168,153
1169,153
1170,153
1171,153
1172,153
1173,153
1174,153
1175,153
1176,153
1177,153
1178,153
1179,153
1180,153
1181,153
1182,153
1183,153
1184,153
1185,153
1186,153
1187,153
1188,153
1189,153
1190,153
1191,153
1192,153
1193,153
1194,153
1195,153
1196,153
1197,153
1198,153
1199,153
1200,153
1201,153
1202,153
1203,153
1204,153
1205,153
1206,153
1207,153
1208,153
1209,153
1210,153
1211,153
1212,153
1213,153
1214,153
1215,153
1216,153
1217,153
1218,153
1219,153
1220,153
1221,153
1222,153
1223,153
1224,153
1225,153
1226,153
1227,153
1228,153
1229,153
