1,252
2,253
3,253
4,253
5,253
6,253
7,253
8,253
9,253
10,253
11,253
12,253
13,253
14,253
15,253
16,253
17,253
18,253
19,253
20,253
21,253
22,253
23,253
24,253
25,253
26,253
27,253
28,253
29,253
30,253
31,253
32,253
33,253
34,253
35,253
36,253
37,253
38,253
39,253
40,253
41,253
42,253
43,253
44,253
45,253
46,253
47,253
48,253
49,253
50,253
51,253
52,253
53,253
54,253
55,253
56,253
57,253
58,253
59,253
60,253
61,253
62,253
63,253
64,253
65,253
66,253
67,253
68,253
69,253
70,253
71,253
72,253
73,253
74,253
75,253
76,253
77,253
78,253
79,253
80,253
81,253
82,253
83,253
84,253
85,253
86,253
87,253
88,253
89,253
90,253
91,253
92,253
93,253
94,253
95,253
96,253
97,253
98,253
99,253
100,253
101,253
102,253
103,253
104,253
105,253
106,253
107,253
108,253
109,253
110,253
111,253
112,253
113,253
114,253
115,253
116,253
117,253
118,253
119,253
120,253
121,253
122,253
123,253
124,253
125,253
126,253
127,253
128,253
129,253
130,253
131,253
132,253
133,253
134,253
135,253
136,253
137,253
138,253
139,253
140,253
141,253
142,253
143,253
144,253
145,253
146,253
147,253
148,253
149,253
150,253
151,253
152,253
153,253
154,253
155,253
156,253
157,253
158,253
159,253
160,253
161,253
162,253
163,253
164,253
165,253
166,253
167,253
168,253
169,253
170,253
171,253
172,253
173,253
174,253
175,253
176,253
177,253
178,253
179,253
180,253
181,253
182,253
183,253
184,253
185,253
186,253
187,253
188,253
189,253
190,253
191,253
192,253
193,253
194,253
195,253
196,253
197,253
198,253
199,253
200,253
201,253
202,253
203,253
204,253
205,253
206,253
207,253
208,253
209,253
210,253
211,253
212,253
213,253
214,253
215,253
216,253
217,253
218,253
219,253
220,253
221,253
222,253
223,253
224,253
225,253
226,253
227,253
228,253
229,253
230,253
231,253
232,253
233,253
234,253
235,253
236,253
237,253
238,253
239,253
240,253
241,253
242,253
243,253
244,253
245,253
246,253
247,253
248,253
249,253
250,253
251,253
252,253
253,253
254,253
255,253
256,253
257,253
258,253
259,253
260,253
261,253
262,253
263,253
264,253
265,253
266,253
267,253
268,253
269,253
270,253
271,253
272,253
273,253
274,253
275,253
276,253
277,253
278,253
279,253
280,253
281,253
282,253
283,253
284,253
285,253
286,253
287,253
288,253
289,253
290,253
291,253
292,253
293,253
294,253
295,253
296,253
297,253
298,253
299,253
300,253
301,253
302,253
303,253
304,253
305,253
306,253
307,253
308,253
309,253
310,253
311,253
312,253
313,253
314,253
315,253
316,253
317,253
318,253
319,253
320,253
321,253
322,253
323,253
324,253
325,253
326,253
327,253
328,253
329,253
330,253
331,253
332,253
333,253
334,253
335,253
336,253
337,253
338,253
339,253
340,253
341,253
342,253
343,253
344,253
345,253
346,253
347,253
348,253
349,253
350,253
351,253
352,253
353,253
354,253
355,253
356,253
357,253
358,253
359,253
360,253
361,253
362,253
363,253
364,253
365,253
366,253
367,253
368,253
369,253
370,253
371,253
372,253
373,253
374,253
375,253
376,253
377,253
378,253
379,253
380,253
381,253
382,253
383,253
384,253
385,253
386,253
387,253
388,253
389,253
390,253
391,253
392,253
393,253
394,253
395,253
396,253
397,253
398,253
399,253
400,253
401,253
402,253
403,253
404,253
405,253
406,253
407,253
408,253
409,253
410,253
411,253
412,253
413,253
414,253
415,253
416,253
417,253
418,253
419,253
420,253
421,253
422,253
423,253
424,253
425,253
426,253
427,253
428,253
429,253
430,253
431,253
432,253
433,253
434,253
435,253
436,253
437,253
438,253
439,253
440,253
441,253
442,253
443,253
444,253
445,253
446,253
447,253
448,253
449,253
450,253
451,253
452,253
453,253
454,253
455,253
456,253
457,253
458,253
459,253
460,253
461,253
462,253
463,253
464,253
465,253
466,253
467,253
468,253
469,253
470,253
471,253
472,253
473,253
474,253
475,253
476,253
477,253
478,253
479,253
480,253
481,253
482,253
483,253
484,253
485,253
486,253
487,253
488,253
489,253
490,253
491,253
492,253
493,253
494,253
495,253
496,253
497,253
498,253
499,253
500,253
501,253
502,253
503,253
504,253
505,253
506,253
507,253
508,253
509,253
510,253
511,253
512,253
513,253
514,253
515,253
516,253
517,253
518,253
519,253
520,253
521,253
522,253
523,253
524,253
525,253
526,253
527,253
528,253
529,253
530,253
531,253
532,253
533,253
534,253
535,253
536,253
537,253
538,253
539,253
540,253
541,253
542,253
543,253
544,253
545,253
546,253
547,253
548,253
549,253
550,253
551,253
552,253
553,253
554,253
555,253
556,253
557,253
558,253
559,253
560,253
561,253
562,253
563,253
564,253
565,253
566,253
567,253
568,253
569,253
570,253
571,253
572,253
573,253
574,253
575,253
576,253
577,253
578,253
579,253
580,253
581,253
582,253
583,253
584,253
585,253
586,253
587,253
588,253
589,253
590,253
591,253
592,253
593,253
594,253
595,253
596,253
597,253
598,253
599,253
600,253
601,253
602,253
603,253
604,253
605,253
606,253
607,253
608,253
609,253
610,253
611,253
612,253
613,253
614,253
615,253
616,253
617,253
618,253
619,253
620,253
621,253
622,253
623,253
624,253
625,253
626,253
627,253
628,253
629,253
630,253
631,253
632,253
633,253
634,253
635,253
636,253
637,253
638,253
639,253
640,253
641,253
642,253
643,253
644,253
645,253
646,253
647,253
648,253
649,253
650,253
651,253
652,253
653,253
654,253
655,253
656,253
657,253
658,253
659,253
660,253
661,253
662,253
663,253
664,253
665,253
666,253
667,253
668,253
669,253
670,253
671,253
672,253
673,253
674,253
675,253
676,253
677,253
678,253
679,253
680,253
681,253
682,253
683,253
684,253
685,253
686,253
687,253
688,253
689,253
690,253
691,253
692,253
693,253
694,253
695,253
696,253
697,253
698,253
699,253
700,253
701,253
702,253
703,253
704,253
705,253
706,253
707,253
708,253
709,253
710,253
711,253
712,253
713,253
714,253
715,253
716,253
717,253
718,253
719,253
720,253
721,253
722,253
723,253
724,253
725,253
726,253
727,253
728,253
729,253
730,253
731,253
732,253
733,253
734,253
735,253
736,253
737,253
738,253
739,253
740,253
741,253
742,253
743,253
744,253
745,253
746,253
747,253
748,253
749,253
750,253
751,253
752,253
753,253
754,253
755,253
756,253
757,253
758,253
759,253
760,253
761,253
762,253
763,253
764,253
765,253
766,253
767,253
768,253
769,253
770,253
771,253
772,253
773,253
774,253
775,253
776,253
777,253
778,253
779,253
780,253
781,253
782,253
783,253
784,253
785,253
786,253
787,253
788,253
789,253
790,253
791,253
792,253
793,253
794,253
795,253
796,253
797,253
798,253
799,253
800,253
801,253
802,253
803,253
804,253
805,253
806,253
807,253
808,253
809,253
810,253
811,253
812,253
813,253
814,253
815,253
816,253
817,253
818,253
819,253
820,253
821,253
822,253
823,253
824,253
825,253
826,253
827,253
828,253
829,253
830,253
831,253
832,253
833,253
834,253
835,253
836,253
837,253
838,253
839,253
840,253
841,253
842,253
843,253
844,253
845,253
846,253
847,253
848,253
849,253
850,253
851,253
852,253
853,253
854,253
855,253
856,253
857,253
858,253
859,253
860,253
861,253
862,253
863,253
864,253
865,253
866,253
867,253
868,253
869,253
870,253
871,253
872,253
873,253
874,253
875,253
876,253
877,253
878,253
879,253
880,253
881,253
882,253
883,253
884,253
885,253
886,253
887,253
888,253
889,253
890,253
891,253
892,253
893,253
894,253
895,253
896,253
897,253
898,253
899,253
900,253
901,253
902,253
903,253
904,253
905,253
906,253
907,253
908,253
909,253
910,253
911,253
912,253
913,253
914,253
915,253
916,253
917,253
918,253
919,253
920,253
921,253
922,253
923,253
924,253
925,253
926,253
927,253
928,253
929,253
930,253
931,253
932,253
933,253
934,253
935,253
936,253
937,253
938,253
939,253
940,253
941,253
942,253
943,253
944,253
945,253
946,253
947,253
948,253
949,253
950,253
951,253
952,253
953,253
954,253
955,253
956,253
957,253
958,253
959,253
960,253
961,253
962,253
963,253
964,253
965,253
966,253
967,253
968,253
969,253
970,253
971,253
972,253
973,253
974,253
975,253
976,253
977,253
978,253
979,253
980,253
981,253
982,253
983,253
984,253
985,253
986,253
987,253
988,253
989,253
990,253
991,253
992,253
993,253
994,253
995,253
996,253
997,253
998,253
999,253
1000,253
1001,253
1002,253
1003,253
1004,253
1005,253
1006,253
1007,253
1008,253
1009,253
1010,253
1011,253
1012,253
1013,253
1014,253
1015,253
1016,253
1017,253
1018,253
1019,253
1020,253
1021,253
1022,253
1023,253
1024,253
1025,253
1026,253
1027,253
1028,253
1029,253
1030,253
1031,253
1032,253
1033,253
1034,253
1035,253
1036,253
1037,253
1038,253
1039,253
1040,253
1041,253
1042,253
1043,253
1044,253
1045,253
1046,253
1047,253
1048,253
1049,253
1050,253
1051,253
1052,253
1053,253
1054,253
1055,253
1056,253
1057,253
1058,253
1059,253
1060,253
1061,253
1062,253
1063,253
1064,253
1065,253
1066,253
1067,253
1068,253
1069,253
1070,253
1071,253
1072,253
1073,253
1074,253
1075,253
1076,253
1077,253
1078,253
1079,253
1080,253
1081,253
1082,253
1083,253
1084,253
1085,253
1086,253
1087,253
1088,253
1089,253
1090,253
1091,253
