1,146
2,146
3,146
4,146
5,146
6,146
7,146
8,146
9,146
10,146
11,146
12,146
13,146
14,146
15,146
16,146
17,146
18,146
19,146
20,146
21,146
22,146
23,146
24,146
25,146
26,146
27,146
28,146
29,146
30,146
31,146
32,146
33,146
34,146
35,146
36,146
37,146
38,146
39,146
40,146
41,146
42,146
43,146
44,146
45,146
46,146
47,146
48,146
49,146
50,146
51,146
52,146
53,146
54,146
55,146
56,146
57,146
58,146
59,146
60,146
61,146
62,146
63,146
64,146
65,146
66,146
67,146
68,146
69,146
70,146
71,146
72,146
73,146
74,146
75,146
76,146
77,146
78,146
79,146
80,146
81,146
82,146
83,146
84,146
85,146
86,146
87,146
88,146
89,146
90,146
91,146
92,146
93,146
94,146
95,146
96,146
97,146
98,146
99,146
100,146
101,146
102,146
103,146
104,146
105,146
106,146
107,146
108,146
109,146
110,146
111,146
112,146
113,146
114,146
115,146
116,146
117,146
118,146
119,146
120,146
121,146
122,146
123,146
124,146
125,146
126,146
127,146
128,146
129,146
130,146
131,146
132,146
133,146
134,146
135,146
136,146
137,146
138,146
139,146
140,146
141,146
142,146
143,146
144,146
145,146
146,146
147,146
148,146
149,146
150,146
151,146
152,146
153,146
154,146
155,146
156,146
157,146
158,146
159,146
160,146
161,146
162,146
163,146
164,146
165,146
166,146
167,146
168,146
169,146
170,146
171,146
172,146
173,146
174,146
175,146
176,146
177,146
178,146
179,146
180,146
181,146
182,146
183,146
184,146
185,146
186,146
187,146
188,146
189,146
190,146
191,146
192,146
193,146
194,146
195,146
196,146
197,146
198,146
199,146
200,146
201,146
202,146
203,146
204,146
205,146
206,146
207,146
208,146
209,146
210,146
211,146
212,146
213,146
214,146
215,146
216,146
217,146
218,146
219,146
220,146
221,146
222,146
223,146
224,146
225,146
226,146
227,146
228,146
229,146
230,146
231,146
232,146
233,146
234,146
235,146
236,146
237,146
238,146
239,146
240,146
241,146
242,146
243,146
244,146
245,146
246,146
247,146
248,146
249,146
250,146
251,146
252,146
253,146
254,146
255,146
256,146
257,146
258,146
259,146
260,146
261,146
262,146
263,146
264,146
265,146
266,146
267,146
268,146
269,146
270,146
271,146
272,146
273,146
274,146
275,146
276,146
277,146
278,146
279,146
280,146
281,146
282,146
283,146
284,146
285,146
286,146
287,146
288,146
289,146
290,146
291,146
292,146
293,146
294,146
295,146
296,146
297,146
298,146
299,146
300,146
301,146
302,146
303,146
304,146
305,146
306,146
307,146
308,146
309,146
310,146
311,146
312,146
313,146
314,146
315,146
316,146
317,146
318,146
319,146
320,146
321,146
322,146
323,146
324,146
325,146
326,146
327,146
328,146
329,146
330,146
331,146
332,146
333,146
334,146
335,146
336,146
337,146
338,146
339,146
340,146
341,146
342,146
343,146
344,146
345,146
346,146
347,146
348,146
349,146
350,146
351,146
352,146
353,146
354,146
355,146
356,146
357,146
358,146
359,146
360,146
361,146
362,146
363,146
364,146
365,146
366,146
367,146
368,146
369,146
370,146
371,146
372,146
373,146
374,146
375,146
376,146
377,146
378,146
379,146
380,146
381,146
382,146
383,146
384,146
385,146
386,146
387,146
388,146
389,146
390,146
391,146
392,146
393,146
394,146
395,146
396,146
397,146
398,146
399,146
400,146
401,146
402,146
403,146
404,146
405,146
406,146
407,146
408,146
409,146
410,146
411,146
412,146
413,146
414,146
415,146
416,146
417,146
418,146
419,146
420,146
421,146
422,146
423,146
424,146
425,146
426,146
427,146
428,146
429,146
430,146
431,146
432,146
433,146
434,146
435,146
436,146
437,146
438,146
439,146
440,146
441,146
442,146
443,146
444,146
445,146
446,146
447,146
448,146
449,146
450,146
451,146
452,146
453,146
454,146
455,146
456,146
457,146
458,146
459,146
460,146
461,146
462,146
463,146
464,146
465,146
466,146
467,146
468,146
469,146
470,146
471,146
472,146
473,146
474,146
475,146
476,146
477,146
478,146
479,146
480,146
481,146
482,146
483,146
484,146
485,146
486,146
487,146
488,146
489,146
490,146
491,146
492,146
493,146
494,146
495,146
496,146
497,146
498,146
499,146
500,146
501,146
502,146
503,146
504,146
505,146
506,146
507,146
508,146
509,146
510,146
511,146
512,146
513,146
514,146
515,146
516,146
517,146
518,146
519,146
520,146
521,146
522,146
523,146
524,146
525,146
526,146
527,146
528,146
529,146
530,146
531,146
532,146
533,146
534,146
535,146
536,146
537,146
538,146
539,146
540,146
541,146
542,146
543,146
544,146
545,146
546,146
547,146
548,146
549,146
550,146
551,146
552,146
553,146
554,146
555,146
556,146
557,146
558,146
559,146
560,146
561,146
562,146
563,146
564,146
565,146
566,146
567,146
568,146
569,146
570,146
571,146
572,146
573,146
574,146
575,146
576,146
577,146
578,146
579,146
580,146
581,146
582,146
583,146
584,146
585,146
586,146
587,146
588,146
589,146
590,146
591,146
592,146
593,146
594,146
595,146
596,146
597,146
598,146
599,146
600,146
601,146
602,146
603,146
604,146
605,146
606,146
607,146
608,146
609,146
610,146
611,146
612,146
613,146
614,146
615,146
616,146
617,146
618,146
619,146
620,146
621,146
622,146
623,146
624,146
625,146
626,146
627,146
628,146
629,146
630,146
631,146
632,146
633,146
634,146
635,146
636,146
637,146
638,146
639,146
640,146
641,146
642,146
643,146
644,146
645,146
646,146
647,146
648,146
649,146
650,146
651,146
652,146
653,146
654,146
655,146
656,146
657,146
658,146
659,146
660,146
661,146
662,146
663,146
664,146
665,146
666,146
667,146
668,146
669,146
670,146
671,146
672,146
673,146
674,146
675,146
676,146
677,146
678,146
679,146
680,146
681,146
682,146
683,146
684,146
685,146
686,146
687,146
688,146
689,146
690,146
691,146
692,146
693,146
694,146
695,146
696,146
697,146
698,146
699,146
700,146
701,146
702,146
703,146
704,146
705,146
706,146
707,146
708,147
709,147
710,147
711,147
712,147
713,147
714,147
715,147
716,147
717,147
718,147
719,147
720,147
721,147
722,147
723,147
724,147
725,147
726,147
727,147
728,147
729,147
730,147
731,147
732,147
733,147
734,147
735,147
736,147
737,147
738,147
739,147
740,147
741,147
742,147
743,147
744,147
745,147
746,147
747,147
748,147
749,147
750,147
751,147
752,147
753,147
754,147
755,147
756,147
757,147
758,147
759,147
760,147
761,147
762,147
763,147
764,147
765,147
766,147
767,147
768,147
769,147
770,147
771,147
772,147
773,147
774,147
775,147
776,147
777,147
778,147
779,147
780,147
781,147
782,147
783,147
784,147
785,147
786,147
787,147
788,147
789,147
790,147
791,147
792,147
793,147
794,147
795,147
796,147
797,147
798,147
799,147
800,147
801,147
802,147
803,147
804,147
805,147
806,147
807,147
808,147
809,147
810,147
811,147
812,147
813,147
814,147
815,147
816,147
817,147
818,147
819,147
820,147
821,147
822,147
823,147
824,147
825,147
826,147
827,147
828,147
829,147
830,147
831,147
832,147
833,147
834,147
835,147
836,147
837,147
838,147
839,147
840,147
841,147
842,147
843,147
844,147
845,147
846,147
847,147
848,147
849,147
850,147
851,147
852,147
853,147
854,147
855,147
856,147
857,147
858,147
859,147
860,147
861,147
862,147
863,147
864,147
865,147
866,147
867,147
868,147
869,147
870,147
871,147
872,147
873,147
874,147
875,147
876,147
877,147
878,147
879,147
880,147
881,147
882,147
883,147
884,147
885,147
886,147
887,147
888,147
889,147
890,147
891,147
892,147
893,147
894,147
895,147
896,147
897,147
898,147
899,147
900,147
901,147
902,147
903,147
904,147
905,147
906,147
907,147
908,147
909,147
910,147
911,147
912,147
913,147
914,147
915,147
916,147
917,147
918,147
919,147
920,147
921,147
922,147
923,147
924,147
925,147
926,147
927,147
928,147
929,147
930,147
931,147
932,147
933,147
934,147
935,147
936,147
937,147
938,147
939,147
940,147
941,147
942,147
943,147
944,147
945,147
946,147
947,147
948,147
949,147
950,147
951,147
952,147
953,147
954,147
955,147
956,147
957,147
958,147
959,147
960,147
961,147
962,147
963,147
964,147
965,147
966,147
967,147
968,147
969,147
970,147
971,147
972,147
973,147
974,147
975,147
976,147
977,147
978,147
979,147
980,147
981,147
982,147
983,147
984,147
985,147
986,147
987,147
988,147
989,147
990,147
991,147
992,147
993,147
994,147
995,147
996,147
997,147
998,147
999,147
1000,147
1001,147
1002,147
1003,147
1004,147
1005,147
1006,147
1007,147
1008,147
1009,147
1010,147
1011,147
1012,147
1013,147
1014,147
1015,147
1016,147
1017,147
1018,147
1019,147
1020,147
1021,147
1022,147
1023,147
1024,147
1025,147
1026,147
1027,147
1028,147
1029,147
1030,147
1031,147
1032,147
1033,147
1034,147
1035,147
1036,147
1037,147
1038,147
1039,147
1040,147
1041,147
1042,147
1043,147
1044,147
1045,147
1046,147
1047,147
1048,147
1049,147
1050,147
1051,147
1052,147
1053,147
1054,147
1055,147
1056,147
1057,147
1058,147
1059,147
1060,147
1061,147
1062,147
1063,147
1064,147
1065,147
1066,147
1067,147
1068,147
1069,147
1070,147
1071,147
1072,147
1073,147
1074,147
1075,147
1076,147
1077,147
1078,147
1079,147
1080,147
1081,147
1082,147
1083,147
1084,147
1085,147
1086,147
1087,147
1088,147
1089,147
1090,147
1091,147
1092,147
1093,147
1094,147
1095,147
1096,147
1097,147
1098,147
1099,147
1100,147
1101,147
1102,147
1103,147
1104,147
1105,147
1106,147
1107,147
1108,147
1109,147
1110,147
1111,147
1112,147
1113,147
1114,147
1115,147
1116,147
1117,147
1118,147
1119,147
1120,147
1121,147
1122,147
1123,147
1124,147
1125,147
1126,147
1127,147
1128,147
1129,147
1130,147
1131,147
1132,147
1133,147
1134,147
1135,147
1136,147
1137,147
1138,147
1139,147
1140,147
1141,147
1142,147
1143,147
1144,147
1145,147
1146,147
1147,147
1148,147
1149,147
1150,147
1151,147
1152,147
1153,147
1154,147
1155,147
1156,147
1157,147
1158,147
1159,147
1160,147
1161,147
1162,147
1163,147
1164,147
1165,147
1166,147
1167,147
1168,147
1169,147
1170,147
1171,147
1172,147
1173,147
1174,147
1175,147
1176,147
1177,147
1178,147
1179,147
1180,147
1181,147
1182,147
1183,147
1184,147
1185,147
1186,147
1187,147
1188,147
1189,147
1190,147
1191,147
1192,147
1193,147
1194,147
1195,147
1196,147
1197,147
1198,147
1199,147
1200,147
1201,147
1202,147
1203,147
1204,147
1205,147
1206,147
1207,147
1208,147
1209,147
1210,147
1211,147
1212,147
1213,147
1214,147
1215,147
1216,147
1217,147
1218,147
1219,147
1220,147
1221,147
1222,147
1223,147
1224,147
1225,147
1226,147
1227,147
1228,147
1229,147
1230,147
1231,147
1232,147
1233,147
1234,147
1235,147
1236,147
1237,147
1238,147
1239,147
1240,147
1241,147
1242,147
1243,147
1244,147
1245,147
1246,147
1247,147
1248,147
1249,147
1250,147
1251,147
1252,147
1253,147
1254,147
1255,147
1256,147
1257,147
1258,147
1259,147
1260,147
1261,147
1262,147
1263,147
1264,147
1265,147
1266,147
1267,147
1268,147
1269,147
1270,147
1271,147
1272,147
1273,147
1274,147
1275,147
1276,147
1277,147
1278,147
1279,147
1280,147
1281,147
1282,147
1283,147
1284,147
1285,147
1286,147
1287,147
1288,147
1289,147
1290,147
1291,147
1292,147
1293,147
1294,147
1295,147
1296,147
1297,147
1298,147
1299,147
1300,147
1301,147
1302,147
1303,147
1304,147
1305,147
1306,147
1307,147
1308,147
1309,147
1310,147
1311,147
1312,147
1313,147
1314,147
1315,147
1316,147
1317,147
1318,147
1319,147
1320,147
1321,147
1322,147
1323,147
1324,147
1325,147
1326,147
1327,147
1328,147
1329,147
1330,147
1331,147
1332,147
1333,147
1334,147
1335,147
1336,147
1337,147
1338,147
1339,147
1340,147
1341,147
1342,147
1343,147
1344,147
1345,147
1346,147
1347,147
1348,147
1349,147
1350,147
1351,147
1352,147
1353,147
1354,147
1355,147
1356,147
1357,147
1358,147
1359,147
1360,147
1361,147
1362,147
1363,147
1364,147
1365,147
1366,147
1367,147
1368,147
1369,147
1370,147
1371,147
1372,147
1373,147
1374,147
1375,147
1376,147
1377,147
1378,147
1379,147
1380,147
1381,147
1382,147
1383,147
1384,147
1385,147
1386,147
1387,147
1388,147
1389,147
1390,147
1391,147
1392,147
1393,147
1394,147
1395,147
1396,147
1397,147
1398,147
1399,147
1400,147
1401,147
1402,147
1403,147
1404,147
1405,147
1406,147
1407,147
1408,147
1409,147
1410,147
1411,147
1412,147
1413,147
1414,147
1415,147
1416,147
1417,147
1418,147
1419,147
1420,147
1421,147
1422,147
1423,147
1424,147
1425,147
1426,147
1427,147
1428,147
1429,147
1430,147
1431,147
1432,147
1433,147
1434,147
1435,147
1436,147
1437,147
1438,147
1439,147
1440,147
1441,147
1442,147
1443,147
1444,147
1445,147
1446,147
1447,147
1448,147
1449,147
1450,147
1451,147
1452,147
1453,147
1454,147
1455,147
1456,147
1457,147
1458,147
1459,147
1460,147
1461,147
1462,147
1463,147
1464,147
1465,147
1466,147
1467,147
1468,147
1469,147
1470,147
1471,147
1472,147
1473,147
1474,147
1475,147
1476,147
1477,147
1478,147
1479,147
1480,147
1481,147
1482,147
1483,147
1484,147
1485,147
1486,147
1487,147
1488,147
1489,147
1490,147
1491,147
1492,147
1493,147
1494,147
1495,147
1496,147
1497,147
1498,147
1499,147
1500,147
1501,147
1502,147
1503,147
1504,147
1505,147
1506,147
1507,147
1508,147
1509,147
1510,147
1511,147
1512,147
1513,147
1514,147
1515,147
1516,147
1517,147
1518,147
1519,147
1520,147
1521,147
1522,147
1523,147
1524,147
1525,147
1526,147
1527,147
1528,147
1529,147
1530,147
1531,147
1532,147
1533,147
1534,147
1535,147
1536,147
1537,147
1538,147
1539,147
1540,147
1541,147
1542,147
1543,147
1544,147
1545,147
1546,147
1547,147
1548,147
1549,147
1550,147
1551,147
1552,147
1553,147
1554,147
1555,147
1556,147
1557,147
1558,147
1559,147
1560,147
1561,147
1562,147
1563,147
1564,147
1565,147
1566,147
1567,147
1568,147
1569,147
1570,147
1571,147
1572,147
1573,147
1574,147
1575,147
1576,147
1577,147
1578,147
1579,147
1580,147
1581,147
1582,147
1583,147
1584,147
1585,147
1586,147
1587,147
1588,147
1589,147
1590,147
1591,147
1592,147
1593,147
1594,147
1595,147
1596,147
1597,147
1598,147
1599,147
1600,147
1601,147
1602,147
1603,147
1604,147
1605,147
1606,147
1607,147
1608,147
1609,147
1610,147
1611,147
1612,147
1613,147
1614,147
1615,147
1616,147
1617,147
1618,147
1619,147
1620,147
1621,147
1622,147
1623,147
1624,147
1625,147
1626,147
1627,147
1628,147
1629,147
1630,147
1631,147
1632,147
1633,147
1634,147
1635,147
1636,147
1637,147
1638,147
1639,147
1640,147
1641,147
1642,147
1643,147
1644,147
1645,147
1646,147
1647,147
1648,147
1649,147
1650,147
1651,147
1652,147
1653,147
1654,147
1655,147
1656,147
1657,147
1658,147
1659,147
1660,147
1661,147
1662,147
1663,147
1664,147
1665,147
1666,147
1667,147
1668,147
1669,147
1670,147
1671,147
1672,147
1673,147
1674,147
1675,147
1676,147
1677,147
1678,147
1679,147
1680,147
1681,147
1682,147
1683,147
1684,147
1685,147
1686,147
1687,147
1688,147
1689,147
1690,147
1691,147
1692,147
1693,147
1694,147
1695,147
1696,147
1697,147
1698,147
1699,147
1700,147
1701,147
1702,147
1703,147
1704,147
1705,147
1706,147
1707,147
1708,147
1709,147
1710,147
1711,147
1712,147
1713,147
1714,147
1715,147
1716,147
1717,147
1718,147
1719,147
1720,147
1721,147
1722,147
1723,147
1724,147
1725,147
1726,147
1727,147
1728,147
1729,147
1730,147
1731,147
1732,147
1733,147
1734,147
1735,147
1736,147
1737,147
1738,147
1739,147
1740,147
1741,147
1742,147
1743,147
1744,147
1745,147
1746,147
1747,147
1748,147
1749,147
1750,147
1751,147
1752,147
1753,147
1754,147
1755,147
1756,147
1757,147
1758,147
1759,147
1760,147
1761,147
1762,147
1763,147
1764,147
1765,147
1766,147
1767,147
1768,147
1769,147
1770,147
1771,147
1772,147
1773,147
1774,147
1775,147
1776,147
1777,147
1778,147
1779,147
1780,147
1781,147
1782,147
1783,147
1784,147
1785,147
1786,147
1787,147
1788,147
1789,147
1790,147
1791,147
1792,147
1793,147
1794,147
1795,147
1796,147
1797,147
1798,147
1799,147
1800,147
1801,147
1802,147
1803,147
1804,147
1805,147
1806,147
1807,147
1808,147
1809,147
1810,147
1811,147
1812,147
1813,147
1814,147
1815,147
1816,147
1817,147
1818,147
1819,147
1820,147
1821,147
1822,147
1823,147
1824,147
1825,147
1826,147
1827,147
1828,147
1829,147
1830,147
1831,147
1832,147
1833,147
1834,147
1835,147
1836,147
