1,154
2,244
3,244
4,244
5,244
6,244
7,244
8,244
9,244
10,244
11,244
12,244
13,244
14,244
15,244
16,244
17,244
18,244
19,244
20,244
21,244
22,244
23,244
24,244
25,244
26,244
27,244
28,244
29,244
30,244
31,244
32,244
33,244
34,244
35,244
36,244
37,244
38,244
39,244
40,244
41,244
42,244
43,244
44,244
45,244
46,244
47,244
48,244
49,244
50,244
51,244
52,244
53,244
54,244
55,244
56,244
57,244
58,244
59,244
60,244
61,244
62,244
63,244
64,244
65,244
66,244
67,244
68,244
69,244
70,244
71,244
72,244
73,244
74,244
75,244
76,244
77,244
78,244
79,244
80,244
81,244
82,244
83,244
84,244
85,244
86,244
87,244
88,244
89,244
90,244
91,244
92,244
93,244
94,244
95,244
96,244
97,244
98,244
99,244
100,244
101,244
102,244
103,244
104,244
105,244
106,244
107,244
108,244
109,244
110,244
111,244
112,244
113,244
114,244
115,244
116,244
117,244
118,244
119,244
120,244
121,244
122,244
123,244
124,244
125,244
126,244
127,244
128,244
129,244
130,244
131,244
132,244
133,244
134,244
135,244
136,244
137,244
138,244
139,244
140,244
141,244
142,244
143,244
144,244
145,244
146,244
147,244
148,244
149,244
150,244
151,244
152,244
153,244
154,244
155,244
156,244
157,244
158,244
159,244
160,244
161,244
162,244
163,244
164,244
165,244
166,244
167,244
168,244
169,244
170,244
171,244
172,244
173,244
174,244
175,244
176,244
177,244
178,244
179,244
180,244
181,244
182,244
183,244
184,244
185,244
186,244
187,244
188,244
189,244
190,244
191,244
192,244
193,244
194,244
195,244
196,244
197,244
198,244
199,244
200,244
201,244
202,244
203,244
204,244
205,244
206,244
207,244
208,244
209,244
210,244
211,244
212,244
213,244
214,244
215,244
216,244
217,244
218,244
219,244
220,244
221,244
222,244
223,244
224,244
225,244
226,244
227,244
228,244
229,244
230,244
231,244
232,244
233,244
234,244
235,244
236,244
237,244
238,244
239,244
240,244
241,244
242,244
243,244
244,244
245,244
246,244
247,244
248,244
249,244
250,244
251,244
252,244
253,244
254,244
255,244
256,244
257,244
258,244
259,244
260,244
261,244
262,244
263,244
264,244
265,244
266,244
267,244
268,244
269,244
270,244
271,244
272,244
273,244
274,244
275,244
276,244
277,244
278,244
279,244
280,244
281,244
282,244
283,244
284,244
285,244
286,244
287,244
288,244
289,244
290,244
291,244
292,244
293,244
294,244
295,244
296,244
297,244
298,244
299,244
300,244
301,244
302,244
303,244
304,244
305,244
306,244
307,244
308,244
309,244
310,244
311,244
312,244
313,244
314,244
315,244
316,244
317,244
318,244
319,244
320,244
321,244
322,244
323,244
324,244
325,244
326,244
327,244
328,244
329,244
330,244
331,244
332,244
333,244
334,244
335,244
336,244
337,244
338,244
339,244
340,244
341,244
342,244
343,244
344,244
345,244
346,244
347,244
348,244
349,244
350,244
351,244
352,244
353,244
354,244
355,244
356,244
357,244
358,244
359,244
360,244
361,244
362,244
363,244
364,244
365,244
366,244
367,244
368,244
369,244
370,244
371,244
372,244
373,244
374,244
375,244
376,244
377,244
378,244
379,244
380,244
381,244
382,244
383,244
384,244
385,244
386,244
387,244
388,244
389,244
390,244
391,244
392,244
393,244
394,244
395,244
396,244
397,244
398,244
399,244
400,244
401,244
402,244
403,244
404,244
405,244
406,244
407,244
408,244
409,244
410,244
411,244
412,244
413,244
414,244
415,244
416,244
417,244
418,244
419,244
420,244
421,244
422,244
423,244
424,244
425,244
426,244
427,244
428,244
429,244
430,244
431,244
432,244
433,244
434,244
435,244
436,244
437,244
438,244
439,244
440,244
441,244
442,244
443,244
444,244
445,244
446,244
447,244
448,244
449,244
450,244
451,244
452,244
453,244
454,244
455,244
456,244
457,244
458,244
459,244
460,244
461,244
462,244
463,244
464,244
465,244
466,244
467,244
468,244
469,244
470,244
471,244
472,244
473,244
474,244
475,244
476,244
477,244
478,244
479,244
480,244
481,244
482,244
483,244
484,244
485,244
486,244
487,244
488,244
489,244
490,244
491,244
492,244
493,244
494,244
495,244
496,244
497,244
498,244
499,244
500,244
501,244
502,244
503,244
504,244
505,244
506,244
507,244
508,244
509,244
510,244
511,244
512,244
513,244
514,244
515,244
516,244
517,244
518,244
519,244
520,244
521,244
522,244
523,244
524,244
525,244
526,244
527,244
528,244
529,244
530,244
531,244
532,244
533,244
534,244
535,244
536,244
537,244
538,244
539,244
540,244
541,244
542,244
543,244
544,244
545,244
546,244
547,244
548,244
549,244
550,244
551,244
552,244
553,244
554,244
555,244
556,244
557,244
558,244
559,244
560,244
561,244
562,244
563,244
564,244
565,244
566,244
567,244
568,244
569,244
570,244
571,244
572,244
573,244
574,244
575,244
576,244
577,244
578,244
579,244
580,244
581,244
582,244
583,244
584,244
585,244
586,244
587,244
588,244
589,244
590,244
591,244
592,244
593,244
594,244
595,244
596,244
597,244
598,244
599,244
600,244
601,244
602,244
603,244
604,244
605,244
606,244
607,244
608,244
609,244
610,244
611,244
612,244
613,244
614,244
615,244
616,244
617,244
618,244
619,244
620,244
621,244
622,244
623,244
624,244
625,244
626,244
627,244
628,244
629,244
630,244
631,244
632,244
633,244
634,244
635,244
636,244
637,244
638,244
639,244
640,244
641,244
642,244
643,244
644,244
645,244
646,244
647,244
648,244
649,244
650,244
651,244
652,244
653,244
654,244
655,244
656,244
657,244
658,244
659,244
660,244
661,244
662,244
663,244
664,244
665,244
666,244
667,244
668,244
669,244
670,244
671,244
672,244
673,244
674,244
675,244
676,244
677,244
678,244
679,244
680,244
681,244
682,244
683,244
684,244
685,244
686,244
687,244
688,244
689,244
690,244
691,244
692,244
693,244
694,244
695,244
696,244
697,244
698,244
699,244
700,244
701,244
702,244
703,244
704,244
705,244
706,244
707,244
708,244
709,244
710,244
711,244
712,244
713,244
714,244
715,244
716,244
717,244
718,244
719,244
720,244
721,244
722,244
723,244
724,244
725,244
726,244
727,244
728,244
729,244
730,244
731,244
732,244
733,244
734,244
735,244
736,244
737,244
738,244
739,244
740,244
741,244
742,244
743,244
744,244
745,244
746,244
747,244
748,244
749,244
750,244
751,244
752,244
753,244
754,244
755,244
756,244
757,244
758,244
759,244
760,244
761,244
762,244
763,244
764,244
765,244
766,244
767,244
768,244
769,244
770,244
771,244
772,244
773,244
774,244
775,244
776,244
777,244
778,244
779,244
780,244
781,244
782,244
783,244
784,244
785,244
786,244
787,244
788,244
789,244
790,244
791,244
792,244
793,244
794,244
795,244
796,244
797,244
798,244
799,244
800,244
801,244
802,244
803,244
804,244
805,244
806,244
807,244
808,244
809,244
810,244
811,244
812,244
813,244
814,244
815,244
816,244
817,244
818,244
819,244
820,244
821,244
822,244
823,244
824,244
825,244
826,244
827,244
828,244
829,244
830,244
831,244
832,244
833,244
834,244
835,244
836,244
837,244
838,244
839,244
840,244
841,244
842,244
843,244
844,244
845,244
846,244
847,244
848,244
849,244
850,244
851,244
852,244
853,244
854,244
855,244
856,244
857,244
858,244
859,244
860,244
861,244
862,244
863,244
864,244
865,244
866,244
867,244
868,244
869,244
870,244
871,244
872,244
873,244
874,244
875,244
876,244
877,244
878,244
879,244
880,244
881,244
882,244
883,244
884,244
885,244
886,244
887,244
888,244
889,244
890,244
891,244
892,244
893,244
894,244
895,244
896,244
897,244
898,244
899,244
900,244
901,244
902,244
903,244
904,244
905,244
906,244
907,244
908,244
909,244
910,244
911,244
912,244
913,244
914,244
915,244
916,244
917,244
918,244
919,244
920,244
921,244
922,244
923,244
924,244
925,244
926,244
927,244
928,244
929,244
930,244
931,244
932,244
933,244
934,244
935,244
936,244
937,244
938,244
939,244
940,244
941,244
942,244
943,244
944,244
945,244
946,244
947,244
948,244
949,244
950,244
951,244
952,244
953,244
954,244
955,244
956,244
957,244
958,244
959,244
960,244
961,244
962,244
963,244
964,244
965,244
966,244
967,244
968,244
969,244
970,244
971,244
972,244
973,244
974,244
975,244
976,244
977,244
978,244
979,244
980,244
981,244
982,244
983,244
984,244
985,244
986,244
987,244
988,244
989,244
990,244
991,244
992,244
993,244
994,244
995,244
996,244
997,244
998,244
999,244
1000,244
1001,244
1002,244
1003,244
1004,244
1005,244
1006,244
1007,244
1008,244
1009,244
1010,244
1011,244
1012,244
1013,244
1014,244
1015,244
1016,244
1017,244
1018,244
1019,244
1020,244
1021,244
1022,244
1023,244
1024,244
1025,244
1026,244
1027,244
1028,244
1029,244
1030,244
1031,244
1032,244
1033,244
1034,244
1035,244
1036,244
1037,244
1038,244
1039,244
1040,244
1041,244
1042,244
1043,244
1044,244
1045,244
1046,244
1047,244
1048,244
1049,244
1050,244
1051,244
1052,244
1053,244
1054,244
1055,244
1056,244
1057,244
1058,244
1059,244
1060,244
1061,244
1062,244
1063,244
1064,244
1065,244
1066,244
1067,244
1068,244
1069,244
1070,244
1071,244
1072,244
1073,244
1074,244
1075,244
1076,244
1077,244
1078,244
1079,244
1080,244
1081,244
1082,244
1083,244
1084,244
1085,244
1086,244
1087,244
1088,244
