1,151
2,151
3,151
4,151
5,151
6,151
7,151
8,151
9,151
10,151
11,151
12,151
13,151
14,151
15,151
16,151
17,151
18,151
19,151
20,151
21,151
22,151
23,151
24,151
25,151
26,151
27,151
28,151
29,151
30,151
31,151
32,151
33,151
34,151
35,151
36,151
37,151
38,151
39,151
40,151
41,151
42,151
43,151
44,151
45,151
46,151
47,151
48,151
49,151
50,151
51,151
52,151
53,151
54,151
55,151
56,151
57,151
58,151
59,151
60,151
61,151
62,151
63,151
64,151
65,151
66,151
67,151
68,151
69,151
70,151
71,151
72,151
73,151
74,151
75,151
76,151
77,151
78,151
79,151
80,151
81,151
82,151
83,151
84,151
85,151
86,151
87,151
88,151
89,151
90,151
91,151
92,151
93,151
94,151
95,151
96,151
97,151
98,151
99,151
100,151
101,151
102,151
103,151
104,151
105,151
106,151
107,151
108,151
109,151
110,151
111,151
112,151
113,151
114,151
115,151
116,151
117,151
118,151
119,151
120,151
121,151
122,151
123,151
124,151
125,151
126,151
127,151
128,151
129,151
130,151
131,151
132,151
133,151
134,151
135,151
136,151
137,151
138,151
139,151
140,151
141,151
142,151
143,151
144,151
145,151
146,151
147,151
148,151
149,151
150,151
151,151
152,151
153,151
154,151
155,151
156,151
157,151
158,151
159,151
160,151
161,151
162,151
163,151
164,151
165,151
166,151
167,151
168,151
169,151
170,151
171,151
172,151
173,151
174,151
175,151
176,151
177,151
178,151
179,151
180,151
181,151
182,151
183,151
184,151
185,151
186,151
187,151
188,151
189,151
190,151
191,151
192,151
193,151
194,151
195,151
196,151
197,151
198,151
199,151
200,151
201,151
202,151
203,151
204,151
205,151
206,151
207,151
208,151
209,151
210,151
211,151
212,151
213,151
214,151
215,151
216,151
217,151
218,151
219,151
220,151
221,151
222,151
223,151
224,151
225,151
226,151
227,151
228,151
229,151
230,151
231,151
232,151
233,151
234,151
235,151
236,151
237,151
238,151
239,151
240,151
241,151
242,151
243,151
244,151
245,151
246,151
247,151
248,151
249,151
250,151
251,151
252,151
253,151
254,151
255,151
256,151
257,151
258,151
259,151
260,151
261,151
262,151
263,151
264,151
265,151
266,151
267,151
268,151
269,151
270,151
271,151
272,151
273,151
274,151
275,151
276,151
277,151
278,151
279,151
280,151
281,151
282,151
283,151
284,151
285,151
286,151
287,151
288,151
289,151
290,151
291,151
292,151
293,151
294,151
295,151
296,151
297,151
298,151
299,151
300,151
301,151
302,151
303,151
304,151
305,151
306,151
307,151
308,151
309,151
310,151
311,151
312,151
313,151
314,151
315,151
316,151
317,152
318,152
319,152
320,152
321,152
322,152
323,152
324,152
325,152
326,152
327,152
328,152
329,152
330,152
331,152
332,152
333,152
334,152
335,152
336,152
337,152
338,152
339,152
340,152
341,152
342,152
343,152
344,152
345,152
346,152
347,152
348,152
349,152
350,152
351,152
352,152
353,152
354,152
355,152
356,152
357,152
358,152
359,152
360,152
361,152
362,152
363,152
364,152
365,152
366,152
367,152
368,152
369,152
370,152
371,152
372,152
373,152
374,152
375,152
376,152
377,152
378,152
379,152
380,152
381,152
382,152
383,152
384,152
385,152
386,152
387,152
388,152
389,152
390,152
391,152
392,152
393,152
394,152
395,152
396,152
397,152
398,152
399,152
400,152
401,152
402,152
403,152
404,152
405,152
406,152
407,152
408,152
409,152
410,152
411,152
412,152
413,152
414,152
415,152
416,152
417,152
418,152
419,152
420,152
421,152
422,152
423,152
424,152
425,152
426,152
427,152
428,152
429,152
430,152
431,152
432,152
433,152
434,152
435,152
436,152
437,152
438,152
439,152
440,152
441,152
442,152
443,152
444,152
445,152
446,152
447,152
448,152
449,152
450,152
451,152
452,152
453,152
454,152
455,152
456,152
457,152
458,152
459,152
460,152
461,152
462,152
463,152
464,152
465,152
466,152
467,152
468,152
469,152
470,152
471,152
472,152
473,152
474,152
475,152
476,152
477,152
478,152
479,152
480,152
481,152
482,152
483,152
484,152
485,152
486,152
487,152
488,152
489,152
490,152
491,152
492,152
493,152
494,152
495,152
496,152
497,152
498,152
499,152
500,152
501,152
502,152
503,152
504,152
505,152
506,152
507,152
508,152
509,152
510,152
511,152
512,152
513,152
514,152
515,152
516,152
517,152
518,152
519,152
520,152
521,152
522,152
523,152
524,152
525,152
526,152
527,152
528,152
529,152
530,152
531,152
532,152
533,152
534,152
535,152
536,152
537,152
538,152
539,152
540,152
541,152
542,152
543,152
544,152
545,152
546,152
547,152
548,152
549,152
550,152
551,152
552,152
553,152
554,152
555,152
556,152
557,152
558,152
559,152
560,152
561,152
562,152
563,152
564,152
565,152
566,152
567,152
568,152
569,152
570,152
571,152
572,152
573,152
574,152
575,152
576,152
577,152
578,152
579,152
580,152
581,152
582,152
583,152
584,152
585,152
586,152
587,152
588,152
589,152
590,152
591,152
592,152
593,152
594,152
595,152
596,152
597,152
598,152
599,152
600,152
601,152
602,152
603,152
604,152
605,152
606,152
607,152
608,152
609,152
610,152
611,152
612,152
613,152
614,152
615,152
616,152
617,152
618,152
619,152
620,152
621,152
622,152
623,152
624,152
625,152
626,152
627,152
628,152
629,152
630,152
631,152
632,152
633,152
634,152
635,152
636,152
637,152
638,152
639,152
640,152
641,152
642,152
643,152
644,152
645,152
646,152
647,152
648,152
649,152
650,152
651,152
652,152
653,152
654,152
655,152
656,152
657,152
658,152
659,152
660,152
661,152
662,152
663,152
664,152
665,152
666,152
667,152
668,152
669,152
670,152
671,152
672,152
673,152
674,152
675,152
676,152
677,152
678,152
679,152
680,152
681,152
682,152
683,152
684,152
685,152
686,152
687,152
688,152
689,152
690,152
691,152
692,152
693,152
694,152
695,152
696,152
697,152
698,152
699,152
700,152
701,152
702,152
703,152
704,152
705,152
706,152
707,152
708,152
709,152
710,152
711,152
712,152
713,152
714,152
715,152
716,152
717,152
718,152
719,152
720,152
721,152
722,152
723,152
724,152
725,152
726,152
727,152
728,152
729,152
730,152
731,152
732,152
733,152
734,152
735,152
736,152
737,152
738,152
739,152
740,152
741,152
742,152
743,152
744,152
745,152
746,152
747,152
748,152
749,152
750,152
751,152
752,152
753,152
754,152
755,152
756,152
757,152
758,152
759,152
760,152
761,152
762,152
763,152
764,152
765,152
766,152
767,152
768,152
769,152
770,152
771,152
772,152
773,152
774,152
775,152
776,152
777,152
778,152
779,152
780,152
781,152
782,152
783,152
784,152
785,152
786,152
787,152
788,152
789,152
790,152
791,152
792,152
793,152
794,152
795,152
796,152
797,152
798,152
799,152
800,152
801,152
802,152
803,152
804,152
805,152
806,152
807,152
808,152
809,152
