1,255
2,256
3,255
4,255
5,255
6,255
7,255
8,255
9,255
10,255
11,255
12,255
13,255
14,255
15,255
16,255
17,255
18,255
19,255
20,255
21,255
22,255
23,255
24,255
25,255
26,255
27,255
28,255
29,255
30,255
31,255
32,255
33,255
34,255
35,255
36,255
37,255
38,255
39,255
40,255
41,255
42,255
43,255
44,255
45,255
46,255
47,255
48,255
49,255
50,255
51,255
52,255
53,255
54,255
55,255
56,255
57,255
58,255
59,255
60,255
61,255
62,255
63,255
64,255
65,255
66,255
67,255
68,255
69,255
70,255
71,255
72,255
73,255
74,255
75,255
76,255
77,255
78,255
79,255
80,255
81,255
82,255
83,255
84,255
85,255
86,255
87,255
88,255
89,255
90,255
91,255
92,255
93,255
94,255
95,255
96,255
97,255
98,255
99,255
100,255
101,255
102,255
103,255
104,255
105,255
106,255
107,255
108,255
109,255
110,255
111,255
112,255
113,255
114,255
115,255
116,255
117,255
118,255
119,255
120,255
121,255
122,255
123,255
124,255
125,255
126,255
127,255
128,255
129,255
130,255
131,255
132,255
133,255
134,255
135,255
136,255
137,255
138,255
139,255
140,255
141,255
142,255
143,255
144,255
145,255
146,255
147,255
148,255
149,255
150,255
151,255
152,255
153,255
154,255
155,255
156,255
157,255
158,255
159,255
160,255
161,255
162,255
163,255
164,255
165,255
166,255
167,255
168,255
169,255
170,255
171,255
172,255
173,255
174,255
175,255
176,255
177,255
178,255
179,255
180,255
181,255
182,255
183,255
184,255
185,255
186,255
187,255
188,255
189,255
190,255
191,255
192,255
193,255
194,255
195,255
196,255
197,255
198,255
199,255
200,255
201,255
202,255
203,255
204,255
205,255
206,255
207,255
208,255
209,255
210,255
211,255
212,255
213,255
214,255
215,256
216,256
217,256
218,256
219,256
220,256
221,256
222,256
223,256
224,256
225,256
226,256
227,256
228,256
229,256
230,256
231,256
232,256
233,256
234,256
235,256
236,256
237,256
238,256
239,256
240,256
241,256
242,256
243,256
244,256
245,256
246,256
247,256
248,256
249,256
250,256
251,256
252,256
253,256
254,256
255,256
256,256
257,256
258,256
259,256
260,256
261,256
262,256
263,256
264,256
265,256
266,256
267,256
268,256
269,256
270,256
271,256
272,256
273,256
274,256
275,256
276,256
277,256
278,256
279,256
280,256
281,256
282,256
283,256
284,256
285,256
286,256
287,256
288,256
289,256
290,256
291,256
292,256
293,256
294,256
295,256
296,256
297,256
298,256
299,256
300,256
301,256
302,256
303,256
304,256
305,256
306,256
307,256
308,256
309,256
310,256
311,256
312,256
313,256
314,256
315,256
316,256
317,256
318,256
319,256
320,256
321,256
322,256
323,256
324,256
325,256
326,256
327,256
328,256
329,256
330,256
331,256
332,256
333,256
334,256
335,256
336,256
337,256
338,256
339,256
340,256
341,256
342,256
343,256
344,256
345,256
346,256
347,256
348,256
349,256
350,256
351,256
352,256
353,256
354,256
355,256
356,256
357,256
358,256
359,256
360,256
361,256
362,256
363,256
364,256
365,256
366,256
367,256
368,256
369,256
370,256
371,256
372,256
373,256
374,256
375,256
376,256
377,256
378,256
379,256
380,256
381,256
382,256
383,256
384,256
385,256
386,256
387,256
388,256
389,256
390,256
391,256
392,256
393,256
394,256
395,256
396,256
397,256
398,256
399,256
400,256
401,256
402,256
403,256
404,256
405,256
406,256
407,256
408,256
409,256
410,256
411,256
412,256
413,256
414,256
415,256
416,256
417,256
418,256
419,256
420,256
421,256
422,256
423,256
424,256
425,256
426,256
427,256
428,256
429,256
430,256
431,256
432,256
433,256
434,256
435,256
436,256
437,256
438,256
439,256
440,256
441,256
442,256
443,256
444,256
445,256
446,256
447,256
448,256
449,256
450,256
451,256
452,256
453,256
454,256
455,256
456,256
457,256
458,256
459,256
460,256
461,256
462,256
463,256
464,256
465,256
466,256
467,256
468,256
469,256
470,256
471,256
472,256
473,256
