1,34
2,34
3,34
4,34
5,34
6,34
7,34
8,34
9,34
10,34
11,34
12,34
13,34
14,34
15,34
16,34
17,34
18,34
19,34
20,34
21,34
22,34
23,34
24,34
25,34
26,34
27,34
28,34
29,34
30,34
31,34
32,34
33,34
34,34
35,34
36,34
37,34
38,34
39,34
40,34
41,34
42,34
43,34
44,34
45,34
46,34
47,34
48,34
49,34
50,34
51,34
52,34
53,34
54,34
55,34
56,34
57,34
58,34
59,34
60,34
61,34
62,34
63,34
64,34
65,34
66,34
67,34
68,34
69,34
70,34
71,34
72,34
73,34
74,34
75,34
76,34
77,34
78,34
79,34
80,34
81,34
82,34
83,34
84,34
85,34
86,34
87,34
88,34
89,34
90,34
91,34
92,34
93,34
94,34
95,34
96,34
97,34
98,34
99,34
100,34
101,34
102,34
103,34
104,34
105,34
106,34
107,34
108,34
109,34
110,34
111,34
112,34
113,34
114,34
115,34
116,34
117,34
118,34
119,34
120,34
121,34
122,34
123,34
124,34
125,34
126,34
127,34
128,34
129,34
130,34
131,34
132,34
133,34
134,34
135,34
136,34
137,34
138,34
139,34
140,34
141,34
142,34
143,34
144,34
145,34
146,34
147,34
148,34
149,34
150,34
151,34
152,34
153,34
154,34
155,34
156,34
157,34
158,34
159,34
160,34
161,34
162,34
163,34
164,34
165,34
166,34
167,34
168,34
169,34
170,34
171,34
172,34
173,34
174,34
175,34
176,34
177,34
178,34
179,34
180,34
181,34
182,34
183,34
184,34
185,34
186,34
187,34
188,34
189,34
190,34
191,34
192,34
193,34
194,34
195,34
196,34
197,34
198,34
199,34
200,34
201,34
202,34
203,34
204,34
205,34
206,34
207,34
208,34
209,34
210,34
211,34
212,34
213,34
214,34
215,34
216,34
217,34
218,34
219,34
220,34
221,34
222,34
223,34
224,34
225,34
226,34
227,34
228,34
229,34
230,34
231,34
232,34
233,34
234,34
235,34
236,34
237,34
238,34
239,34
240,34
241,34
242,34
243,34
244,34
245,34
246,34
247,34
248,34
249,34
250,34
251,34
252,34
253,34
254,34
255,34
256,34
257,123
258,153
259,153
260,153
261,153
262,153
263,153
264,153
265,153
266,153
267,153
268,153
269,153
270,153
271,153
272,153
273,153
274,153
275,153
276,153
277,153
278,153
279,153
280,153
281,153
282,153
283,153
284,153
285,153
286,153
287,153
288,153
289,153
290,153
291,153
292,153
293,153
294,153
295,153
296,153
297,153
298,153
299,153
300,153
301,153
302,153
303,153
304,153
305,153
306,153
307,153
308,153
309,153
310,153
311,153
312,153
313,153
314,153
315,153
316,153
317,153
318,153
319,153
320,153
321,153
322,153
323,153
324,153
325,153
326,153
327,153
328,153
329,153
330,153
331,153
332,153
333,153
334,153
335,153
336,153
337,153
338,153
339,153
340,153
341,153
342,153
343,153
344,153
345,153
346,153
347,153
348,153
349,153
350,153
351,153
352,153
353,153
354,153
355,153
356,153
357,153
358,153
359,153
360,153
361,153
362,153
363,153
364,153
365,153
366,153
367,153
368,153
369,153
370,153
371,153
372,153
373,153
374,153
375,153
376,153
377,153
378,153
379,153
380,153
381,153
382,153
383,153
384,153
385,153
386,153
387,153
388,153
389,153
390,153
391,153
392,153
393,153
394,153
395,153
396,153
397,153
398,153
399,153
400,153
401,153
402,153
403,153
404,153
405,153
406,153
407,153
408,153
409,153
410,153
411,153
412,153
413,153
414,153
415,153
416,153
417,153
418,153
419,153
420,153
421,153
422,153
423,153
424,153
425,153
426,153
427,153
428,153
429,153
430,153
431,153
432,153
433,153
434,153
435,153
436,153
437,153
438,153
439,153
440,153
441,153
442,153
443,153
444,153
445,153
446,153
447,153
448,153
449,153
450,153
451,153
452,153
453,153
454,153
455,153
456,153
457,153
458,153
459,153
460,153
461,153
462,153
463,153
464,153
465,153
466,153
467,153
468,153
469,153
470,153
471,153
472,153
473,153
474,153
475,153
476,153
477,153
478,153
479,153
480,153
481,153
482,153
483,153
484,153
485,153
486,153
487,153
488,153
489,153
490,153
491,153
492,153
493,153
494,153
495,153
496,153
497,153
498,153
499,153
500,153
501,153
502,153
503,153
504,153
505,153
506,153
507,153
508,153
509,153
510,153
511,153
512,153
513,153
514,153
515,153
516,153
517,153
518,153
519,153
520,153
521,153
522,153
523,153
524,153
525,153
526,153
527,153
528,153
529,153
530,153
531,153
532,153
533,153
534,153
535,153
536,153
537,153
538,153
539,153
540,153
541,153
542,153
543,153
544,153
545,153
546,153
547,153
548,153
549,153
550,153
551,153
552,153
553,153
554,153
555,153
556,153
557,153
558,153
559,153
560,153
561,153
562,153
563,153
564,153
565,153
566,153
567,153
568,153
569,153
570,153
571,153
572,153
573,153
574,153
575,153
576,153
577,153
578,153
579,153
580,153
581,153
582,153
583,153
584,153
585,153
586,153
587,153
588,153
589,153
590,153
591,153
592,153
593,153
594,153
595,153
596,153
597,153
598,153
599,153
600,153
601,153
602,153
603,153
604,153
605,153
606,153
607,153
608,153
609,153
610,153
611,153
612,153
613,153
614,153
615,153
616,153
617,153
618,153
619,153
620,153
621,153
622,153
623,153
624,153
625,153
626,153
627,153
628,153
629,153
630,153
631,153
632,153
633,153
634,153
635,153
636,153
637,153
638,153
639,153
640,153
641,153
642,153
643,153
644,153
645,153
646,153
647,153
648,153
649,153
650,153
651,153
652,153
653,153
654,153
655,153
656,153
657,153
658,153
659,153
660,153
661,153
662,153
663,153
664,153
665,153
666,153
667,153
668,153
669,153
670,153
671,153
672,153
673,153
674,153
675,153
676,153
677,153
678,153
679,153
680,153
681,153
682,153
683,153
684,153
685,153
686,153
687,153
688,153
689,153
690,153
691,153
692,153
693,153
694,153
695,153
696,153
697,153
698,153
699,153
700,153
701,153
702,153
703,153
704,153
705,153
706,153
707,153
708,153
709,153
710,153
711,153
712,153
713,153
714,153
715,153
716,153
717,153
718,153
719,153
720,153
721,153
722,153
723,153
724,153
725,153
726,153
727,153
728,153
729,153
730,153
731,153
732,153
733,153
734,153
735,153
736,153
737,153
738,153
739,153
740,153
741,153
742,153
743,153
744,153
745,153
746,153
747,153
748,153
749,153
750,153
751,153
752,153
753,153
754,153
755,153
756,153
757,153
758,153
759,153
760,153
761,153
762,153
763,153
764,153
765,153
766,153
767,153
768,153
769,153
770,153
771,153
772,153
773,153
774,153
775,153
776,153
777,153
778,153
779,153
780,153
781,153
782,153
783,153
784,153
785,153
786,153
787,153
788,153
789,153
790,153
791,153
792,153
793,153
794,153
795,153
796,153
797,153
