1,238
2,238
3,238
4,238
5,238
6,238
7,238
8,238
9,238
10,238
11,238
12,238
13,238
14,238
15,238
16,238
17,238
18,238
19,238
20,238
21,238
22,238
23,238
24,238
25,238
26,238
27,238
28,238
29,238
30,238
31,238
32,238
33,238
34,238
35,238
36,237
37,237
38,235
39,235
40,235
41,235
42,235
43,235
44,235
45,235
46,235
47,235
48,235
49,235
50,235
51,235
52,235
53,235
54,235
55,235
56,235
57,235
58,235
59,235
60,235
61,235
62,235
63,235
64,235
65,235
66,235
67,235
68,235
69,235
70,235
71,235
72,235
73,235
74,235
75,235
76,235
77,235
78,235
79,235
80,235
81,235
82,235
83,235
84,235
85,235
86,235
87,235
88,235
89,235
90,235
91,235
92,235
93,235
94,235
95,235
96,235
97,235
98,235
99,235
100,235
101,235
102,235
103,235
104,235
105,235
106,235
107,235
108,235
109,235
110,235
111,235
112,235
113,235
114,235
115,235
116,235
117,235
118,235
119,235
120,235
121,235
122,235
123,235
124,235
125,235
126,235
127,235
128,235
129,235
130,235
131,235
132,235
133,235
134,235
135,235
136,235
137,235
138,235
139,235
140,235
141,235
142,235
143,235
144,235
145,235
146,235
147,235
148,235
149,235
150,235
151,235
152,235
153,235
154,235
155,235
156,235
157,235
158,235
159,235
160,235
161,235
162,235
163,235
164,235
165,235
166,235
167,235
168,235
169,235
170,235
171,235
172,235
173,235
174,235
175,235
176,235
177,235
178,235
179,235
180,235
181,235
182,235
183,235
184,235
185,235
186,235
187,235
188,235
189,235
190,235
191,235
192,235
193,235
194,235
195,235
196,235
197,235
198,235
199,235
200,235
201,235
202,235
203,235
204,235
205,235
206,235
207,235
208,235
209,235
210,235
211,235
212,235
213,235
214,235
215,235
216,235
217,235
218,235
219,235
220,235
221,235
222,235
223,235
224,235
225,235
226,235
227,235
228,235
229,235
230,235
231,235
232,235
233,235
234,235
235,235
236,235
237,235
238,235
239,235
240,235
241,235
242,235
243,235
244,235
245,235
246,235
247,235
248,235
249,235
250,235
251,235
252,235
253,235
254,235
255,235
256,235
257,235
258,235
259,235
260,235
261,235
262,235
263,235
264,235
265,235
266,235
267,235
268,235
269,235
270,235
271,235
272,235
273,235
274,235
275,235
276,235
277,235
278,235
279,235
280,235
281,235
282,235
283,235
284,235
285,235
286,235
287,235
288,235
289,235
290,235
291,235
292,235
293,235
294,235
295,235
296,235
297,235
298,235
299,235
300,235
301,235
302,235
303,235
304,235
305,235
306,235
307,235
308,235
309,235
310,235
311,235
312,235
313,235
314,235
315,235
316,235
317,235
318,235
319,235
320,235
321,235
322,235
323,235
324,235
325,235
326,235
327,235
328,235
329,235
330,235
331,235
332,235
333,235
334,235
335,235
336,235
337,235
338,235
339,235
340,235
341,235
342,235
343,235
344,235
345,235
346,235
347,235
348,235
349,235
350,235
351,235
352,235
353,235
354,235
355,235
356,235
357,235
358,235
359,235
360,235
361,235
362,235
363,235
364,235
365,235
366,235
367,235
368,235
369,235
370,235
371,235
372,235
373,235
374,235
375,235
376,235
377,235
378,235
379,235
380,235
381,235
382,235
383,235
384,235
385,235
386,235
387,235
388,235
389,235
390,235
391,235
392,235
393,235
394,235
395,235
396,235
397,235
398,235
399,235
400,235
401,235
402,235
403,235
404,235
405,235
406,235
407,235
408,235
409,235
410,235
411,235
412,235
413,235
414,235
415,235
416,235
417,235
418,235
419,235
420,235
421,235
422,235
423,235
424,235
425,235
426,235
427,235
428,235
429,235
430,235
431,235
432,235
433,235
434,235
435,235
436,235
437,235
438,235
439,235
440,235
441,235
442,235
443,235
444,235
445,235
446,235
447,235
448,235
449,235
450,235
451,235
452,235
453,235
454,235
