1,344
2,344
3,344
4,344
5,344
6,344
7,344
8,344
9,344
10,344
11,344
12,344
13,344
14,344
15,344
16,344
17,344
18,344
19,344
20,344
21,344
22,344
23,344
24,344
25,344
26,344
27,344
28,344
29,344
30,344
31,344
32,344
33,344
34,344
35,344
36,344
37,344
38,344
39,344
40,344
41,344
42,344
43,344
44,344
45,344
46,344
47,344
48,344
49,344
50,344
51,344
52,344
53,344
54,344
55,344
56,344
57,344
58,344
59,344
60,344
61,344
62,344
63,344
64,344
65,344
66,344
67,344
68,344
69,344
70,344
71,344
72,344
73,344
74,344
75,344
76,344
77,344
78,344
79,344
80,344
81,344
82,344
83,344
84,344
85,344
86,344
87,344
88,344
89,344
90,344
91,344
92,344
93,344
94,344
95,344
96,344
97,344
98,344
99,344
100,344
101,344
102,344
103,344
104,344
105,344
106,344
107,344
108,344
109,344
110,344
111,344
112,344
113,344
114,344
115,343
116,343
117,343
118,343
119,343
120,343
121,343
122,343
123,343
124,343
125,343
126,343
127,343
128,343
129,343
130,343
131,343
132,343
133,343
134,343
135,343
136,343
137,343
138,343
139,343
140,343
141,343
142,343
143,343
144,343
145,343
146,343
147,343
148,343
149,343
150,343
151,343
152,343
153,343
154,343
155,343
156,343
157,343
158,343
159,343
160,343
161,343
162,343
163,343
164,343
165,343
166,343
167,343
168,343
169,343
170,343
171,343
172,343
173,343
174,343
175,343
176,343
177,343
178,343
179,343
180,344
181,344
182,344
183,344
184,344
185,344
186,344
187,344
188,344
189,344
190,344
191,344
192,344
193,344
194,344
195,344
196,344
197,344
198,344
199,344
200,344
201,344
202,344
203,344
204,344
205,344
206,344
207,344
208,344
209,344
210,344
211,344
212,344
213,344
214,344
215,344
216,344
217,344
218,344
219,344
220,344
221,344
222,344
223,344
224,344
225,344
226,344
227,344
228,344
229,344
230,344
231,344
232,344
233,344
234,344
235,344
236,344
237,344
238,344
239,344
240,344
241,344
242,344
243,344
244,344
245,344
246,344
247,344
248,344
249,344
250,344
251,344
252,344
253,344
254,344
255,344
256,344
257,344
258,344
259,344
260,344
261,344
262,344
263,344
264,344
265,344
266,344
267,344
268,344
269,344
270,344
271,344
272,344
273,344
274,344
275,344
276,344
277,344
278,344
279,344
280,344
281,344
282,344
283,344
284,344
285,344
286,344
287,344
288,344
289,344
290,344
291,344
292,344
293,344
294,344
295,344
296,344
297,344
298,344
299,344
300,344
301,344
302,344
303,344
304,344
305,344
306,344
307,344
308,344
309,344
310,344
311,344
312,344
313,344
