1,72
2,72
3,72
4,72
5,72
6,72
7,72
8,72
9,72
10,72
11,72
12,72
13,72
14,72
15,72
16,72
17,72
18,72
19,72
20,72
21,72
22,72
23,72
24,72
25,72
26,72
27,72
28,72
29,72
30,72
31,72
32,72
33,72
34,72
35,72
36,72
37,72
38,72
39,72
40,72
41,72
42,72
43,72
44,72
45,72
46,72
47,72
48,72
49,72
50,72
51,72
52,72
53,72
54,72
55,72
56,72
57,72
58,72
59,72
60,72
61,72
62,72
63,72
64,72
65,72
66,72
67,72
68,72
69,72
70,72
71,72
72,72
73,177
74,240
75,240
76,240
77,240
78,240
79,240
80,240
81,240
82,240
83,240
84,240
85,240
86,240
87,240
88,240
89,240
90,240
91,240
92,240
93,240
94,240
95,240
96,240
97,240
98,240
99,240
100,240
101,240
102,240
103,240
104,240
105,240
106,240
107,240
108,240
109,240
110,240
111,240
112,240
113,240
114,240
115,240
116,240
117,240
118,240
119,240
120,240
121,240
122,240
123,240
124,240
125,240
126,240
127,240
128,240
129,240
130,240
131,240
132,240
133,240
134,240
135,240
136,240
137,240
138,240
139,240
140,240
141,240
142,240
143,240
144,240
145,240
146,240
147,240
148,240
149,240
150,240
151,240
152,240
153,240
154,240
155,240
156,240
157,240
158,240
159,240
160,240
161,240
162,240
163,240
164,240
165,240
166,240
167,240
168,240
169,240
170,240
171,240
172,240
173,240
174,240
175,240
176,240
177,240
178,240
179,240
180,240
181,240
182,240
183,240
184,240
185,240
186,240
187,240
188,240
189,240
190,240
191,240
192,240
193,240
194,240
195,240
196,240
197,240
198,240
199,240
200,240
201,240
202,240
203,240
204,240
205,240
206,240
207,240
208,240
209,240
210,240
211,240
212,240
213,240
214,240
215,240
216,240
217,240
218,240
219,240
220,240
221,240
222,240
223,240
224,240
225,240
226,240
227,240
228,240
229,240
230,240
231,240
232,240
233,240
234,240
235,240
236,240
237,240
238,240
239,240
240,240
241,240
242,240
243,240
244,240
245,240
246,240
247,240
248,240
249,240
250,240
251,240
252,240
253,240
254,240
255,240
256,240
257,240
258,240
259,240
260,240
261,240
262,240
263,240
264,240
265,240
266,240
267,240
268,240
269,240
270,240
271,240
272,240
273,240
274,240
275,240
276,240
277,240
278,240
279,240
280,240
281,240
282,240
283,240
284,240
285,240
286,240
287,240
288,240
289,240
290,240
291,240
292,240
293,240
294,240
295,240
296,240
297,240
298,240
299,240
300,240
301,240
302,240
303,240
304,240
305,240
306,240
307,240
308,240
309,240
310,240
311,240
312,240
313,240
314,240
315,240
316,240
317,240
318,240
319,240
320,240
321,240
322,240
323,240
324,240
325,240
326,240
327,240
328,240
329,240
330,240
331,240
332,240
333,240
334,240
335,240
336,240
337,240
338,240
339,240
340,240
341,240
342,240
343,240
344,240
345,240
346,240
347,240
348,240
349,240
350,240
351,240
352,240
353,240
354,240
355,240
356,240
357,240
358,240
359,240
360,240
361,240
362,240
363,240
364,240
365,240
366,240
367,240
368,240
369,240
370,240
371,240
372,240
373,240
374,240
375,240
376,240
377,240
378,240
379,240
380,240
381,240
382,240
383,240
384,240
385,240
386,240
387,240
388,240
389,240
390,240
391,240
392,240
393,240
394,240
395,240
396,240
397,240
398,240
399,240
400,240
401,240
402,240
403,240
404,240
405,240
406,240
407,240
408,240
409,240
410,240
411,240
412,240
413,240
414,240
415,240
416,240
417,240
418,240
419,240
420,240
421,240
422,240
423,240
424,240
425,240
426,240
427,240
428,240
429,240
430,240
431,240
432,240
433,240
434,240
435,240
436,240
437,240
438,240
439,240
440,240
441,240
442,240
443,240
444,240
445,240
446,240
447,240
448,240
449,240
450,240
451,240
452,240
453,240
454,240
455,240
456,240
457,240
458,240
459,240
460,240
461,240
462,240
463,240
464,240
465,240
466,240
467,240
468,240
469,240
470,240
471,240
472,240
473,240
474,240
475,240
476,240
477,240
478,240
479,240
480,240
481,240
482,240
483,240
484,240
485,240
486,240
487,240
488,240
489,240
490,240
491,240
492,240
493,240
494,240
495,240
496,240
497,240
498,240
499,240
500,240
501,240
502,240
503,240
504,240
505,240
506,240
507,240
508,240
509,240
510,240
511,240
512,240
513,240
514,240
515,240
516,240
517,240
518,240
519,240
520,240
521,240
522,240
523,240
524,240
525,240
526,240
527,240
528,240
529,240
530,240
531,240
532,240
533,240
534,240
535,240
536,240
537,240
538,240
539,240
540,240
541,240
542,240
543,240
544,240
545,240
546,240
547,240
548,240
549,240
550,240
551,240
552,240
553,240
554,240
555,240
556,240
557,240
558,240
559,240
560,240
561,240
562,240
563,240
564,240
565,240
566,240
567,240
568,240
569,240
570,240
571,240
572,240
573,240
574,240
575,240
576,240
577,240
578,240
579,240
580,240
581,240
582,240
583,240
584,240
585,240
586,240
587,240
588,240
589,240
590,240
591,240
592,240
593,240
594,240
595,240
596,240
597,240
598,240
599,240
600,240
601,240
602,240
603,240
604,240
605,240
606,240
607,240
608,240
609,240
610,240
611,240
612,240
613,240
614,240
615,240
616,240
617,240
618,240
619,240
620,240
621,240
622,240
623,240
624,240
625,240
626,240
627,240
628,240
629,240
630,240
631,240
632,240
633,240
634,240
635,240
636,240
637,240
638,240
639,240
640,240
641,240
642,240
643,240
644,240
645,240
646,240
647,240
648,240
649,240
650,240
651,240
652,240
653,240
654,240
655,240
656,240
657,240
658,240
659,240
660,240
661,240
662,240
663,240
664,240
665,240
666,240
667,240
668,240
669,240
670,240
671,240
672,240
673,240
674,240
675,240
676,240
677,240
678,240
679,240
680,240
681,240
682,240
683,240
684,240
685,240
686,240
687,240
688,240
689,240
690,240
691,240
692,240
693,240
694,240
695,240
696,240
697,240
698,240
699,240
700,240
701,240
702,240
703,240
704,240
705,240
706,240
707,240
708,240
709,240
710,240
711,240
712,240
713,240
714,240
715,240
716,240
717,240
718,240
719,240
720,240
721,240
722,240
723,240
724,240
725,240
726,240
727,240
728,240
729,240
730,240
731,240
732,240
733,240
734,240
735,240
736,240
737,240
738,240
739,240
740,240
741,240
742,240
743,240
744,240
745,240
746,240
747,240
748,240
749,240
750,240
751,240
752,240
753,240
754,240
755,240
756,240
757,240
758,240
759,240
760,240
761,240
762,240
763,240
764,240
765,240
766,240
767,240
768,240
769,240
770,240
771,240
772,240
773,240
774,240
775,240
776,240
777,240
778,240
779,240
780,240
781,240
782,240
783,240
784,240
785,240
786,240
787,240
788,240
789,240
790,240
791,240
792,240
793,240
794,240
795,240
796,240
797,240
798,240
799,240
800,240
801,240
802,240
803,240
804,240
805,240
806,240
807,240
808,240
809,240
810,240
811,240
812,240
813,240
814,240
815,240
816,240
817,240
818,240
819,240
820,240
821,240
822,240
823,240
824,240
825,240
826,240
827,240
828,240
829,240
830,240
831,240
832,240
833,240
834,240
835,240
836,240
837,240
838,240
839,240
840,240
841,240
842,240
843,240
844,240
845,240
846,240
847,240
848,240
849,240
850,240
851,240
852,240
853,240
854,240
855,240
856,240
857,240
858,240
859,240
860,240
861,240
862,240
863,240
864,240
865,240
866,240
867,240
868,240
869,240
870,240
871,240
872,240
873,240
874,240
875,240
876,240
877,240
878,240
879,240
880,240
881,240
882,240
883,240
884,240
885,240
886,240
887,240
888,240
889,240
890,240
891,240
892,240
893,240
894,240
895,240
896,240
897,240
898,240
899,240
900,240
901,240
902,240
903,240
904,240
905,240
906,240
907,240
908,240
909,240
910,240
911,240
912,240
913,240
914,240
915,240
916,240
917,240
918,240
919,240
920,240
921,240
922,240
923,240
924,240
925,240
926,240
927,240
928,240
929,240
930,240
931,240
932,240
933,240
934,240
935,240
936,240
937,240
938,240
939,240
940,240
941,240
942,240
943,240
944,240
945,240
946,240
947,240
948,240
949,240
950,240
951,240
952,240
953,240
