1,83
2,147
3,147
4,147
5,147
6,147
7,147
8,147
9,147
10,147
11,147
12,147
13,147
14,147
15,147
16,147
17,147
18,147
19,147
20,147
21,147
22,147
23,147
24,147
25,147
26,147
27,147
28,147
29,147
30,147
31,147
32,147
33,147
34,147
35,147
36,147
37,147
38,147
39,147
40,147
41,147
42,147
43,147
44,147
45,147
46,147
47,147
48,147
49,147
50,147
51,147
52,147
53,147
54,147
55,147
56,147
57,147
58,147
59,147
60,147
61,147
62,147
63,147
64,147
65,147
66,147
67,147
68,147
69,147
70,147
71,147
72,147
73,147
74,147
75,147
76,147
77,147
78,147
79,147
80,147
81,147
82,147
83,147
84,147
85,147
86,147
87,147
88,147
89,147
90,147
91,147
92,147
93,147
94,147
95,147
96,147
97,147
98,147
99,147
100,147
101,147
102,147
103,147
104,147
105,147
106,147
107,147
108,147
109,147
110,147
111,147
112,147
113,147
114,147
115,147
116,147
117,147
118,147
119,147
120,147
121,147
122,147
123,147
124,147
125,147
126,147
127,147
128,147
129,147
130,147
131,147
132,147
133,147
134,147
135,147
136,147
137,147
138,147
139,147
140,147
141,147
142,147
143,147
144,147
145,147
146,147
147,147
148,147
149,147
150,147
151,147
152,147
153,147
154,147
155,147
156,147
157,147
158,147
159,147
160,147
161,147
162,147
163,147
164,147
165,147
166,147
167,147
168,147
169,147
170,147
171,147
172,147
173,147
174,147
175,147
176,147
177,147
178,147
179,147
180,147
181,147
182,147
183,147
184,147
185,147
186,147
187,147
188,147
189,147
190,147
191,147
192,147
193,147
194,147
195,147
196,147
197,147
198,147
199,147
200,147
201,147
202,147
203,147
204,147
205,147
206,147
207,147
208,147
209,147
210,147
211,147
212,147
213,147
214,147
215,147
216,147
217,147
218,147
219,147
220,147
221,147
222,147
223,147
224,147
225,147
226,147
227,147
228,147
229,147
230,147
231,147
232,147
233,147
234,147
235,147
236,147
237,147
238,147
239,147
240,147
241,147
242,147
243,147
244,147
245,147
246,147
247,147
248,147
249,147
250,147
251,147
252,147
253,147
254,147
255,147
256,147
257,147
258,147
259,147
260,147
261,147
262,147
263,147
264,147
265,147
266,147
267,147
268,147
269,147
270,147
271,147
272,147
273,147
274,147
275,147
276,147
277,147
278,147
279,147
280,147
281,147
282,147
283,147
284,147
285,147
286,147
287,147
288,147
289,147
290,147
291,147
292,147
293,147
294,147
295,147
296,147
297,147
298,147
299,147
300,147
301,147
302,147
303,147
304,147
305,147
306,147
307,147
308,147
309,147
310,147
311,147
312,147
313,147
314,147
315,147
316,147
317,147
318,147
319,147
320,147
321,147
322,147
323,147
324,147
325,147
326,147
327,147
328,147
329,147
330,147
331,147
332,147
333,147
334,147
335,147
336,147
337,147
338,147
339,147
340,147
341,147
342,147
343,147
344,147
345,147
346,147
347,147
348,147
349,147
350,147
351,147
352,147
353,147
354,147
355,147
356,147
357,147
358,147
359,147
360,147
361,147
362,147
363,147
364,147
365,147
366,147
367,147
368,147
369,147
370,147
371,147
372,147
373,147
374,147
375,147
376,147
377,147
378,147
379,147
380,147
381,147
382,147
383,147
384,147
385,147
386,147
387,147
388,147
389,147
390,147
391,147
392,147
393,147
394,147
395,147
396,147
397,147
398,147
399,147
400,147
401,147
402,147
403,147
404,147
405,147
406,147
407,147
408,147
409,147
410,147
411,147
412,147
413,147
414,147
415,147
416,147
417,147
418,147
419,147
420,147
421,147
422,147
423,147
424,147
425,147
426,147
427,147
428,147
429,147
430,147
431,147
432,147
433,147
434,147
435,147
436,147
437,147
438,147
439,147
440,147
441,147
442,147
443,147
444,147
445,147
446,147
447,147
448,147
449,147
450,147
451,147
452,147
453,147
454,147
455,147
456,147
457,147
458,147
459,147
460,147
461,147
462,147
463,147
464,147
465,147
466,147
467,147
468,147
469,147
470,147
471,147
472,147
473,147
474,147
475,147
476,147
477,147
478,147
479,147
480,147
481,147
482,147
483,147
484,147
485,147
486,147
487,147
488,147
489,147
490,147
491,147
492,147
493,147
494,147
495,147
496,147
497,147
498,147
499,147
500,147
501,147
502,147
503,147
504,147
505,147
506,147
507,147
508,147
509,147
510,147
511,147
512,147
513,147
514,147
515,147
516,147
517,147
518,147
519,147
520,147
521,147
522,147
523,147
524,147
525,147
526,147
527,147
528,147
529,147
530,147
531,147
532,147
533,147
534,147
535,147
536,147
537,147
538,147
539,147
540,147
541,147
542,147
543,147
544,147
545,147
546,147
547,147
548,147
549,147
550,147
551,147
552,147
553,147
554,147
555,147
556,147
557,147
558,147
559,147
560,147
561,147
562,147
563,147
564,147
565,147
566,147
567,147
568,147
569,147
570,147
571,147
572,147
573,147
574,147
575,147
576,147
577,147
578,147
579,147
580,147
581,147
582,147
583,147
584,147
585,147
586,147
587,147
588,147
589,147
590,147
591,147
592,147
593,147
594,147
595,147
596,147
597,147
598,147
599,147
600,147
601,147
602,147
603,147
604,147
605,147
606,147
607,147
608,147
609,147
610,147
611,147
612,147
613,147
614,147
615,147
616,147
617,147
618,147
619,147
620,147
621,147
622,147
623,147
624,147
625,147
626,147
627,147
628,147
629,147
630,147
631,147
632,147
633,147
634,147
635,147
636,147
637,147
638,147
639,147
640,147
641,147
642,147
643,147
644,147
645,147
646,147
647,147
648,147
649,147
650,147
651,147
652,147
653,147
654,147
655,147
656,147
657,147
658,147
659,147
660,147
661,147
662,147
663,147
664,147
665,147
666,147
667,147
668,147
669,147
670,147
671,147
672,147
673,147
674,147
675,147
676,147
677,147
678,147
679,147
680,147
681,147
682,147
683,147
684,147
685,147
686,147
687,147
688,147
689,147
690,147
691,147
692,147
693,147
694,147
695,147
696,147
697,147
698,147
699,147
700,147
701,147
702,147
703,147
704,147
705,147
706,147
707,147
708,147
709,147
710,147
711,147
712,147
713,147
714,147
715,147
716,147
717,147
718,147
719,147
720,147
721,147
722,147
723,147
724,147
725,147
726,147
727,147
728,147
729,147
730,147
731,147
732,147
733,147
734,147
735,147
736,147
737,147
738,147
739,147
740,147
741,147
742,147
743,147
744,147
745,147
746,147
747,147
748,147
749,147
750,147
751,147
752,147
753,147
754,147
755,147
756,147
757,147
758,147
759,147
760,147
761,147
762,147
763,147
764,147
765,147
766,147
767,147
768,147
769,147
770,147
771,147
772,147
773,147
774,147
775,147
776,147
777,147
778,147
779,147
780,147
781,147
782,147
783,147
784,147
785,147
786,147
787,147
788,147
789,147
790,147
791,147
792,147
793,147
794,147
795,147
796,147
797,147
798,147
799,147
800,147
801,147
802,147
803,147
804,147
805,147
806,147
807,147
808,147
809,147
810,147
811,147
812,147
813,147
814,147
815,147
816,147
817,147
818,147
819,147
820,147
821,147
822,147
823,147
824,147
825,147
826,147
827,147
828,147
829,147
830,147
831,147
832,147
833,147
834,147
835,147
836,147
837,147
838,147
839,147
840,147
841,147
842,147
843,147
844,147
845,147
846,147
847,147
848,147
849,147
850,147
851,147
852,147
853,147
854,147
855,147
856,147
857,147
858,147
859,147
860,147
861,147
862,147
863,147
864,147
865,147
866,147
867,147
868,147
869,147
870,147
871,147
872,147
873,147
874,147
875,147
876,147
877,147
878,147
879,147
880,147
881,147
882,147
883,147
884,147
885,147
886,147
887,147
888,147
889,147
890,147
891,147
892,147
893,147
894,147
895,147
896,147
897,147
898,147
899,147
900,147
901,147
902,147
903,147
904,147
905,147
906,147
907,147
908,147
909,147
910,147
911,147
912,147
913,147
914,147
915,147
916,147
917,147
918,147
919,147
920,147
921,147
922,147
923,147
924,147
925,147
926,147
927,147
928,147
929,147
930,147
931,147
932,147
933,147
934,147
935,147
936,147
937,147
938,147
939,147
940,147
941,147
942,147
943,147
944,147
945,147
946,147
947,147
948,147
949,147
950,147
951,147
952,147
953,147
954,147
955,147
956,147
957,147
958,147
959,147
960,147
961,147
962,147
963,147
964,147
965,147
966,147
967,147
968,147
969,147
970,147
971,147
972,147
973,147
974,147
975,147
976,147
977,147
978,147
979,147
980,147
981,147
982,147
983,147
984,147
985,147
986,147
987,147
988,147
989,147
990,147
991,147
992,147
993,147
994,147
995,147
996,147
997,147
998,147
999,147
1000,147
1001,147
1002,147
1003,147
1004,147
1005,147
1006,147
1007,147
1008,147
1009,147
1010,147
1011,147
1012,147
1013,147
1014,147
1015,147
1016,147
1017,147
1018,147
1019,147
1020,147
1021,147
1022,147
1023,147
1024,147
1025,147
1026,147
1027,147
1028,147
1029,147
1030,147
1031,147
1032,147
1033,147
1034,147
1035,147
1036,147
1037,147
1038,147
1039,147
1040,147
1041,147
1042,147
1043,147
1044,147
1045,147
1046,147
1047,147
1048,147
1049,147
1050,147
1051,147
1052,147
1053,147
1054,147
1055,147
1056,147
1057,147
1058,147
1059,147
1060,147
1061,147
1062,147
1063,147
1064,147
1065,147
1066,147
1067,147
1068,147
1069,147
1070,147
1071,147
1072,147
1073,147
1074,147
1075,147
1076,147
1077,147
1078,147
1079,147
1080,147
1081,147
1082,147
1083,147
1084,147
1085,147
1086,147
1087,147
1088,147
1089,147
1090,147
1091,147
1092,147
1093,147
1094,147
1095,147
1096,147
1097,147
1098,147
1099,147
1100,147
1101,147
1102,147
1103,147
1104,147
1105,147
1106,147
1107,147
1108,147
1109,147
1110,147
1111,147
1112,147
1113,147
1114,147
1115,147
1116,147
1117,147
1118,147
1119,147
1120,147
1121,147
1122,147
1123,147
1124,147
1125,147
1126,147
1127,147
1128,147
1129,147
1130,147
1131,147
1132,147
1133,147
1134,147
1135,147
1136,147
1137,147
1138,147
1139,147
1140,147
1141,147
1142,147
1143,147
1144,147
1145,147
1146,147
1147,147
1148,147
1149,147
1150,147
1151,147
1152,147
1153,147
1154,147
1155,147
1156,147
1157,147
1158,147
1159,147
1160,147
1161,147
1162,147
1163,147
1164,147
1165,147
1166,147
1167,147
1168,147
1169,147
1170,147
1171,147
1172,147
1173,147
1174,147
1175,147
1176,147
1177,147
1178,147
1179,147
1180,147
1181,147
1182,147
1183,147
1184,147
1185,147
1186,147
1187,147
1188,147
1189,147
1190,147
1191,147
1192,147
1193,147
1194,147
1195,147
1196,147
1197,147
1198,147
1199,147
1200,147
1201,147
1202,147
1203,147
1204,147
1205,147
1206,147
1207,147
1208,147
1209,147
1210,147
1211,147
1212,147
1213,147
1214,147
1215,147
1216,147
1217,147
1218,147
1219,147
1220,147
1221,147
1222,147
1223,147
1224,147
1225,147
1226,147
1227,147
1228,147
1229,147
1230,147
1231,147
1232,147
1233,147
1234,147
1235,147
1236,147
1237,147
1238,147
1239,147
1240,147
1241,147
1242,147
1243,147
1244,147
1245,147
1246,147
1247,147
1248,147
1249,147
1250,147
1251,147
1252,147
1253,147
1254,147
1255,147
1256,147
1257,147
1258,147
1259,147
1260,147
1261,147
1262,147
1263,147
1264,147
1265,147
1266,147
1267,147
1268,147
1269,147
1270,147
1271,147
1272,147
1273,147
1274,147
1275,147
1276,147
1277,147
1278,147
1279,147
1280,147
1281,147
1282,147
1283,147
1284,147
1285,147
1286,147
1287,147
1288,147
1289,147
1290,147
1291,147
1292,147
1293,147
1294,147
1295,147
1296,147
1297,147
1298,147
1299,147
1300,147
1301,147
1302,147
1303,147
1304,147
1305,147
1306,147
1307,147
1308,147
1309,147
1310,147
1311,147
1312,147
1313,147
1314,147
1315,147
1316,147
1317,147
1318,147
1319,147
1320,147
1321,147
1322,147
1323,147
1324,147
1325,147
1326,147
1327,147
1328,147
1329,147
1330,147
1331,147
1332,147
1333,147
1334,147
1335,147
1336,147
1337,147
1338,147
1339,147
1340,147
1341,147
1342,147
1343,147
1344,147
1345,147
1346,147
1347,147
1348,147
1349,147
1350,147
1351,147
1352,147
1353,147
1354,147
1355,147
1356,147
1357,147
1358,147
1359,147
1360,147
1361,147
1362,147
1363,147
1364,147
1365,147
1366,147
1367,147
1368,147
1369,147
1370,147
1371,147
1372,147
1373,147
1374,147
1375,147
1376,147
1377,147
1378,147
1379,147
1380,147
1381,147
1382,147
1383,147
1384,147
1385,147
1386,147
1387,147
1388,147
1389,147
1390,147
1391,147
1392,147
1393,147
1394,147
1395,147
1396,147
1397,147
1398,147
1399,147
1400,147
1401,147
1402,147
1403,147
1404,147
1405,147
1406,147
1407,147
1408,147
1409,147
1410,147
1411,147
1412,147
1413,147
1414,147
1415,147
1416,147
1417,147
1418,147
1419,147
1420,147
1421,147
1422,147
1423,147
1424,147
1425,147
1426,147
1427,147
1428,147
1429,147
1430,147
1431,147
1432,147
1433,147
1434,147
1435,147
1436,147
1437,147
1438,147
1439,147
1440,147
1441,147
1442,147
1443,147
1444,147
1445,147
1446,147
1447,147
1448,147
1449,147
1450,147
1451,147
1452,147
1453,147
1454,147
1455,147
1456,147
1457,147
1458,147
1459,147
1460,147
1461,147
1462,147
1463,147
1464,147
1465,147
1466,147
1467,147
1468,147
1469,147
1470,147
1471,147
1472,147
1473,147
1474,147
1475,147
1476,147
1477,147
1478,147
1479,147
1480,147
1481,147
1482,147
1483,147
1484,147
1485,147
1486,147
1487,147
1488,147
1489,147
1490,147
1491,147
1492,147
1493,147
1494,147
1495,147
1496,147
1497,147
1498,147
1499,147
1500,147
1501,147
1502,147
1503,147
1504,147
1505,147
1506,147
1507,147
1508,147
1509,147
1510,147
1511,147
1512,147
1513,147
1514,147
1515,147
1516,147
1517,147
1518,147
1519,147
1520,147
1521,147
1522,147
1523,147
1524,147
1525,147
1526,147
1527,147
1528,147
1529,147
1530,147
1531,147
1532,147
1533,147
1534,147
1535,147
1536,147
1537,147
1538,147
1539,147
1540,147
1541,147
1542,147
1543,147
1544,147
1545,147
1546,147
1547,147
1548,147
1549,147
1550,147
1551,147
1552,147
1553,147
1554,147
1555,147
1556,147
1557,147
1558,147
1559,147
1560,147
1561,147
1562,147
1563,147
1564,147
1565,147
1566,147
1567,147
1568,147
1569,147
1570,147
1571,147
1572,147
1573,147
1574,147
1575,147
1576,147
1577,147
1578,147
1579,147
1580,147
1581,147
1582,147
