1,238
2,247
3,247
4,247
5,247
6,247
7,247
8,247
9,247
10,247
11,247
12,247
13,247
14,247
15,247
16,247
17,247
18,247
19,247
20,247
21,247
22,247
23,247
24,247
25,247
26,247
27,247
28,247
29,247
30,247
31,247
32,247
33,247
34,247
35,247
36,247
37,247
38,247
39,247
40,247
41,247
42,247
43,247
44,247
45,247
46,247
47,247
48,247
49,247
50,247
51,247
52,247
53,247
54,247
55,247
56,247
57,247
58,247
59,247
60,247
61,247
62,247
63,247
64,247
65,247
66,247
67,247
68,247
69,247
70,247
71,247
72,247
73,247
74,247
75,247
76,247
77,247
78,247
79,247
80,247
81,247
82,247
83,247
84,247
85,247
86,247
87,247
88,247
89,247
90,247
91,247
92,247
93,247
94,247
95,247
96,247
97,247
98,247
99,247
100,247
101,247
102,247
103,247
104,247
105,247
106,247
107,247
108,247
109,247
110,247
111,247
112,247
113,247
114,247
115,247
116,247
117,247
118,247
119,247
120,247
121,247
122,247
123,247
124,247
125,247
126,247
127,247
128,247
129,247
130,247
131,247
132,247
133,247
134,247
135,247
136,247
137,247
138,247
139,247
140,247
141,247
142,247
143,247
144,247
145,247
146,247
147,247
148,247
149,247
150,247
151,247
152,247
153,247
154,247
155,247
156,247
157,247
158,247
159,247
160,247
161,247
162,247
163,247
164,247
165,247
166,247
167,247
168,247
169,247
170,247
171,247
172,247
173,247
174,247
175,247
176,247
177,247
178,247
179,247
180,247
181,247
182,247
183,247
184,247
185,247
186,247
187,247
188,247
189,247
190,247
191,247
192,247
193,247
194,247
195,247
196,247
197,247
198,247
199,247
200,247
201,247
202,247
203,247
204,247
205,247
206,247
207,247
208,247
209,247
210,247
211,247
212,247
213,247
214,247
215,247
216,247
217,247
218,247
219,247
220,247
221,247
222,247
223,247
224,247
225,247
226,247
227,247
228,247
229,247
230,247
231,247
232,247
233,247
234,247
235,247
236,247
237,247
238,247
239,247
240,247
241,247
242,247
243,247
244,247
245,247
246,247
247,247
248,247
249,247
250,247
251,247
252,247
253,247
254,247
255,247
256,247
257,247
258,247
259,247
260,247
261,247
262,247
263,247
264,247
265,247
266,247
267,247
268,247
269,247
270,247
271,247
272,247
273,247
274,247
275,247
276,247
277,247
278,247
279,247
280,247
281,247
282,247
283,247
284,247
285,247
286,247
287,247
288,247
289,247
290,247
291,247
292,247
293,247
294,247
295,247
296,247
297,247
298,247
299,247
300,247
301,247
302,247
303,247
304,247
305,247
306,247
307,247
308,247
309,247
310,247
311,247
312,247
313,247
314,247
315,247
316,247
317,247
318,247
319,247
320,247
321,247
322,247
323,247
324,247
325,247
326,247
327,247
328,247
329,247
330,247
331,247
332,247
333,247
334,247
335,247
336,247
337,247
338,247
339,247
340,247
341,247
342,247
343,247
344,247
345,247
346,247
347,247
348,247
349,247
350,247
351,247
352,247
353,247
354,247
355,247
356,247
357,247
358,247
359,247
360,247
361,247
362,247
363,247
364,247
365,247
366,247
367,247
368,247
369,247
370,247
371,247
372,247
373,247
374,247
375,247
376,247
377,247
378,247
379,247
380,247
381,247
382,247
383,247
384,247
385,247
386,247
387,247
388,247
389,247
390,247
391,247
392,247
393,247
394,247
395,247
396,247
397,247
398,247
399,247
400,247
401,247
402,247
403,247
404,247
405,247
406,247
407,247
408,247
409,247
410,247
411,247
412,247
413,247
414,247
415,247
416,247
417,247
418,247
419,247
420,247
421,247
422,247
423,247
424,247
425,247
426,247
427,247
428,247
429,247
430,247
431,247
432,247
433,247
434,247
435,247
436,247
437,247
438,247
439,247
440,247
441,247
442,247
443,247
444,247
445,247
446,247
447,247
448,247
449,247
450,247
451,247
452,247
453,247
454,247
455,247
456,247
457,247
458,247
459,247
460,247
461,247
462,247
463,247
464,247
465,247
466,247
467,247
468,247
469,247
470,247
471,247
472,247
473,247
474,247
475,247
476,247
477,247
478,247
479,247
480,247
481,247
482,247
483,247
484,247
485,247
486,247
487,247
488,247
489,247
490,247
491,247
492,247
493,247
494,247
495,247
496,247
497,247
498,247
499,247
500,247
501,247
502,247
503,247
504,247
505,247
506,247
507,247
508,247
509,247
510,247
511,247
512,247
513,247
514,247
515,247
516,247
517,247
518,247
519,247
520,247
521,247
522,247
523,247
524,247
525,247
526,247
527,247
528,247
529,247
530,247
531,247
532,247
533,247
534,247
535,247
536,247
537,247
538,247
539,247
540,247
541,247
542,247
543,247
544,247
545,247
546,247
547,247
548,247
549,247
550,247
551,247
552,247
553,247
554,247
555,247
556,247
557,247
558,247
559,247
560,247
561,247
562,247
563,247
564,247
565,247
566,247
567,247
568,247
569,247
570,247
571,247
572,247
573,247
574,247
575,247
576,247
577,247
578,247
579,247
580,247
581,247
582,247
583,247
584,247
585,247
586,247
587,247
588,247
589,247
590,247
591,247
592,247
593,247
594,247
595,247
596,247
597,247
598,247
599,247
600,247
601,247
602,247
603,247
604,247
605,247
606,247
607,247
608,247
609,247
610,247
611,247
612,247
613,247
614,247
615,247
616,247
617,247
618,247
619,247
620,247
621,247
622,247
623,247
624,247
625,247
626,247
627,247
628,247
629,247
630,247
631,247
632,247
633,247
634,247
635,247
636,247
637,247
638,247
639,247
640,247
641,247
642,247
643,247
644,247
645,247
646,247
647,247
648,247
649,247
650,247
651,247
652,247
653,247
654,247
655,247
656,247
657,247
658,247
659,247
660,247
661,247
662,247
663,247
664,247
665,247
666,247
667,247
668,247
669,247
670,247
671,247
672,247
673,247
674,247
675,247
676,247
677,247
678,247
679,247
680,247
681,247
682,247
683,247
684,247
685,247
686,247
687,247
688,247
689,247
690,247
691,247
692,247
693,247
694,247
695,247
696,247
697,247
698,247
699,247
700,247
701,247
702,247
703,247
704,247
705,247
706,247
707,247
708,247
709,247
710,247
711,247
712,247
713,247
714,247
715,247
716,247
717,247
718,247
719,247
720,247
721,247
722,247
723,247
724,247
725,247
726,247
727,247
728,247
729,247
730,247
731,247
732,247
733,247
734,247
735,247
736,247
737,247
738,247
739,247
740,247
741,247
742,247
743,247
744,247
745,247
746,247
747,247
748,247
749,247
750,247
751,247
752,247
753,247
754,247
755,247
756,247
757,247
758,247
759,247
760,247
761,247
762,247
763,247
764,247
765,247
766,247
767,247
768,247
769,247
770,247
771,247
772,247
773,247
774,247
775,247
776,247
777,247
778,247
779,247
780,247
781,247
782,247
783,247
784,247
785,247
786,247
787,247
788,247
789,247
790,247
791,247
792,247
793,247
794,247
795,247
796,247
797,247
798,247
799,247
800,247
801,247
802,247
803,247
804,247
805,247
806,247
807,247
808,247
809,247
810,247
811,247
812,247
813,247
814,247
815,247
816,247
817,247
818,247
819,247
820,247
821,247
822,247
823,247
824,247
825,247
826,247
827,247
828,247
829,247
830,247
831,247
832,247
833,247
834,247
835,247
836,247
837,247
838,247
839,247
840,247
841,247
842,247
843,247
844,247
845,247
846,247
847,247
848,247
849,247
850,247
851,247
852,247
853,247
854,247
855,247
856,247
857,247
858,247
859,247
860,247
861,247
862,247
863,247
864,247
865,247
866,247
867,247
868,247
869,247
870,247
871,247
872,247
873,247
874,247
875,247
876,247
877,247
878,247
879,247
880,247
881,247
882,247
883,247
884,247
885,247
886,247
887,247
888,247
889,247
890,247
891,247
892,247
893,247
894,247
895,247
896,247
897,247
898,247
899,247
900,247
901,247
902,247
903,247
904,247
905,247
906,247
907,247
908,247
909,247
910,247
911,247
912,247
913,247
914,247
915,247
916,247
917,247
918,247
919,247
920,247
921,247
922,247
923,247
924,247
925,247
926,247
927,247
928,247
929,247
930,247
931,247
932,247
933,247
934,247
935,247
936,247
937,247
938,247
939,247
940,247
941,247
942,247
943,247
944,247
945,247
946,247
947,247
