1,327
2,339
3,339
4,339
5,339
6,339
7,339
8,339
9,339
10,339
11,339
12,339
13,339
14,339
15,339
16,339
17,339
18,339
19,339
20,339
21,339
22,339
23,339
24,339
25,339
26,339
27,339
28,339
29,339
30,339
31,339
32,339
33,339
34,339
35,339
36,339
37,339
38,339
39,339
40,339
41,339
42,339
43,339
44,339
45,339
46,339
47,339
48,339
49,339
50,339
51,339
52,339
53,339
54,339
55,339
56,339
57,339
58,339
59,339
60,339
61,339
62,339
63,339
64,339
65,339
66,339
67,339
68,339
69,339
70,339
71,339
72,339
73,339
74,339
75,339
76,339
77,339
78,339
79,339
80,339
81,339
82,339
83,339
84,339
85,339
86,339
87,339
88,339
89,339
90,339
91,339
92,339
93,339
94,339
95,339
96,339
97,339
98,339
99,339
100,339
101,339
102,339
103,339
104,339
105,339
106,339
107,339
108,339
109,339
110,339
111,339
112,339
113,339
114,339
115,339
116,339
117,339
118,339
119,339
120,339
121,339
122,339
123,339
124,339
125,339
126,339
127,339
128,339
129,339
130,339
131,339
132,339
133,339
134,339
135,339
136,339
137,339
138,339
139,339
140,339
141,339
142,339
143,339
144,339
145,339
146,339
147,339
148,339
149,339
150,339
151,339
152,339
153,339
154,339
155,339
156,339
157,339
158,339
159,339
160,339
161,339
162,339
163,339
164,339
165,339
166,339
167,339
168,339
169,339
170,339
171,339
172,339
173,339
174,339
175,339
176,339
177,339
178,339
179,339
180,339
181,339
182,339
183,339
184,339
185,339
186,339
187,339
188,339
189,339
190,339
191,339
192,339
193,339
194,339
195,339
196,339
197,339
198,339
199,339
200,339
201,339
202,339
203,339
204,339
205,339
206,339
207,339
208,339
209,339
210,339
211,339
212,339
213,339
214,339
215,339
216,339
217,339
218,339
219,339
220,339
221,339
222,339
223,339
224,339
225,339
226,339
227,339
228,339
229,339
230,339
231,339
232,339
233,339
234,339
235,339
236,339
237,339
238,339
239,339
240,339
241,339
242,339
243,339
244,339
245,339
246,339
247,339
248,339
249,339
250,339
251,339
252,339
253,339
254,339
255,339
256,339
257,339
258,339
259,339
260,339
261,339
262,339
263,339
264,339
265,339
266,339
267,339
268,339
269,339
270,339
271,339
272,339
273,339
274,339
275,339
276,339
277,339
278,339
279,339
280,339
281,339
282,339
283,339
284,339
285,339
286,339
287,339
288,339
289,339
290,339
291,339
292,339
293,339
294,339
295,339
296,339
297,339
298,339
299,339
300,339
301,339
302,339
303,339
304,339
305,339
306,339
307,339
308,339
309,339
310,339
311,339
312,339
313,339
314,339
315,339
316,339
317,339
318,339
319,339
320,339
321,339
322,339
323,339
324,339
325,339
326,339
327,339
328,339
329,339
330,339
331,339
332,339
333,339
334,339
335,339
336,339
337,339
338,339
339,339
340,339
341,339
342,339
343,339
344,339
345,339
346,339
347,339
348,339
349,339
350,339
351,339
352,339
353,339
354,339
355,339
356,339
357,339
358,339
359,339
360,339
361,339
362,339
363,339
364,339
365,339
366,339
367,339
368,339
369,339
370,339
371,339
372,339
373,339
374,339
375,339
376,339
377,339
378,339
379,339
380,339
381,339
382,339
383,339
384,339
385,339
386,339
387,339
388,339
389,339
390,339
391,339
392,339
393,339
394,339
395,339
396,339
397,339
398,339
399,339
400,339
401,339
402,339
403,339
404,339
405,339
406,339
407,339
408,339
409,339
410,339
411,339
412,339
413,339
414,339
415,339
416,339
417,339
418,339
419,339
420,339
421,339
422,339
423,339
424,339
425,339
426,339
427,339
428,339
429,339
430,339
431,339
432,339
433,339
434,339
435,339
436,339
437,339
438,339
439,339
440,339
441,339
442,339
443,339
444,339
445,339
446,339
447,339
448,339
449,339
450,339
451,339
452,339
453,339
454,339
455,339
456,339
457,339
458,339
459,339
460,339
461,339
462,339
463,339
464,339
465,339
466,339
467,339
468,339
469,339
470,339
471,339
472,339
473,339
474,339
475,339
476,339
477,339
478,339
479,339
480,339
481,339
482,339
483,339
484,339
485,339
486,339
487,339
488,339
489,339
490,339
491,339
492,339
493,339
494,339
495,339
496,339
497,339
498,339
499,339
500,339
501,339
502,339
503,339
504,339
505,339
506,339
507,339
508,339
509,339
510,339
511,339
512,339
513,339
514,339
515,339
516,339
517,339
518,339
519,339
520,339
521,339
522,339
523,339
524,339
525,339
526,339
527,339
528,339
529,339
530,339
531,339
532,339
533,339
534,339
535,339
536,339
537,339
538,339
539,339
540,339
541,339
542,339
543,339
544,339
545,339
546,339
547,339
548,339
549,339
550,339
551,339
552,339
553,339
554,339
555,339
556,339
557,339
558,339
559,339
560,339
561,339
562,339
563,339
564,339
565,339
566,339
567,339
568,339
569,339
570,339
571,339
572,339
573,339
574,339
575,339
576,339
577,339
578,339
579,339
580,339
581,339
582,339
583,339
584,339
585,339
586,339
587,339
588,339
589,339
590,339
591,339
592,339
593,339
594,339
595,339
596,339
597,339
598,339
599,339
600,339
601,339
602,339
603,339
604,339
605,339
606,339
607,339
608,339
609,339
610,339
611,339
612,339
613,339
614,339
615,339
616,339
617,339
618,339
619,339
620,339
621,339
622,339
623,339
624,339
625,339
626,339
627,339
628,339
629,339
630,339
631,339
632,339
633,339
634,339
635,339
636,339
637,339
638,339
639,339
640,339
641,339
642,339
643,339
644,339
645,339
646,339
647,339
648,339
649,339
650,339
651,339
652,339
653,339
654,339
655,339
656,339
657,339
658,339
659,339
660,339
661,339
662,339
663,339
664,339
665,339
666,339
667,339
