1,243
2,242
3,241
4,241
5,241
6,241
7,241
8,241
9,241
10,241
11,241
12,241
13,241
14,241
15,241
16,241
17,241
18,241
19,241
20,241
21,241
22,241
23,241
24,241
25,241
26,241
27,241
28,241
29,241
30,241
31,241
32,241
33,241
34,241
35,241
36,241
37,241
38,241
39,241
40,241
41,241
42,241
43,241
44,241
45,241
46,241
47,241
48,241
49,241
50,242
51,242
52,242
53,242
54,242
55,242
56,242
57,242
58,242
59,242
60,242
61,242
62,242
63,242
64,242
65,242
66,242
67,242
68,242
69,242
70,242
71,242
72,242
73,242
74,242
75,242
76,242
77,242
78,242
79,242
80,242
81,242
82,242
83,242
84,242
85,242
86,242
87,242
88,242
89,242
90,242
91,242
92,242
93,242
94,242
95,242
96,242
97,242
98,242
99,242
100,242
101,242
102,242
103,242
104,242
105,242
106,242
107,242
108,242
109,242
110,242
111,242
112,242
113,242
114,242
115,242
116,242
117,242
118,242
119,242
120,242
121,242
122,242
123,242
124,242
125,242
126,242
127,242
128,242
129,242
130,242
131,242
132,242
133,242
134,242
135,242
136,242
137,242
138,242
139,242
140,242
141,242
142,242
143,242
144,242
145,242
146,242
147,242
148,242
149,242
150,242
151,242
152,242
153,242
154,242
155,242
156,242
157,242
158,242
159,242
160,242
161,242
162,242
163,242
164,242
165,242
166,242
167,242
168,242
169,242
170,242
171,242
172,242
173,242
174,242
175,242
176,242
177,242
178,242
179,242
180,242
181,242
182,242
183,242
184,242
185,242
186,242
187,242
188,242
189,242
190,242
191,242
192,242
193,242
194,242
195,242
196,242
197,242
198,242
199,242
200,242
201,242
202,242
203,242
204,242
205,242
206,242
207,242
208,242
209,242
210,242
211,242
212,242
213,242
214,242
215,242
216,242
217,242
218,242
219,242
220,242
221,242
222,242
223,242
224,242
225,242
226,242
227,242
228,242
229,242
230,242
231,242
232,242
233,242
234,242
235,242
236,242
237,242
238,242
239,242
240,242
241,242
242,242
243,242
244,242
245,242
246,242
247,242
248,242
249,242
250,242
251,242
252,242
253,242
254,242
255,242
256,242
257,242
258,242
259,242
260,242
261,242
262,242
263,242
264,242
265,242
266,242
267,242
268,242
269,242
270,242
271,242
272,242
273,242
274,242
275,242
276,242
277,242
278,242
279,242
280,242
281,242
282,242
283,242
284,242
285,242
286,242
287,242
288,242
289,242
290,242
291,242
292,242
293,242
294,242
295,242
296,242
297,242
298,242
299,242
300,242
301,242
302,242
303,242
304,242
305,242
306,242
307,242
308,242
309,242
310,242
311,242
312,242
313,242
314,242
315,242
316,242
317,242
318,242
319,242
320,242
321,242
322,242
323,242
324,242
325,242
326,242
327,242
328,242
329,242
330,242
331,242
332,242
333,242
334,242
335,242
336,242
337,242
338,242
339,242
340,242
341,242
342,242
343,242
344,242
345,242
346,242
347,242
348,242
349,242
350,242
351,242
352,242
353,242
354,242
355,242
356,242
357,242
358,242
359,242
360,242
361,242
362,242
363,242
364,242
365,242
366,242
367,242
368,242
369,242
370,242
371,242
372,242
373,242
374,242
375,242
376,242
377,242
378,242
379,242
380,242
381,242
382,242
383,242
384,242
385,242
386,242
387,242
388,242
389,242
390,242
391,242
392,242
393,242
394,242
395,242
396,242
397,242
398,242
399,242
400,242
401,242
402,242
403,242
404,242
405,242
406,242
407,242
408,242
409,242
410,242
411,242
412,242
413,242
414,242
415,242
416,242
417,242
418,242
419,242
420,242
421,242
422,242
423,242
424,242
425,242
426,242
427,242
428,242
429,242
430,242
431,242
432,242
433,242
434,242
435,242
436,242
437,242
438,242
439,242
440,242
441,242
442,242
443,242
444,242
445,242
446,242
447,242
448,242
449,242
450,242
451,242
452,242
453,242
454,242
455,242
456,242
457,242
458,242
459,242
460,242
461,242
462,242
463,242
464,242
465,242
466,242
467,242
468,242
469,242
470,242
471,242
472,242
473,242
474,242
475,242
476,242
477,242
478,242
479,242
480,242
481,242
482,242
483,242
484,242
485,242
486,242
487,242
488,242
489,242
490,242
491,242
492,242
493,242
494,242
495,242
496,242
497,242
498,242
499,242
500,242
501,242
502,242
503,242
504,242
505,242
506,242
507,242
508,242
509,242
510,242
511,242
512,242
513,242
514,242
515,242
516,242
517,242
518,242
519,242
520,242
521,242
522,242
523,242
524,242
525,242
526,242
527,242
528,242
529,242
530,242
531,242
532,242
533,242
534,242
535,242
536,242
537,242
538,242
539,242
540,242
541,242
542,242
543,242
544,242
545,242
546,242
547,242
548,242
549,242
550,242
551,242
552,242
553,242
554,242
555,242
556,242
557,242
558,242
559,242
560,242
561,242
562,242
563,242
564,242
565,242
566,242
567,242
568,242
569,242
570,242
571,242
572,242
573,242
574,242
575,242
576,242
577,242
578,242
579,242
580,242
581,242
582,242
583,242
584,242
585,242
586,242
587,242
588,242
589,242
590,242
591,242
592,242
593,242
594,242
595,242
596,242
597,242
598,242
599,242
600,242
601,242
602,242
603,242
604,242
605,242
606,242
607,242
608,242
609,242
610,242
611,242
612,242
613,242
614,242
615,242
616,242
617,242
618,242
619,242
620,242
621,242
622,242
623,242
624,242
625,242
626,242
627,242
628,242
629,242
630,242
631,242
632,242
633,242
634,242
635,242
636,242
637,242
638,242
639,242
640,242
641,242
642,242
643,242
644,242
645,242
646,242
647,242
648,242
649,242
650,242
651,242
652,242
653,242
654,242
655,242
656,242
657,242
658,242
659,242
660,242
661,242
662,242
663,242
664,242
665,242
666,242
667,242
668,242
669,242
670,242
671,242
672,242
673,242
674,242
675,242
676,242
677,242
678,242
679,242
680,242
681,242
682,242
683,242
684,242
685,242
686,242
687,242
688,242
689,242
690,242
691,242
692,242
693,242
694,242
695,242
696,242
697,242
698,242
699,242
700,242
701,242
702,242
703,242
704,242
705,242
706,242
707,242
708,242
709,242
710,242
711,242
712,242
713,242
714,242
715,242
716,242
717,242
718,242
719,242
720,242
721,242
722,242
723,242
724,242
725,242
726,242
727,242
728,242
729,242
730,242
731,242
732,242
733,242
734,242
735,242
736,242
737,242
738,242
739,242
740,242
741,242
742,242
743,242
744,242
745,242
746,242
747,242
748,242
749,242
750,242
751,242
752,242
753,242
754,242
755,242
756,242
757,242
758,242
759,242
760,242
761,242
762,242
763,242
764,242
765,242
766,242
767,242
768,242
769,242
770,242
771,242
772,242
773,242
774,242
775,242
776,242
777,242
778,242
779,242
780,242
781,242
782,242
783,242
784,242
785,242
786,242
787,242
788,242
789,242
790,242
791,242
792,242
793,242
794,242
795,242
796,242
797,242
798,242
799,242
800,242
801,242
802,242
803,242
804,242
805,242
806,242
807,242
808,242
809,242
810,242
811,242
812,242
813,242
814,242
815,242
816,242
817,242
818,242
819,242
820,242
821,242
822,242
823,242
824,242
825,242
826,242
827,242
828,242
829,242
830,242
831,242
832,242
833,242
834,242
835,242
836,242
837,242
838,242
839,242
840,242
841,242
842,242
843,242
844,242
845,242
846,242
847,242
848,242
849,242
850,242
851,242
852,242
853,242
854,242
855,242
856,242
857,242
858,242
859,242
860,242
861,242
862,242
863,242
864,242
865,242
866,242
867,242
868,242
869,242
870,242
871,242
872,242
873,242
874,242
875,242
876,242
877,242
878,242
879,242
880,242
881,242
882,242
883,242
884,242
885,242
886,242
887,242
888,242
889,242
890,242
891,242
892,242
893,242
894,242
895,242
896,242
897,242
898,242
899,242
900,242
901,242
902,242
903,242
904,242
905,242
906,242
907,242
908,242
909,242
910,242
911,242
912,242
913,242
914,242
915,242
916,242
917,242
918,242
919,242
920,242
921,242
922,242
923,242
924,242
925,242
926,242
927,242
928,242
929,242
930,242
931,242
932,242
933,242
934,242
935,242
936,242
937,242
938,242
939,242
940,242
941,242
942,242
943,242
944,242
945,242
946,242
947,242
948,242
949,242
950,242
951,242
