1,145
2,145
3,145
4,145
5,145
6,145
7,145
8,145
9,145
10,145
11,145
12,145
13,145
14,145
15,145
16,145
17,145
18,145
19,145
20,145
21,145
22,145
23,145
24,145
25,145
26,145
27,145
28,145
29,145
30,145
31,145
32,145
33,145
34,145
35,145
36,145
37,145
38,145
39,145
40,145
41,145
42,145
43,145
44,145
45,145
46,145
47,145
48,145
49,145
50,145
51,145
52,145
53,145
54,145
55,145
56,145
57,145
58,145
59,145
60,145
61,145
62,145
63,145
64,145
65,145
66,145
67,145
68,145
69,145
70,145
71,145
72,145
73,145
74,145
75,145
76,145
77,145
78,145
79,145
80,145
81,145
82,145
83,145
84,145
85,145
86,145
87,145
88,145
89,145
90,145
91,145
92,145
93,145
94,145
95,145
96,145
97,145
98,145
99,145
100,145
101,145
102,145
103,145
104,145
105,145
106,145
107,145
108,145
109,145
110,145
111,145
112,145
113,145
114,145
115,145
116,145
117,145
118,145
119,145
120,145
121,145
122,145
123,145
124,145
125,145
126,145
127,145
128,145
129,145
130,145
131,145
132,145
133,145
134,145
135,145
136,145
137,145
138,145
139,145
140,145
141,145
142,145
143,145
144,145
145,145
146,145
147,145
148,145
149,145
150,145
151,145
152,145
153,145
154,145
155,145
156,145
157,145
158,145
159,145
160,145
161,145
162,145
163,145
164,145
165,145
166,145
167,145
168,145
169,145
170,145
171,145
172,145
173,145
174,145
175,145
176,145
177,145
178,145
179,145
180,145
181,145
182,145
183,145
184,145
185,145
186,145
187,145
188,145
189,145
190,145
191,145
192,145
193,145
194,145
195,145
196,145
197,145
198,145
199,145
200,145
201,145
202,145
203,145
204,145
205,145
206,145
207,145
208,145
209,145
210,145
211,145
212,145
213,145
214,145
215,145
216,145
217,145
218,145
219,145
220,145
221,145
222,145
223,145
224,145
225,145
226,145
227,145
228,145
229,145
230,145
231,145
232,145
233,145
234,145
235,145
236,145
237,145
238,145
239,145
240,145
241,145
242,145
243,145
244,145
245,145
246,145
247,145
248,145
249,145
250,145
251,145
252,145
253,145
254,145
255,145
256,145
257,145
258,145
259,145
260,145
261,145
262,145
263,145
264,145
265,145
266,145
267,145
268,145
269,145
270,145
271,145
272,145
273,145
274,145
275,145
276,145
277,145
278,145
279,145
280,145
281,145
282,145
283,145
284,145
285,145
286,145
287,145
288,145
289,145
290,145
291,145
292,145
293,145
294,145
295,145
296,145
297,145
298,145
299,145
300,145
301,145
302,145
303,145
304,145
305,145
306,145
307,145
308,145
309,145
310,145
311,145
312,145
313,145
314,145
315,145
316,145
317,145
318,145
319,145
320,145
321,145
322,145
323,145
324,145
325,145
326,145
327,145
328,145
329,145
330,145
331,145
332,145
333,145
334,145
335,145
336,145
337,145
338,145
339,145
340,145
341,145
342,145
343,145
344,145
345,145
346,145
347,145
348,145
349,145
350,145
351,145
352,145
353,145
354,145
355,145
356,145
357,145
358,145
359,145
360,145
361,145
362,145
363,145
364,145
365,145
366,145
367,145
368,145
369,145
370,145
371,145
372,145
373,145
374,145
375,145
376,145
377,145
378,145
379,145
380,145
381,145
382,145
383,145
384,145
385,145
386,145
387,145
388,145
389,145
390,145
391,145
392,145
393,145
394,145
395,145
396,145
397,145
398,145
399,145
400,145
401,145
402,145
403,145
404,145
405,145
406,145
407,145
408,145
409,145
410,145
411,145
412,145
413,145
414,145
415,145
416,145
417,145
418,145
419,145
420,145
421,147
422,147
423,147
424,147
425,147
426,147
427,147
428,147
429,147
430,147
431,147
432,147
433,147
434,147
435,147
436,147
437,147
438,147
439,147
440,147
441,147
442,147
443,147
444,147
445,147
446,147
447,147
448,147
449,147
450,147
451,147
452,147
453,147
454,147
455,147
456,147
457,147
458,147
459,147
460,147
461,147
462,147
463,147
464,147
465,147
466,147
467,147
468,147
469,147
470,147
471,147
472,147
473,147
474,147
475,147
476,147
477,147
478,147
479,147
480,147
481,147
482,147
483,147
484,147
485,147
486,147
487,147
488,147
489,147
490,147
491,147
492,147
493,147
494,147
495,147
496,147
497,147
498,147
499,147
500,147
501,147
502,147
503,147
504,147
505,147
506,147
507,147
508,147
509,147
510,147
511,147
512,147
513,147
514,147
515,147
516,147
517,147
518,147
519,147
520,147
521,147
522,147
523,147
524,147
525,147
526,147
527,147
528,147
529,147
530,147
531,147
532,147
533,147
534,147
535,147
536,147
537,147
538,147
539,147
540,147
541,147
542,147
543,147
544,147
545,147
546,147
547,147
548,147
549,147
550,147
551,147
552,147
553,147
554,147
555,147
556,147
557,147
558,147
559,147
560,147
561,147
562,147
563,147
564,147
565,147
566,147
567,147
568,147
569,147
570,147
571,147
572,147
573,147
574,147
575,147
576,147
577,147
578,147
579,147
580,147
581,147
582,147
583,147
584,147
585,147
586,147
587,147
588,147
589,147
590,147
591,147
592,147
593,147
594,147
595,147
596,147
597,147
598,147
599,147
600,147
601,147
602,147
603,147
604,147
605,147
606,147
607,147
608,147
609,147
610,147
611,147
612,147
613,147
614,147
615,147
616,147
617,147
618,147
619,147
620,147
621,147
622,147
623,147
624,147
625,147
626,147
627,147
628,147
629,147
630,147
631,147
632,147
633,147
634,147
635,147
636,147
637,147
638,147
639,147
640,147
641,147
642,147
643,147
644,147
645,147
646,147
647,147
648,147
649,147
650,147
651,147
652,147
653,147
654,147
655,147
656,147
657,147
658,147
659,147
660,147
661,147
662,147
663,147
664,147
665,147
666,147
667,147
668,147
669,147
670,147
671,147
672,147
673,147
674,147
675,147
676,147
677,147
678,147
679,147
680,147
681,147
682,147
683,147
684,147
685,147
686,147
687,147
688,147
689,147
690,147
691,147
692,147
693,147
694,147
695,147
696,147
697,147
698,147
699,147
700,147
701,147
702,147
703,147
704,147
705,147
706,147
707,147
708,147
709,147
710,147
711,147
712,147
713,147
714,147
715,147
716,147
717,147
718,147
719,147
720,147
721,147
722,147
723,147
724,147
725,147
726,147
727,147
728,147
729,147
730,147
731,147
732,147
733,147
734,147
735,147
736,147
737,147
738,147
739,147
740,147
741,147
742,147
743,147
744,147
745,147
746,147
747,147
748,147
749,147
750,147
751,147
752,147
753,147
754,147
755,147
756,147
757,147
758,147
759,147
760,147
761,147
762,147
763,147
764,147
765,147
766,147
767,147
768,147
769,147
770,147
771,147
772,147
773,147
774,147
775,147
776,147
777,147
778,147
779,147
780,147
781,147
782,147
783,147
784,147
785,147
786,147
787,147
788,147
789,147
790,147
791,147
792,147
793,147
794,147
795,147
796,147
797,147
798,147
799,147
800,147
801,147
802,147
803,147
804,147
805,147
806,147
807,147
808,147
809,147
810,147
811,147
812,147
813,147
814,147
815,147
816,147
817,147
818,147
819,147
820,147
821,147
822,147
823,147
824,147
825,147
826,147
827,147
828,147
829,147
830,147
831,147
832,147
833,147
834,147
835,147
836,147
837,147
838,147
839,147
840,147
841,147
842,147
843,147
844,147
845,147
846,147
847,147
848,147
849,147
850,147
851,147
852,147
853,147
854,147
855,147
856,147
857,147
858,147
859,147
860,147
861,147
862,147
863,147
864,147
865,147
866,147
867,147
868,147
869,147
870,147
871,147
872,147
873,147
874,147
875,147
876,147
877,147
878,147
879,147
880,147
881,147
882,147
883,147
884,147
885,147
886,147
887,147
888,147
889,147
890,147
891,147
892,147
893,147
894,147
895,147
896,147
897,147
898,147
899,147
900,147
901,147
902,147
903,147
904,147
905,147
906,147
907,147
908,147
909,147
910,147
911,147
912,147
913,147
914,147
915,147
916,147
917,147
918,147
919,147
920,147
921,147
922,147
923,147
924,147
925,147
926,147
927,147
928,147
929,147
930,147
931,147
932,147
933,147
934,147
935,147
936,147
937,147
938,147
939,147
940,147
941,147
942,147
943,147
944,147
945,147
946,147
947,147
948,147
949,147
950,147
951,147
952,147
953,147
954,147
955,147
956,147
957,147
958,147
959,147
960,147
961,147
962,147
963,147
964,147
965,147
966,147
967,147
968,147
969,147
970,147
971,147
972,147
973,147
974,147
975,147
976,147
977,147
978,147
979,147
980,147
981,147
982,147
983,147
984,147
985,147
986,147
987,147
988,147
989,147
990,147
991,147
992,147
993,147
994,147
995,147
996,147
997,147
998,147
999,147
1000,147
1001,147
1002,147
1003,147
1004,147
1005,147
1006,147
1007,147
1008,147
1009,147
1010,147
1011,147
1012,147
1013,147
1014,147
1015,147
1016,147
1017,147
1018,147
1019,147
1020,147
1021,147
1022,147
1023,147
1024,147
1025,147
1026,147
1027,147
1028,147
1029,147
1030,147
1031,147
1032,147
1033,147
1034,147
1035,147
1036,147
1037,147
1038,147
1039,147
1040,147
1041,147
1042,147
1043,147
1044,147
1045,147
1046,147
1047,147
1048,147
1049,147
1050,147
1051,147
1052,147
1053,147
1054,147
1055,147
1056,147
1057,147
1058,147
1059,147
1060,147
1061,147
1062,147
1063,147
1064,147
1065,147
1066,147
1067,147
1068,147
1069,147
1070,147
1071,147
1072,147
1073,147
1074,147
1075,147
1076,147
1077,147
1078,147
1079,147
1080,147
1081,147
1082,147
1083,147
1084,147
1085,147
1086,147
1087,147
1088,147
1089,147
1090,147
1091,147
1092,147
1093,147
1094,147
1095,147
1096,147
1097,147
1098,147
1099,147
1100,147
1101,147
1102,147
1103,147
1104,147
1105,147
1106,147
1107,147
1108,147
1109,147
1110,147
1111,147
1112,147
1113,147
1114,147
1115,147
1116,147
1117,147
1118,147
1119,147
1120,147
1121,147
1122,147
1123,147
1124,147
1125,147
1126,147
1127,147
1128,147
1129,147
1130,147
1131,147
1132,147
1133,147
1134,147
1135,147
1136,147
1137,147
1138,147
1139,147
1140,147
1141,147
1142,147
1143,147
1144,147
1145,147
1146,147
1147,147
1148,147
1149,147
1150,147
1151,147
1152,147
1153,147
1154,147
1155,147
1156,147
1157,147
1158,147
1159,147
1160,147
1161,147
1162,147
1163,147
1164,147
1165,147
1166,147
1167,147
1168,147
1169,147
1170,147
1171,147
1172,147
1173,147
1174,147
1175,147
1176,147
1177,147
1178,147
1179,147
1180,147
1181,147
1182,147
1183,147
1184,147
1185,147
1186,147
1187,147
1188,147
1189,147
1190,147
1191,147
1192,147
1193,147
1194,147
1195,147
1196,147
1197,147
1198,147
1199,147
1200,147
1201,147
1202,147
1203,147
1204,147
1205,147
1206,147
1207,147
1208,147
1209,147
1210,147
1211,147
1212,147
1213,147
1214,147
1215,147
1216,147
1217,147
1218,147
1219,147
1220,147
1221,147
1222,147
1223,147
1224,147
1225,147
1226,147
1227,147
1228,147
1229,147
1230,147
1231,147
1232,147
1233,147
1234,147
1235,147
1236,147
1237,147
1238,147
1239,147
1240,147
1241,147
1242,147
1243,147
1244,147
1245,147
1246,147
1247,147
1248,147
1249,147
1250,147
1251,147
1252,147
1253,147
1254,147
1255,147
1256,147
1257,147
1258,147
1259,147
1260,147
1261,147
1262,147
1263,147
1264,147
1265,147
1266,147
1267,147
1268,147
1269,147
1270,147
1271,147
1272,147
1273,147
1274,147
1275,147
1276,147
1277,147
1278,147
1279,147
1280,147
1281,147
1282,147
1283,147
1284,147
1285,147
1286,147
1287,147
1288,147
1289,147
1290,147
1291,147
1292,147
1293,147
1294,147
1295,147
1296,147
1297,147
1298,147
1299,147
1300,147
1301,147
1302,147
1303,147
1304,147
1305,147
1306,147
1307,147
1308,147
1309,147
1310,147
1311,147
1312,147
1313,147
1314,147
1315,147
1316,147
1317,147
1318,147
1319,147
1320,147
1321,147
1322,147
1323,147
1324,147
1325,147
1326,147
1327,147
1328,147
1329,147
1330,147
1331,147
1332,147
1333,147
1334,147
1335,147
1336,147
1337,147
1338,147
1339,147
1340,147
1341,147
1342,147
1343,147
1344,147
1345,147
1346,147
1347,147
1348,147
1349,147
1350,147
1351,147
1352,147
1353,147
1354,147
1355,147
1356,147
1357,147
1358,147
1359,147
1360,147
1361,147
1362,147
1363,147
1364,147
1365,147
1366,147
1367,147
1368,147
1369,147
1370,147
1371,147
1372,147
1373,147
1374,147
1375,147
1376,147
