1,245
2,245
3,245
4,245
5,245
6,245
7,245
8,245
9,245
10,245
11,245
12,245
13,245
14,245
15,245
16,245
17,245
18,245
19,245
20,245
21,245
22,245
23,245
24,245
25,245
26,245
27,245
28,245
29,245
30,245
31,245
32,245
33,245
34,245
35,245
36,245
37,245
38,245
39,245
40,245
41,245
42,245
43,245
44,245
45,245
46,245
47,245
48,245
49,245
50,245
51,245
52,245
53,245
54,245
55,245
56,245
57,245
58,245
59,245
60,245
61,245
62,245
63,245
64,245
65,245
66,245
67,245
68,245
69,245
70,245
71,245
72,245
73,245
74,245
75,245
76,245
77,245
78,245
79,245
80,245
81,245
82,245
83,245
84,245
85,245
86,245
87,245
88,245
89,245
90,245
91,245
92,245
93,245
94,245
95,245
96,245
97,245
98,245
99,245
100,245
101,245
102,245
103,245
104,245
105,245
106,245
107,245
108,245
109,245
110,245
111,245
112,245
113,245
114,245
115,245
116,245
117,245
118,245
119,245
120,245
121,245
122,245
123,245
124,245
125,245
126,245
127,245
128,245
129,245
130,245
131,245
132,245
133,245
134,245
135,245
136,245
137,245
138,245
139,245
140,245
141,245
142,245
143,245
144,245
145,245
146,245
147,245
148,245
149,245
150,245
151,245
152,245
153,245
154,245
155,245
156,245
157,245
158,245
159,245
160,245
161,245
162,245
163,245
164,245
165,245
166,245
167,245
168,245
169,245
170,245
171,245
172,245
173,245
174,245
175,245
176,245
177,245
178,245
179,245
180,245
181,245
182,245
183,245
184,245
185,245
186,245
187,245
188,245
189,245
190,245
191,245
192,245
193,245
194,245
195,245
196,245
197,245
198,245
199,245
200,245
201,245
202,245
203,245
204,245
205,245
206,245
207,245
208,245
209,245
210,245
211,245
212,245
213,245
214,245
215,245
216,245
217,245
218,245
219,245
220,245
221,245
222,245
223,245
224,245
225,245
226,245
227,245
228,245
229,245
230,245
231,245
232,245
233,245
234,245
235,245
236,245
237,245
238,245
239,245
240,245
241,245
242,245
243,245
244,245
245,245
246,245
247,245
248,245
249,245
250,245
251,245
252,245
253,245
254,245
255,245
256,245
257,245
258,245
259,245
260,245
261,245
262,245
263,245
264,245
265,245
266,245
267,245
268,245
269,245
270,245
271,245
272,245
273,245
274,245
275,245
276,245
277,245
278,245
279,245
280,245
281,245
282,245
283,245
284,245
285,245
286,245
287,245
288,245
289,245
290,245
291,245
292,245
293,245
294,245
295,245
296,245
297,245
298,245
299,245
300,245
301,245
302,245
303,245
304,245
305,245
306,245
307,245
308,245
309,245
310,245
311,245
312,245
313,245
314,245
315,245
316,245
317,245
318,245
319,245
320,245
321,245
322,245
323,245
324,245
325,245
326,245
327,245
328,245
329,245
330,245
331,245
332,245
333,245
334,245
335,245
336,245
337,245
338,245
339,245
340,245
341,245
342,245
343,245
344,245
345,245
346,245
347,245
348,245
349,245
350,245
351,245
352,245
353,245
354,245
355,245
356,245
357,245
358,245
359,245
360,245
361,245
362,245
363,245
364,245
365,245
366,245
367,245
368,245
369,245
370,245
371,245
372,245
373,245
374,245
375,245
376,245
377,245
378,245
379,245
380,245
381,245
382,245
383,245
384,245
385,245
386,245
387,245
388,245
389,245
390,245
391,245
392,245
393,245
394,245
395,245
396,245
397,245
398,245
399,245
400,245
401,245
402,245
403,245
404,245
405,245
406,245
407,245
408,245
409,245
410,245
411,245
412,245
413,245
414,245
415,245
416,245
417,245
418,245
419,245
420,245
421,245
422,245
423,245
424,245
425,245
426,245
427,245
428,245
429,245
430,245
431,245
432,245
433,245
434,245
435,245
436,245
437,245
438,245
439,245
440,245
441,245
442,245
443,245
444,245
445,245
446,245
447,245
448,245
449,245
450,245
451,245
452,245
453,245
454,245
455,245
456,245
457,245
458,245
459,245
460,245
461,245
462,245
463,245
464,245
465,245
466,245
467,245
468,245
469,245
470,245
471,245
472,245
473,245
474,245
475,245
476,245
477,245
478,245
479,245
480,245
481,245
482,245
483,245
484,245
485,245
486,245
487,245
488,245
489,245
490,245
491,245
492,245
493,245
494,245
495,245
496,245
497,245
498,245
499,245
500,245
501,245
502,245
503,245
504,245
505,245
506,245
507,245
508,245
509,245
510,245
511,245
512,245
513,245
514,245
515,245
516,245
517,245
518,245
519,245
520,245
521,245
522,245
523,245
524,245
525,245
526,245
527,245
528,245
529,245
530,245
531,245
532,245
533,245
534,245
535,245
536,245
537,245
538,245
539,245
540,245
541,245
542,245
543,245
544,245
545,245
546,245
547,245
548,245
549,245
550,245
551,245
552,245
553,245
554,245
555,245
556,245
557,245
558,245
559,245
560,245
561,245
562,245
563,245
564,245
565,245
566,245
567,245
568,245
569,245
570,245
571,245
572,245
573,245
574,245
575,245
576,245
577,245
578,245
579,245
580,245
581,245
582,245
583,245
584,245
585,245
586,245
587,245
588,245
589,245
590,245
591,245
592,245
593,245
594,245
595,245
596,245
597,245
598,245
599,245
600,245
601,245
602,245
603,245
604,245
605,245
606,245
607,245
608,245
609,245
610,245
611,245
612,245
613,245
614,245
615,245
616,245
617,245
618,245
619,245
620,245
621,245
622,245
623,245
624,245
625,245
626,245
627,245
628,245
629,245
630,245
631,245
632,245
633,245
634,245
635,245
636,245
637,245
638,245
639,245
640,245
641,245
642,245
643,245
644,245
645,245
646,245
647,245
648,245
649,245
650,245
651,245
652,245
653,245
654,245
655,245
656,245
657,245
658,245
659,245
660,245
661,245
662,245
663,245
664,245
665,245
666,245
667,245
668,245
669,245
670,245
671,245
672,245
673,245
674,245
675,245
676,245
677,245
678,245
679,245
680,245
681,245
682,245
683,245
684,245
685,245
686,245
687,245
688,245
689,245
690,245
691,245
692,245
693,245
694,245
695,245
696,245
697,245
698,245
699,245
700,245
701,245
702,245
703,245
704,245
705,245
706,245
707,245
708,245
709,245
710,245
711,245
712,245
713,245
714,245
715,245
716,245
717,245
718,245
719,245
720,245
721,245
722,245
723,245
724,245
725,245
726,245
727,245
728,245
729,245
730,245
731,245
732,245
733,245
734,245
735,245
736,245
737,245
738,245
739,245
740,245
741,245
742,245
743,245
744,245
745,245
746,245
747,245
748,245
749,245
750,245
751,245
752,245
753,245
754,245
755,245
756,245
757,245
758,245
759,245
760,245
761,245
762,245
763,245
764,245
765,245
766,245
767,245
768,245
769,245
770,245
771,245
772,245
773,245
774,245
775,245
776,245
777,245
778,245
779,245
780,245
781,245
782,245
783,245
784,245
785,245
786,245
787,245
788,245
789,245
790,245
791,245
792,245
793,245
794,245
795,245
796,245
797,245
798,245
799,245
800,245
801,245
802,245
803,245
804,245
805,245
806,245
807,245
808,245
809,245
810,245
811,245
812,245
813,245
814,245
815,245
816,245
817,245
818,245
819,245
820,245
821,245
822,245
823,245
824,245
825,245
826,245
827,245
828,245
829,245
830,245
831,245
832,245
833,245
834,245
