1,347
2,347
3,347
4,347
5,347
6,347
7,347
8,347
9,347
10,347
11,347
12,347
13,347
14,347
15,347
16,347
17,347
18,347
19,347
20,347
21,347
22,347
23,347
24,347
25,347
26,347
27,347
28,347
29,347
30,347
31,347
32,347
33,347
34,347
35,347
36,347
37,347
38,347
39,347
40,347
41,347
42,347
43,347
44,347
45,347
46,347
47,347
48,347
49,347
50,347
51,347
52,347
53,347
54,347
55,347
56,347
57,347
58,347
59,347
60,347
61,347
62,347
63,347
64,347
65,347
66,347
67,347
68,347
69,347
70,347
71,347
72,347
73,347
74,347
75,347
76,347
77,347
78,347
79,347
80,347
81,347
82,347
83,347
84,347
85,347
86,347
87,347
88,347
89,347
90,347
91,347
92,347
93,347
94,347
95,347
96,347
97,347
98,347
99,347
100,347
101,347
102,347
103,347
104,347
105,347
106,347
107,347
108,347
109,347
110,347
111,347
112,347
113,347
114,347
115,347
116,347
117,347
118,347
119,347
120,347
121,347
122,347
123,347
124,347
125,347
126,347
127,347
128,347
129,347
130,347
131,347
132,347
133,347
134,347
135,347
136,347
137,347
138,347
139,347
140,347
141,347
142,347
143,347
144,347
145,347
146,347
147,347
148,347
149,347
150,347
151,347
152,347
153,347
154,347
155,347
156,347
157,347
158,347
159,347
160,347
161,347
162,347
163,347
164,347
165,347
166,347
167,347
168,347
169,347
170,347
171,347
172,347
173,347
174,347
175,347
176,347
177,347
178,347
179,347
180,347
181,347
182,347
183,347
184,347
185,347
186,347
187,347
188,347
189,347
190,347
191,347
192,347
193,347
194,347
195,347
196,347
197,347
198,347
199,347
200,347
201,347
202,347
203,347
204,347
205,347
206,347
207,347
208,347
209,347
210,347
211,347
212,347
213,347
214,347
215,347
216,347
217,347
218,347
219,347
220,347
221,347
222,347
223,347
224,347
225,347
226,347
227,347
228,347
229,347
230,347
231,347
232,347
233,347
234,347
235,347
236,347
237,347
238,347
239,347
240,347
241,347
242,347
243,347
244,347
245,347
246,347
247,347
248,347
249,347
250,347
251,347
252,347
253,347
254,347
255,347
256,347
257,347
258,347
259,347
260,347
261,347
262,347
263,347
264,347
265,347
266,347
267,347
268,347
269,347
270,347
271,347
272,347
273,347
274,347
275,347
276,347
277,347
278,347
279,347
280,347
281,347
282,347
283,347
284,347
285,347
286,347
287,347
288,347
289,347
290,347
291,347
292,347
293,347
294,347
295,347
296,347
297,347
298,347
299,347
300,347
301,347
302,347
303,347
304,347
305,347
306,347
307,347
308,347
309,347
310,347
311,347
312,347
313,347
314,347
315,347
316,347
317,347
318,347
319,347
320,347
321,347
322,347
323,347
324,347
325,347
326,347
327,347
328,347
329,347
330,347
331,347
332,347
333,347
334,347
335,347
336,347
337,347
338,347
339,347
340,347
341,347
342,347
343,347
344,347
345,347
346,347
347,347
348,347
349,347
350,347
351,347
352,347
353,347
354,347
355,347
356,347
357,347
358,347
359,347
360,347
361,347
362,347
363,347
364,347
365,347
366,347
367,347
368,347
369,347
370,347
371,347
372,347
373,347
374,347
375,347
376,347
377,347
378,347
379,347
380,347
381,347
382,347
383,347
384,347
385,347
386,347
387,347
388,347
389,347
390,347
391,347
392,347
393,347
394,347
395,347
396,347
397,347
398,347
399,347
400,347
401,347
402,347
403,347
404,347
405,347
406,347
407,347
408,347
409,347
410,347
411,347
412,347
413,347
414,347
415,347
416,347
417,347
418,347
419,347
420,347
421,347
422,347
423,347
424,347
425,347
426,347
427,347
428,347
429,347
430,347
431,347
432,347
433,347
434,347
435,347
436,347
437,347
438,347
439,347
440,347
441,347
442,347
443,347
444,347
445,347
446,347
447,347
448,347
449,347
450,347
451,347
452,347
453,347
454,347
455,347
456,347
457,347
458,347
459,347
460,347
461,347
462,347
463,347
464,347
465,347
466,347
467,347
468,347
469,347
470,347
471,347
472,347
473,347
474,347
475,347
476,347
477,347
478,347
479,347
480,347
481,347
482,347
483,347
484,347
485,347
486,347
487,347
488,347
489,347
490,347
491,347
492,347
493,347
494,347
495,347
496,347
497,347
498,347
499,347
500,347
501,347
502,347
503,347
504,347
505,347
506,347
507,347
508,347
509,347
510,347
511,347
512,347
513,347
514,347
515,347
516,347
517,347
518,347
519,347
520,347
521,347
522,347
523,347
524,347
525,347
526,347
527,347
528,347
529,347
530,347
531,347
532,347
533,347
534,347
535,347
536,347
537,347
538,347
539,347
540,347
541,347
542,347
543,347
544,347
545,347
546,347
547,347
548,347
549,347
550,347
551,347
552,347
553,347
554,347
555,347
556,347
557,347
558,347
559,347
560,347
561,347
562,347
563,347
564,347
565,347
566,347
567,347
568,347
569,347
570,347
571,347
572,347
573,347
574,347
575,347
576,347
577,347
578,347
579,347
580,347
581,347
582,347
583,347
584,347
585,347
