1,185
2,254
3,254
4,254
5,254
6,254
7,254
8,254
9,254
10,254
11,254
12,254
13,254
14,254
15,254
16,254
17,254
18,254
19,254
20,254
21,254
22,254
23,254
24,254
25,254
26,254
27,254
28,254
29,254
30,254
31,254
32,254
33,254
34,254
35,254
36,254
37,254
38,254
39,254
40,254
41,254
42,254
43,254
44,254
45,254
46,254
47,254
48,254
49,254
50,254
51,254
52,254
53,254
54,254
55,254
56,254
57,254
58,254
59,254
60,254
61,254
62,254
63,254
64,254
65,254
66,254
67,254
68,254
69,254
70,254
71,254
72,254
73,254
74,254
75,254
76,254
77,254
78,254
79,254
80,254
81,254
82,254
83,254
84,254
85,254
86,254
87,254
88,254
89,254
90,254
91,254
92,254
93,254
94,254
95,254
96,254
97,254
98,254
99,254
100,254
101,254
102,254
103,254
104,254
105,254
106,254
107,254
108,254
109,254
110,254
111,254
112,254
113,254
114,254
115,254
116,254
117,254
118,254
119,254
120,254
121,254
122,254
123,254
124,254
125,254
126,254
127,254
128,254
129,254
130,254
131,254
132,254
133,254
134,254
135,254
136,254
137,254
138,254
139,254
140,254
141,254
142,254
143,254
144,254
145,254
146,254
147,254
148,254
149,254
150,254
151,254
152,254
153,254
154,254
155,254
156,254
157,254
158,254
159,254
160,254
161,254
162,254
163,254
164,254
165,254
166,254
167,254
168,254
169,254
170,254
171,254
172,254
173,254
174,254
175,254
176,254
177,254
178,254
179,254
180,254
181,254
182,254
183,254
184,254
185,254
186,254
187,254
188,254
189,254
190,254
191,254
192,254
193,254
194,254
195,254
196,254
197,254
198,254
199,254
200,254
201,254
202,254
203,254
204,254
205,254
206,254
207,254
208,254
209,254
210,254
211,254
212,254
213,254
214,254
215,254
216,254
217,254
218,254
219,254
220,254
221,254
222,254
223,254
224,254
225,254
226,254
227,254
228,254
229,254
230,254
231,254
232,254
233,254
234,254
235,254
236,254
237,254
238,254
239,254
240,254
241,254
242,254
243,254
244,254
245,254
246,254
247,254
248,254
249,254
250,254
251,254
252,254
253,254
254,254
255,254
256,254
257,254
258,254
259,254
260,254
261,254
262,254
263,254
264,254
265,254
266,254
267,254
268,254
269,254
270,254
271,254
272,254
273,254
274,254
275,254
276,254
277,254
278,254
279,254
280,254
281,254
282,254
283,254
284,254
285,254
286,254
287,254
288,254
289,254
290,254
291,254
292,254
293,254
294,254
295,254
296,254
297,254
298,254
299,254
300,254
301,254
302,254
303,254
304,254
305,254
306,254
307,254
308,254
309,254
310,254
311,254
312,254
313,254
314,254
315,254
316,254
317,254
318,254
319,254
320,254
321,254
322,254
323,254
324,254
325,254
326,254
327,254
328,254
329,254
330,254
331,254
332,254
333,254
334,254
335,254
336,254
337,254
338,254
339,254
340,254
341,254
342,254
343,254
344,254
345,254
346,254
347,254
348,254
349,254
350,254
351,254
352,254
353,254
354,254
355,254
356,254
357,254
358,254
359,254
360,254
361,254
362,254
363,254
364,254
365,254
366,254
367,254
368,254
369,254
370,254
371,254
372,254
373,254
374,254
375,254
376,254
377,254
378,254
379,254
380,254
381,254
382,254
383,254
384,254
385,254
386,254
387,254
388,254
389,254
390,254
391,254
392,254
393,254
394,254
395,254
396,254
397,254
398,254
399,254
400,254
401,254
402,254
403,254
404,254
405,254
406,254
407,254
408,254
409,254
410,254
411,254
412,254
413,254
414,254
415,254
416,254
417,254
418,254
419,254
420,254
421,254
422,254
423,254
424,254
425,254
426,254
427,254
428,254
429,254
430,254
431,254
432,254
433,254
434,254
435,254
436,254
437,254
438,254
439,254
440,254
441,254
442,254
443,254
444,254
445,254
446,254
447,254
448,254
449,254
450,254
451,254
452,254
453,254
454,254
455,254
456,254
457,254
458,254
459,254
460,254
461,254
462,254
463,254
464,254
465,254
466,254
467,254
468,254
469,254
470,254
471,254
472,254
473,254
474,254
475,254
476,254
477,254
478,254
479,254
480,254
481,254
482,254
483,254
484,254
485,254
486,254
487,254
488,254
489,254
490,254
491,254
492,254
493,254
494,254
495,254
496,254
497,254
498,254
499,254
500,254
501,254
502,254
503,254
504,254
505,254
506,254
507,254
508,254
509,254
510,254
511,254
512,254
513,254
514,254
515,254
516,254
517,254
518,254
519,254
520,254
521,254
522,254
523,254
524,254
525,254
526,254
527,254
528,254
529,254
530,254
531,254
532,254
533,254
534,254
535,254
536,254
537,254
538,254
539,254
540,254
541,254
542,254
543,254
544,254
545,254
546,254
547,254
548,254
549,254
550,254
551,254
552,254
553,254
554,254
555,254
556,254
557,254
558,254
559,254
560,254
561,254
562,254
563,254
564,254
565,254
566,254
567,254
568,254
569,254
570,254
571,254
572,254
573,254
574,254
575,254
576,254
577,254
578,254
579,254
580,254
581,254
582,254
583,254
584,254
585,254
586,254
587,254
588,254
589,254
590,254
591,254
592,254
593,254
594,254
595,254
596,254
597,254
598,254
599,254
600,254
601,254
602,254
603,254
604,254
605,254
606,254
607,254
608,254
609,254
610,254
611,254
612,254
613,254
614,254
615,254
616,254
617,254
618,254
619,254
620,254
621,254
622,254
623,254
624,254
625,254
626,254
627,254
628,254
629,254
630,254
631,254
632,254
633,254
634,254
635,254
636,254
637,254
638,254
639,254
640,254
641,254
642,254
643,254
644,254
645,254
646,254
647,254
648,254
649,254
650,254
651,254
652,254
653,254
654,254
655,254
656,254
657,254
658,254
659,254
660,254
661,254
662,254
663,254
664,254
665,254
666,254
667,254
668,254
669,254
670,254
671,254
672,254
673,254
674,254
675,254
676,254
677,254
678,254
679,254
680,254
681,254
682,254
683,254
684,254
685,254
686,254
687,254
688,254
689,254
690,254
691,254
692,254
693,254
694,254
695,254
696,254
697,254
698,254
699,254
700,254
701,254
702,254
703,254
704,254
705,254
706,254
707,254
708,254
709,254
710,254
711,254
712,254
713,254
714,254
715,254
716,254
717,254
718,254
719,254
720,254
721,254
722,254
723,254
724,254
725,254
726,254
727,254
728,254
729,254
730,254
731,254
732,254
733,254
734,254
735,254
736,254
737,254
738,254
739,254
740,254
741,254
742,254
743,254
744,254
745,254
746,254
747,254
748,254
749,254
750,254
751,254
752,254
753,254
754,254
755,254
756,254
757,254
758,254
759,254
760,254
761,254
762,254
763,254
764,254
765,254
766,254
767,254
768,254
769,254
770,254
771,254
772,254
773,254
774,254
775,254
776,254
777,254
778,254
779,254
780,254
781,254
782,254
783,254
784,254
785,254
786,254
787,254
788,254
789,254
790,254
791,254
792,254
793,254
794,254
795,254
796,254
797,254
798,254
799,254
800,254
801,254
802,254
803,254
804,254
805,254
806,254
807,254
808,254
809,254
810,254
811,254
812,254
813,254
814,254
815,254
816,254
817,254
818,254
819,254
820,254
821,254
822,254
823,254
824,254
825,254
826,254
827,254
828,254
829,254
830,254
831,254
832,254
833,254
834,254
835,254
836,254
837,254
838,254
839,254
840,254
841,254
842,254
843,254
844,254
845,254
846,254
847,254
848,254
849,254
850,254
851,254
852,254
853,254
854,254
855,254
856,254
857,254
858,254
859,254
860,254
861,254
862,254
863,254
864,254
865,254
866,254
867,254
868,254
869,254
870,254
871,254
872,254
873,254
874,254
875,254
876,254
877,254
878,254
879,254
880,254
881,254
882,254
883,254
884,254
885,254
886,254
887,254
888,254
889,254
890,254
891,254
892,254
893,254
894,254
895,254
896,254
897,254
898,254
899,254
900,254
901,254
902,254
903,254
904,254
905,254
906,254
907,254
908,254
909,254
910,254
911,254
912,254
913,254
914,254
915,254
916,254
917,254
918,254
919,254
920,254
921,254
922,254
923,254
924,254
925,254
926,254
927,254
928,254
929,254
930,254
931,254
932,254
933,254
934,254
935,254
936,254
937,254
938,254
939,254
940,254
941,254
942,254
943,254
944,254
945,254
946,254
947,254
948,254
949,254
950,254
951,254
952,254
953,254
954,254
955,254
956,254
957,254
958,254
959,254
960,254
961,254
962,254
963,254
964,254
965,254
966,254
967,254
968,254
969,254
970,254
971,254
972,254
973,254
974,254
975,254
976,254
977,254
978,254
979,254
980,254
981,254
982,254
983,254
984,254
985,254
986,254
987,254
988,254
989,254
990,254
991,254
992,254
993,254
994,254
995,254
996,254
997,254
998,254
999,254
1000,254
1001,254
1002,254
1003,254
1004,254
1005,254
1006,254
1007,254
1008,254
1009,254
1010,254
1011,254
1012,254
1013,254
1014,254
1015,254
1016,254
1017,254
1018,254
1019,254
1020,254
1021,254
1022,254
1023,254
1024,254
1025,254
1026,254
1027,254
1028,254
1029,254
1030,254
1031,254
1032,254
1033,254
1034,254
1035,254
1036,254
1037,254
1038,254
1039,254
1040,254
1041,254
1042,254
1043,254
1044,254
1045,254
1046,254
1047,254
1048,254
1049,254
1050,254
1051,254
1052,254
1053,254
1054,254
1055,254
1056,254
1057,254
1058,254
1059,254
1060,254
1061,254
1062,254
1063,254
1064,254
1065,254
1066,254
1067,254
1068,254
1069,254
1070,254
1071,254
1072,254
1073,254
1074,254
1075,254
1076,254
1077,254
