1,294
2,336
3,336
4,336
5,336
6,336
7,336
8,336
9,336
10,336
11,336
12,336
13,336
14,336
15,336
16,336
17,336
18,337
19,337
20,338
21,340
22,341
23,342
24,342
25,342
26,342
27,342
28,342
29,342
30,342
31,342
32,342
33,342
34,342
35,342
36,342
37,342
38,342
39,342
40,342
41,342
42,342
43,342
44,342
45,342
46,342
47,342
48,342
49,342
50,342
51,342
52,342
53,342
54,342
55,342
56,342
57,342
58,342
59,342
60,342
61,342
62,342
63,342
64,342
65,342
66,342
67,342
68,342
69,342
70,342
71,342
72,342
73,342
74,342
75,342
76,342
77,342
78,342
79,342
80,342
81,342
82,342
83,342
84,342
85,342
86,342
87,342
88,342
89,342
90,342
91,342
92,342
93,342
94,342
95,342
96,342
97,342
98,342
99,342
100,342
101,342
102,342
103,342
104,342
105,342
106,342
107,342
108,342
109,342
110,342
111,342
112,342
113,342
114,342
115,342
116,342
117,342
118,342
119,342
120,342
121,342
122,342
123,342
124,342
125,342
126,342
127,342
128,342
129,342
130,342
131,342
132,342
133,342
134,342
135,342
136,342
137,342
138,342
139,342
140,342
141,342
142,342
143,342
144,342
145,342
146,342
147,342
148,342
149,342
150,342
151,342
152,342
153,342
154,342
155,342
156,342
157,342
158,342
159,342
160,342
161,342
162,342
163,342
164,342
165,342
166,342
167,342
168,342
169,342
170,342
171,342
172,342
173,342
174,342
175,342
176,342
177,342
178,342
179,342
180,342
181,342
182,342
183,342
184,342
185,342
186,342
187,342
188,342
189,342
190,342
191,342
192,342
193,342
194,342
195,342
196,342
197,342
198,342
199,342
200,342
201,342
202,342
203,342
204,342
205,342
206,342
207,342
208,342
209,342
210,342
211,342
212,342
213,342
214,342
215,342
216,342
217,342
218,342
219,342
220,342
221,342
222,342
223,342
224,342
225,342
226,342
227,342
228,342
229,342
230,342
231,342
232,342
233,342
234,342
235,342
236,342
237,342
238,342
239,342
240,342
241,342
242,342
243,342
244,342
245,342
246,342
247,342
248,342
249,342
250,342
251,342
252,342
253,342
254,342
255,342
256,342
257,342
258,342
259,342
260,342
261,342
262,342
263,342
264,342
265,342
266,342
267,342
268,342
269,342
270,342
271,342
272,342
273,342
274,342
275,342
276,342
277,342
278,342
279,342
280,342
281,342
282,342
283,342
284,342
285,342
286,342
287,342
288,342
289,342
290,342
291,342
292,342
293,342
294,342
295,342
296,342
297,342
298,342
299,342
300,342
301,342
302,342
303,342
304,342
305,342
306,342
307,342
308,342
309,342
310,342
311,342
312,342
313,342
314,342
315,342
316,342
317,342
318,342
319,342
320,342
321,342
322,342
323,342
324,342
325,342
326,342
327,342
328,342
329,342
330,342
331,342
332,342
333,342
334,342
335,342
336,342
337,342
338,342
339,342
340,342
341,342
342,342
343,342
344,342
345,342
346,342
347,342
348,342
349,342
350,342
351,342
352,342
353,342
354,342
355,342
356,342
357,342
358,342
359,342
360,342
361,342
362,342
363,342
364,342
365,342
366,342
367,342
368,342
369,342
370,342
371,342
372,342
373,342
374,342
375,342
376,342
377,342
378,342
379,342
380,342
381,342
382,342
383,342
384,342
385,342
386,342
387,342
388,342
389,342
390,342
391,342
392,342
393,342
394,342
395,342
396,342
397,342
398,342
399,342
400,342
401,342
402,342
403,342
404,342
405,342
406,342
407,342
408,342
409,342
410,342
411,342
412,342
413,342
414,342
415,342
416,342
417,342
418,342
419,342
420,342
421,342
422,342
423,342
424,342
425,342
426,342
427,342
428,342
429,342
430,342
431,342
432,342
433,342
434,342
435,342
436,342
437,342
438,342
439,342
440,342
441,342
442,342
443,342
444,342
445,342
446,342
447,342
448,342
449,342
450,342
451,342
452,342
453,342
454,342
455,342
456,342
457,342
458,342
459,342
460,342
461,342
462,342
463,342
464,342
465,342
466,342
467,342
468,342
469,342
470,342
471,342
472,342
473,342
474,342
475,342
476,342
477,342
478,342
479,342
480,342
481,342
482,342
483,342
484,342
485,342
486,342
487,342
488,342
489,342
490,342
491,342
492,342
493,342
494,342
495,342
496,342
497,342
498,342
499,342
500,342
501,342
502,342
503,342
504,342
505,342
506,342
507,342
508,342
509,342
510,342
511,342
512,342
513,342
514,342
515,342
516,342
517,342
518,342
519,342
520,342
521,342
522,342
523,342
524,342
525,342
526,342
527,342
528,342
529,342
530,342
531,342
532,342
533,342
534,342
535,342
536,342
537,342
538,342
539,342
540,342
541,342
542,342
543,342
544,342
545,342
546,342
547,342
548,342
549,342
550,342
551,342
552,342
553,342
554,342
555,342
556,342
557,342
558,342
559,342
560,342
561,342
562,342
563,342
564,342
565,342
566,342
567,342
568,342
569,342
570,342
571,342
572,342
573,342
574,342
575,342
576,342
577,342
578,342
579,342
580,342
581,342
582,342
583,342
584,342
