1,62
2,62
3,62
4,62
5,62
6,62
7,62
8,62
9,62
10,62
11,62
12,62
13,62
14,62
15,62
16,62
17,62
18,62
19,62
20,62
21,62
22,62
23,62
24,62
25,62
26,62
27,62
28,234
29,249
30,249
31,249
32,249
33,249
34,249
35,249
36,249
37,249
38,249
39,249
40,249
41,249
42,249
43,249
44,249
45,249
46,249
47,249
48,249
49,249
50,249
51,249
52,249
53,249
54,249
55,249
56,249
57,249
58,249
59,249
60,249
61,249
62,249
63,249
64,249
65,249
66,249
67,249
68,249
69,249
70,249
71,249
72,249
73,249
74,249
75,249
76,249
77,249
78,249
79,249
80,249
81,249
82,249
83,249
84,249
85,249
86,249
87,249
88,249
89,249
90,249
91,249
92,249
93,249
94,249
95,249
96,249
97,249
98,249
99,249
100,249
101,249
102,249
103,249
104,249
105,249
106,249
107,249
108,249
109,249
110,249
111,249
112,249
113,249
114,249
115,249
116,249
117,249
118,249
119,249
120,249
121,249
122,249
123,249
124,249
125,249
126,249
127,249
128,249
129,249
130,249
131,249
132,249
133,249
134,249
135,249
136,249
137,249
138,249
139,249
140,249
141,249
142,249
143,249
144,249
145,249
146,249
147,249
148,249
149,249
150,249
151,249
152,249
153,249
154,249
155,249
156,249
157,249
158,249
159,249
160,249
161,249
162,249
163,249
164,249
165,249
166,249
167,249
168,249
169,249
170,249
171,249
172,249
173,249
174,249
175,249
176,249
177,249
178,249
179,249
180,249
181,249
182,249
183,249
184,249
185,249
186,249
187,249
188,249
189,249
190,249
191,249
192,249
193,249
194,249
195,249
196,249
197,249
198,249
199,249
200,249
201,249
202,249
203,249
204,249
205,249
206,249
207,249
208,249
209,249
210,249
211,249
212,249
213,249
214,249
215,249
216,249
217,249
218,249
219,249
220,249
221,249
222,249
223,249
224,249
225,249
226,249
227,249
228,249
229,249
230,249
231,249
232,249
233,249
234,249
235,249
236,249
237,249
238,249
239,249
240,249
241,249
242,249
243,249
244,249
245,249
246,249
247,249
248,249
249,249
250,249
251,249
252,249
253,249
254,249
255,249
256,249
257,249
258,249
259,249
260,249
261,249
262,249
263,249
264,249
265,249
266,249
267,249
268,249
269,249
270,249
271,249
272,249
273,249
274,249
275,249
276,249
277,249
278,249
279,249
280,249
281,249
282,249
283,249
284,249
285,249
286,249
287,249
288,249
289,249
290,249
291,249
292,249
293,249
294,249
295,249
296,249
297,249
298,249
299,249
300,249
301,249
302,249
303,249
304,249
305,249
306,249
307,249
308,249
309,249
310,249
311,249
312,249
313,249
314,249
315,249
316,249
317,249
318,249
319,249
320,249
321,249
322,249
323,249
324,249
325,249
326,249
327,249
328,249
329,249
330,249
331,249
332,249
333,249
334,249
335,249
336,249
337,249
338,249
339,249
340,249
341,249
342,249
343,249
344,249
345,249
346,249
347,249
348,249
349,249
350,249
351,249
352,249
353,249
354,249
355,249
356,249
357,249
358,249
359,249
360,249
361,249
362,249
363,249
364,249
365,249
366,249
367,249
368,249
369,249
370,249
371,249
372,249
373,249
374,249
375,249
376,249
377,249
378,249
379,249
380,249
381,249
382,249
383,249
384,249
385,249
386,249
387,249
388,249
389,249
390,249
391,249
392,249
393,249
394,249
395,249
396,249
397,249
398,249
399,249
400,249
401,249
402,249
403,249
404,249
405,249
406,249
407,249
408,249
409,249
410,249
411,249
412,249
413,249
414,249
415,249
416,249
417,249
418,249
419,249
420,249
421,249
422,249
423,249
424,249
425,249
426,249
427,249
428,249
429,249
430,249
431,249
432,249
433,249
434,249
435,249
436,249
437,249
438,249
439,249
440,249
441,249
442,250
443,250
444,250
445,250
446,250
447,250
448,250
449,251
450,251
451,251
452,250
453,250
454,250
455,250
456,250
457,250
458,250
459,250
460,250
461,250
462,250
463,250
464,250
465,250
466,250
467,250
468,250
469,250
470,250
471,250
472,250
473,250
474,250
475,250
476,250
477,250
478,250
479,250
480,250
481,250
482,250
483,250
484,250
485,250
486,250
487,250
488,250
489,250
490,250
491,250
492,250
493,250
494,250
495,250
496,250
497,250
498,250
499,250
500,250
501,250
502,250
503,250
504,250
505,250
506,250
507,250
508,250
509,250
510,250
511,250
512,250
513,250
514,250
515,250
516,250
517,250
518,250
519,250
520,250
521,250
522,250
523,250
524,250
525,250
526,250
527,250
528,250
529,250
530,250
531,250
532,250
533,250
534,250
535,250
536,250
537,250
538,250
539,250
540,250
541,250
542,250
543,250
544,250
545,250
546,250
547,250
548,250
549,250
550,250
551,250
552,250
553,250
554,250
555,250
556,250
557,250
558,250
559,250
560,250
561,250
562,250
563,250
564,250
565,250
566,250
567,250
568,250
569,250
570,250
571,250
572,250
573,250
574,250
575,250
576,250
577,250
578,250
579,250
580,250
581,250
582,250
583,250
584,250
585,250
586,250
587,250
588,250
589,250
590,250
591,250
592,250
593,250
594,250
595,250
596,250
597,250
598,250
599,250
600,250
601,250
602,250
603,250
604,250
605,250
606,250
607,250
608,250
609,250
610,250
611,250
612,250
613,250
614,250
615,250
616,250
617,250
618,250
619,250
620,250
621,250
622,250
623,250
624,250
625,250
626,250
627,250
628,250
629,250
630,250
631,250
632,250
633,250
634,250
635,250
636,250
637,250
638,250
639,250
640,250
641,250
642,250
643,250
644,250
645,250
646,250
647,250
648,250
649,250
650,250
651,250
652,250
653,250
654,250
655,250
656,250
657,250
658,250
659,250
660,250
661,250
662,250
663,250
664,250
665,250
666,250
667,250
668,250
669,250
670,250
671,250
672,250
673,250
674,250
675,250
676,250
677,250
678,250
679,250
680,250
681,250
682,250
683,250
684,250
685,250
686,250
687,250
688,250
689,250
690,250
691,250
692,250
693,250
694,250
695,250
696,250
697,250
698,250
699,250
700,250
701,250
702,250
703,250
704,250
705,250
706,250
707,250
708,250
709,250
710,250
711,250
712,250
713,250
714,250
715,250
716,250
717,250
718,250
719,250
720,250
721,250
722,250
723,250
724,250
725,250
726,250
727,250
728,250
729,250
730,250
731,250
732,250
733,250
734,250
735,250
736,250
737,250
738,250
739,250
740,250
741,250
