1,260
2,260
3,260
4,260
5,260
6,260
7,260
8,260
9,260
10,260
11,260
12,260
13,260
14,260
15,260
16,260
17,260
18,260
19,260
20,260
21,260
22,260
23,260
24,260
25,260
26,260
27,260
28,260
29,260
30,260
31,260
32,260
33,260
34,260
35,260
36,260
37,260
38,260
39,260
40,260
41,260
42,260
43,260
44,260
45,260
46,260
47,260
48,260
49,260
50,260
51,260
52,260
53,260
54,260
55,260
56,260
57,260
58,260
59,260
60,260
61,260
62,260
63,260
64,260
65,260
66,260
67,260
68,260
69,260
70,260
71,260
72,260
73,260
74,260
75,260
76,260
77,260
78,260
79,260
80,260
81,260
82,260
83,260
84,260
85,260
86,260
87,260
88,260
89,260
90,260
91,260
92,260
93,260
94,260
95,260
96,260
97,260
98,260
99,260
100,260
101,260
102,260
103,260
104,260
105,260
106,260
107,260
108,260
109,260
110,260
111,260
112,260
113,260
114,260
115,260
116,260
117,260
118,260
119,260
120,260
121,260
122,260
123,260
124,260
125,260
126,260
127,260
128,260
129,260
130,260
131,260
132,260
133,260
134,260
135,260
136,260
137,260
138,260
139,260
140,260
141,260
142,260
143,260
144,260
145,260
146,261
147,261
148,261
149,261
150,261
151,261
152,261
153,261
154,261
155,261
156,261
157,261
158,261
159,261
160,261
161,261
162,261
163,261
164,261
165,261
166,261
167,261
168,261
169,261
170,261
171,261
172,261
173,261
174,261
175,261
176,261
177,261
178,261
179,261
180,261
181,261
182,261
183,261
184,261
185,261
186,261
187,261
188,261
189,261
190,261
191,261
192,261
193,261
194,261
195,261
196,261
197,261
198,261
199,261
200,261
201,261
202,261
203,261
204,261
205,261
206,261
207,261
208,261
209,261
210,261
211,261
212,261
213,261
214,261
215,261
216,261
217,261
218,261
219,261
220,261
221,261
222,261
223,261
224,261
225,261
226,261
227,261
228,261
229,262
230,262
231,262
232,262
233,262
234,262
235,262
236,262
237,262
238,262
239,262
240,262
241,262
242,262
243,262
244,262
245,262
246,262
247,262
248,262
249,262
250,262
251,262
252,262
253,262
254,262
255,262
256,262
257,262
258,262
259,261
260,261
261,261
262,261
263,261
264,261
265,261
266,261
267,261
268,261
269,261
270,261
271,261
272,261
273,261
274,261
275,261
276,261
277,261
278,261
279,261
280,261
281,261
282,261
283,261
284,261
285,261
286,261
287,261
288,261
289,261
290,261
291,261
292,261
293,261
294,261
295,261
296,261
297,261
298,261
299,261
300,261
301,261
302,261
303,261
304,261
305,261
306,261
307,261
308,261
309,261
310,261
311,261
312,261
313,261
314,261
315,261
316,261
317,261
318,261
319,261
320,261
321,261
322,261
323,261
324,261
325,261
326,261
327,261
328,261
329,261
330,261
331,261
332,261
333,261
334,261
335,261
336,261
337,261
338,261
339,261
340,261
341,261
342,261
343,261
344,261
345,261
346,261
347,261
348,261
349,261
350,261
351,261
352,261
353,261
354,261
355,261
356,261
357,261
358,261
359,261
360,261
361,261
362,261
363,261
364,261
365,261
366,261
367,261
368,261
369,261
370,261
371,261
372,261
373,261
374,261
375,261
376,261
377,261
378,261
379,261
380,261
381,261
382,261
383,261
384,261
385,261
386,261
387,261
388,261
389,261
390,261
391,261
392,261
393,261
394,261
395,261
396,261
