1,322
2,338
3,354
4,354
5,354
6,354
7,354
8,354
9,354
10,354
11,353
12,353
13,353
14,353
15,353
16,353
17,353
18,353
19,353
20,353
21,353
22,353
23,353
24,353
25,353
26,353
27,353
28,353
29,353
30,353
31,353
32,353
33,353
34,354
35,354
36,354
37,354
38,354
39,354
40,354
41,354
42,354
43,354
44,354
45,354
46,354
47,354
48,354
49,354
50,354
51,354
52,354
53,354
54,354
55,354
56,354
57,354
58,354
59,354
60,354
61,354
62,354
63,354
64,354
65,354
66,354
67,354
68,355
69,355
70,355
71,355
72,355
73,355
74,355
75,355
76,355
77,355
78,355
79,355
80,355
81,355
82,355
83,355
84,355
85,355
86,355
87,355
88,355
89,355
90,355
91,355
92,355
93,355
94,355
95,355
96,355
97,355
98,355
99,355
100,355
101,355
102,355
103,355
104,355
105,355
106,355
107,355
108,355
109,355
110,355
111,355
112,355
113,355
114,355
115,355
116,355
117,355
118,355
119,355
120,355
121,355
122,355
123,355
124,355
125,355
126,355
127,355
128,355
129,355
130,355
131,355
132,355
133,355
134,355
135,355
136,355
137,355
138,355
139,355
140,355
141,355
142,355
143,355
144,355
145,355
146,355
147,355
148,355
149,355
150,355
151,355
152,355
153,355
154,355
155,355
156,355
157,355
158,355
159,355
160,355
161,355
162,355
163,355
164,355
165,355
166,355
167,355
168,355
169,355
170,355
171,355
172,355
173,355
174,355
175,355
176,355
177,355
178,355
179,355
180,356
181,356
182,356
183,356
184,356
185,356
186,356
187,356
188,356
189,356
190,356
191,356
192,356
193,356
194,356
195,356
196,356
197,356
198,356
199,356
200,356
201,356
202,356
203,356
204,356
205,356
206,356
207,356
208,356
209,356
210,356
211,356
212,356
213,356
214,356
215,356
216,356
217,356
218,356
219,356
220,356
221,356
222,356
223,356
224,356
225,356
226,356
227,356
228,356
229,356
230,356
231,356
232,356
233,356
234,356
235,356
236,356
237,356
238,356
239,356
240,356
241,356
242,356
243,356
244,356
245,356
246,356
247,356
248,356
249,356
250,356
251,356
252,356
253,356
254,356
255,356
256,356
257,356
258,356
259,356
260,356
261,356
262,356
263,356
264,356
265,356
266,356
267,356
268,356
269,356
270,356
271,356
272,356
273,356
274,356
275,356
276,356
277,356
278,356
279,356
280,356
281,356
282,356
283,356
284,356
285,356
286,356
287,356
288,356
289,356
290,356
291,356
292,356
293,356
294,356
295,356
296,356
297,356
298,356
299,356
300,356
301,356
302,356
303,356
304,356
305,356
306,356
307,356
308,356
309,356
310,356
311,356
