1,351
2,340
3,341
4,331
5,352
6,334
7,337
8,337
9,337
10,337
11,338
12,338
13,338
14,338
15,338
16,337
17,337
18,339
19,339
20,339
21,337
22,337
23,336
24,335
25,335
26,335
27,335
28,335
29,335
30,334
31,334
32,334
33,334
34,334
35,334
36,334
37,334
38,334
39,334
40,334
41,334
42,334
43,334
44,334
45,334
46,334
47,334
48,334
49,334
50,334
51,334
52,334
53,334
54,334
55,334
56,334
57,334
58,334
59,334
60,334
61,334
62,334
63,334
64,334
65,334
66,334
67,334
68,334
69,334
70,334
71,334
72,334
73,334
74,334
75,334
76,334
77,334
78,334
79,334
80,334
81,334
82,334
83,334
84,334
85,334
86,334
87,334
88,334
89,334
90,334
91,334
92,334
93,334
94,334
95,334
96,334
97,334
98,334
99,334
100,334
101,334
102,334
103,334
104,334
105,334
106,334
107,334
108,334
109,334
110,334
111,334
112,334
113,334
114,334
115,334
116,334
117,334
118,334
119,334
120,334
121,334
122,334
123,334
124,334
125,334
126,334
127,334
128,334
129,334
130,334
131,334
132,334
133,334
134,334
135,334
136,334
137,334
138,334
139,334
140,334
141,334
142,334
143,334
144,334
145,334
146,334
147,334
148,334
149,334
150,334
151,334
152,334
153,334
154,334
155,334
156,334
157,334
158,334
159,334
160,334
161,334
162,334
163,334
164,334
165,334
166,334
167,334
168,334
169,334
170,334
171,334
172,334
173,334
174,334
175,334
176,334
177,334
178,334
179,334
180,334
181,334
182,334
183,334
184,334
185,334
186,334
187,334
188,334
189,334
190,334
191,334
192,334
193,334
194,334
195,334
196,334
197,334
198,334
199,334
200,334
201,334
202,334
203,334
204,334
205,334
206,334
207,334
208,334
209,334
210,334
211,334
212,334
213,334
214,334
215,334
216,334
217,334
218,334
219,334
220,334
221,334
222,334
223,334
224,334
225,334
226,334
227,334
228,334
229,334
230,334
231,334
232,334
233,334
234,334
235,334
236,334
237,336
238,337
239,337
240,337
241,337
242,337
243,339
244,339
245,341
246,341
247,339
248,339
249,339
250,340
251,340
252,340
253,340
254,339
255,339
256,339
257,339
258,339
259,339
260,339
261,339
262,340
263,340
264,340
265,340
266,339
267,339
268,339
269,339
270,339
271,339
272,339
273,339
274,339
275,339
276,339
277,339
278,339
279,339
280,339
281,339
282,339
283,339
284,339
285,339
286,339
287,339
288,339
289,339
290,339
291,339
292,339
293,339
294,339
295,339
296,339
297,339
298,339
299,339
300,339
301,339
302,339
303,339
304,339
305,339
306,339
307,339
308,339
309,339
310,339
311,339
312,339
313,339
314,339
315,339
316,339
317,339
318,339
319,339
320,339
321,339
322,339
323,339
324,339
325,339
326,339
327,339
328,339
329,339
330,339
331,339
332,339
333,339
334,339
335,339
336,339
337,339
338,339
339,339
340,339
341,339
342,339
343,339
344,339
345,339
346,339
347,339
348,339
349,339
350,339
351,339
352,339
353,339
354,339
355,339
356,339
357,339
358,339
359,339
360,339
361,339
362,339
363,339
364,339
365,339
366,339
367,339
368,339
369,339
370,339
371,339
372,339
373,339
374,339
375,339
376,339
377,339
378,339
379,339
380,339
381,339
382,339
383,339
384,339
385,339
386,339
387,339
388,339
389,339
390,339
391,339
392,339
393,339
394,339
395,339
396,339
397,339
398,339
399,339
400,339
401,339
402,339
403,339
404,339
405,339
406,339
407,339
408,339
409,339
410,339
411,339
412,339
413,339
414,339
415,339
416,339
417,339
418,339
419,339
420,339
421,339
422,339
423,339
424,339
425,339
426,339
427,339
428,339
429,339
