1,239
2,239
3,239
4,239
5,239
6,240
7,239
8,239
9,239
10,234
11,233
12,233
13,233
14,233
15,233
16,233
17,233
18,233
19,233
20,233
21,233
22,233
23,233
24,233
25,233
26,233
27,233
28,233
29,233
30,233
31,233
32,233
33,233
34,233
35,233
36,233
37,233
38,233
39,233
40,233
41,233
42,233
43,233
44,233
45,234
46,234
47,234
48,233
49,232
50,232
51,232
52,232
53,232
54,232
55,232
56,232
57,232
58,232
59,232
60,232
61,232
62,232
63,232
64,232
65,232
66,232
67,232
68,232
69,232
70,232
71,232
72,232
73,232
74,232
75,232
76,232
77,232
78,232
79,232
80,232
81,232
82,232
83,232
84,232
85,232
86,232
87,232
88,232
89,232
90,232
91,232
92,232
93,232
94,232
95,232
96,232
97,232
98,232
99,232
100,232
101,232
102,232
103,232
104,232
105,232
106,232
107,232
108,232
109,232
110,232
111,233
112,233
113,234
114,234
115,234
116,234
117,234
118,234
119,234
120,234
121,234
122,234
123,234
124,234
125,234
126,234
127,234
128,234
129,234
130,234
131,234
132,234
133,234
134,234
135,234
136,234
137,234
138,234
139,234
140,234
141,234
142,234
143,234
144,234
145,234
146,234
147,234
148,234
149,234
150,234
151,234
152,234
153,234
154,234
155,234
156,234
157,234
158,234
159,234
160,234
161,234
162,234
163,234
164,234
165,234
166,234
167,234
168,234
169,234
170,234
171,234
172,234
173,234
174,234
175,234
176,234
177,234
178,234
179,234
180,234
181,234
182,234
183,234
184,234
185,234
186,234
187,235
188,235
189,235
190,235
191,235
192,236
193,236
194,236
195,236
196,236
197,236
198,235
199,234
200,234
201,235
202,235
203,235
204,235
205,235
206,235
207,235
208,235
209,235
210,235
211,235
212,235
213,235
214,235
215,235
216,235
217,235
218,235
219,235
220,235
221,235
222,235
223,235
224,235
225,235
226,235
227,235
228,235
229,235
230,235
231,235
232,235
233,235
234,235
235,235
236,235
237,235
238,235
239,235
240,235
241,235
242,235
243,235
244,235
245,235
246,235
247,235
248,235
249,235
250,235
251,235
252,235
253,235
254,235
255,235
256,235
257,235
258,235
259,235
260,235
261,235
262,235
263,235
264,233
265,233
266,233
267,233
268,233
269,233
270,233
271,233
272,233
273,233
274,233
275,232
276,232
277,232
278,232
279,232
280,232
281,232
282,232
283,232
284,232
285,232
286,232
287,232
288,232
289,232
290,232
291,232
292,232
293,232
294,232
295,232
296,232
297,232
298,232
299,232
300,232
301,232
302,232
303,232
304,232
305,232
306,232
307,232
308,232
309,232
310,232
311,232
312,232
313,232
314,232
315,232
316,232
317,232
318,232
319,232
320,232
321,231
322,231
323,231
324,231
325,231
326,231
327,231
328,231
329,231
330,231
331,231
332,231
333,231
334,231
335,231
336,231
337,231
338,231
339,231
340,231
341,231
342,231
343,231
344,231
345,231
346,231
347,231
348,231
349,231
350,231
351,231
352,231
353,231
354,233
355,233
356,233
357,235
358,236
359,236
360,236
361,236
362,236
363,236
364,236
365,236
366,236
367,236
368,237
369,238
370,237
371,236
372,236
373,236
