1,259
2,259
3,259
4,256
5,252
6,244
7,244
8,244
9,244
10,244
11,244
12,244
13,244
14,244
15,244
16,244
17,244
18,244
19,244
20,244
21,244
22,244
23,244
24,244
25,244
26,244
27,244
28,244
29,244
30,244
31,244
32,244
33,244
34,244
35,244
36,244
37,244
38,244
39,244
40,244
41,244
42,244
43,244
44,244
45,244
46,244
47,244
48,244
49,244
50,244
51,244
52,244
53,244
54,244
55,244
56,244
57,244
58,244
59,244
60,244
61,244
62,244
63,244
64,244
65,244
66,244
67,244
68,244
69,244
70,244
71,244
72,244
73,244
74,244
75,244
76,244
77,244
78,244
79,244
80,244
81,244
82,244
83,244
84,244
85,244
86,244
87,244
88,244
89,244
90,244
91,244
92,244
93,244
94,244
95,244
96,244
97,244
98,244
99,244
100,244
101,244
102,244
103,244
104,244
105,244
106,244
107,244
108,244
109,244
110,244
111,244
112,244
113,244
114,244
115,244
116,244
117,244
118,244
119,244
120,244
121,244
122,244
123,244
124,244
125,244
126,244
127,244
128,244
129,244
130,244
131,244
132,244
133,244
134,244
135,244
136,244
137,244
138,244
139,244
140,244
141,244
142,244
143,244
144,244
145,244
146,244
147,244
148,244
149,244
150,244
151,244
152,244
153,244
154,244
155,244
156,244
157,244
158,244
159,244
160,244
161,244
162,244
163,244
164,244
165,244
166,244
167,244
168,244
169,244
170,244
171,244
172,244
173,244
174,244
175,244
176,244
177,244
178,244
179,244
180,244
181,244
182,244
183,244
184,244
185,244
186,244
187,244
188,244
189,244
190,244
191,244
192,244
193,244
194,244
195,244
196,244
197,244
198,244
199,244
200,244
201,244
202,244
203,244
204,244
205,244
206,244
207,244
208,244
209,244
210,244
211,244
212,244
213,244
214,244
215,244
216,244
217,244
218,244
219,244
220,244
221,244
222,244
223,244
224,244
225,244
226,244
227,244
228,244
229,244
230,244
231,244
232,244
233,244
234,244
235,244
236,244
237,244
238,244
239,244
240,244
241,244
242,244
243,244
244,244
245,244
246,244
247,244
248,244
249,244
250,244
251,244
252,245
253,245
254,245
255,245
256,245
257,245
258,245
259,245
260,245
261,245
262,245
263,245
264,245
265,245
266,245
267,245
268,245
269,245
270,245
271,245
272,245
273,245
274,245
275,245
276,245
277,245
278,245
279,245
280,245
281,245
282,245
283,245
284,245
285,245
286,245
287,245
288,245
289,245
290,245
291,245
292,245
293,245
294,245
295,245
296,245
297,245
298,245
299,245
300,245
301,245
302,245
303,245
304,245
305,245
306,245
307,245
308,245
309,245
310,245
311,245
312,245
313,245
314,245
315,245
316,245
317,245
318,245
319,245
320,245
321,245
322,245
323,245
324,245
325,245
326,245
327,245
328,245
329,245
330,245
331,245
332,245
333,245
334,245
335,245
336,245
337,245
338,245
339,245
340,245
341,245
342,245
343,245
344,245
345,245
346,245
347,245
348,245
349,245
