1,356
2,361
3,361
4,361
5,361
6,361
7,361
8,361
9,361
10,361
11,361
12,361
13,361
14,360
15,360
16,359
17,359
18,358
19,358
20,358
21,358
22,358
23,358
24,358
25,358
26,358
27,359
28,359
29,359
30,359
31,359
32,359
33,359
34,359
35,359
36,359
37,359
38,359
39,359
40,359
41,359
42,359
43,359
44,359
45,359
46,359
47,359
48,359
49,359
50,359
51,359
52,359
53,359
54,359
55,359
56,359
57,359
58,359
59,359
60,359
61,359
62,359
63,359
64,359
65,359
66,359
67,359
68,359
69,359
70,359
71,359
72,359
73,359
74,359
75,359
76,359
77,359
78,359
79,359
80,359
81,359
82,359
83,359
84,359
85,359
86,359
87,359
88,359
89,359
90,359
91,359
92,359
93,359
94,359
95,359
96,359
97,359
98,359
99,359
100,360
101,360
102,360
103,360
104,360
105,360
106,360
107,360
108,360
109,360
110,360
111,360
112,360
113,360
114,360
115,360
116,360
117,360
118,360
119,360
120,360
121,360
122,360
123,360
124,360
125,360
126,360
127,360
128,360
129,360
130,360
131,360
132,360
133,360
134,360
135,360
136,360
137,360
138,360
139,360
140,360
141,360
142,360
143,360
144,360
145,360
146,360
147,360
148,360
149,360
150,360
151,360
152,360
153,360
154,360
155,360
156,360
157,360
158,360
159,360
160,360
161,360
162,360
163,360
164,360
165,360
166,360
167,360
168,360
169,360
170,360
171,360
172,360
173,360
174,360
175,360
176,360
177,360
178,360
179,360
180,360
181,360
182,360
183,360
184,360
185,360
186,360
187,360
188,360
189,360
190,360
191,360
192,360
193,360
194,360
195,360
196,360
197,360
198,360
199,360
200,360
201,360
202,360
203,360
204,360
205,360
206,360
207,360
208,360
209,360
210,360
211,360
212,360
213,360
214,360
215,360
216,360
217,360
218,360
219,360
220,360
221,360
222,360
223,360
224,360
225,360
226,360
227,360
228,360
229,360
230,360
231,360
232,360
233,360
234,360
235,360
236,360
237,360
238,360
239,360
240,360
241,360
242,360
243,360
244,360
245,360
246,360
247,360
248,360
249,360
250,360
