1,152
2,141
3,141
4,141
5,141
6,141
7,143
8,143
9,143
10,143
11,143
12,143
13,143
14,143
15,143
16,142
17,141
18,141
19,141
20,141
21,141
22,141
23,141
24,141
25,141
26,141
27,141
28,141
29,141
30,141
31,141
32,141
33,141
34,141
35,141
36,141
37,141
38,141
39,142
40,143
41,143
42,143
43,144
44,144
45,145
46,145
47,145
48,143
49,143
50,143
51,143
52,143
53,143
54,143
55,143
56,143
57,143
58,143
59,143
60,143
61,143
62,143
63,143
64,143
65,143
66,143
67,143
68,143
69,143
70,143
71,143
72,143
73,143
74,143
75,143
76,143
77,143
78,143
79,143
80,143
81,143
82,143
83,143
84,143
85,143
86,143
87,143
88,143
89,143
90,143
91,143
92,143
93,143
94,143
95,143
96,143
97,143
98,143
99,143
100,143
101,143
102,143
103,143
104,143
105,143
106,143
107,143
108,143
109,143
110,143
111,143
112,143
113,143
114,143
115,143
116,143
117,143
118,143
119,143
120,143
121,143
122,143
123,143
124,143
125,143
126,143
127,143
128,143
129,143
130,143
131,143
132,143
133,143
134,143
135,143
136,143
137,143
138,143
139,143
140,143
141,143
142,143
143,143
144,143
145,143
146,143
147,143
148,143
149,143
150,143
151,143
152,143
153,143
154,143
155,143
156,143
157,143
158,143
159,143
160,143
161,143
162,143
163,143
164,143
165,143
166,143
167,143
168,143
169,143
170,143
171,143
172,143
173,143
174,143
175,143
176,143
177,143
178,143
179,143
180,143
181,143
182,143
183,143
184,143
185,143
186,143
187,143
188,143
189,143
190,143
191,143
192,143
193,143
194,143
195,143
196,143
197,143
198,143
199,143
200,143
201,143
202,143
203,143
204,143
205,143
206,143
207,143
208,143
209,143
210,143
211,143
212,143
213,143
214,143
215,143
216,143
217,143
218,143
219,143
220,143
221,143
222,143
223,143
224,143
225,143
226,143
227,143
228,143
229,143
230,143
231,143
232,143
233,143
234,143
235,143
236,143
237,143
238,143
239,143
240,143
241,143
242,143
243,143
244,143
245,143
246,143
247,143
248,143
249,143
250,143
251,143
252,143
253,143
254,143
255,143
256,143
257,143
258,143
259,143
260,143
261,143
262,143
263,143
264,143
265,143
266,143
267,143
268,143
269,143
270,143
271,143
272,143
273,143
274,143
275,143
276,143
277,143
278,143
279,143
280,143
281,143
282,143
283,143
284,143
285,143
286,143
287,143
288,143
289,143
290,143
291,143
292,143
293,143
294,143
295,143
296,143
297,143
298,143
299,143
300,143
301,143
302,143
303,143
304,143
305,143
306,143
307,143
308,143
309,143
310,143
311,143
312,143
313,143
314,143
315,143
316,143
317,143
318,143
319,143
320,143
321,143
322,143
323,143
324,143
325,143
326,143
327,143
328,143
329,143
330,143
331,143
332,143
333,143
334,143
335,143
336,143
337,143
338,143
339,143
340,143
341,143
342,143
343,143
344,143
345,143
346,143
347,143
348,143
349,143
350,143
351,143
352,143
353,143
354,143
355,143
356,143
357,143
358,143
359,143
360,143
361,143
362,143
363,143
364,143
365,143
366,143
367,143
368,143
369,143
370,143
371,143
372,143
373,143
374,143
375,143
376,143
377,143
378,143
379,143
380,143
381,143
382,143
383,143
384,143
385,143
386,143
387,143
388,143
389,143
390,143
391,143
392,143
393,143
394,143
395,143
396,143
397,143
398,143
399,143
400,143
401,143
402,143
403,143
404,143
405,143
406,143
407,143
408,143
409,143
410,143
411,143
412,143
413,143
414,143
415,143
416,143
417,143
418,143
419,143
420,143
421,143
422,143
423,143
424,143
425,143
426,143
427,143
428,143
429,143
430,143
431,143
432,143
433,143
434,143
435,143
436,143
437,143
438,143
439,143
440,143
441,143
442,143
443,143
444,143
445,143
446,143
447,143
448,143
449,143
450,143
451,143
452,143
453,143
454,143
455,143
456,143
457,143
458,143
459,143
460,143
461,143
462,143
463,143
464,143
465,143
466,143
467,143
468,143
469,143
470,143
471,143
472,143
473,143
474,143
475,143
476,143
477,143
478,143
479,143
480,143
481,143
482,143
483,143
484,143
485,143
486,143
487,143
488,143
489,143
490,143
491,143
492,143
493,143
494,143
495,143
496,143
497,143
498,143
499,143
500,143
501,143
502,143
503,143
504,143
505,143
506,143
507,143
508,143
509,143
510,143
511,143
512,143
513,143
514,143
515,143
516,143
517,143
518,143
519,143
520,143
521,143
522,143
523,143
524,143
525,143
526,143
527,143
528,143
529,143
530,143
531,143
532,143
533,143
534,143
535,143
536,143
537,143
538,143
539,143
540,143
541,143
542,143
543,143
544,143
545,143
546,143
547,143
548,143
549,143
550,143
551,143
552,143
553,143
554,143
555,143
556,143
557,143
558,143
559,143
560,143
561,143
562,143
563,143
564,143
565,143
566,143
567,143
568,143
569,143
570,143
571,143
572,143
573,143
574,143
575,143
576,143
577,143
578,143
579,143
580,143
581,143
582,143
583,143
584,143
585,143
586,143
587,143
588,143
589,143
590,143
591,143
592,143
593,143
594,143
595,143
596,143
597,143
598,143
599,143
600,143
601,143
