1,150
2,150
3,150
4,150
5,150
6,150
7,150
8,150
9,150
10,150
11,150
12,150
13,150
14,150
15,150
16,150
17,150
18,150
19,150
20,150
21,150
22,150
23,150
24,150
25,150
26,150
27,150
28,150
29,150
30,150
31,150
32,150
33,150
34,151
35,151
36,151
37,151
38,151
39,151
40,151
41,151
42,151
43,151
44,151
45,151
46,151
47,151
48,151
49,151
50,151
51,151
52,151
53,151
54,151
55,151
56,151
57,151
58,152
59,152
60,152
61,152
62,152
63,152
64,152
65,152
66,152
67,152
68,152
69,152
70,152
71,152
72,152
73,152
74,152
75,152
76,152
77,152
78,152
79,152
80,152
81,152
82,152
83,152
84,152
85,152
86,152
87,152
88,152
89,152
90,152
91,152
92,152
93,152
94,152
95,152
96,152
97,152
98,152
99,152
100,152
101,152
102,152
103,152
104,152
105,152
106,152
107,152
108,152
109,152
110,152
111,152
112,152
113,152
114,152
115,152
116,152
117,152
118,152
119,152
120,152
121,152
122,152
123,152
124,152
125,152
126,152
127,152
128,152
129,152
130,152
131,153
132,153
133,153
134,153
135,153
136,153
137,153
138,153
139,153
140,153
141,153
142,153
143,153
144,153
145,153
146,153
147,153
148,153
149,153
150,153
151,153
152,153
153,153
154,153
155,153
156,153
157,153
158,153
159,153
160,153
161,153
162,153
163,153
164,153
165,153
166,153
167,153
168,153
169,153
170,153
171,153
172,153
173,153
174,153
175,153
176,153
177,153
178,153
179,153
180,153
181,153
182,153
183,153
184,153
185,153
186,153
187,153
188,153
189,153
190,153
191,153
192,153
193,153
194,153
195,153
196,153
197,153
198,153
199,153
200,153
201,153
202,153
203,153
204,153
205,153
206,153
207,153
208,153
209,153
210,153
211,153
212,153
213,153
214,153
215,153
216,153
217,153
218,153
219,153
220,153
221,153
222,153
223,153
224,153
225,153
226,153
227,153
228,153
229,153
230,153
231,153
232,153
233,153
234,153
235,153
236,153
237,153
238,153
239,153
240,153
241,153
242,153
243,153
244,153
245,153
246,153
247,153
248,153
249,153
250,153
251,153
252,153
253,153
254,153
255,153
256,153
257,153
258,153
259,153
260,153
261,153
262,153
263,153
264,153
265,153
266,153
267,153
268,153
269,153
270,153
271,153
272,153
273,153
274,153
275,153
276,153
277,153
278,153
279,153
280,153
281,153
282,153
283,153
284,153
285,153
286,153
287,153
288,153
289,153
290,153
291,153
292,153
293,153
294,153
295,153
296,153
297,153
298,153
299,153
300,153
301,153
302,153
303,153
304,153
305,153
306,153
307,153
308,153
309,153
310,153
311,153
312,153
313,153
314,153
315,153
316,153
317,153
318,153
319,153
320,153
321,153
322,153
323,153
324,153
325,153
326,153
327,153
328,153
329,153
330,153
331,153
332,153
333,153
334,153
335,153
336,153
337,153
338,153
339,153
340,153
341,153
342,153
343,153
344,153
345,153
346,153
347,153
348,153
349,153
350,153
351,153
352,153
353,153
354,153
355,153
356,153
357,153
358,153
359,153
360,153
361,153
362,153
363,153
364,153
365,153
366,153
367,153
368,153
369,153
370,153
371,153
372,153
373,153
374,153
375,153
376,153
377,153
378,153
379,153
380,153
381,153
382,153
383,153
384,153
385,153
386,153
387,153
388,153
389,153
390,153
391,153
392,153
393,153
394,153
395,153
396,153
397,153
398,153
399,153
400,153
401,153
402,153
403,153
404,153
405,153
406,153
407,153
408,153
409,153
410,153
411,153
412,153
413,153
414,153
415,153
416,153
417,153
418,153
419,153
420,153
421,153
422,153
423,153
424,153
425,153
426,153
427,153
428,153
429,153
430,153
431,153
432,153
433,153
434,153
435,153
436,153
437,153
438,153
439,153
440,153
441,153
442,153
443,153
444,153
445,153
446,153
447,153
448,153
449,153
450,153
451,153
452,153
453,153
454,153
455,153
456,153
457,153
458,153
459,153
460,153
461,153
462,153
463,153
464,153
465,153
466,153
467,153
468,153
469,153
470,153
471,153
472,153
473,153
474,153
475,153
476,153
477,153
478,153
479,153
480,153
481,153
482,153
483,153
484,153
485,153
486,153
487,153
488,153
489,153
490,153
491,153
492,153
493,153
494,153
495,153
496,153
497,153
498,153
499,153
500,153
501,153
502,153
503,153
504,153
505,153
506,153
507,153
508,153
509,153
510,153
511,153
512,153
513,153
514,153
515,153
516,153
517,153
518,153
519,153
520,153
521,153
522,153
523,153
524,153
525,153
526,153
527,153
528,153
529,153
530,153
531,153
532,153
533,153
534,153
535,153
536,153
537,153
538,153
539,153
540,153
541,153
542,153
543,153
544,153
545,153
546,153
547,153
548,153
549,153
550,153
551,153
552,153
553,153
554,153
555,153
556,153
557,153
558,153
559,153
560,153
561,153
562,153
563,153
564,153
565,153
566,153
567,153
568,153
569,153
570,153
571,153
572,153
573,153
574,153
575,153
576,153
577,153
578,153
579,153
580,153
581,153
582,153
583,153
584,153
585,153
586,153
587,153
588,153
589,153
590,153
591,153
592,153
593,153
594,153
595,153
596,153
597,153
598,153
599,153
600,153
601,153
602,153
603,153
604,153
605,153
606,153
607,153
608,153
609,153
