1,162
2,161
3,157
4,149
5,150
6,152
7,153
8,153
9,153
10,154
11,156
12,158
13,159
14,159
15,161
16,160
17,160
18,160
19,160
20,160
21,159
22,159
23,159
24,159
25,159
26,158
27,158
28,157
29,157
30,157
31,156
32,157
33,157
34,156
35,156
36,156
37,156
38,156
39,156
40,156
41,156
42,156
43,156
44,156
45,156
46,156
47,156
48,156
49,156
50,157
51,157
52,157
53,156
54,156
55,155
56,155
57,155
58,154
59,154
60,154
61,154
62,154
63,154
64,154
65,154
66,154
67,154
68,154
69,154
70,154
71,154
72,154
73,154
74,154
75,154
76,154
77,154
78,154
79,154
80,154
81,154
82,154
83,154
84,154
85,154
86,154
87,154
88,154
89,154
90,154
91,154
92,154
93,154
94,154
95,154
96,154
97,154
98,154
99,154
100,154
101,154
102,154
103,154
104,154
105,154
106,154
107,154
108,154
109,154
110,154
111,154
112,154
113,154
114,154
115,154
116,154
117,154
118,154
119,154
120,154
121,154
122,154
123,154
124,154
125,154
126,154
127,154
128,154
129,154
130,154
131,154
132,154
133,154
134,154
135,154
136,154
137,154
138,154
139,154
140,154
141,154
142,154
143,154
144,154
145,154
146,154
147,154
148,154
149,154
150,154
151,154
152,154
153,154
154,154
155,154
156,154
157,154
158,154
159,154
160,154
161,154
162,154
163,154
164,154
165,155
166,155
167,155
168,155
169,155
170,155
171,155
172,155
173,155
174,155
175,155
176,155
177,155
178,155
179,155
180,155
181,155
182,155
183,155
184,155
185,155
186,155
187,155
188,155
189,155
190,155
191,155
192,155
193,155
194,155
195,155
196,155
197,155
198,155
199,155
200,155
201,155
202,155
203,155
204,155
205,155
206,155
207,155
208,155
209,155
210,155
211,155
212,155
213,155
214,155
215,155
216,155
217,155
218,155
219,155
220,155
221,155
222,155
223,155
224,155
225,155
226,155
227,155
228,155
229,155
230,155
231,155
232,155
233,155
234,155
235,155
236,155
237,155
238,155
239,155
240,155
241,155
242,155
243,155
244,155
245,155
246,155
247,155
248,156
249,156
250,156
251,156
252,156
253,156
254,156
255,156
256,156
257,156
258,156
259,156
260,156
261,156
262,156
263,156
264,156
265,156
266,156
267,156
268,156
269,156
270,156
271,156
272,156
273,156
274,156
275,156
276,156
277,156
278,156
279,156
280,156
281,156
282,156
283,156
284,156
285,156
286,156
287,156
288,156
289,156
290,156
291,156
292,156
293,156
294,156
295,156
296,156
297,156
298,156
299,156
300,156
301,156
302,156
303,156
304,156
305,156
306,156
307,156
308,156
309,156
310,156
311,156
312,156
313,156
314,156
315,156
316,156
317,156
318,156
319,156
320,156
321,156
322,156
323,156
324,156
325,156
326,156
327,156
328,156
329,156
330,156
331,156
332,156
333,156
334,156
335,156
336,156
337,156
338,156
339,156
340,156
341,156
342,156
343,156
344,156
345,156
346,156
347,156
348,156
349,156
350,156
351,156
352,156
353,156
354,156
355,156
356,156
357,156
358,156
359,156
360,156
361,156
362,156
363,156
364,156
365,156
366,156
367,156
368,156
369,156
370,156
371,156
372,156
373,156
374,156
375,156
376,156
377,156
378,156
379,156
380,156
381,156
382,156
383,156
384,156
385,156
386,156
387,156
388,156
389,156
390,156
391,156
392,156
393,156
394,156
395,156
396,156
397,156
398,156
399,156
400,156
401,156
402,156
403,156
404,156
405,156
406,156
407,156
408,156
409,156
410,156
411,156
412,156
413,156
414,156
415,156
416,156
417,156
418,156
419,156
420,156
421,156
422,156
423,156
424,156
425,156
426,156
427,156
428,156
429,156
430,156
431,156
432,156
433,156
434,156
435,156
436,156
437,156
438,156
439,156
440,156
441,156
442,156
443,156
444,156
445,156
446,156
447,156
448,156
449,156
450,156
451,156
452,156
453,156
454,156
455,156
456,156
457,156
458,156
459,156
460,156
461,156
462,156
463,156
464,156
465,156
466,156
467,156
468,156
469,156
470,156
471,156
472,156
473,156
474,156
475,156
476,156
477,156
478,156
479,156
480,156
481,156
482,156
483,156
484,156
485,156
486,156
487,156
488,156
489,156
490,156
491,156
492,156
493,156
494,156
495,156
496,156
497,156
498,156
499,156
500,156
501,156
502,156
503,156
