1,240
2,236
3,236
4,236
5,238
6,238
7,239
8,239
9,240
10,241
11,240
12,239
13,239
14,239
15,239
16,239
17,239
18,239
19,239
20,239
21,239
22,239
23,239
24,239
25,239
26,239
27,240
28,240
29,240
30,240
31,240
32,240
33,240
34,240
35,240
36,240
37,240
38,240
39,240
40,240
41,240
42,240
43,240
44,240
45,240
46,239
47,239
48,239
49,239
50,239
51,239
52,239
53,239
54,239
55,239
56,239
57,239
58,239
59,239
60,239
61,239
62,239
63,239
64,239
65,239
66,239
67,239
68,239
69,239
70,239
71,238
72,238
73,238
74,238
75,238
76,238
77,238
78,238
79,238
80,238
81,238
82,238
83,238
84,238
85,238
86,238
87,238
88,238
89,238
90,239
91,239
92,239
93,239
94,239
95,239
96,239
97,239
98,239
99,239
100,239
101,239
102,239
103,239
104,239
105,239
106,239
107,239
108,239
109,239
110,239
111,239
112,239
113,239
114,239
115,239
116,239
117,239
118,239
119,239
120,239
121,239
122,239
123,239
124,239
125,239
126,239
127,239
128,239
129,239
130,239
131,239
132,239
133,239
134,239
135,239
136,239
137,239
138,239
139,239
140,239
141,239
142,238
143,238
144,238
145,238
146,238
147,238
148,238
149,238
150,238
151,238
152,238
153,238
154,238
155,238
156,238
157,238
158,238
159,238
160,238
161,238
162,238
163,238
164,238
165,238
166,238
167,238
168,238
169,238
170,238
171,238
172,238
173,238
174,238
175,238
176,238
177,238
178,238
179,238
180,239
181,239
182,239
183,239
184,239
185,239
186,239
187,239
188,239
189,239
190,239
191,239
192,239
193,239
194,239
195,239
196,239
197,239
198,239
199,239
200,239
201,239
202,239
203,239
204,239
205,239
206,239
207,239
208,239
209,239
210,239
211,239
212,239
213,239
214,239
215,239
216,239
217,239
218,239
219,239
220,239
221,239
222,239
223,239
224,239
225,239
226,239
227,239
228,239
229,239
230,239
231,239
232,239
233,239
234,239
235,239
236,239
237,239
238,239
