1,346
2,335
3,335
4,335
5,335
6,335
7,335
8,335
9,335
10,335
11,335
12,335
13,335
14,335
15,335
16,335
17,335
18,335
19,335
20,335
21,335
22,335
23,335
24,335
25,335
26,335
27,335
28,335
29,335
30,335
31,335
32,335
33,335
34,335
35,335
36,335
37,335
38,335
39,335
40,335
41,335
42,335
43,335
44,335
45,335
46,335
47,335
48,335
49,335
50,335
51,335
52,335
53,335
54,335
55,335
56,335
57,335
58,335
59,335
60,335
61,335
62,335
63,335
64,335
65,335
66,335
67,335
68,335
69,335
70,335
71,335
72,335
73,335
74,335
75,335
76,335
77,335
78,335
79,335
80,335
81,335
82,335
83,335
84,335
85,335
86,335
87,335
88,335
89,335
90,335
91,335
92,335
93,335
94,335
95,335
96,335
97,335
98,335
99,335
100,335
101,335
102,335
103,335
104,335
105,335
106,335
107,335
108,335
109,335
110,335
111,335
112,335
113,335
114,335
115,335
116,335
117,335
118,335
119,335
120,335
121,335
122,335
123,335
124,335
125,335
126,335
127,335
128,335
129,335
130,335
131,335
132,335
133,335
134,335
135,335
136,335
