1,229
2,233
3,233
4,233
5,233
6,233
7,233
8,233
9,233
10,233
11,233
12,233
13,233
14,233
15,233
16,233
17,233
18,234
19,234
20,235
21,235
22,235
23,236
24,236
25,236
26,236
27,236
28,236
29,236
30,236
31,236
32,236
33,236
34,236
35,236
36,236
37,236
38,236
39,236
40,236
41,236
42,236
43,237
44,238
45,238
46,237
47,237
48,237
49,235
50,235
51,235
52,235
53,235
54,235
55,235
56,235
57,235
58,235
59,235
60,235
61,235
62,235
63,235
64,235
65,235
66,235
67,235
68,235
69,235
70,235
71,235
72,235
73,235
74,235
75,235
76,235
77,235
78,235
79,235
80,235
81,235
82,235
83,235
84,235
85,235
86,235
87,235
88,235
89,235
90,235
91,235
92,235
93,235
94,235
95,235
96,235
97,235
98,235
99,235
100,235
101,235
102,235
103,235
104,235
105,235
106,235
107,235
108,235
109,235
110,235
111,235
112,235
113,235
114,235
115,235
116,235
117,235
118,235
119,235
120,235
121,235
122,235
123,235
124,235
125,235
126,235
127,235
128,235
129,235
130,235
131,235
132,236
133,236
134,236
135,236
136,236
137,236
138,236
139,236
140,236
141,236
142,236
143,236
144,236
145,236
146,236
147,236
148,236
149,236
150,236
151,236
152,236
153,236
154,236
155,236
156,236
157,236
158,236
159,236
160,236
161,236
162,236
163,236
164,236
165,236
166,236
167,236
168,236
169,236
170,236
171,236
172,236
173,236
174,236
175,236
176,236
177,236
178,236
179,236
180,236
181,236
182,236
183,236
184,236
185,236
