1,361
2,358
3,358
4,358
5,358
6,358
7,358
8,358
9,358
10,358
11,358
12,358
13,358
14,358
15,358
16,358
17,358
18,358
19,358
20,358
21,358
22,358
23,358
24,358
25,358
26,358
27,358
28,358
29,358
30,358
31,358
32,358
33,358
34,358
35,358
36,358
37,358
38,358
39,358
40,358
41,358
42,358
43,358
44,358
45,358
46,358
47,358
48,358
49,358
50,358
51,358
52,358
53,358
54,358
55,358
56,358
57,358
58,358
59,358
60,358
61,358
62,358
63,358
64,358
65,358
66,358
67,358
68,358
69,358
70,358
71,358
72,358
73,358
74,358
75,358
76,358
77,358
78,358
79,358
80,358
81,358
82,358
83,358
84,358
85,358
86,358
87,358
88,358
89,358
90,358
91,358
92,358
93,358
94,358
95,358
96,358
97,358
98,358
99,358
100,358
101,358
102,358
103,358
104,358
105,358
106,358
107,358
108,358
109,358
110,358
111,358
112,358
113,358
114,358
115,358
116,358
117,358
118,358
119,358
120,358
121,358
122,358
123,358
124,358
125,358
126,358
127,358
128,358
129,358
130,358
131,358
132,358
133,358
134,358
135,358
136,358
137,358
138,358
139,358
140,358
141,358
142,358
