1,233
2,233
3,233
4,228
5,225
6,239
7,241
8,240
9,240
10,240
11,240
12,240
13,240
14,240
15,240
16,240
17,240
18,240
19,240
20,240
21,240
22,240
23,240
24,240
25,240
26,240
27,240
28,240
29,240
30,240
31,240
32,240
33,240
34,240
35,240
36,240
37,240
38,240
39,240
40,240
41,240
42,240
43,240
44,240
45,240
46,240
47,240
48,240
49,240
50,240
51,240
52,240
53,240
54,240
55,240
56,240
57,240
58,240
59,240
60,240
61,240
62,240
63,240
64,240
65,240
66,240
67,240
68,240
69,240
70,240
71,240
72,240
73,240
74,240
75,240
76,240
77,240
78,240
79,240
80,240
81,240
82,240
83,240
84,240
85,240
86,240
87,240
88,240
89,240
90,240
91,240
92,240
93,240
94,240
95,240
96,240
97,240
98,240
99,240
100,240
101,240
102,240
103,240
104,240
105,240
106,240
107,240
108,240
109,240
110,240
111,240
112,240
113,240
114,240
115,240
116,240
117,240
118,240
119,240
120,240
121,240
122,240
123,240
124,240
125,240
126,240
127,240
128,240
129,240
130,240
131,240
132,240
133,240
134,240
135,240
136,240
137,240
138,240
139,240
140,240
141,240
142,240
143,240
144,240
145,240
146,240
147,240
148,240
149,240
150,240
151,240
152,240
153,240
154,240
155,240
156,240
157,240
158,240
159,240
160,241
161,241
162,241
163,240
164,240
165,240
166,240
167,240
168,240
169,240
170,240
171,240
172,240
173,240
174,240
175,240
176,240
177,240
178,240
179,240
180,240
181,240
182,240
183,240
184,240
185,240
186,240
187,240
188,240
189,240
190,240
191,240
192,240
193,240
194,240
195,240
196,240
197,240
198,240
199,240
200,240
201,240
202,240
203,240
204,240
205,240
206,240
207,240
208,240
209,240
210,240
211,240
212,240
213,240
214,240
215,240
216,240
217,240
218,240
219,240
220,240
221,240
222,240
223,240
224,240
225,240
226,240
227,240
228,240
229,240
230,240
231,240
232,240
233,240
234,240
235,240
236,240
237,240
238,240
239,240
240,240
241,240
242,240
243,240
244,240
245,240
246,240
247,240
248,240
249,240
250,240
251,240
252,240
253,240
254,240
255,240
256,240
257,240
258,240
259,240
260,240
261,240
262,240
263,240
264,240
265,240
266,240
267,240
268,240
269,240
270,240
271,240
272,240
273,240
274,240
275,240
276,240
277,240
278,240
279,240
280,240
281,240
282,240
283,240
284,240
285,240
286,240
287,240
288,240
289,240
290,240
291,240
292,240
293,240
294,240
295,240
296,240
297,240
298,240
299,240
300,240
301,240
302,240
303,241
304,241
305,241
306,241
307,241
308,241
309,241
310,241
311,241
312,241
313,241
314,241
315,241
316,241
317,241
318,241
319,241
320,241
321,241
322,241
323,241
324,241
325,241
326,241
327,241
328,241
329,241
330,241
331,241
332,241
333,241
334,241
335,241
336,241
337,241
338,241
339,241
340,241
341,241
342,241
343,241
344,240
345,240
346,240
347,240
348,240
349,240
350,240
351,240
352,240
353,240
354,240
355,240
356,240
357,240
358,240
359,240
360,240
361,240
362,240
363,240
364,240
365,240
366,240
367,240
368,240
369,240
370,240
371,240
372,240
373,240
374,240
375,240
376,240
377,240
378,240
379,240
380,240
381,240
382,240
383,240
384,240
385,240
386,240
387,240
388,240
389,240
390,240
391,240
392,240
393,240
394,240
395,240
396,240
397,240
398,240
399,240
400,240
401,240
402,240
403,240
404,240
405,240
406,240
407,240
408,240
409,240
410,240
411,240
412,240
413,240
414,240
415,240
416,240
417,240
418,240
419,240
420,240
421,240
422,240
423,240
424,240
425,240
426,240
427,240
428,240
429,240
430,240
