1,146
2,144
3,145
4,145
5,146
6,146
7,145
8,145
9,147
10,147
11,147
12,147
13,147
14,149
15,151
16,150
17,149
18,149
19,149
20,149
21,149
22,149
23,149
24,149
25,149
26,149
27,149
28,149
29,149
30,149
31,149
32,149
33,150
34,150
35,150
36,150
37,150
38,150
39,151
40,151
41,150
42,150
43,150
44,149
45,149
46,150
47,150
48,150
49,150
50,150
51,150
52,150
53,150
54,150
55,150
56,150
57,150
58,150
59,150
60,151
61,151
62,151
63,152
64,152
65,152
66,153
67,153
68,153
69,153
70,153
71,153
72,153
73,153
74,153
75,153
76,153
77,153
78,153
79,153
80,153
81,153
82,153
83,153
84,153
85,153
86,153
87,153
88,153
89,153
90,153
91,153
92,153
93,153
94,153
95,153
96,153
97,152
98,152
99,152
100,152
101,152
102,151
103,151
104,151
105,151
106,151
107,151
108,151
109,151
110,151
111,151
112,151
113,151
114,151
115,151
116,151
117,151
118,151
119,151
120,151
121,151
122,151
123,151
124,151
125,151
126,151
127,151
128,151
129,151
130,151
131,151
132,151
133,151
134,151
135,151
136,151
137,151
138,151
139,151
140,151
141,151
142,151
143,151
144,151
145,151
146,151
147,151
148,151
149,151
150,151
151,151
152,151
153,151
154,151
155,151
156,151
157,151
158,151
159,151
160,151
161,151
162,151
163,151
164,151
165,151
166,151
167,151
168,151
169,151
170,151
171,151
172,151
173,151
174,151
175,151
176,151
177,151
178,151
179,151
180,151
181,151
182,151
183,151
184,151
185,151
186,151
187,151
188,151
189,151
190,151
191,151
192,151
193,151
194,151
195,151
196,151
197,151
198,151
199,151
200,151
201,151
202,151
203,151
204,151
205,151
206,151
207,151
208,151
209,151
210,151
211,151
212,151
213,151
214,151
215,151
216,151
217,151
218,151
219,151
220,151
221,151
222,151
223,151
224,151
225,151
226,151
227,151
228,151
229,151
230,151
231,151
232,151
233,151
234,151
235,151
236,151
237,151
238,151
239,151
240,151
241,151
242,151
243,151
244,151
245,151
246,151
247,151
248,151
249,151
250,151
251,151
252,151
253,151
254,151
255,151
256,151
257,151
258,151
259,151
260,151
261,151
262,151
263,151
264,151
265,151
266,151
267,151
268,151
269,151
270,151
271,151
272,151
273,151
274,151
275,151
276,151
277,151
278,151
279,151
280,151
281,151
282,151
283,151
284,151
285,151
286,151
287,151
288,151
289,151
290,151
291,151
292,151
293,151
294,151
295,151
296,151
297,151
298,151
299,151
300,151
301,151
302,151
303,151
304,151
305,151
306,151
307,151
308,151
309,151
310,151
311,151
312,151
313,151
314,151
315,151
316,151
317,151
318,151
319,151
320,151
321,151
322,151
323,151
324,151
325,151
326,151
327,151
328,151
329,151
330,151
331,151
332,151
333,151
334,151
335,151
336,151
337,151
338,151
339,151
340,151
341,151
342,151
343,151
344,151
345,151
346,151
347,151
348,151
349,151
350,151
351,151
352,151
353,151
354,151
355,151
356,151
357,151
358,151
359,151
360,151
361,151
362,151
363,151
364,151
365,151
366,151
367,151
368,151
369,151
370,151
371,151
372,151
373,151
374,151
375,151
376,151
377,151
378,151
379,151
380,151
381,151
382,151
383,151
384,151
385,151
386,151
387,151
388,151
389,151
390,151
391,151
392,151
393,151
394,151
395,151
396,151
397,151
398,151
399,151
400,151
401,151
402,151
403,151
404,151
405,151
406,151
407,151
408,151
409,151
410,151
411,151
412,151
413,151
414,151
415,151
416,151
417,151
418,151
419,151
420,151
421,151
422,151
423,151
424,151
425,151
426,151
427,151
428,151
429,151
430,151
431,151
432,151
433,151
434,151
435,151
