1,150
2,150
3,150
4,150
5,150
6,150
7,150
8,150
9,150
10,150
11,150
12,150
13,150
14,150
15,150
16,150
17,150
18,150
19,150
20,150
21,150
22,150
23,150
24,148
25,148
26,148
27,148
28,146
29,136
30,139
31,144
32,144
33,144
34,144
35,144
36,145
37,148
38,148
39,148
40,148
41,148
42,148
43,148
44,148
45,148
46,148
47,148
48,148
49,148
50,148
51,148
52,148
53,148
54,148
55,148
56,148
57,148
58,148
59,148
60,148
61,148
62,148
63,148
64,148
65,148
66,148
67,148
68,148
69,148
70,148
71,148
72,148
73,148
74,148
75,148
76,148
77,148
78,148
79,148
80,148
81,148
82,148
83,148
84,148
85,148
86,148
87,148
88,148
89,148
90,148
91,148
92,148
93,148
94,148
95,148
96,148
97,148
98,148
99,148
100,148
101,148
102,148
103,148
104,148
105,148
106,148
107,148
108,148
109,148
110,148
111,148
112,148
113,148
114,148
115,148
116,148
117,148
118,148
119,148
120,148
121,148
122,148
123,148
124,148
125,148
126,148
127,148
128,148
129,148
130,148
131,148
132,148
133,148
134,148
135,148
136,148
137,148
138,148
139,148
140,148
141,148
142,148
143,148
144,148
145,148
146,148
147,148
148,148
149,148
150,148
151,148
152,148
153,148
154,148
155,148
156,148
157,148
158,148
159,148
160,148
161,148
162,148
163,148
164,148
165,148
166,148
167,148
168,148
169,148
170,148
171,148
172,148
173,148
174,148
175,148
176,148
177,148
178,148
179,146
180,146
181,146
182,145
183,145
184,145
185,145
186,145
187,145
188,145
189,145
190,145
191,145
192,145
193,145
194,145
195,145
196,145
197,145
198,145
199,145
200,145
201,145
202,145
203,145
204,145
205,145
206,145
207,145
208,145
209,145
210,145
211,145
212,145
213,145
214,145
215,145
216,145
217,145
218,145
219,145
220,145
221,145
222,145
223,145
224,145
225,145
226,145
227,145
228,145
229,145
230,145
231,145
232,145
233,145
234,145
235,145
236,145
237,145
238,145
239,145
240,145
241,145
242,145
243,145
244,145
245,145
246,145
247,145
248,145
249,145
250,145
251,145
252,145
253,145
254,145
255,145
256,145
257,145
258,145
259,145
260,145
261,145
262,145
263,145
264,145
265,145
266,145
267,145
268,145
269,145
270,145
271,145
272,145
273,145
274,145
275,145
276,145
277,145
278,145
279,145
280,145
281,145
282,145
283,145
284,145
285,145
286,145
287,145
288,145
289,145
290,145
291,145
292,145
293,145
294,145
295,145
296,145
297,145
298,145
299,145
300,145
301,145
302,145
303,145
304,145
305,145
306,145
307,145
308,145
309,145
310,145
311,145
312,145
313,145
314,145
315,145
316,145
317,145
318,145
319,145
320,145
321,145
322,145
323,145
324,145
325,145
326,145
327,145
328,145
329,145
330,145
331,145
332,145
333,145
334,145
335,145
336,145
337,145
338,145
339,145
340,145
341,145
342,145
343,145
344,145
345,145
346,145
347,145
348,145
349,145
350,145
351,145
352,145
353,145
354,145
