1,259
2,259
3,252
4,246
5,246
6,246
7,246
8,246
9,246
10,246
11,246
12,246
13,246
14,246
15,246
16,246
17,246
18,246
19,246
20,246
21,246
22,246
23,246
24,246
25,246
26,246
27,246
28,246
29,246
30,246
31,246
32,246
33,246
34,246
35,246
36,246
37,246
38,246
39,246
40,246
41,246
42,246
43,246
44,246
45,246
46,246
47,246
48,246
49,246
50,246
51,246
52,246
53,246
54,246
55,246
56,246
57,246
58,246
59,246
60,246
61,245
62,245
63,245
64,245
65,245
66,245
67,245
68,245
69,245
70,245
71,245
72,245
73,245
74,245
75,245
76,245
77,245
78,245
79,245
80,245
81,245
82,245
83,245
84,245
85,245
86,245
87,245
88,245
89,245
90,245
91,245
92,245
93,245
94,245
95,245
96,245
97,245
98,245
99,245
100,245
101,245
102,245
103,245
104,245
105,245
106,245
107,245
108,245
109,245
110,245
111,245
112,245
113,245
114,245
115,245
116,245
117,245
118,245
119,245
120,245
121,245
122,245
123,245
124,245
125,245
126,245
127,245
128,245
129,245
130,245
131,245
132,245
133,245
134,245
135,245
136,245
137,245
138,245
139,245
140,245
141,245
142,245
143,245
144,245
145,245
146,245
147,245
148,245
149,245
150,245
151,245
152,245
153,245
154,245
155,245
156,245
157,245
158,245
159,245
160,245
161,245
162,245
163,245
164,245
165,245
166,245
167,245
168,245
169,245
170,244
171,244
172,244
173,244
174,244
175,244
176,244
177,244
178,244
179,244
180,244
181,244
182,244
183,244
184,244
185,244
186,244
187,244
188,244
189,244
190,244
191,244
192,244
193,244
194,244
195,244
196,244
197,244
198,244
199,244
