1,216
2,239
3,238
4,237
5,237
6,237
7,237
8,237
9,237
10,237
11,238
12,238
13,238
14,238
15,238
16,238
17,238
18,238
19,237
20,237
21,237
22,237
23,237
24,237
25,238
26,238
27,239
28,238
29,238
30,239
31,239
32,238
33,238
34,238
35,239
36,239
37,238
38,239
39,239
40,238
41,237
42,237
43,237
44,238
45,238
46,238
47,238
48,238
49,238
50,238
51,238
52,238
53,238
54,238
55,238
56,238
57,238
58,238
59,237
60,238
61,239
62,239
63,239
64,239
65,239
66,239
67,239
68,239
69,239
70,239
71,239
72,239
73,239
74,239
75,238
76,238
77,239
78,239
79,239
80,239
81,239
82,239
83,239
84,239
85,239
86,239
87,238
88,238
89,238
90,238
91,238
92,238
93,238
94,238
95,237
96,237
97,237
98,237
99,237
100,237
101,236
102,236
103,236
104,236
105,236
106,236
107,236
108,236
109,236
110,236
111,236
112,236
113,236
114,236
115,236
116,236
117,236
118,236
119,236
120,236
121,235
122,235
123,235
124,235
125,235
126,235
127,235
128,235
129,240
130,235
131,235
132,235
133,235
134,235
135,235
136,235
137,235
138,235
139,235
140,235
141,235
142,235
143,235
144,235
145,235
146,235
147,235
148,235
149,235
150,235
151,235
152,235
153,235
154,235
155,235
156,235
157,235
158,234
159,234
160,234
161,234
162,234
163,234
164,234
165,234
166,234
167,234
168,234
169,234
170,234
171,234
172,234
173,234
174,234
175,234
176,234
177,234
178,234
179,234
180,234
181,234
182,234
183,234
184,234
185,234
186,234
187,234
188,234
189,234
190,234
191,234
192,234
193,234
194,234
195,234
196,234
197,234
198,234
199,234
200,234
201,234
202,234
203,234
204,234
205,234
206,234
207,234
208,234
209,234
210,234
211,234
212,234
213,234
214,234
215,234
216,234
217,233
218,233
219,233
220,233
221,233
222,233
223,233
224,233
225,233
226,233
227,233
228,233
229,233
