1,355
2,346
3,346
4,346
5,345
6,345
7,345
8,345
9,346
10,347
11,347
12,347
13,348
14,349
15,350
16,351
17,353
18,353
19,351
20,351
21,351
22,351
23,350
24,351
25,351
26,351
27,351
28,351
29,351
30,351
31,351
32,351
33,351
34,351
35,351
36,351
37,351
38,351
39,351
40,351
41,351
42,351
43,351
44,352
45,352
46,352
47,352
48,352
49,352
50,352
51,352
52,352
53,351
54,351
55,351
56,351
57,351
58,351
59,351
60,351
61,351
62,351
63,351
64,351
65,351
66,351
67,351
68,351
69,351
70,351
71,351
72,351
73,351
74,351
75,351
76,351
77,351
78,351
79,351
80,351
81,351
82,351
83,351
84,351
85,351
86,351
87,351
88,351
89,351
90,351
91,351
92,351
93,351
94,351
95,351
96,351
97,351
98,351
99,351
100,350
101,350
102,350
103,350
104,350
105,350
106,350
107,350
108,350
109,350
110,350
111,350
112,350
113,350
114,350
115,350
116,350
117,350
118,350
119,350
120,350
121,350
122,350
123,350
124,350
125,350
126,350
127,350
128,350
129,350
130,350
131,350
132,350
133,350
134,350
135,350
136,350
137,350
138,350
139,350
140,350
141,350
142,350
143,350
144,350
145,350
146,350
147,350
148,350
149,350
150,350
151,350
152,350
153,350
154,350
155,350
156,350
157,350
158,350
159,350
160,350
161,350
162,350
163,350
164,350
165,350
166,350
167,350
168,350
