1,143
2,141
3,141
4,141
5,141
6,141
7,141
8,141
9,141
10,141
11,141
12,140
13,140
14,140
15,140
16,140
17,140
18,140
19,140
20,140
21,140
22,140
23,140
24,140
25,140
26,140
27,140
28,140
29,140
30,140
31,140
32,140
33,140
34,140
35,140
36,140
37,140
38,140
39,140
40,140
41,140
42,140
43,140
44,140
45,140
46,140
47,140
48,140
49,140
50,140
51,140
52,140
53,140
54,140
55,140
56,140
57,140
58,140
59,140
60,140
61,140
62,140
63,140
64,140
65,140
66,141
67,141
68,141
69,141
70,141
71,141
72,141
73,141
74,141
75,141
76,141
77,141
78,141
79,141
80,141
81,141
82,141
83,141
84,141
85,141
86,141
87,141
88,141
89,141
90,141
91,141
92,141
93,141
94,141
95,141
96,141
97,141
98,141
99,141
100,141
101,141
102,141
103,141
104,141
105,141
106,141
107,141
108,141
109,141
110,141
111,141
112,141
113,141
114,140
115,140
116,139
117,139
118,139
119,139
120,139
121,139
122,140
123,140
124,140
125,140
126,140
127,140
128,140
129,140
130,140
131,140
132,140
133,140
134,140
135,140
136,140
137,140
138,140
139,140
140,140
141,140
142,140
143,140
144,140
145,140
146,140
147,140
148,140
149,140
150,140
151,140
152,140
153,140
154,140
155,140
156,140
157,140
158,140
159,140
160,140
161,140
162,140
163,140
164,140
165,140
166,140
167,140
168,140
169,140
170,140
171,140
172,140
173,140
174,140
175,140
176,140
177,140
178,140
179,140
180,140
181,140
182,140
183,140
184,140
185,140
186,140
187,140
188,140
189,140
190,140
191,141
192,141
193,141
194,141
195,141
196,141
197,140
198,140
199,140
200,140
201,141
202,141
203,142
204,142
205,142
206,142
207,142
208,142
209,142
210,142
211,142
212,142
213,142
214,142
215,142
216,142
217,142
218,142
219,142
220,142
221,142
222,142
223,142
224,142
225,142
226,142
227,142
228,142
229,142
230,142
231,142
232,142
233,142
234,142
235,142
236,142
237,142
238,142
239,141
240,141
241,141
242,141
243,141
244,141
245,141
246,141
247,141
248,141
249,141
250,141
251,141
252,141
253,141
254,141
255,141
256,141
257,141
258,141
259,141
260,141
261,141
262,141
263,141
264,141
265,141
266,141
267,141
268,141
269,141
270,141
271,141
272,141
273,141
274,141
275,141
276,142
277,142
278,142
279,142
280,142
281,142
282,142
283,142
284,142
285,142
286,142
287,142
288,142
289,142
290,142
291,142
292,142
293,142
294,142
295,142
296,142
297,142
298,142
299,142
300,142
301,142
302,142
303,142
304,142
305,142
306,142
307,142
308,142
309,142
310,142
311,142
312,142
313,142
314,142
315,142
316,142
317,142
318,142
319,142
320,142
321,142
322,142
323,142
324,142
325,142
326,142
327,142
328,142
329,142
330,142
331,142
332,142
333,142
