1,308
2,306
3,306
4,306
5,306
6,306
7,306
8,306
9,306
10,306
11,306
12,306
13,306
14,306
15,306
16,306
17,306
18,306
19,306
20,306
21,306
22,306
23,306
24,306
25,306
26,306
27,306
28,306
29,306
30,306
31,307
32,307
33,307
34,307
35,308
36,308
37,308
38,308
39,308
40,309
41,309
42,309
43,309
44,309
45,309
46,309
47,309
48,309
49,309
50,309
51,309
52,309
53,309
54,309
55,309
56,309
57,308
58,308
59,308
60,308
61,308
62,308
63,308
64,308
65,308
66,308
67,308
68,308
69,308
70,308
71,308
72,308
73,308
74,308
75,308
76,308
77,308
78,308
79,308
80,308
81,308
82,308
83,308
84,308
85,308
86,308
87,308
88,308
89,308
90,308
91,308
92,308
93,308
94,308
95,308
96,308
97,308
98,308
99,308
100,308
101,308
102,308
103,308
104,308
105,308
106,308
107,308
108,308
109,308
110,308
111,308
112,308
113,308
114,308
115,308
116,308
117,308
118,308
119,308
120,308
121,308
122,308
123,308
124,308
125,308
126,308
127,308
128,308
129,308
130,308
131,308
132,308
133,308
134,308
135,308
136,308
137,308
138,308
139,308
140,308
141,308
142,308
143,308
144,308
145,308
146,308
147,308
148,308
149,308
150,308
151,308
152,308
153,308
154,308
155,308
156,308
157,308
158,308
159,308
