1,142
2,160
3,160
4,160
5,160
6,160
7,160
8,160
9,160
10,160
11,160
12,160
13,160
14,160
15,160
16,160
17,160
18,160
19,160
20,160
21,160
22,160
23,160
24,160
25,160
26,160
27,160
28,160
29,160
30,160
31,160
32,160
33,160
34,160
35,160
36,160
37,160
38,160
39,160
40,160
41,160
42,160
43,160
44,160
45,160
46,160
47,160
48,160
49,160
50,160
51,160
52,160
53,160
54,160
55,160
56,160
57,160
58,160
59,160
60,160
61,160
62,160
63,160
64,161
65,161
66,161
67,161
68,161
69,161
70,161
71,161
72,161
73,161
74,161
75,161
76,161
77,161
78,161
79,161
80,161
81,161
82,161
83,161
84,161
85,161
86,161
87,161
88,161
89,161
90,161
91,161
92,161
93,161
94,161
95,161
96,161
97,161
98,161
99,161
100,161
101,161
102,161
103,161
104,161
105,161
106,161
107,161
108,161
109,161
110,161
111,161
112,161
113,161
114,161
115,161
116,161
117,161
118,161
119,161
120,161
121,161
122,161
123,161
124,161
125,161
126,161
127,161
128,161
129,161
130,161
131,161
132,161
133,161
134,161
135,161
136,161
137,161
138,161
139,161
140,161
141,161
142,161
143,161
144,161
145,161
146,161
147,161
148,161
149,161
150,161
151,161
152,161
153,161
154,161
155,161
156,161
157,161
158,161
159,161
160,161
161,161
162,161
163,161
164,161
165,161
166,161
167,161
168,161
169,161
170,161
171,161
172,161
173,161
174,161
175,161
176,161
177,161
178,161
179,161
180,161
181,161
182,161
183,161
184,161
185,161
186,161
187,161
188,161
189,161
190,161
191,161
192,161
193,161
194,161
195,161
196,161
197,161
198,161
199,161
200,161
201,161
202,161
203,161
204,161
205,161
206,161
207,161
208,161
209,161
210,161
211,161
212,161
213,161
214,161
215,161
216,161
217,161
218,161
219,161
220,161
221,161
222,161
223,161
224,161
225,161
226,161
227,161
228,161
229,161
230,161
231,161
232,161
233,161
234,161
235,161
236,161
237,161
238,161
239,161
240,161
241,161
242,161
243,161
244,161
245,161
246,161
247,161
248,161
249,161
250,161
251,161
252,161
253,161
254,161
255,161
256,161
257,161
258,161
259,161
260,161
261,161
262,161
263,161
264,161
265,161
266,161
267,161
268,161
269,161
270,161
271,161
272,161
273,161
274,161
275,161
276,161
277,161
278,161
279,161
280,161
281,161
282,161
283,161
284,161
285,161
286,161
287,161
288,161
289,161
290,161
291,161
292,161
293,161
294,161
295,161
296,161
297,161
298,161
299,161
300,161
301,161
302,161
303,161
304,161
305,161
306,161
307,161
308,161
309,161
310,161
311,161
312,161
313,161
314,161
315,161
316,161
317,161
318,161
319,161
320,161
321,161
322,161
323,161
324,161
325,161
326,161
327,161
328,161
329,161
330,161
331,161
332,161
