1,247
2,247
3,247
4,247
5,247
6,247
7,247
8,247
9,247
10,247
11,247
12,247
13,247
14,247
15,247
16,247
17,247
18,247
19,247
20,247
21,247
22,247
23,247
24,247
25,247
26,247
27,247
28,247
29,247
30,247
31,247
32,247
33,247
34,247
35,247
36,247
37,247
38,247
39,247
40,247
41,247
42,247
43,247
44,247
45,247
46,247
47,247
48,247
49,247
50,247
51,247
52,247
53,247
54,247
55,247
56,247
57,247
58,247
59,247
60,264
61,249
62,249
63,249
64,249
65,249
66,249
67,249
68,249
69,249
70,249
71,249
72,249
73,249
74,249
75,249
76,249
77,249
78,249
79,249
80,249
81,249
82,249
83,249
84,249
85,249
86,249
87,249
88,249
89,249
90,249
91,249
92,249
93,249
94,249
95,249
96,249
97,249
98,249
99,249
100,249
101,249
102,249
103,249
104,249
105,249
106,249
107,249
108,249
109,249
110,249
111,249
112,249
113,249
114,249
115,249
116,249
117,249
118,249
119,249
120,249
121,249
122,249
123,249
124,249
125,249
126,249
127,249
128,249
129,249
130,249
131,249
132,249
133,249
134,249
135,249
136,249
137,249
138,249
139,249
140,249
141,249
142,249
143,249
144,249
145,249
146,249
147,249
148,249
149,249
150,249
151,249
152,249
153,249
154,249
155,249
156,249
157,249
158,249
159,249
160,249
161,249
162,249
163,249
164,249
165,249
166,249
167,249
168,249
169,249
170,249
171,249
172,249
173,249
174,249
175,249
176,249
177,249
178,249
179,249
180,249
181,249
182,249
183,249
184,249
185,249
186,249
187,249
188,249
189,249
190,249
191,249
192,249
193,249
194,249
195,249
196,249
197,249
198,249
199,249
200,249
201,249
202,249
203,249
204,249
205,249
206,249
207,249
208,249
209,249
210,249
211,249
212,249
213,249
214,249
215,249
216,249
217,249
218,249
219,249
220,249
221,249
222,249
223,249
224,249
225,249
226,249
227,249
228,249
229,249
230,249
231,249
232,249
233,249
234,249
235,249
236,249
237,249
238,249
239,249
240,249
241,249
242,249
243,249
244,249
245,249
246,249
247,249
