1,136
2,136
3,136
4,136
5,136
6,136
7,136
8,136
9,136
10,136
11,136
12,142
13,145
14,149
15,149
16,149
17,149
18,147
19,145
20,146
21,145
22,147
23,149
24,148
25,147
26,147
27,147
28,147
29,147
30,147
31,147
32,147
33,147
34,147
35,147
36,148
37,148
38,148
39,148
40,149
41,149
42,149
43,149
44,149
45,149
46,149
47,149
48,149
49,149
50,149
51,149
52,149
53,149
54,149
55,149
56,149
57,149
58,149
59,149
60,149
61,149
62,149
63,149
64,149
65,149
66,149
67,149
68,149
69,149
70,149
71,149
72,149
73,149
74,149
75,149
76,149
77,149
78,149
79,149
80,149
81,149
82,149
83,149
84,149
85,149
86,149
87,149
88,149
89,149
90,149
91,149
92,149
93,149
94,149
95,149
96,149
97,149
98,149
99,149
100,149
101,149
102,149
103,149
104,149
105,149
106,149
107,149
108,149
109,149
110,149
111,149
112,149
113,149
114,149
115,149
116,149
117,149
118,149
119,149
120,149
121,149
122,149
123,149
124,149
125,149
126,149
127,149
128,149
129,149
130,149
131,149
132,149
133,149
134,149
135,149
136,149
137,149
138,149
139,149
140,149
141,149
142,149
143,149
144,149
145,149
146,149
147,149
148,149
149,149
150,149
151,149
152,149
153,149
154,149
155,149
156,149
157,149
158,149
159,149
160,149
161,149
162,149
163,149
164,149
165,149
166,149
167,149
168,149
169,149
170,149
171,149
172,149
173,149
174,149
175,149
176,149
177,149
178,149
179,149
180,149
181,149
182,149
183,149
184,149
185,149
186,149
187,149
188,149
189,149
190,149
191,149
192,149
193,149
194,149
195,149
196,149
197,149
198,149
199,149
200,149
201,150
202,150
203,150
204,150
205,150
206,150
207,150
208,150
209,150
210,150
211,150
212,150
213,150
214,150
215,150
216,150
217,150
218,150
219,150
220,150
221,150
222,150
223,150
224,150
225,150
226,150
227,150
228,150
229,150
230,150
231,150
232,150
233,150
234,150
235,150
236,150
237,150
238,150
239,150
240,150
241,150
242,150
243,150
244,150
245,150
246,150
247,150
248,150
249,150
250,150
251,150
252,150
253,150
254,150
255,150
256,150
257,150
258,150
259,150
260,150
261,150
262,150
263,150
264,150
265,150
266,150
267,150
268,150
269,150
270,150
271,150
272,150
273,150
274,150
275,150
276,150
277,150
278,150
279,150
280,150
281,150
282,150
283,150
284,150
285,150
286,150
287,150
288,150
289,150
290,150
291,150
292,150
293,150
294,150
295,150
296,150
297,150
298,150
299,150
300,150
301,150
302,150
303,150
304,150
305,150
306,150
307,150
308,150
309,150
310,150
311,150
312,150
313,150
314,150
315,150
316,150
317,150
318,150
319,150
320,150
321,150
322,150
323,150
324,150
325,150
326,150
327,150
328,150
329,150
330,150
331,150
332,150
333,150
334,150
335,150
336,150
337,150
338,150
339,150
340,150
341,150
342,150
343,150
344,150
345,150
346,150
347,150
348,150
349,150
350,150
351,150
352,150
353,150
354,150
355,150
356,150
357,150
358,150
359,150
360,150
361,150
362,150
363,150
364,150
365,150
366,150
367,150
368,150
369,150
370,150
371,150
372,150
373,150
374,150
375,150
376,150
377,150
378,150
379,150
380,150
381,150
382,150
383,150
384,150
385,150
386,150
387,150
388,150
389,150
390,150
391,150
392,150
393,150
394,150
395,150
396,150
397,150
398,150
399,150
400,150
401,150
402,150
403,150
404,150
405,150
406,150
407,150
408,150
409,150
410,150
411,150
412,150
413,150
414,150
415,150
416,150
417,150
418,150
419,150
420,150
421,150
422,150
423,150
424,150
425,150
426,150
427,150
428,150
429,150
430,150
431,150
432,150
433,150
434,150
435,150
436,150
437,150
438,150
439,150
440,150
441,150
442,150
443,150
444,150
445,150
446,150
447,150
448,150
449,150
450,150
451,150
452,150
453,150
454,150
455,150
456,150
457,150
458,150
