1,349
2,349
3,349
4,349
5,349
6,349
7,349
8,349
9,349
10,349
11,349
12,349
13,349
14,349
15,349
16,349
17,349
18,349
19,349
20,349
21,349
22,349
23,349
24,349
25,349
26,349
27,349
28,349
29,349
30,349
31,349
32,349
33,349
34,349
35,349
36,349
37,349
38,349
39,349
40,349
41,349
42,349
43,349
44,349
45,349
46,349
47,349
48,349
49,349
50,349
51,349
52,349
53,349
54,349
55,349
56,349
57,349
58,349
59,349
60,349
61,349
62,349
63,349
64,349
65,349
66,349
67,349
68,349
69,349
70,349
71,349
72,349
73,349
74,349
75,349
76,349
77,349
78,349
79,349
80,349
81,349
82,349
83,349
84,349
85,349
86,349
87,349
88,349
89,349
90,349
91,349
92,349
93,349
94,349
95,349
96,349
97,349
98,349
99,349
100,349
101,349
102,349
103,349
104,349
105,349
106,349
107,349
108,349
109,349
110,349
111,349
112,349
113,349
114,349
115,349
116,349
117,349
118,349
119,349
120,349
121,349
122,349
123,349
124,349
125,349
126,349
127,337
128,335
129,335
130,335
131,335
132,335
133,335
134,335
135,335
136,335
137,335
138,335
139,335
140,335
141,335
142,335
143,335
144,335
145,335
146,335
147,335
148,335
149,335
150,335
151,335
152,335
153,335
154,335
155,335
156,335
157,335
158,335
159,335
160,335
161,335
162,335
163,335
164,334
165,344
166,344
167,344
168,344
169,344
170,344
171,344
172,344
173,344
174,344
175,344
176,344
177,344
178,344
179,344
180,344
181,344
182,344
183,344
184,344
185,345
186,345
187,345
188,345
189,345
190,345
191,345
192,345
193,345
194,345
