1,356
2,369
3,369
4,369
5,369
6,369
7,369
8,369
9,369
10,369
11,369
12,369
13,369
14,369
15,369
16,369
17,369
18,369
19,369
20,369
21,369
22,369
23,369
24,369
25,369
26,369
27,369
28,369
29,369
30,369
31,369
32,369
33,369
34,369
35,369
36,369
37,369
38,369
39,369
40,369
41,369
42,369
43,369
44,369
45,369
46,369
47,369
48,369
49,369
50,369
51,369
52,369
53,369
54,369
55,369
56,369
57,369
58,369
59,369
60,369
61,369
62,369
63,369
64,369
65,369
66,369
67,369
68,369
69,369
70,369
71,369
72,369
73,369
74,369
75,369
76,369
77,369
78,369
79,369
80,369
81,369
82,369
83,369
84,369
85,369
86,369
87,369
88,369
89,369
90,369
91,369
92,369
93,369
94,369
95,369
96,369
97,369
98,369
99,369
100,369
101,369
102,369
103,369
104,369
105,369
106,369
107,369
108,369
109,369
110,369
111,369
112,369
113,369
114,369
115,369
116,369
117,369
118,369
119,369
120,369
121,369
122,369
123,369
124,369
125,369
126,369
127,369
128,369
129,369
130,369
131,369
132,369
133,369
134,369
135,369
136,369
137,369
138,369
139,369
140,369
141,369
142,369
143,369
144,369
145,369
146,369
147,369
