1,231
2,241
3,241
4,241
5,241
6,241
7,241
8,241
9,242
10,241
11,243
12,243
13,244
14,244
15,245
16,245
17,245
18,245
19,245
20,245
21,245
22,244
23,243
24,244
25,244
26,244
27,244
28,244
29,244
30,244
31,244
32,244
33,245
34,245
35,245
36,245
37,245
38,245
39,245
40,245
41,245
42,245
43,245
44,245
45,245
46,245
47,245
48,245
49,245
50,245
51,245
52,245
53,246
54,246
55,246
56,246
57,246
58,246
59,246
60,246
61,246
62,246
63,246
64,246
65,246
66,246
67,246
68,246
69,246
70,246
71,246
72,246
73,246
74,246
75,246
76,246
77,246
78,246
79,246
80,246
81,246
82,246
83,246
84,246
85,246
86,246
87,246
88,246
89,246
90,246
91,246
92,246
93,246
94,246
95,246
96,246
97,246
98,246
99,246
100,246
101,246
102,246
103,246
104,246
105,246
106,246
107,246
108,246
109,246
110,246
111,246
112,246
113,246
114,246
115,246
116,246
117,246
118,246
119,246
120,246
121,246
122,246
123,246
124,246
125,246
126,246
127,246
128,246
129,246
130,246
131,246
132,246
133,246
134,246
135,246
136,246
137,246
138,246
139,246
140,246
141,246
142,246
143,246
144,246
145,246
146,246
147,246
148,246
149,246
150,246
151,246
152,246
153,246
154,246
