1,328
2,331
3,331
4,331
5,331
6,331
7,331
8,331
9,331
10,331
11,331
12,331
13,331
14,331
15,331
16,332
17,333
18,333
19,332
20,331
21,331
22,331
23,331
24,331
25,331
26,331
27,331
28,331
29,331
30,331
31,331
32,331
33,331
34,331
35,331
36,331
37,331
38,331
39,331
40,331
41,331
42,331
43,331
44,331
45,331
46,331
47,331
48,331
49,331
50,331
51,331
52,331
53,331
54,331
55,331
56,331
57,331
58,331
59,331
60,331
61,331
62,331
63,331
64,331
65,331
66,331
67,331
68,331
69,331
70,331
71,331
72,331
73,331
74,331
75,331
76,332
77,332
78,332
79,332
80,332
81,332
82,332
83,332
84,332
85,332
86,332
87,332
88,332
89,332
90,332
91,332
92,332
93,332
94,332
95,332
96,332
97,332
98,332
99,332
100,332
101,332
102,332
103,332
104,332
105,332
106,332
107,332
108,332
109,332
110,332
111,332
112,332
113,332
114,332
115,332
116,332
117,332
118,332
119,332
120,332
121,332
122,332
123,332
124,332
125,332
126,332
127,332
128,332
129,332
130,332
131,332
132,332
133,332
134,332
135,332
136,332
137,332
138,332
139,332
140,332
141,332
142,332
143,332
144,332
145,332
146,332
147,332
148,332
149,332
150,332
151,332
152,332
153,332
154,332
155,332
156,332
157,332
158,332
159,332
160,332
161,332
162,332
163,332
164,332
165,332
166,332
167,332
168,332
169,332
170,332
171,332
172,332
173,332
174,332
175,332
176,332
177,332
178,332
179,332
180,332
181,332
182,332
183,332
184,332
185,332
186,332
187,332
188,332
189,332
190,332
191,332
192,332
193,332
194,332
195,332
196,332
197,332
198,332
199,332
200,332
201,332
202,332
203,332
204,332
205,332
206,332
207,332
208,332
209,332
210,332
211,332
212,332
213,332
214,332
215,332
216,332
217,332
218,332
219,332
220,332
221,332
222,332
223,332
224,332
225,332
226,332
227,332
228,332
229,332
230,332
231,332
232,332
233,332
234,332
235,332
236,332
237,332
238,332
239,332
240,332
241,332
242,332
243,332
244,332
245,332
246,332
247,332
248,332
249,332
250,332
251,332
252,332
253,332
254,332
255,332
256,332
257,332
258,332
259,332
260,332
261,332
262,332
263,332
264,332
265,332
266,332
267,332
268,332
269,332
270,332
271,332
272,332
273,332
274,332
275,332
276,332
277,332
278,332
279,332
280,332
281,332
282,332
283,332
284,332
285,332
286,332
287,332
288,332
289,332
290,332
291,332
292,332
293,332
294,332
295,332
296,332
297,332
298,332
299,332
300,332
301,332
302,332
303,332
304,332
305,332
306,332
307,332
308,332
309,332
310,332
311,332
312,332
313,332
314,332
315,332
316,332
317,332
318,332
319,332
320,332
321,332
322,332
323,332
324,332
325,332
326,332
327,332
328,332
329,332
330,332
331,332
332,332
333,332
334,332
335,332
336,332
337,332
338,332
339,332
340,332
341,332
342,332
343,332
344,332
345,332
346,332
347,332
348,332
349,332
350,332
351,332
352,332
353,332
354,332
355,332
356,332
357,332
358,332
359,332
360,332
361,332
362,332
363,332
364,332
365,332
366,332
367,332
368,332
369,332
370,332
371,332
372,332
373,332
374,332
375,332
376,332
377,332
378,332
379,332
380,332
381,332
382,332
383,332
384,332
385,332
386,332
387,332
388,332
389,332
390,332
391,332
392,332
393,332
394,332
395,332
396,332
397,332
398,332
399,332
400,332
401,332
402,332
403,332
404,332
405,332
406,332
407,332
408,332
409,332
410,332
411,332
412,332
413,332
414,332
415,332
416,332
417,332
418,332
419,332
420,332
421,332
422,332
423,332
424,332
425,332
426,332
427,332
428,332
429,332
430,332
431,332
432,332
433,332
434,332
435,332
436,332
437,332
438,332
439,332
440,332
441,332
442,332
443,332
444,332
445,332
446,332
447,332
448,332
449,332
450,332
451,332
452,332
453,332
454,332
455,332
456,332
