1,233
2,238
3,235
4,234
5,236
6,236
7,236
8,236
9,237
10,237
11,237
12,237
13,235
14,235
15,235
16,235
17,235
18,236
19,236
20,236
21,236
22,236
23,236
24,236
25,236
26,236
27,236
28,236
29,236
30,236
31,236
32,236
33,236
34,236
35,236
36,236
37,236
38,237
39,237
40,237
41,237
42,239
43,239
44,239
45,237
46,239
47,239
48,239
49,239
50,239
51,239
52,239
53,239
54,239
55,239
56,240
57,241
58,241
59,240
60,239
61,239
62,239
63,239
64,239
65,239
66,239
67,239
68,239
69,238
70,238
71,238
72,238
73,238
74,238
75,238
76,237
77,237
78,237
79,237
80,237
81,237
82,237
83,237
84,237
85,237
86,238
87,238
88,238
89,239
90,239
91,239
92,239
93,238
94,238
95,238
96,238
97,238
98,238
99,238
100,238
101,238
102,239
103,239
104,239
105,239
106,239
107,239
108,239
109,239
110,239
111,239
112,239
113,239
114,239
115,239
116,239
117,239
118,239
119,239
120,239
121,239
122,239
123,239
124,239
125,239
126,239
127,239
128,239
129,239
130,239
131,239
132,239
133,239
134,239
135,239
136,239
137,239
138,239
139,239
140,239
141,239
142,239
143,239
144,239
145,239
146,239
147,239
148,239
149,239
150,239
151,239
152,239
153,239
154,239
155,239
156,239
157,239
158,239
159,239
160,239
161,239
162,239
163,239
164,239
165,239
166,239
167,239
168,239
169,239
170,239
171,239
172,239
173,239
174,239
175,239
176,239
177,239
178,239
179,239
180,239
181,239
182,239
183,239
184,239
185,239
186,239
187,239
188,239
189,239
190,239
191,239
192,239
193,239
194,239
195,239
196,239
197,239
198,239
199,239
200,239
201,239
202,239
203,239
204,239
205,239
206,239
207,239
208,239
209,239
210,239
211,239
212,239
213,239
214,239
215,239
216,239
217,239
218,239
219,239
220,239
221,239
222,239
223,239
224,239
225,239
226,239
227,239
228,239
229,239
230,239
231,239
232,239
233,239
234,239
235,239
236,239
237,239
238,239
239,239
240,239
241,239
242,239
243,239
244,239
245,239
246,239
247,239
248,239
249,239
250,239
251,239
252,239
253,239
254,239
255,239
256,239
