1,329
2,326
3,326
4,326
5,326
6,326
7,326
8,326
9,326
10,326
11,326
12,326
13,326
14,326
15,326
16,326
17,326
18,326
19,326
20,326
21,326
22,326
23,326
24,326
25,326
26,326
27,326
28,326
29,326
30,326
31,326
32,326
33,326
34,326
35,326
36,326
37,326
38,326
39,326
40,326
41,326
42,326
43,326
44,326
45,326
46,326
47,326
48,326
49,326
50,326
51,326
52,327
53,327
54,327
55,327
56,327
57,327
58,327
59,327
60,327
61,327
62,327
63,327
64,327
65,327
66,326
67,326
68,326
69,326
70,326
71,326
72,326
73,326
74,326
75,326
76,326
77,326
78,326
79,326
80,326
81,326
82,326
83,326
84,326
85,326
86,326
87,326
88,326
89,326
90,326
91,326
92,326
93,326
94,326
95,327
96,327
97,327
98,327
99,327
100,327
101,327
102,327
103,327
104,327
105,327
106,327
107,327
108,327
109,327
110,327
111,327
112,327
113,327
114,327
115,327
116,327
117,327
118,327
119,327
120,327
121,327
122,327
123,327
124,327
125,327
126,327
127,327
128,327
129,327
130,327
131,327
132,327
133,327
134,327
135,327
136,327
137,327
138,327
139,327
140,327
141,327
142,327
143,327
144,327
145,327
146,327
147,327
148,327
149,327
150,327
151,327
152,327
153,327
154,327
155,327
156,327
157,327
158,327
159,327
160,327
161,327
162,327
163,327
164,327
165,327
166,327
167,327
168,327
169,328
170,328
171,328
172,328
173,328
174,328
175,328
176,328
177,328
178,328
179,328
180,328
181,328
182,328
