1,168
2,165
3,165
4,165
5,165
6,165
7,165
8,165
9,165
10,165
11,165
12,165
13,165
14,165
15,165
16,165
17,165
18,165
19,165
20,165
21,165
22,165
23,165
24,165
25,165
26,165
27,165
28,165
29,165
30,165
31,165
32,165
33,165
34,165
35,165
36,165
37,165
38,165
39,165
40,165
41,165
42,165
43,165
44,165
45,165
46,165
47,165
48,165
49,165
50,165
51,165
52,165
53,165
54,165
55,165
56,165
57,165
58,165
59,165
60,165
61,165
62,165
63,165
64,165
65,165
66,165
67,165
68,165
69,165
70,165
71,165
72,165
73,165
74,165
75,165
76,165
77,165
78,165
79,165
80,165
81,165
82,165
83,165
84,165
85,165
86,165
87,165
88,165
89,165
90,165
91,165
92,165
93,165
94,165
95,165
96,165
97,165
98,165
99,165
100,165
101,165
102,165
103,165
104,165
105,165
106,165
107,165
108,165
109,165
110,165
111,165
112,165
113,165
114,165
115,165
116,165
117,165
118,165
119,165
120,165
121,165
122,165
123,165
124,165
125,165
126,165
127,165
128,165
129,165
130,165
131,165
132,165
133,165
134,165
135,165
136,165
137,165
138,165
139,165
140,165
141,165
142,165
143,165
144,165
145,165
146,165
147,165
148,165
149,165
150,165
151,165
152,165
153,165
154,165
155,165
156,165
157,165
158,165
159,165
160,165
161,165
162,165
163,165
164,165
165,165
166,165
167,165
168,165
169,165
170,165
171,165
172,165
173,165
174,165
175,165
176,165
177,165
178,165
179,165
180,165
181,165
182,165
183,165
184,165
185,165
186,165
187,165
188,165
189,165
190,165
191,165
192,165
193,165
194,165
195,165
196,165
197,165
198,165
199,165
200,165
201,165
202,165
203,165
204,165
205,165
206,165
207,165
208,165
209,165
210,165
211,165
212,165
213,165
214,165
215,165
216,165
217,165
218,165
219,165
220,165
221,165
222,165
223,165
224,165
225,165
226,165
227,165
228,165
229,165
230,165
231,165
232,165
233,165
234,165
235,165
236,165
237,165
238,165
239,165
240,165
241,165
242,165
243,165
244,165
245,165
246,165
247,165
248,165
249,165
250,165
251,165
252,165
253,165
254,165
255,165
256,165
257,165
258,165
259,165
260,165
261,165
262,165
263,165
264,165
265,165
266,165
267,165
268,165
269,165
270,165
271,165
272,165
273,165
274,165
275,165
276,165
277,165
278,165
279,165
280,165
281,165
282,165
283,165
284,165
285,165
286,165
287,165
288,165
289,165
290,165
291,165
292,165
293,165
294,165
295,165
296,165
297,165
298,165
299,165
300,165
301,165
302,165
303,165
304,165
305,165
306,165
307,165
308,165
309,165
310,165
311,165
312,165
313,165
314,165
315,165
316,165
317,165
318,165
319,165
320,165
321,165
322,165
323,165
324,165
325,165
326,165
327,165
328,165
329,165
330,165
331,165
332,165
333,165
334,165
335,165
336,165
337,165
338,165
339,165
340,165
341,165
342,165
343,165
344,165
345,165
346,165
347,165
348,165
349,165
350,165
351,165
352,165
353,165
354,165
355,165
356,165
357,165
358,165
359,165
360,165
361,165
362,165
363,165
364,165
365,165
366,165
367,165
368,165
369,165
370,165
371,165
372,165
373,165
374,165
375,165
376,165
377,165
378,165
379,165
380,165
381,165
382,165
383,165
384,165
385,165
386,165
387,165
388,165
389,165
390,165
391,165
392,165
393,165
394,165
395,165
396,165
397,165
398,165
399,165
400,165
401,165
402,165
403,165
404,165
405,165
406,165
407,165
408,165
409,165
410,165
411,165
412,165
413,165
414,165
415,165
416,165
417,165
418,165
419,165
420,165
421,165
422,165
423,165
424,165
425,165
426,165
427,165
428,165
429,165
430,165
431,165
432,165
433,165
434,165
435,165
436,165
437,165
438,165
439,165
440,165
441,165
442,165
443,165
444,165
445,165
446,165
447,165
448,165
449,165
450,165
451,165
452,165
453,165
454,165
455,165
456,165
457,165
458,165
459,165
460,165
461,165
462,165
463,165
464,165
465,165
466,165
467,165
468,165
469,165
470,165
471,165
472,165
473,165
474,165
475,165
476,165
477,165
478,165
479,165
480,165
481,165
482,165
483,165
484,165
485,165
486,165
487,165
488,165
489,165
490,165
491,165
492,165
493,165
494,165
495,165
496,165
497,165
498,165
499,165
500,165
501,165
502,165
503,165
504,165
505,165
506,165
507,165
508,165
509,165
510,165
511,165
512,165
513,165
514,165
515,165
516,165
517,165
518,165
519,165
520,165
521,165
522,165
523,165
524,165
525,165
526,165
527,165
528,165
529,165
530,165
531,165
532,165
533,165
534,165
535,165
536,165
537,165
538,165
539,165
540,165
541,165
542,165
543,165
544,165
545,165
546,165
547,165
548,165
549,165
550,165
551,165
552,165
553,165
554,165
555,165
556,165
557,165
558,165
559,165
560,165
561,165
562,165
563,165
564,165
565,165
566,165
567,165
568,165
569,165
570,165
571,165
572,165
573,165
574,165
575,165
576,165
577,165
578,165
579,165
580,165
581,165
582,165
583,165
584,165
585,165
586,165
587,165
588,165
589,165
590,165
591,165
592,165
593,165
594,165
595,165
596,165
597,165
598,165
599,165
600,165
601,165
602,165
603,165
604,165
605,165
606,165
607,165
608,165
609,165
610,165
611,165
612,165
613,165
614,165
615,165
616,165
617,165
618,165
619,165
620,165
621,165
622,165
623,165
624,165
625,165
626,165
627,165
628,165
629,165
630,165
631,165
632,165
633,165
634,165
635,165
636,165
637,165
638,165
639,165
640,165
641,165
642,165
643,165
644,165
645,165
646,165
647,165
648,165
649,165
650,165
651,165
652,165
653,165
654,165
655,165
656,165
657,165
658,165
659,165
660,165
661,165
662,165
663,165
664,165
665,165
666,165
667,165
668,165
669,165
670,165
671,165
672,165
673,165
674,165
675,165
676,165
677,165
678,165
679,165
680,165
681,165
682,165
683,165
684,165
685,165
686,165
687,165
688,165
689,165
690,165
691,165
692,165
693,165
694,165
695,165
696,165
697,165
698,165
699,165
700,165
701,165
702,165
703,165
704,165
705,165
706,165
707,165
708,165
709,165
710,165
711,165
712,165
713,165
714,165
715,165
716,165
717,165
718,165
719,165
720,165
721,165
722,165
723,165
724,165
725,165
726,165
727,165
728,165
729,165
730,165
731,165
732,165
733,165
734,165
735,165
736,165
737,165
738,165
739,165
740,165
741,165
742,165
743,165
744,165
745,165
746,165
747,165
748,165
749,165
750,165
751,165
752,165
753,165
754,165
755,165
756,165
757,165
758,165
759,165
760,165
761,165
762,165
763,165
764,165
765,165
766,165
767,165
768,165
769,165
770,165
771,165
772,165
773,165
774,165
775,165
776,165
777,165
778,165
779,165
780,165
781,165
782,165
783,165
784,165
785,165
786,165
787,165
788,165
789,165
790,165
791,165
792,165
793,165
794,165
795,165
796,165
797,165
798,165
799,165
800,165
801,165
802,165
803,165
804,165
805,165
806,165
807,165
808,165
809,165
810,165
811,165
812,165
813,165
814,165
815,165
816,165
817,165
818,165
819,165
820,165
821,165
822,165
823,165
824,165
825,165
826,165
827,165
828,165
829,165
830,165
831,165
832,165
833,165
834,165
835,165
836,165
837,165
838,165
839,165
840,165
841,165
842,165
843,165
844,165
845,165
846,165
847,165
848,165
849,165
850,165
851,165
852,165
853,165
854,165
855,165
856,165
857,165
858,165
859,165
860,165
861,165
862,165
863,165
864,165
865,165
866,165
867,165
868,165
869,165
870,165
871,165
872,165
873,165
874,165
875,165
876,165
877,165
878,165
879,165
880,165
881,165
882,165
883,165
884,165
885,165
886,165
887,165
888,165
889,165
890,165
891,165
892,165
893,165
894,165
895,165
896,165
897,165
898,165
899,165
900,165
901,165
902,165
903,165
904,165
905,165
906,165
907,165
908,165
909,165
910,165
911,165
912,165
913,165
914,165
915,165
916,165
917,165
918,165
919,165
920,165
921,165
922,165
923,165
924,165
925,165
926,165
927,165
928,165
929,165
930,165
931,165
932,165
933,165
934,165
935,165
936,165
937,165
938,165
939,165
940,165
941,165
942,165
943,165
944,165
945,165
946,165
947,165
948,165
949,165
950,165
951,165
952,165
953,165
954,165
955,165
956,165
957,165
958,165
959,165
960,165
961,165
962,165
963,165
964,165
965,165
966,165
967,165
968,165
969,165
970,165
971,165
972,165
973,165
974,165
975,165
976,165
977,165
978,165
979,165
980,165
981,165
982,165
983,165
984,165
985,165
986,165
987,165
988,165
989,165
990,165
991,165
992,165
993,165
994,165
995,165
996,165
997,165
998,165
999,165
1000,165
1001,165
1002,165
1003,165
1004,165
1005,165
1006,165
1007,165
1008,165
1009,165
1010,165
1011,165
1012,165
1013,165
1014,165
1015,165
1016,165
1017,165
1018,165
1019,165
1020,165
1021,165
1022,165
