1,356
2,359
3,356
4,356
5,359
6,359
7,359
8,359
9,359
10,359
11,359
12,359
13,359
14,359
15,359
16,359
17,359
18,359
19,359
20,359
21,359
22,359
23,359
24,359
25,359
26,359
27,359
28,359
29,359
30,359
31,359
32,359
33,359
34,359
35,359
36,359
37,359
38,359
39,359
40,359
41,359
42,359
43,359
44,359
45,359
46,359
47,359
48,359
49,359
50,359
51,359
52,359
53,359
54,359
55,359
56,359
57,359
58,359
59,359
60,359
61,359
62,359
63,359
64,359
65,359
66,359
67,359
68,359
69,359
70,359
71,359
72,359
73,359
74,359
75,359
76,359
77,359
78,359
79,359
80,359
81,359
82,359
83,359
84,359
85,359
86,359
87,359
88,359
89,359
90,359
91,359
92,359
93,359
94,359
95,359
96,359
97,359
98,359
99,359
100,359
101,359
102,359
103,359
104,359
105,359
106,359
107,359
108,359
109,359
110,359
111,359
112,359
113,359
114,359
115,359
116,359
117,359
118,359
119,359
120,359
121,359
122,359
123,359
124,359
125,359
126,359
127,359
128,359
129,359
130,359
131,359
132,359
133,359
134,360
135,360
136,360
137,360
138,360
139,360
140,360
141,360
142,360
143,360
144,360
145,360
146,360
147,360
148,360
149,360
150,360
151,360
152,360
153,360
154,360
155,360
156,360
157,360
158,360
159,360
160,360
161,360
162,360
163,360
164,360
165,360
166,360
167,360
168,360
169,360
