1,153
2,153
3,141
4,140
5,140
6,140
7,140
8,140
9,140
10,140
11,140
12,140
13,140
14,140
15,140
16,140
17,140
18,140
19,140
20,140
21,140
22,140
23,140
24,140
25,140
26,140
27,140
28,140
29,140
30,140
31,140
32,140
33,140
34,140
35,141
36,141
37,141
38,141
39,141
40,141
41,141
42,141
43,141
44,141
45,141
46,141
47,141
48,141
49,141
50,141
51,141
52,141
53,142
54,142
55,142
56,143
57,143
58,143
59,143
60,143
61,143
62,143
63,142
64,143
65,143
66,143
67,143
68,143
69,143
70,143
71,143
72,143
73,143
74,143
75,143
76,143
77,143
78,143
79,143
80,143
81,143
82,143
83,143
84,143
85,143
86,143
87,143
88,143
89,143
90,143
91,143
92,143
93,143
94,143
95,143
96,143
97,143
98,143
99,143
100,143
101,143
102,143
103,143
104,143
105,143
106,143
107,143
108,143
109,143
110,143
111,143
112,143
113,143
114,143
115,143
116,143
117,143
118,143
119,143
120,143
121,143
122,143
123,143
124,143
125,143
126,143
127,143
128,143
129,143
130,143
131,143
132,143
133,143
134,143
135,143
136,143
137,143
138,143
139,143
140,143
141,143
142,143
143,143
144,143
145,143
146,143
147,143
148,143
149,143
150,143
151,143
152,143
153,143
154,143
155,143
156,143
157,143
158,143
159,143
160,143
161,143
162,143
163,143
164,143
165,143
166,143
167,143
168,143
169,143
170,143
171,143
172,143
173,143
174,143
175,143
176,143
177,143
178,143
179,143
180,143
181,143
182,143
183,143
184,143
185,143
186,143
187,143
188,143
189,143
190,143
191,143
192,143
193,143
194,143
195,143
196,143
197,143
198,143
199,143
200,143
201,143
202,143
203,143
204,143
205,143
206,143
207,143
208,143
209,143
210,143
211,143
212,143
213,143
214,143
215,143
216,143
217,143
218,143
219,143
220,143
221,143
222,143
223,143
224,143
225,143
226,143
227,143
228,143
229,143
230,143
231,143
232,143
233,143
234,143
235,143
236,143
237,142
238,142
239,142
240,142
241,142
242,142
243,142
244,142
245,142
246,142
247,142
248,142
249,142
250,142
251,142
252,142
253,142
254,142
255,142
256,142
257,142
258,142
259,142
260,142
261,142
262,142
263,142
264,142
265,142
266,142
267,142
268,142
269,142
270,142
271,142
272,142
273,142
274,142
275,142
276,142
277,142
278,142
279,142
280,142
281,142
282,142
283,142
284,142
285,142
286,142
287,142
288,142
289,142
290,142
291,142
292,142
293,142
294,142
295,142
296,142
297,142
298,142
299,142
300,142
301,142
302,142
303,142
304,142
305,142
306,142
307,142
308,142
309,142
310,142
311,142
312,142
313,142
314,142
315,142
316,142
317,142
318,142
319,142
320,142
321,142
322,142
323,142
324,142
325,142
326,142
327,142
328,142
329,142
330,142
331,142
332,142
333,142
334,142
335,142
336,142
337,142
338,142
339,142
340,142
341,142
342,142
343,142
344,142
345,142
346,142
347,142
348,142
349,142
350,142
351,142
352,142
353,142
354,142
355,142
356,142
357,142
358,142
359,142
360,142
361,142
362,142
363,142
364,142
365,142
366,142
367,142
368,142
369,142
370,142
371,142
372,142
373,142
374,142
375,142
376,142
377,142
378,142
379,142
380,142
381,142
382,142
383,142
384,142
385,142
386,142
387,142
388,142
389,142
390,142
391,142
392,142
393,142
394,142
395,142
396,142
397,142
398,142
399,142
400,142
401,142
402,142
403,142
404,142
405,142
406,142
407,142
408,142
409,142
410,142
411,142
412,142
413,142
414,142
415,142
416,142
417,142
418,142
419,142
420,142
421,142
422,142
423,142
424,142
425,142
426,142
427,142
428,142
429,142
430,142
431,142
