1,140
2,148
3,148
4,147
5,148
6,148
7,148
8,148
9,148
10,148
11,148
12,148
13,148
14,148
15,148
16,148
17,148
18,148
19,148
20,148
21,148
22,148
23,148
24,148
25,148
26,148
27,148
28,148
29,148
30,148
31,148
32,148
33,148
34,148
35,148
36,148
37,148
38,148
39,148
40,148
41,148
42,148
43,148
44,148
45,148
46,148
47,148
48,148
49,148
50,148
51,148
52,148
53,148
54,148
55,148
56,148
57,148
58,148
59,148
60,148
61,148
62,148
63,148
64,148
65,148
66,148
67,148
68,148
69,148
70,148
71,148
72,148
73,148
74,148
75,148
76,148
77,148
78,148
79,148
80,148
81,148
82,148
83,148
84,148
85,148
86,148
87,148
88,148
89,148
90,148
91,148
92,148
93,148
94,148
95,148
96,148
97,148
98,148
99,148
100,148
101,148
102,148
103,148
104,148
105,148
106,148
107,148
108,148
109,148
110,148
111,148
112,148
113,148
114,148
115,148
116,148
117,148
118,148
119,148
120,148
121,148
122,148
123,148
124,148
125,148
126,148
127,148
128,148
129,148
130,148
131,148
132,148
133,148
134,148
135,148
136,148
137,148
138,148
139,148
140,148
141,148
142,148
143,148
144,148
145,148
146,148
147,148
148,148
149,148
150,148
151,148
152,148
153,148
154,148
155,148
156,148
157,148
158,148
159,148
160,148
161,148
162,148
163,148
164,148
165,148
166,148
167,148
168,148
169,148
170,148
171,148
172,148
173,148
174,148
175,148
176,148
177,148
178,148
179,148
180,148
181,148
182,148
183,148
184,148
185,148
186,148
187,148
188,148
189,148
190,148
191,148
192,148
193,148
194,148
195,148
196,148
197,148
198,148
199,148
200,148
201,148
202,148
203,148
204,148
205,148
206,148
207,148
208,148
209,148
210,148
211,148
212,148
213,148
214,148
215,148
216,148
217,148
218,148
219,148
220,148
221,148
222,148
223,148
224,148
225,148
226,148
227,148
228,148
229,148
230,148
231,148
232,148
233,148
234,148
235,148
236,148
237,148
238,148
239,148
240,148
241,148
242,148
243,148
244,148
245,148
246,148
247,148
248,148
249,148
250,148
251,148
252,148
253,148
254,148
255,148
256,148
257,148
258,148
259,148
260,148
261,148
262,148
263,148
264,148
265,148
266,148
267,148
268,148
269,148
270,148
271,148
272,148
273,148
274,148
275,148
276,148
277,148
278,148
279,148
280,148
281,148
282,148
283,148
284,148
285,148
286,148
287,148
288,148
289,148
290,148
291,148
292,148
293,148
294,148
295,148
296,148
297,148
298,148
299,148
300,148
301,148
302,148
303,148
304,148
305,148
306,148
307,148
308,148
309,148
310,148
311,148
312,147
313,147
314,147
315,147
316,147
317,147
318,147
319,147
320,147
321,147
322,147
323,147
324,147
325,147
326,147
327,147
328,147
329,147
330,147
331,147
332,147
333,147
334,147
335,147
336,147
337,147
338,147
339,147
340,147
341,147
342,147
343,147
344,147
345,147
346,147
347,147
348,147
349,147
350,147
351,147
352,147
353,147
354,147
355,147
356,147
357,147
358,147
359,147
360,147
361,147
362,147
363,147
364,147
365,147
366,147
367,147
368,147
369,147
370,147
371,147
372,147
373,147
374,147
375,147
376,147
377,147
378,147
379,147
380,147
381,147
382,147
383,147
384,147
385,147
386,147
387,147
388,147
389,147
390,147
391,147
392,147
393,147
394,147
395,147
396,147
397,147
398,147
399,147
400,147
401,147
402,147
403,147
404,147
405,147
406,147
407,147
408,147
409,147
410,147
411,147
412,147
413,147
414,147
415,147
416,147
417,147
418,147
419,147
420,147
421,147
422,147
423,147
424,147
425,147
426,147
427,147
428,147
429,147
430,147
431,147
432,147
