1,365
2,364
3,364
4,364
5,364
6,364
7,364
8,364
9,364
10,364
11,364
12,364
13,366
14,366
15,366
16,366
17,366
18,365
19,366
20,366
21,366
22,366
23,366
24,366
25,365
26,365
27,365
28,365
29,365
30,365
31,365
32,365
33,365
34,365
35,365
36,365
37,365
38,365
39,365
40,365
41,365
42,365
43,365
44,365
45,365
46,365
47,365
48,365
49,365
50,365
51,365
52,365
53,365
54,365
55,366
56,366
57,366
58,366
59,366
60,366
61,366
62,366
63,366
64,366
65,366
66,366
67,366
68,366
69,366
70,366
71,366
72,366
73,366
74,367
75,367
76,367
77,367
78,367
79,367
80,367
81,367
82,367
83,367
84,367
85,367
86,367
87,367
88,367
89,367
90,367
91,367
92,367
93,367
94,367
95,367
96,367
97,367
98,367
99,367
100,367
101,367
102,367
103,367
104,367
105,367
106,367
107,367
108,367
109,367
110,367
111,367
112,367
113,367
114,367
115,367
116,367
117,367
118,367
119,367
120,367
121,367
122,367
123,367
124,367
125,367
126,367
127,367
128,367
129,367
130,367
131,367
132,367
133,367
134,367
135,367
136,367
137,367
138,367
139,367
140,367
141,367
142,367
143,367
144,367
145,367
146,367
147,367
148,367
149,367
150,367
151,367
152,367
153,367
154,367
155,367
156,367
157,367
158,367
159,367
160,367
161,367
162,367
163,367
164,367
165,367
166,367
167,367
168,367
169,367
170,367
