1,249
2,247
3,247
4,250
5,250
6,248
7,249
8,249
9,249
10,249
11,249
12,249
13,249
14,249
15,249
16,250
17,250
18,250
19,249
20,249
21,249
22,249
23,241
24,243
25,243
26,243
27,243
28,243
29,243
30,243
31,243
32,243
33,243
34,243
35,243
36,243
37,243
38,243
39,243
40,243
41,243
42,243
43,243
44,243
45,243
46,243
47,243
48,243
49,243
50,243
51,243
52,243
53,243
54,243
55,243
56,243
57,243
58,243
59,243
60,243
61,243
62,243
63,243
64,243
65,243
66,243
67,243
68,243
69,243
70,243
71,243
72,243
73,243
74,243
75,243
76,243
77,243
78,243
79,243
80,243
81,243
82,243
83,243
84,243
85,243
86,243
87,243
88,243
89,243
90,243
91,243
92,243
93,243
94,243
95,243
96,243
97,243
98,243
99,243
100,243
101,243
102,243
103,243
104,243
105,243
106,243
107,243
108,243
109,243
110,243
111,243
112,243
113,243
114,243
115,243
116,243
117,243
118,243
119,243
120,243
121,243
122,243
123,243
124,243
125,243
126,243
127,243
128,243
129,243
130,243
131,243
132,243
133,243
134,243
135,243
136,243
137,243
138,243
139,243
140,243
141,243
142,243
143,243
144,243
145,243
146,243
147,243
148,243
149,243
150,243
151,243
152,243
153,243
154,243
155,243
156,243
157,243
158,243
159,243
160,243
161,243
162,243
163,243
164,243
165,243
166,243
167,243
168,243
169,243
170,243
171,243
172,243
173,243
174,243
175,243
176,243
177,243
178,243
179,243
180,243
181,243
182,243
183,243
184,243
185,243
186,243
187,243
188,243
189,243
190,243
191,243
192,243
193,243
194,243
195,243
196,243
197,243
198,243
199,243
200,243
201,243
202,243
203,243
204,243
205,243
206,243
207,243
208,243
209,243
210,243
211,243
212,243
213,243
214,243
215,243
216,243
217,243
218,243
219,243
220,243
221,243
222,243
223,243
224,243
225,243
226,243
227,243
228,243
229,243
230,243
231,243
232,243
233,243
234,243
235,243
236,242
237,242
238,242
239,242
240,242
241,242
242,242
243,242
244,242
245,242
246,242
247,242
248,242
