1,238
2,237
3,234
4,236
5,236
6,235
7,235
8,235
9,235
10,235
11,235
12,235
13,235
14,235
15,235
16,235
17,235
18,235
19,235
20,235
21,235
22,235
23,235
24,235
25,235
26,235
27,235
28,235
29,235
30,235
31,235
32,235
33,235
34,235
35,235
36,235
37,235
38,235
39,235
40,235
41,235
42,235
43,235
44,235
45,235
46,235
47,235
48,235
49,235
50,235
51,235
52,235
53,235
54,235
55,235
56,235
57,235
58,235
59,235
60,235
61,235
62,235
63,235
64,235
65,235
66,235
67,235
68,235
69,235
70,235
71,235
72,235
73,235
74,235
75,235
76,235
77,235
78,235
79,235
80,235
81,235
82,235
83,235
84,235
85,235
86,235
87,235
88,235
89,235
90,235
91,235
92,235
93,235
94,235
95,235
96,235
97,235
98,235
99,235
100,235
101,235
102,235
103,235
104,235
105,235
106,235
107,235
108,235
109,235
110,235
111,235
112,235
113,235
114,235
115,235
116,235
117,235
118,235
119,235
120,235
121,235
122,235
123,235
124,235
125,235
126,235
127,235
128,235
129,235
130,235
131,235
132,235
133,235
134,235
135,235
136,235
137,236
138,237
139,238
140,238
141,238
142,238
143,238
144,238
145,238
146,238
147,238
148,238
149,238
150,238
151,238
152,238
153,238
154,238
155,238
156,238
157,238
158,238
159,238
160,238
161,238
162,238
163,238
164,238
165,238
166,238
167,238
168,238
169,238
170,238
171,238
172,238
173,238
174,238
175,238
176,238
177,238
178,238
179,238
180,238
181,238
182,238
183,238
184,238
185,238
186,238
187,238
188,238
189,238
190,238
191,238
192,238
193,238
194,238
195,238
196,238
197,238
198,238
199,238
200,238
201,238
202,238
203,238
204,238
205,238
206,238
207,238
208,238
209,238
210,238
211,238
212,238
213,238
214,238
215,238
216,238
217,238
218,238
219,238
220,238
221,238
222,238
223,238
224,238
225,238
226,238
227,238
228,238
229,238
230,238
231,238
232,238
233,238
234,238
235,238
236,238
237,238
238,238
239,238
240,238
241,238
242,238
243,238
244,238
245,238
246,238
247,238
248,238
249,238
250,238
251,238
252,238
253,238
254,238
255,238
256,238
257,238
258,238
259,238
260,237
261,237
262,237
263,237
264,237
265,237
266,237
267,237
268,237
269,237
270,237
271,237
272,237
273,237
274,237
275,237
276,237
277,237
278,237
279,237
280,237
281,237
282,237
283,237
284,237
285,237
286,237
287,237
288,237
289,237
290,237
291,237
292,237
293,237
294,237
295,237
296,237
297,237
298,237
299,237
300,237
301,237
302,237
303,237
304,237
305,237
306,237
307,237
308,237
309,237
310,237
311,237
312,237
313,237
314,237
315,237
316,237
317,237
318,237
319,237
320,237
321,237
322,237
323,237
324,237
325,237
326,237
327,237
328,237
329,237
330,237
331,237
332,237
333,237
334,237
335,237
336,237
337,237
338,237
339,237
340,237
341,237
342,237
343,237
344,237
345,237
346,237
347,237
348,237
349,237
350,237
351,237
352,237
353,237
354,237
355,237
356,237
357,237
358,237
359,237
360,237
361,237
362,237
363,237
364,237
365,237
366,237
367,237
368,237
369,237
370,237
371,237
372,237
373,237
374,237
375,237
376,237
377,237
378,237
379,237
380,237
381,237
382,237
383,237
384,237
385,237
386,237
387,237
388,237
389,237
390,237
391,237
392,237
393,237
394,237
395,237
396,237
397,237
398,237
399,237
400,237
401,237
402,237
403,237
404,237
405,237
406,237
407,237
408,237
409,237
410,237
411,237
412,237
413,237
414,237
415,237
416,237
417,237
418,237
419,237
420,237
421,237
422,237
423,237
424,237
425,237
426,237
427,237
428,237
429,237
430,237
431,237
432,237
433,237
434,237
435,237
436,237
437,237
438,237
439,237
440,237
441,237
442,237
443,237
444,237
445,237
446,237
447,237
448,237
449,237
450,237
451,237
452,237
453,237
454,237
455,237
456,237
457,237
458,237
459,237
460,237
461,237
462,237
463,237
464,237
465,237
466,237
467,237
468,237
469,237
470,237
471,237
472,237
473,237
474,237
475,237
476,237
477,237
478,237
479,237
480,237
481,237
482,237
483,237
484,237
485,237
486,237
487,237
488,237
489,237
490,237
491,237
492,237
493,237
494,237
495,237
496,237
497,237
498,237
499,237
500,237
501,237
502,237
503,237
504,237
505,237
506,237
507,237
508,237
509,237
510,237
511,237
512,237
513,237
514,237
515,237
516,237
517,237
518,237
519,237
520,237
521,237
522,237
523,237
524,237
525,237
526,237
527,237
528,237
529,237
530,237
531,237
532,237
533,237
534,237
535,237
536,237
537,237
538,237
539,237
540,237
541,237
542,237
543,237
544,237
545,237
546,237
547,237
548,237
549,237
550,237
551,237
552,237
553,237
554,237
555,237
556,237
557,237
558,237
559,237
560,237
561,237
562,237
563,237
564,237
565,237
566,237
567,237
568,237
