1,330
2,330
3,323
4,360
5,375
6,375
7,375
8,375
9,375
10,375
11,375
12,375
13,375
14,375
15,375
16,375
17,375
18,375
19,375
20,375
21,375
22,375
23,375
24,375
25,375
26,375
27,375
28,375
29,375
30,375
31,375
32,375
33,375
34,375
35,375
36,375
37,375
38,375
39,375
40,375
41,375
42,375
43,375
44,375
45,375
46,375
47,375
48,375
49,375
50,375
51,375
52,375
53,375
54,375
55,375
56,375
57,375
58,375
59,375
60,375
61,375
62,375
63,375
64,375
65,375
66,375
67,375
68,375
69,375
70,375
71,375
72,375
73,375
74,375
75,375
76,375
77,375
78,375
79,375
80,375
81,375
82,375
83,375
84,375
85,375
86,375
87,375
88,375
89,375
90,375
91,375
92,375
93,376
94,376
95,377
96,377
97,377
98,377
99,377
100,377
101,377
102,377
103,377
104,377
105,377
106,377
107,377
108,377
109,377
110,377
111,377
112,377
113,377
114,377
115,377
116,377
117,377
118,377
119,377
120,377
121,377
122,377
123,377
124,377
125,377
126,377
127,377
128,377
129,377
130,377
131,377
132,377
133,377
134,377
135,377
136,377
137,377
138,377
139,377
140,377
141,377
142,377
143,377
144,377
145,377
146,377
147,377
148,377
149,377
150,377
151,377
152,377
153,377
154,377
155,377
156,377
157,377
158,377
159,377
160,377
161,377
162,377
163,377
164,377
165,377
166,377
167,377
168,377
169,377
170,377
171,377
172,377
173,377
174,377
175,377
176,377
177,377
178,377
179,377
180,377
181,377
182,377
183,377
184,377
185,377
186,377
187,377
188,377
189,377
190,377
191,377
192,377
193,377
194,377
195,377
196,377
197,377
198,377
199,377
200,377
201,377
202,377
203,377
204,377
205,377
206,377
207,377
208,377
209,377
210,377
211,377
212,377
213,377
214,377
215,377
216,377
217,377
218,377
219,377
220,377
221,377
222,377
223,377
224,377
225,377
226,377
227,377
228,377
229,377
230,377
231,377
232,377
233,377
234,377
235,377
236,377
237,377
238,377
239,377
240,377
241,377
242,377
243,377
244,377
245,377
246,377
247,377
248,377
249,377
250,377
251,377
252,377
253,377
254,377
255,377
256,377
257,377
258,377
259,377
260,377
261,377
262,377
263,377
264,377
265,377
266,377
267,377
268,377
269,377
270,377
271,377
272,377
273,377
274,377
275,377
276,377
277,377
278,377
279,377
280,377
281,377
282,377
283,377
284,377
285,377
286,377
287,377
288,377
289,377
290,377
291,377
292,377
293,377
294,377
295,377
296,377
297,377
298,377
299,377
300,377
301,377
302,377
303,377
304,377
305,377
306,377
307,377
308,377
309,377
310,377
311,377
312,377
313,377
314,377
315,377
316,377
317,377
318,377
319,377
320,377
321,377
322,377
323,377
324,377
325,377
326,377
327,377
328,377
329,377
330,377
331,377
332,377
333,377
334,377
335,377
336,377
337,377
338,377
339,377
340,377
341,377
342,377
343,377
344,377
345,377
346,377
347,377
348,377
349,377
350,377
351,377
352,377
353,377
354,377
355,377
356,377
357,377
358,377
359,377
360,377
361,377
362,377
363,377
364,377
365,377
366,377
367,377
368,377
369,377
370,377
371,377
372,377
