1,335
2,344
3,344
4,344
5,344
6,344
7,344
8,344
9,344
10,344
11,344
12,344
13,344
14,344
15,344
16,344
17,344
18,344
19,344
20,344
21,344
22,344
23,344
24,344
25,344
26,344
27,344
28,344
29,344
30,344
31,344
32,344
33,344
34,344
35,344
36,344
37,344
38,343
39,343
40,343
41,343
42,343
43,343
44,343
45,343
46,343
47,343
48,343
49,343
50,343
51,343
52,343
53,343
54,343
55,343
56,343
57,343
58,343
59,343
60,343
61,343
62,343
63,343
64,343
65,343
66,343
67,343
68,343
69,343
70,343
71,343
72,343
73,343
74,343
75,343
76,343
77,343
78,343
79,343
80,343
81,343
82,343
83,343
84,343
85,343
86,343
87,344
88,344
89,344
90,344
91,344
92,344
93,344
94,344
95,344
96,344
97,344
98,344
99,344
100,344
101,344
102,344
103,344
104,344
105,344
106,344
107,344
108,344
109,344
110,344
111,344
112,344
113,344
114,344
115,344
116,344
117,344
118,344
119,344
120,344
121,344
122,344
123,344
124,344
125,344
126,344
127,344
128,344
129,344
130,344
131,344
132,344
133,344
134,344
135,344
136,344
137,344
138,344
139,344
140,344
141,344
142,344
143,344
144,344
145,344
146,344
147,344
148,344
149,344
150,344
151,344
152,344
153,344
154,344
155,344
156,344
157,344
158,344
159,344
160,344
161,344
162,344
163,344
164,344
165,342
166,342
167,342
168,342
169,342
170,342
171,342
172,342
173,342
174,342
175,342
176,341
177,341
178,341
179,341
180,341
181,341
182,341
183,341
184,341
185,341
186,340
187,340
188,340
189,340
190,340
191,340
192,340
193,340
194,340
195,340
196,340
197,340
198,340
199,340
200,340
201,340
202,340
203,340
204,340
205,340
206,340
207,340
208,340
209,340
210,340
211,341
212,341
213,341
214,341
215,341
216,341
217,341
218,341
219,341
220,341
221,341
222,341
223,341
224,341
225,341
226,341
227,341
228,341
229,341
230,341
231,341
232,341
233,341
234,341
235,341
236,341
237,341
238,341
239,341
240,341
241,341
242,341
243,341
244,341
245,341
246,341
247,341
248,341
249,341
250,341
251,341
252,341
253,341
254,341
255,341
256,341
257,341
258,341
259,341
260,341
261,341
262,341
263,341
264,341
265,341
266,341
267,341
268,341
269,341
270,341
271,341
272,341
273,341
274,341
275,341
276,341
277,341
278,341
279,341
280,341
281,341
282,341
283,341
284,341
285,341
286,341
287,341
288,341
289,341
290,341
291,341
292,341
293,341
294,341
295,341
296,341
297,341
298,341
299,341
300,341
301,341
302,341
303,341
304,341
305,341
306,342
307,342
308,342
309,342
310,342
311,342
312,342
313,342
314,342
315,342
316,342
317,342
318,343
319,343
320,343
321,343
322,343
323,343
324,343
325,343
326,343
327,343
328,343
329,343
330,343
331,343
332,344
333,344
334,344
335,344
336,344
337,344
338,344
339,344
340,344
341,344
342,344
343,344
344,344
345,344
346,344
347,344
348,344
349,344
350,344
351,344
352,344
353,344
354,344
355,344
356,344
357,344
358,344
359,344
360,344
361,344
362,344
363,344
364,344
365,344
366,344
367,344
368,344
369,344
370,344
371,344
372,344
373,344
374,344
375,344
