1,245
2,241
3,241
4,241
5,241
6,241
7,241
8,241
9,241
10,241
11,241
12,240
13,240
14,240
15,240
16,240
17,240
18,240
19,240
20,240
21,240
22,240
23,240
24,240
25,240
26,240
27,240
28,240
29,240
30,240
31,240
32,240
33,240
34,240
35,240
36,240
37,240
38,240
39,240
40,240
41,240
42,240
43,240
44,240
45,240
46,240
47,240
48,240
49,240
50,240
51,240
52,240
53,240
54,240
55,240
56,240
57,240
58,240
59,240
60,240
61,240
62,240
63,240
64,240
65,240
66,240
67,240
68,240
69,240
70,240
71,240
72,240
73,240
74,240
75,240
76,240
77,240
78,240
79,240
80,240
81,240
82,240
83,240
84,240
85,240
86,240
87,240
88,240
89,240
90,240
91,240
92,240
93,240
94,240
95,240
96,242
97,242
98,242
99,242
100,242
101,242
102,242
103,242
104,242
105,242
106,242
107,242
108,242
109,242
110,242
111,242
112,242
113,243
114,243
115,243
116,243
117,243
118,243
119,243
120,243
121,243
122,243
123,241
124,241
125,241
126,241
127,241
128,241
129,241
130,241
131,241
132,241
133,241
134,241
135,241
136,241
137,241
138,241
139,241
140,241
141,241
142,241
143,241
144,241
145,241
146,241
147,241
148,241
149,241
150,241
151,241
152,241
153,241
154,241
155,241
156,241
157,241
158,241
159,241
160,241
161,241
162,241
163,241
164,241
165,241
166,241
167,241
168,241
169,241
170,241
171,241
172,241
173,241
174,241
175,241
176,241
177,241
178,241
179,241
180,241
181,241
182,241
183,241
184,241
185,241
186,241
187,241
188,241
189,241
190,241
191,241
192,241
193,241
194,241
195,241
196,241
197,241
198,241
199,241
200,241
201,241
202,241
203,241
204,241
205,241
206,241
207,241
208,241
209,241
210,241
211,241
212,241
213,241
214,241
215,241
216,241
217,241
218,241
219,241
220,241
221,241
222,241
223,241
224,241
225,241
226,241
227,241
228,241
229,241
230,241
231,241
232,241
233,241
234,241
235,241
236,241
237,241
238,241
239,241
240,241
241,241
242,241
243,241
244,241
245,241
246,241
247,241
248,241
249,241
250,241
251,241
252,241
253,241
254,241
255,241
256,241
257,241
258,241
259,241
260,241
261,241
262,241
263,241
264,241
265,241
266,241
267,241
268,241
269,241
270,241
271,241
272,241
273,241
274,241
275,241
276,241
277,241
278,241
279,241
280,241
281,241
282,241
283,241
284,241
285,241
286,241
287,241
288,241
289,241
290,241
291,241
292,241
293,241
294,241
295,241
296,241
297,241
298,241
299,241
300,241
301,241
302,241
303,241
304,241
305,241
306,241
307,241
308,241
309,241
310,241
311,241
312,241
313,241
314,241
315,241
316,241
317,241
318,241
319,241
320,241
321,241
322,241
323,241
324,241
325,241
326,241
327,241
328,241
329,241
330,241
331,241
332,241
333,241
334,241
335,241
336,241
337,241
338,241
339,241
340,241
341,241
342,241
343,241
344,241
345,241
346,241
347,241
348,241
349,241
350,241
351,241
352,241
353,241
354,241
355,241
356,241
357,241
358,241
359,241
360,241
361,241
362,241
363,241
364,241
365,241
366,241
367,241
368,241
369,241
370,241
371,241
372,241
373,241
374,241
375,241
376,241
377,241
378,241
379,241
380,241
381,241
382,241
383,241
384,241
385,241
386,241
387,241
388,241
389,241
390,241
391,241
392,241
393,241
394,241
395,241
396,241
397,241
398,241
399,241
400,241
401,241
402,241
403,241
404,241
405,241
406,241
407,241
408,241
409,241
410,241
411,241
412,241
413,241
414,241
415,241
416,241
417,241
418,241
419,241
420,241
421,241
422,241
423,241
424,241
425,241
426,241
427,241
428,241
429,241
430,241
431,241
432,241
433,241
434,241
435,241
436,241
437,241
438,241
439,241
440,241
441,241
442,241
443,241
444,241
445,241
446,241
447,241
448,241
449,241
450,241
451,241
452,241
453,241
454,241
455,241
456,241
457,241
458,241
459,241
460,241
461,241
462,241
463,241
464,241
465,241
466,241
467,241
468,241
469,241
470,241
471,241
472,241
473,241
474,241
475,241
476,241
477,241
478,241
479,241
480,241
481,241
482,241
483,241
484,241
485,241
486,241
487,241
488,241
489,241
490,241
491,241
492,241
493,241
494,241
495,241
496,241
497,241
498,241
499,241
500,241
501,241
502,241
503,241
504,241
505,241
506,241
507,241
508,241
509,241
510,241
511,241
512,241
513,241
514,241
515,241
516,241
517,241
518,241
519,241
520,241
521,241
522,241
523,241
524,241
525,241
526,241
527,241
528,241
529,241
530,241
531,241
532,241
533,241
534,241
535,241
536,241
537,241
538,241
539,241
540,241
541,241
542,241
543,241
544,241
545,241
546,241
547,241
548,241
549,241
550,241
551,241
552,241
553,241
554,241
555,241
556,241
557,241
558,241
559,241
560,241
561,241
562,241
563,241
564,241
