1,153
2,142
3,139
4,138
5,138
6,138
7,138
8,138
9,138
10,138
11,138
12,138
13,138
14,138
15,138
16,138
17,138
18,138
19,138
20,138
21,138
22,138
23,138
24,138
25,138
26,138
27,138
28,138
29,138
30,138
31,138
32,138
33,138
34,138
35,138
36,138
37,138
38,138
39,138
40,138
41,138
42,138
43,138
44,138
45,138
46,138
47,138
48,138
49,138
50,138
51,138
52,138
53,138
54,138
55,138
56,138
57,138
58,138
59,138
60,138
61,138
62,138
63,138
64,138
65,138
66,138
67,138
68,138
69,138
70,138
71,139
72,139
73,139
74,139
75,139
76,139
77,139
78,139
79,139
80,139
81,139
82,139
83,139
84,139
85,139
86,139
87,139
88,139
89,139
90,139
91,139
92,139
93,139
94,139
95,139
96,139
97,139
98,139
99,139
100,139
101,139
102,139
103,139
104,138
105,138
106,138
107,138
108,138
109,138
110,138
111,138
112,138
113,138
114,138
115,138
116,138
117,138
118,138
119,138
120,138
121,138
122,138
123,138
124,138
125,138
126,138
127,138
128,138
129,138
130,138
131,138
132,138
133,138
134,138
135,138
136,138
137,138
138,138
139,138
140,138
141,138
142,138
143,138
144,138
145,138
146,138
147,138
148,138
149,138
150,138
151,138
152,138
153,138
154,138
155,138
156,138
157,138
158,138
159,138
160,138
161,138
162,138
163,138
164,138
165,138
166,138
167,138
168,138
169,138
170,138
171,138
172,138
173,138
174,138
175,138
176,138
177,138
178,138
179,138
180,138
181,138
182,138
183,138
184,138
185,138
186,138
187,138
188,138
189,138
190,138
191,138
192,138
193,138
194,138
195,138
196,138
197,138
198,138
199,138
200,138
201,138
202,138
203,139
204,139
205,140
206,140
207,140
208,140
209,140
210,140
211,140
212,140
213,140
214,140
215,140
216,140
217,140
218,140
219,140
220,140
221,140
222,140
223,140
224,140
225,140
226,140
227,140
228,140
229,140
230,139
231,139
232,139
233,139
234,139
235,139
236,139
237,139
238,139
239,139
240,139
241,139
242,139
243,139
244,139
245,139
246,139
247,139
248,139
249,139
250,139
251,139
252,139
253,139
254,139
255,139
256,139
257,139
258,139
259,139
260,139
261,139
262,139
263,139
264,139
265,139
266,139
267,139
268,139
269,139
270,139
271,139
272,139
273,139
274,139
275,139
276,139
277,139
278,139
279,139
280,139
281,139
282,139
283,139
284,139
285,139
286,139
287,139
288,140
289,140
290,140
291,140
292,140
293,140
294,140
295,140
296,140
297,140
298,140
299,140
300,140
301,140
302,140
303,140
304,140
305,140
306,140
307,140
308,140
309,140
310,140
311,140
312,140
313,140
314,140
315,140
316,140
317,140
318,140
319,141
320,141
321,141
322,141
323,141
324,141
325,141
326,141
327,141
328,141
329,141
330,140
331,140
332,140
333,140
334,140
335,140
336,140
337,140
338,140
339,140
340,140
341,140
342,140
343,140
344,140
345,140
346,140
347,140
348,140
349,140
350,140
351,140
352,140
353,140
354,140
355,140
356,140
357,140
358,140
359,140
360,140
361,140
362,140
363,140
364,140
365,140
366,140
367,140
368,140
369,140
370,140
371,140
372,140
373,140
374,140
375,140
376,140
377,140
378,140
379,140
380,140
381,140
382,140
383,140
384,140
385,140
386,140
387,140
388,140
389,140
390,140
391,140
392,140
393,140
394,140
395,140
396,140
397,140
398,140
399,140
400,140
401,140
402,140
403,140
404,140
405,140
406,140
407,140
408,140
409,140
410,140
411,140
412,140
413,140
414,140
415,140
416,140
417,140
418,140
419,140
420,140
421,140
422,140
423,140
424,140
425,140
426,140
427,140
428,140
429,140
430,140
431,140
432,140
433,140
434,140
435,140
436,140
437,140
438,140
439,140
440,140
441,140
442,140
443,140
444,140
445,140
446,140
447,140
448,140
449,140
450,140
451,140
452,140
453,140
454,140
455,140
456,140
457,140
458,140
459,140
460,140
461,140
462,140
463,140
464,140
465,140
466,140
467,140
468,140
469,140
470,140
471,140
472,140
473,140
474,140
475,140
476,140
477,140
478,140
479,140
480,140
481,140
482,140
483,140
484,140
485,140
486,140
487,140
488,140
489,140
490,140
491,140
492,140
493,140
494,140
495,140
496,140
497,140
498,140
499,140
500,140
501,140
502,140
503,140
504,140
505,140
506,140
507,140
508,140
509,140
510,140
511,140
512,140
513,140
514,140
515,140
516,140
517,140
518,140
519,140
520,140
521,140
522,140
523,140
524,140
525,140
526,140
527,140
528,140
529,140
530,140
531,140
532,140
533,140
534,140
535,140
536,140
537,140
538,140
539,140
540,140
541,140
542,140
543,140
544,140
545,140
546,140
547,140
548,140
549,140
550,140
551,140
552,140
553,140
554,141
555,141
556,141
557,141
558,141
559,141
560,141
561,141
562,141
563,141
564,141
565,141
566,141
567,141
568,141
569,141
570,141
571,141
572,141
573,141
574,141
575,141
576,141
577,141
578,141
579,141
580,141
581,141
582,141
583,141
584,141
585,141
586,141
587,141
588,141
589,141
590,141
591,141
592,141
593,141
594,141
595,141
596,141
597,141
598,141
599,141
600,141
601,141
602,141
603,141
604,141
605,141
606,141
607,141
608,141
609,141
610,141
611,141
612,141
613,141
614,141
615,141
616,141
617,141
618,141
619,141
620,141
621,141
622,141
623,141
624,141
625,141
626,141
627,141
628,141
629,141
630,141
631,141
632,141
633,141
634,141
635,141
636,141
637,141
638,141
639,141
640,141
641,141
642,141
643,141
644,141
645,141
646,141
647,141
648,141
649,141
650,141
651,141
652,141
653,141
654,141
655,141
656,141
657,141
658,141
659,141
660,141
661,141
662,141
663,141
664,141
665,141
666,141
667,141
668,141
669,141
670,141
671,141
672,141
673,141
674,141
675,141
676,141
677,141
678,141
679,141
680,141
681,141
682,141
683,141
684,141
685,141
686,141
687,141
688,141
689,141
690,141
691,141
692,141
693,141
694,141
695,141
696,141
697,141
698,141
699,141
700,141
701,141
702,141
703,141
704,141
705,141
706,141
707,141
708,141
709,141
710,141
711,141
712,141
713,141
714,141
715,141
716,141
717,141
718,141
719,141
720,141
721,141
722,141
723,141
724,141
725,141
726,141
727,141
728,141
729,141
730,141
731,141
732,141
733,141
734,141
735,141
736,141
737,141
738,141
739,141
740,141
741,141
742,141
743,141
744,141
745,141
746,141
747,141
748,141
749,141
750,141
751,141
752,141
753,141
754,141
755,141
756,141
757,141
758,141
759,141
760,141
761,141
762,141
763,141
764,141
765,141
766,141
767,141
768,141
769,141
770,141
771,141
772,141
773,141
774,141
775,141
776,141
777,141
778,141
779,141
780,141
781,141
782,141
783,141
784,141
785,141
786,141
787,141
788,141
789,141
790,141
791,141
792,141
793,141
794,141
795,141
796,141
797,141
798,141
799,141
800,141
801,141
802,141
803,141
804,141
805,141
806,141
807,141
808,141
809,141
810,141
811,141
812,141
813,141
814,141
815,141
816,141
817,141
818,141
819,141
820,141
821,141
822,141
823,141
824,141
825,141
826,141
827,141
828,141
829,141
830,141
831,141
832,141
833,141
834,141
835,141
836,141
837,141
838,141
839,141
840,141
841,141
842,141
843,141
844,141
845,141
846,141
847,141
848,141
849,141
850,141
851,141
852,141
853,141
854,141
855,141
856,141
857,141
