1,254
2,264
3,263
4,263
5,263
6,265
7,264
8,264
9,264
10,264
11,264
12,264
13,264
14,264
15,264
16,264
17,264
18,266
19,266
20,264
21,264
22,265
23,265
24,265
25,264
26,264
27,264
28,263
29,263
30,263
31,263
32,263
33,263
34,263
35,263
36,263
37,263
38,263
39,263
40,263
41,262
42,262
43,262
44,262
45,262
46,262
47,262
48,262
49,262
50,262
51,262
52,262
53,262
54,262
55,262
56,262
57,262
58,262
59,262
60,262
61,262
62,262
63,262
64,262
65,262
66,262
67,262
68,262
69,262
70,262
71,262
72,262
73,262
74,262
75,262
76,262
77,262
78,262
79,262
80,262
81,262
82,262
83,262
84,262
85,262
86,262
87,262
88,262
89,262
90,262
91,262
92,262
93,262
94,262
95,262
96,262
97,262
98,262
99,262
100,262
101,262
102,262
103,262
104,262
105,262
106,262
107,262
108,262
109,262
110,262
111,262
112,262
113,262
114,262
115,262
116,262
117,262
118,262
119,262
120,262
121,262
122,262
123,262
124,262
125,262
126,262
127,262
128,262
129,262
130,262
131,262
132,262
133,262
134,262
135,262
136,262
137,262
138,262
139,262
140,262
141,262
142,262
143,262
144,262
145,262
146,262
147,262
148,262
149,262
150,262
151,262
152,262
153,262
154,262
155,262
156,262
157,262
158,262
159,261
160,261
161,261
162,261
163,261
164,261
165,261
166,261
167,261
168,261
169,261
170,261
171,261
172,261
173,261
174,261
175,261
176,261
177,261
178,261
179,261
180,261
181,261
182,261
183,261
184,261
185,261
186,261
187,261
188,261
189,261
190,261
191,261
192,261
193,261
194,261
195,261
196,261
197,261
198,261
199,261
200,261
201,261
202,261
203,261
204,261
205,261
206,261
207,261
208,261
209,261
210,261
211,261
212,261
213,261
214,261
215,261
216,261
217,261
218,261
219,261
220,261
221,261
222,261
223,261
224,261
225,261
226,261
227,261
228,261
229,261
230,261
231,261
232,261
233,261
234,261
235,261
236,261
237,261
238,261
239,261
240,261
241,261
242,261
243,261
244,261
245,261
246,261
247,261
248,261
249,261
250,261
251,261
252,261
253,261
254,261
255,261
256,261
257,261
258,261
259,261
260,261
261,261
262,261
263,261
264,261
265,261
266,261
267,261
268,261
269,261
270,261
271,261
272,261
273,261
274,261
275,261
276,261
277,261
278,261
279,261
280,261
281,261
282,261
283,261
284,261
285,261
286,261
287,261
288,261
289,261
290,261
291,261
292,261
293,261
294,261
295,261
296,261
297,261
298,261
299,261
300,261
301,261
302,261
303,261
304,261
305,261
306,261
307,261
308,261
309,261
310,261
311,261
312,261
313,261
314,261
315,261
316,261
317,261
318,261
319,261
320,261
321,261
322,261
323,261
324,261
325,261
326,261
327,261
328,261
329,261
330,261
331,261
332,261
333,261
334,261
335,261
336,261
337,261
338,261
339,261
340,261
341,261
342,261
343,261
344,261
345,261
346,261
347,261
348,261
349,261
350,261
351,261
352,261
353,261
354,261
355,261
356,261
357,261
358,261
359,261
360,261
361,261
362,261
363,261
364,261
365,261
366,261
367,261
368,261
369,261
370,261
371,261
372,261
373,261
374,261
375,261
376,261
377,261
378,261
379,261
380,261
381,261
382,261
383,261
384,261
385,261
386,261
387,261
388,261
389,261
390,261
391,261
392,261
393,261
394,261
395,261
396,261
397,261
398,261
399,261
400,261
401,261
402,261
403,261
404,261
405,261
406,261
407,261
408,261
409,261
410,261
411,261
412,261
413,261
414,261
415,261
416,261
417,261
418,261
419,261
420,261
421,261
422,261
423,261
424,261
425,261
426,261
427,261
428,261
429,261
430,261
431,261
432,261
433,261
434,261
435,261
436,261
437,261
438,261
439,261
440,261
441,261
442,261
443,261
444,261
445,261
446,261
447,261
448,261
449,261
450,261
451,261
452,261
453,261
454,261
455,261
456,261
457,261
458,261
459,261
460,261
461,261
462,261
463,261
464,261
465,261
466,261
467,261
468,261
469,261
470,261
471,261
472,261
473,261
474,261
475,261
476,261
477,261
478,261
479,261
480,261
481,261
482,261
483,261
484,261
485,261
486,261
487,261
488,261
489,261
490,261
491,261
492,261
493,261
494,261
495,261
496,261
497,261
498,261
499,261
500,261
501,261
502,261
503,261
504,261
505,261
506,261
507,261
508,261
509,261
510,261
511,261
512,261
513,261
514,261
515,261
516,261
517,261
518,261
