1,253
2,253
3,253
4,253
5,253
6,253
7,253
8,253
9,253
10,253
11,253
12,253
13,253
14,253
15,241
16,226
17,230
18,230
19,232
20,230
21,230
22,230
23,230
24,230
25,230
26,230
27,230
28,230
29,230
30,230
31,231
32,231
33,231
34,233
35,237
36,238
37,238
38,235
39,235
40,236
41,236
42,236
43,238
44,239
45,235
46,234
47,233
48,234
49,234
50,234
51,234
52,234
53,234
54,234
55,234
56,234
57,233
58,233
59,233
60,232
61,232
62,233
63,233
64,233
65,233
66,233
67,233
68,236
69,236
70,237
71,237
72,237
73,237
74,237
75,237
76,237
77,237
78,237
79,237
80,239
81,241
82,239
83,242
84,236
85,237
86,237
87,237
88,240
89,240
90,240
91,240
92,240
93,240
94,240
95,240
96,240
97,240
98,240
99,240
100,240
101,241
102,242
103,242
104,242
105,242
106,242
107,242
108,242
109,242
110,242
111,242
112,243
113,243
114,243
115,243
116,243
117,243
118,243
119,243
120,243
121,243
122,243
123,243
124,243
125,243
126,243
127,242
128,242
129,246
130,245
131,245
132,244
133,245
134,247
135,248
136,249
137,248
138,247
139,247
140,247
141,247
142,247
143,247
144,247
145,247
146,247
147,247
148,247
149,247
150,247
151,247
152,247
153,247
154,247
155,248
156,248
157,248
158,249
159,249
160,249
161,249
162,249
163,249
164,249
165,249
166,249
167,249
168,249
169,249
170,249
171,249
172,249
173,249
174,249
175,249
176,249
177,249
178,249
179,249
180,249
181,249
182,249
183,249
184,249
185,249
186,249
187,249
188,249
189,249
190,249
191,249
192,250
193,250
194,250
195,252
196,252
197,252
198,252
199,252
200,250
201,248
202,248
203,248
204,248
205,248
206,248
207,248
208,248
209,248
210,248
211,248
212,248
213,251
214,249
215,249
216,249
217,249
218,250
219,249
220,249
221,249
222,249
223,249
224,249
225,249
226,249
227,250
228,249
229,249
230,249
231,249
232,249
233,249
234,249
235,249
236,249
237,249
238,249
239,249
240,249
241,249
242,249
243,249
244,249
245,249
246,249
247,249
248,249
249,249
250,249
251,249
252,249
253,249
254,249
255,249
256,249
257,249
258,249
259,249
260,249
261,249
262,249
263,249
264,249
265,249
266,249
267,249
268,249
269,249
270,249
271,249
272,249
273,249
274,249
275,249
276,249
277,249
278,249
279,249
280,249
281,249
282,249
283,249
284,249
285,249
286,249
287,249
288,249
289,249
290,249
291,249
292,249
293,249
294,249
295,249
296,249
297,249
298,249
299,249
300,249
301,249
302,249
303,249
304,249
305,249
306,249
307,249
308,249
309,249
310,249
311,249
312,249
313,249
314,249
315,249
316,249
317,249
318,249
319,249
320,249
321,249
322,249
323,249
324,249
325,249
326,249
327,249
328,249
329,249
330,249
331,249
332,249
333,249
334,250
335,252
336,250
337,250
338,250
339,250
340,250
341,250
342,250
343,250
344,250
345,250
346,250
347,250
348,250
349,250
350,250
351,250
352,250
353,250
354,250
355,250
356,250
357,250
358,250
359,250
360,250
361,250
362,252
363,251
364,251
365,253
366,253
367,253
368,253
369,254
370,254
371,254
372,254
373,254
374,254
375,254
376,254
377,254
378,254
379,254
380,254
381,254
382,254
383,254
384,254
385,254
386,254
387,254
388,254
389,254
390,254
391,254
392,254
393,254
394,254
395,254
396,254
397,254
398,254
399,254
400,254
401,254
402,254
403,254
404,254
405,254
406,254
407,254
408,254
409,254
410,254
411,254
412,254
413,254
414,254
415,254
416,254
417,254
418,254
419,255
420,255
421,255
422,255
423,255
424,255
425,255
426,255
427,255
428,255
429,255
430,255
431,255
432,255
433,255
434,255
435,255
436,255
437,255
438,255
439,255
440,255
441,255
442,255
443,255
444,255
445,255
446,255
447,255
448,255
449,255
450,255
