1,247
2,245
3,230
4,227
5,227
6,227
7,227
8,227
9,227
10,227
11,227
12,227
13,227
14,227
15,227
16,227
17,227
18,227
19,227
20,227
21,227
22,227
23,227
24,227
25,227
26,227
27,227
28,227
29,227
30,227
31,227
32,227
33,227
34,227
35,227
36,227
37,227
38,227
39,227
40,227
41,227
42,227
43,227
44,227
45,227
46,227
47,227
48,227
49,227
50,227
51,227
52,227
53,227
54,227
55,227
56,227
57,227
58,227
59,227
60,227
61,227
62,227
63,227
64,227
65,227
66,227
67,227
68,227
69,227
70,227
71,227
72,227
73,227
74,227
75,227
76,227
77,227
78,227
79,227
80,227
81,227
82,227
83,227
84,227
85,227
86,227
87,227
88,227
89,227
90,227
91,227
92,227
93,227
94,227
95,227
96,227
97,227
98,227
99,227
100,227
101,227
102,227
103,227
104,227
105,227
106,227
107,227
108,227
109,227
110,227
111,227
112,227
113,227
114,227
115,227
116,227
117,227
118,227
119,227
120,227
121,227
122,227
123,227
124,227
125,227
126,227
127,227
128,227
129,227
130,227
131,227
132,227
133,227
134,227
135,227
136,227
137,227
138,227
139,227
140,227
141,227
142,227
143,227
144,227
145,227
146,227
147,227
148,227
149,227
150,227
151,227
152,227
153,227
154,227
155,227
156,227
157,227
158,227
159,227
160,227
161,227
162,227
163,227
164,227
165,227
166,227
167,227
168,227
169,227
170,227
171,227
172,227
173,227
174,227
175,227
176,227
177,227
178,227
179,227
180,227
181,227
182,227
183,227
184,227
185,227
186,227
187,227
188,227
189,227
190,227
191,227
192,227
193,227
194,227
195,227
196,227
197,227
198,227
199,227
200,227
201,227
202,227
203,227
204,227
205,227
206,227
207,227
208,227
209,227
210,227
211,227
212,227
213,227
214,227
215,227
216,227
217,227
218,227
219,227
220,227
221,227
222,227
223,227
224,227
225,227
226,227
227,227
228,227
229,227
230,227
231,227
232,227
233,227
234,227
235,227
236,227
237,227
238,227
239,227
240,227
241,227
242,227
243,227
244,227
245,227
246,227
247,227
248,227
249,227
250,227
251,228
252,228
253,228
254,228
255,228
256,228
257,228
258,228
259,228
260,228
261,228
262,228
263,228
264,228
265,228
266,228
267,228
268,228
269,228
270,228
271,228
272,228
273,228
274,228
275,228
276,228
277,228
278,228
279,228
280,228
281,228
282,228
283,228
284,228
285,228
286,228
287,228
288,228
289,228
290,228
291,228
292,228
293,228
294,228
295,228
296,228
297,228
298,228
299,228
300,228
301,228
302,228
303,228
304,228
305,228
306,228
307,228
308,228
309,228
310,228
311,228
312,228
313,228
314,228
315,228
316,228
317,228
318,228
319,228
320,228
321,228
322,228
323,228
324,228
325,228
326,228
327,228
328,228
329,228
330,228
331,228
332,228
333,228
334,228
335,228
336,228
337,228
338,228
339,228
340,228
341,228
342,228
343,228
344,228
345,228
346,228
347,228
348,228
349,228
350,228
351,228
352,228
353,228
354,228
355,228
356,228
357,228
358,228
359,228
360,228
361,228
362,228
363,228
364,228
365,228
366,228
367,228
368,228
369,228
370,228
371,228
372,228
373,228
374,228
375,228
376,228
377,228
378,228
379,228
380,228
381,228
382,228
383,228
384,228
385,228
386,228
387,228
388,228
389,228
390,228
391,228
392,228
393,228
394,228
395,228
396,228
397,228
398,228
399,228
400,228
401,228
402,228
403,228
404,228
405,228
406,228
407,228
408,228
409,228
410,228
411,228
412,228
413,228
414,228
415,228
416,228
417,228
418,228
419,228
420,228
421,228
422,228
423,228
424,228
425,228
426,228
427,228
428,228
429,228
430,228
431,228
432,228
433,228
434,228
435,228
436,228
437,228
438,228
439,228
440,228
441,228
442,228
443,228
444,228
445,228
446,228
447,228
448,228
449,228
450,228
451,228
452,228
453,228
454,228
455,228
456,228
457,228
458,228
459,228
460,228
461,228
462,228
463,228
464,228
465,228
466,228
467,228
468,228
469,228
470,228
471,228
472,228
473,228
474,228
475,228
476,228
477,228
478,228
479,228
480,228
481,228
482,228
483,228
484,228
485,228
486,228
487,228
488,228
489,228
490,228
491,228
492,228
493,228
494,228
495,228
496,228
497,228
498,228
499,228
500,228
501,228
502,228
503,228
504,228
505,228
506,228
507,228
508,228
509,228
510,228
511,228
512,228
513,228
514,228
515,228
516,228
517,228
518,228
519,228
520,228
521,228
522,228
523,228
524,228
525,228
526,228
527,228
528,228
529,228
530,228
531,228
532,228
533,228
534,228
535,228
536,228
537,228
538,228
539,228
540,228
541,228
542,228
543,228
544,228
545,228
546,228
547,228
548,228
549,228
550,228
551,228
552,228
553,228
554,228
555,228
556,228
557,228
558,228
559,228
560,228
561,228
562,228
563,228
564,228
565,228
566,228
567,228
568,228
569,228
570,228
571,228
572,228
573,228
574,228
575,228
576,228
577,228
578,228
579,228
580,228
581,228
582,228
583,228
584,228
585,228
586,228
587,228
588,228
589,228
590,228
591,228
592,228
593,228
594,228
595,228
596,228
597,228
598,228
599,228
600,228
601,228
602,228
603,228
604,228
605,228
606,228
607,228
608,228
609,228
610,228
611,228
612,228
613,228
614,228
615,228
616,228
617,228
618,228
619,228
620,228
621,228
622,228
623,228
624,228
625,228
626,228
627,228
628,228
629,228
630,228
631,228
632,228
633,228
634,228
635,228
636,228
637,228
638,228
639,228
640,228
641,228
642,228
643,228
644,228
645,228
646,228
647,228
648,228
649,228
650,228
651,228
652,228
