1,370
2,367
3,367
4,367
5,367
6,367
7,367
8,367
9,367
10,367
11,367
12,367
13,367
14,367
15,367
16,367
17,367
18,367
19,367
20,367
21,367
22,367
23,367
24,367
25,367
26,367
27,367
28,367
29,367
30,367
31,367
32,367
33,367
34,368
35,368
36,368
37,368
38,368
39,368
40,368
41,368
42,368
43,368
44,368
45,368
46,368
47,368
48,368
49,368
50,368
51,368
52,368
53,368
54,368
55,368
56,368
57,368
58,368
59,368
60,368
61,368
62,368
63,368
64,368
65,368
66,368
67,368
68,368
69,368
70,368
71,368
72,368
73,368
74,368
75,368
76,368
77,368
78,368
79,368
80,368
81,368
82,368
83,368
84,368
85,368
86,368
87,368
88,368
89,368
90,368
91,368
92,368
93,368
94,368
95,368
96,368
97,368
98,368
99,368
100,368
101,368
102,368
103,368
104,368
105,368
106,368
107,368
108,368
109,368
110,368
111,368
112,368
113,368
114,368
115,368
116,368
117,368
118,368
119,368
120,368
121,368
122,368
123,368
124,368
125,368
126,368
127,368
128,368
129,368
130,368
131,368
132,368
133,368
134,368
135,368
136,368
137,368
138,368
139,368
140,368
141,368
142,368
143,368
144,368
145,368
146,368
147,368
148,368
149,368
150,368
151,368
152,368
153,368
154,368
155,368
156,368
157,368
158,368
159,368
160,368
161,368
162,368
163,368
164,368
165,368
166,368
167,368
168,368
169,368
170,368
171,368
172,368
173,368
174,368
175,368
176,368
177,368
178,368
179,368
180,368
181,368
182,368
183,368
184,368
185,368
186,368
187,368
188,368
189,368
190,368
191,368
192,368
193,368
194,368
195,368
196,368
197,368
198,368
199,368
200,368
201,368
202,368
203,368
204,368
205,368
206,368
207,368
208,368
209,368
210,368
211,368
212,368
213,368
214,368
215,368
216,368
217,368
218,368
219,368
220,368
221,368
222,368
223,368
224,368
225,368
226,368
227,368
228,368
229,368
230,368
231,368
232,368
233,368
234,368
235,368
236,368
237,368
238,368
239,368
240,368
241,368
242,368
243,368
244,368
245,368
246,368
247,368
248,368
249,368
250,368
251,368
252,368
253,368
254,368
255,368
256,368
257,368
258,368
259,368
260,368
261,368
262,368
263,368
264,368
265,368
266,368
267,368
268,368
269,368
270,368
271,368
272,368
273,368
274,368
275,368
276,368
277,368
278,368
279,368
280,368
281,368
282,368
283,368
284,368
285,368
286,368
287,368
288,368
289,368
290,368
291,368
292,368
293,368
294,368
295,368
296,368
297,368
298,368
299,368
300,368
301,368
302,368
303,368
304,368
305,368
306,368
307,368
308,368
309,368
310,368
311,368
312,368
313,368
314,368
315,368
316,368
317,368
318,368
319,368
320,368
321,368
322,368
323,368
324,368
325,368
