1,342
2,342
3,342
4,342
5,342
6,342
7,342
8,342
9,342
10,342
11,342
12,342
13,342
14,342
15,342
16,342
17,342
18,342
19,342
20,342
21,342
22,342
23,342
24,342
25,342
26,342
27,342
28,342
29,342
30,342
31,342
32,342
33,342
34,342
35,342
36,342
37,342
38,342
39,342
40,342
41,342
42,342
43,342
44,342
45,342
46,342
47,342
48,342
49,342
50,342
51,342
52,342
53,342
54,342
55,342
56,342
57,342
58,339
59,337
60,336
61,336
62,334
63,334
64,334
65,334
66,334
67,334
68,334
69,334
70,334
71,334
72,334
73,334
74,334
75,334
76,334
77,334
78,334
79,334
80,334
81,334
82,334
83,334
84,334
85,334
86,334
87,334
88,334
89,334
90,334
91,334
92,334
93,334
94,334
95,334
96,334
97,334
98,334
99,334
100,334
101,334
102,334
103,334
104,334
105,334
106,334
107,334
108,334
109,334
110,334
111,334
112,334
113,334
114,334
115,334
116,334
117,334
118,334
119,334
120,334
121,334
122,334
123,334
124,334
125,334
126,334
127,334
128,334
129,334
130,334
131,334
132,334
133,334
134,334
135,334
136,335
137,335
138,335
139,335
140,335
141,335
142,335
143,335
144,335
145,335
146,335
147,334
148,334
149,334
150,334
151,334
152,334
153,334
154,334
155,334
156,334
157,334
158,334
159,334
160,334
161,334
162,334
163,334
164,334
165,334
166,334
167,334
168,334
169,334
170,334
171,334
172,334
173,334
174,334
175,334
176,334
177,334
178,334
179,334
180,334
181,334
182,334
183,334
184,334
185,334
186,334
187,334
188,334
189,334
190,334
191,334
192,334
193,334
194,334
195,334
196,334
197,334
198,334
199,334
200,334
201,334
202,334
203,334
204,334
205,334
206,334
207,334
208,334
209,334
210,334
211,334
212,334
213,334
214,334
215,334
216,334
217,334
218,334
219,334
220,334
221,334
222,334
223,334
224,334
225,334
226,334
227,334
228,334
229,334
230,334
231,334
232,334
233,334
234,334
235,334
236,334
237,334
238,334
239,334
240,334
241,334
242,334
243,334
244,334
245,334
246,334
247,334
248,334
249,334
250,334
251,334
252,334
253,334
254,334
255,334
256,334
257,334
258,334
259,334
260,334
261,334
262,334
263,334
264,334
265,334
266,334
267,334
268,334
269,334
270,334
271,334
272,334
273,334
274,334
275,334
276,334
277,334
278,334
279,334
280,334
281,334
282,334
283,334
284,334
285,334
286,334
287,334
288,334
289,334
290,334
291,334
292,334
293,334
294,334
295,334
296,333
297,333
298,332
299,332
300,332
301,332
302,332
303,332
304,332
305,332
306,332
307,332
