1,236
2,236
3,236
4,236
5,236
6,236
7,236
8,242
9,228
10,229
11,227
12,229
13,230
14,229
15,228
16,228
17,228
18,228
19,230
20,230
21,230
22,229
23,229
24,229
25,229
26,229
27,229
28,229
29,229
30,229
31,229
32,229
33,229
34,229
35,229
36,228
37,228
38,228
39,227
40,227
41,227
42,227
43,227
44,227
45,227
46,227
47,227
48,227
49,227
50,227
51,227
52,227
53,227
54,227
55,228
56,228
57,229
58,229
59,228
60,229
61,229
62,229
63,229
64,229
65,228
66,228
67,228
68,228
69,228
70,228
71,228
72,228
73,228
74,228
75,228
76,228
77,228
78,229
79,229
80,229
81,230
82,230
83,230
84,230
85,229
86,229
87,229
88,229
89,229
90,229
91,229
92,229
93,229
94,229
95,229
96,229
97,229
98,229
99,229
100,229
101,229
102,229
103,229
104,229
105,229
106,229
107,230
108,230
109,230
110,230
111,230
112,230
113,230
114,230
115,230
116,230
117,229
118,230
119,230
120,230
121,230
122,230
123,230
124,230
125,230
126,230
127,230
128,230
129,229
130,229
131,229
132,229
133,229
134,229
135,229
136,229
137,229
138,229
139,229
140,229
141,229
142,229
143,229
144,229
145,229
146,229
147,229
148,229
149,229
150,229
151,229
152,229
153,229
154,229
155,229
156,229
157,229
158,229
159,229
160,229
161,229
162,229
163,229
164,229
165,229
166,229
167,229
168,229
169,229
170,229
171,229
172,230
173,230
174,230
175,230
176,230
177,230
178,230
179,230
180,230
181,230
182,230
183,230
184,230
185,230
186,231
187,231
188,231
189,231
190,231
191,231
192,231
193,231
194,231
195,231
196,231
197,231
198,231
199,231
200,231
201,231
202,231
203,231
204,231
205,231
206,231
207,231
208,231
209,231
210,231
211,231
212,231
213,231
214,231
215,231
216,231
217,231
218,231
219,231
220,231
221,231
222,231
223,231
224,231
225,231
226,231
227,231
228,231
229,231
230,231
231,231
232,231
233,231
234,231
235,231
236,231
237,231
238,231
239,231
240,231
241,231
242,231
243,231
244,231
245,231
246,231
247,231
248,231
249,231
250,231
251,231
252,231
253,231
254,231
255,231
256,231
257,231
258,231
259,231
260,231
261,231
262,231
263,231
264,231
265,231
266,231
267,231
268,231
269,231
270,230
271,230
272,230
273,230
274,230
275,230
276,230
277,230
278,230
279,230
280,230
281,230
282,230
283,230
284,230
285,230
286,230
287,230
288,230
289,230
290,230
291,230
292,230
293,230
294,230
295,230
296,230
297,230
298,230
299,230
300,230
301,230
302,230
303,230
304,230
305,230
306,230
307,230
308,230
309,230
310,230
311,230
312,230
313,230
314,230
315,230
316,230
317,230
318,230
319,230
320,230
321,230
322,230
323,230
324,230
325,230
326,230
327,230
328,230
329,230
330,230
331,230
332,230
333,231
334,231
335,231
336,231
337,231
338,231
339,231
340,231
341,231
342,231
343,231
344,231
345,231
346,232
347,232
348,232
349,232
350,232
351,233
352,233
353,233
354,233
355,233
356,233
357,233
358,233
359,233
360,233
361,233
362,233
363,233
364,233
365,233
366,233
367,233
368,233
369,233
370,233
371,233
372,233
373,233
374,233
375,233
376,233
377,233
378,233
379,233
380,233
381,233
382,233
383,233
384,233
385,233
386,233
387,233
388,233
389,233
390,233
391,233
392,233
393,233
394,233
395,233
396,233
397,233
398,233
399,233
400,233
401,232
402,232
403,232
404,232
405,232
406,232
407,232
408,232
409,232
410,233
411,233
412,233
413,233
414,233
415,233
416,233
417,233
418,233
419,233
420,233
421,233
422,233
423,233
424,233
425,233
426,233
427,233
428,233
429,233
430,233
431,233
432,233
433,233
434,233
435,233
436,233
437,233
438,233
439,233
440,233
