1,0.39447202253493263
2,0.2877208920441457
3,0.2421934501863781
4,0.2415942909259533
5,0.2415879020171942
6,0.2415877628106786
7,0.2415877596893704
8,0.24158775961933815
9,0.24158775961776663
10,0.2415877596177315
11,0.24158775961773066
12,0.24158775961773074
13,0.2415877596177307
14,0.2415877596177307
15,0.2415877596177307
16,0.2415877596177307
17,0.2415877596177307
18,0.2415877596177307
19,0.2415877596177307
20,0.2415877596177307
21,0.2415877596177307
22,0.2415877596177307
23,0.2415877596177307
24,0.2415877596177307
25,0.2415877596177307
26,0.2415877596177307
27,0.2415877596177307
28,0.2415877596177307
29,0.2415877596177307
30,0.2415877596177307
31,0.2415877596177307
32,0.2415877596177307
33,0.2415877596177307
34,0.2415877596177307
35,0.2415877596177307
36,0.2415877596177307
37,0.2415877596177307
38,0.2415877596177307
39,0.2415877596177307
40,0.2415877596177307
41,0.2415877596177307
42,0.2415877596177307
43,0.2415877596177307
44,0.2415877596177307
45,0.2415877596177307
46,0.2415877596177307
47,0.2415877596177307
48,0.2415877596177307
49,0.2415877596177307
50,0.2415877596177307
51,0.2415877596177307
52,0.2415877596177307
53,0.2415877596177307
54,0.2415877596177307
55,0.2415877596177307
56,0.2415877596177307
57,0.2415877596177307
58,0.2415877596177307
59,0.2415877596177307
60,0.2415877596177307
61,0.2415877596177307
62,0.2415877596177307
63,0.2415877596177307
64,0.2415877596177307
65,0.2415877596177307
66,0.2415877596177307
67,0.2415877596177307
68,0.2415877596177307
69,0.2415877596177307
70,0.2415877596177307
71,0.2415877596177307
72,0.2415877596177307
73,0.2415877596177307
74,0.2415877596177307
75,0.2415877596177307
76,0.2415877596177307
77,0.2415877596177307
78,0.2415877596177307
79,0.2415877596177307
80,0.2415877596177307
81,0.2415877596177307
82,0.2415877596177307
83,0.2415877596177307
84,0.2415877596177307
85,0.2415877596177307
86,0.2415877596177307
87,0.2415877596177307
88,0.2415877596177307
89,0.2415877596177307
90,0.2415877596177307
91,0.2415877596177307
92,0.2415877596177307
93,0.2415877596177307
94,0.2415877596177307
95,0.2415877596177307
96,0.2415877596177307
97,0.2415877596177307
98,0.2415877596177307
99,0.2415877596177307
100,0.2415877596177307
101,0.2415877596177307
102,0.2415877596177307
103,0.2415877596177307
104,0.2415877596177307
105,0.2415877596177307
106,0.2415877596177307
107,0.2415877596177307
108,0.2415877596177307
109,0.2415877596177307
110,0.2415877596177307
111,0.2415877596177307
112,0.2415877596177307
113,0.2415877596177307
114,0.2415877596177307
115,0.2415877596177307
116,0.2415877596177307
117,0.2415877596177307
118,0.2415877596177307
119,0.2415877596177307
120,0.2415877596177307
121,0.2415877596177307
122,0.2415877596177307
123,0.2415877596177307
124,0.2415877596177307
125,0.2415877596177307
126,0.2415877596177307
127,0.2415877596177307
128,0.2415877596177307
129,0.2415877596177307
130,0.2415877596177307
131,0.2415877596177307
132,0.2415877596177307
133,0.2415877596177307
134,0.2415877596177307
135,0.2415877596177307
136,0.2415877596177307
137,0.2415877596177307
138,0.2415877596177307
139,0.2415877596177307
140,0.2415877596177307
141,0.2415877596177307
142,0.2415877596177307
143,0.2415877596177307
144,0.2415877596177307
145,0.2415877596177307
146,0.2415877596177307
147,0.2415877596177307
148,0.2415877596177307
149,0.2415877596177307
150,0.2415877596177307
151,0.2415877596177307
152,0.2415877596177307
153,0.2415877596177307
154,0.2415877596177307
155,0.2415877596177307
156,0.2415877596177307
157,0.2415877596177307
158,0.2415877596177307
159,0.2415877596177307
160,0.2415877596177307
161,0.2415877596177307
162,0.2415877596177307
163,0.2415877596177307
164,0.2415877596177307
165,0.2415877596177307
166,0.2415877596177307
167,0.2415877596177307
168,0.2415877596177307
169,0.2415877596177307
170,0.2415877596177307
171,0.2415877596177307
172,0.2415877596177307
173,0.2415877596177307
174,0.2415877596177307
175,0.2415877596177307
176,0.2415877596177307
177,0.2415877596177307
178,0.2415877596177307
179,0.2415877596177307
180,0.2415877596177307
181,0.2415877596177307
182,0.2415877596177307
183,0.2415877596177307
184,0.2415877596177307
185,0.2415877596177307
186,0.2415877596177307
187,0.2415877596177307
188,0.2415877596177307
189,0.2415877596177307
190,0.2415877596177307
191,0.2415877596177307
192,0.2415877596177307
193,0.2415877596177307
194,0.2415877596177307
195,0.2415877596177307
196,0.2415877596177307
197,0.2415877596177307
198,0.2415877596177307
199,0.2415877596177307
200,0.2415877596177307
201,0.2415877596177307
202,0.2415877596177307
203,0.2415877596177307
204,0.2415877596177307
205,0.2415877596177307
206,0.2415877596177307
207,0.2415877596177307
208,0.2415877596177307
209,0.2415877596177307
210,0.2415877596177307
211,0.2415877596177307
212,0.2415877596177307
213,0.2415877596177307
214,0.2415877596177307
215,0.2415877596177307
216,0.2415877596177307
217,0.2415877596177307
218,0.2415877596177307
219,0.2415877596177307
220,0.2415877596177307
221,0.2415877596177307
222,0.2415877596177307
223,0.2415877596177307
224,0.2415877596177307
225,0.2415877596177307
226,0.2415877596177307
227,0.2415877596177307
228,0.2415877596177307
229,0.2415877596177307
230,0.2415877596177307
231,0.2415877596177307
232,0.2415877596177307
233,0.2415877596177307
234,0.2415877596177307
235,0.2415877596177307
236,0.2415877596177307
237,0.2415877596177307
238,0.2415877596177307
239,0.2415877596177307
240,0.2415877596177307
241,0.2415877596177307
242,0.2415877596177307
243,0.2415877596177307
244,0.2415877596177307
245,0.2415877596177307
246,0.2415877596177307
247,0.2415877596177307
248,0.2415877596177307
249,0.2415877596177307
250,0.2415877596177307
251,0.2415877596177307
252,0.2415877596177307
253,0.2415877596177307
254,0.2415877596177307
255,0.2415877596177307
256,0.2415877596177307
257,0.2415877596177307
258,0.2415877596177307
259,0.2415877596177307
260,0.2415877596177307
261,0.2415877596177307
262,0.2415877596177307
263,0.2415877596177307
264,0.2415877596177307
265,0.2415877596177307
266,0.2415877596177307
267,0.2415877596177307
268,0.2415877596177307
269,0.2415877596177307
270,0.2415877596177307
271,0.2415877596177307
272,0.2415877596177307
273,0.2415877596177307
274,0.2415877596177307
275,0.2415877596177307
276,0.2415877596177307
277,0.2415877596177307
278,0.2415877596177307
279,0.2415877596177307
280,0.2415877596177307
281,0.2415877596177307
282,0.2415877596177307
283,0.2415877596177307
284,0.2415877596177307
285,0.2415877596177307
286,0.2415877596177307
287,0.2415877596177307
288,0.2415877596177307
289,0.2415877596177307
290,0.2415877596177307
291,0.2415877596177307
292,0.2415877596177307
293,0.2415877596177307
294,0.2415877596177307
295,0.2415877596177307
296,0.2415877596177307
297,0.2415877596177307
298,0.2415877596177307
299,0.2415877596177307
300,0.2415877596177307
301,0.2415877596177307
302,0.2415877596177307
303,0.2415877596177307
304,0.2415877596177307
305,0.2415877596177307
306,0.2415877596177307
307,0.2415877596177307
308,0.2415877596177307
309,0.2415877596177307
310,0.2415877596177307
311,0.2415877596177307
312,0.2415877596177307
313,0.2415877596177307
314,0.2415877596177307
315,0.2415877596177307
316,0.2415877596177307
317,0.2415877596177307
318,0.2415877596177307
319,0.2415877596177307
320,0.2415877596177307
321,0.2415877596177307
322,0.2415877596177307
323,0.2415877596177307
324,0.2415877596177307
325,0.2415877596177307
326,0.2415877596177307
327,0.2415877596177307
328,0.2415877596177307
329,0.2415877596177307
330,0.2415877596177307
331,0.2415877596177307
332,0.2415877596177307
333,0.2415877596177307
334,0.2415877596177307
335,0.2415877596177307
336,0.2415877596177307
337,0.2415877596177307
338,0.2415877596177307
339,0.2415877596177307
340,0.2415877596177307
341,0.2415877596177307
342,0.2415877596177307
343,0.2415877596177307
344,0.2415877596177307
345,0.2415877596177307
346,0.2415877596177307
347,0.2415877596177307
348,0.2415877596177307
349,0.2415877596177307
350,0.2415877596177307
351,0.2415877596177307
352,0.2415877596177307
353,0.2415877596177307
354,0.2415877596177307
355,0.2415877596177307
356,0.2415877596177307
357,0.2415877596177307
358,0.2415877596177307
359,0.2415877596177307
360,0.2415877596177307
361,0.2415877596177307
362,0.2415877596177307
363,0.2415877596177307
364,0.2415877596177307
365,0.2415877596177307
366,0.2415877596177307
367,0.2415877596177307
368,0.2415877596177307
369,0.2415877596177307
370,0.2415877596177307
371,0.2415877596177307
372,0.2415877596177307
373,0.2415877596177307
374,0.2415877596177307
375,0.2415877596177307
376,0.2415877596177307
377,0.2415877596177307
378,0.2415877596177307
379,0.2415877596177307
380,0.2415877596177307
381,0.2415877596177307
382,0.2415877596177307
383,0.2415877596177307
384,0.2415877596177307
385,0.2415877596177307
386,0.2415877596177307
387,0.2415877596177307
388,0.2415877596177307
389,0.2415877596177307
390,0.2415877596177307
391,0.2415877596177307
392,0.2415877596177307
393,0.2415877596177307
394,0.2415877596177307
395,0.2415877596177307
396,0.2415877596177307
397,0.2415877596177307
398,0.2415877596177307
399,0.2415877596177307
400,0.2415877596177307
401,0.2415877596177307
402,0.2415877596177307
403,0.2415877596177307
404,0.2415877596177307
405,0.2415877596177307
406,0.2415877596177307
407,0.2415877596177307
408,0.2415877596177307
409,0.2415877596177307
410,0.2415877596177307
411,0.2415877596177307
412,0.2415877596177307
413,0.2415877596177307
414,0.2415877596177307
415,0.2415877596177307
416,0.2415877596177307
417,0.2415877596177307
418,0.2415877596177307
419,0.2415877596177307
420,0.2415877596177307
421,0.2415877596177307
422,0.2415877596177307
423,0.2415877596177307
424,0.2415877596177307
425,0.2415877596177307
426,0.2415877596177307
427,0.2415877596177307
428,0.2415877596177307
429,0.2415877596177307
430,0.2415877596177307
431,0.2415877596177307
432,0.2415877596177307
433,0.2415877596177307
434,0.2415877596177307
435,0.2415877596177307
436,0.2415877596177307
437,0.2415877596177307
438,0.2415877596177307
439,0.2415877596177307
440,0.2415877596177307
441,0.2415877596177307
442,0.2415877596177307
443,0.2415877596177307
444,0.2415877596177307
445,0.2415877596177307
446,0.2415877596177307
447,0.2415877596177307
448,0.2415877596177307
449,0.2415877596177307
450,0.2415877596177307
451,0.2415877596177307
452,0.2415877596177307
453,0.2415877596177307
454,0.2415877596177307
455,0.2415877596177307
456,0.2415877596177307
457,0.2415877596177307
458,0.2415877596177307
459,0.2415877596177307
460,0.2415877596177307
461,0.2415877596177307
462,0.2415877596177307
463,0.2415877596177307
464,0.2415877596177307
465,0.2415877596177307
466,0.2415877596177307
467,0.2415877596177307
468,0.2415877596177307
469,0.2415877596177307
470,0.2415877596177307
471,0.2415877596177307
472,0.2415877596177307
473,0.2415877596177307
474,0.2415877596177307
475,0.2415877596177307
476,0.2415877596177307
477,0.2415877596177307
478,0.2415877596177307
479,0.2415877596177307
480,0.2415877596177307
481,0.2415877596177307
482,0.2415877596177307
483,0.2415877596177307
484,0.2415877596177307
485,0.2415877596177307
486,0.2415877596177307
487,0.2415877596177307
488,0.2415877596177307
489,0.2415877596177307
490,0.2415877596177307
491,0.2415877596177307
492,0.2415877596177307
493,0.2415877596177307
494,0.2415877596177307
495,0.2415877596177307
496,0.2415877596177307
497,0.2415877596177307
498,0.2415877596177307
499,0.2415877596177307
500,0.2415877596177307
501,0.2415877596177307
502,0.2415877596177307
503,0.2415877596177307
504,0.2415877596177307
505,0.2415877596177307
506,0.2415877596177307
507,0.2415877596177307
508,0.2415877596177307
509,0.2415877596177307
510,0.2415877596177307
511,0.2415877596177307
512,0.2415877596177307
513,0.2415877596177307
514,0.2415877596177307
515,0.2415877596177307
516,0.2415877596177307
517,0.2415877596177307
518,0.2415877596177307
519,0.2415877596177307
520,0.2415877596177307
521,0.2415877596177307
522,0.2415877596177307
523,0.2415877596177307
524,0.2415877596177307
525,0.2415877596177307
526,0.2415877596177307
527,0.2415877596177307
528,0.2415877596177307
529,0.2415877596177307
530,0.2415877596177307
531,0.2415877596177307
532,0.2415877596177307
533,0.2415877596177307
534,0.2415877596177307
535,0.2415877596177307
536,0.2415877596177307
537,0.2415877596177307
538,0.2415877596177307
539,0.2415877596177307
540,0.2415877596177307
541,0.2415877596177307
542,0.2415877596177307
543,0.2415877596177307
544,0.2415877596177307
545,0.2415877596177307
546,0.2415877596177307
547,0.2415877596177307
548,0.2415877596177307
549,0.2415877596177307
550,0.2415877596177307
551,0.2415877596177307
552,0.2415877596177307
553,0.2415877596177307
554,0.2415877596177307
555,0.2415877596177307
556,0.2415877596177307
557,0.2415877596177307
558,0.2415877596177307
559,0.2415877596177307
560,0.2415877596177307
561,0.2415877596177307
562,0.2415877596177307
563,0.2415877596177307
564,0.2415877596177307
565,0.2415877596177307
566,0.2415877596177307
567,0.2415877596177307
568,0.2415877596177307
569,0.2415877596177307
570,0.2415877596177307
571,0.2415877596177307
572,0.2415877596177307
573,0.2415877596177307
574,0.2415877596177307
575,0.2415877596177307
576,0.2415877596177307
577,0.2415877596177307
578,0.2415877596177307
579,0.2415877596177307
580,0.2415877596177307
581,0.2415877596177307
582,0.2415877596177307
583,0.2415877596177307
584,0.2415877596177307
585,0.2415877596177307
586,0.2415877596177307
587,0.2415877596177307
588,0.2415877596177307
589,0.2415877596177307
590,0.2415877596177307
591,0.2415877596177307
592,0.2415877596177307
593,0.2415877596177307
594,0.2415877596177307
595,0.2415877596177307
596,0.2415877596177307
597,0.2415877596177307
598,0.2415877596177307
599,0.2415877596177307
600,0.2415877596177307
601,0.2415877596177307
602,0.2415877596177307
603,0.2415877596177307
604,0.2415877596177307
605,0.2415877596177307
606,0.2415877596177307
607,0.2415877596177307
608,0.2415877596177307
609,0.2415877596177307
610,0.2415877596177307
611,0.2415877596177307
612,0.2415877596177307
613,0.2415877596177307
614,0.2415877596177307
615,0.2415877596177307
616,0.2415877596177307
617,0.2415877596177307
618,0.2415877596177307
619,0.2415877596177307
620,0.2415877596177307
621,0.2415877596177307
622,0.2415877596177307
623,0.2415877596177307
624,0.2415877596177307
625,0.2415877596177307
626,0.2415877596177307
627,0.2415877596177307
628,0.2415877596177307
629,0.2415877596177307
630,0.2415877596177307
631,0.2415877596177307
632,0.2415877596177307
633,0.2415877596177307
634,0.2415877596177307
635,0.2415877596177307
636,0.2415877596177307
637,0.2415877596177307
638,0.2415877596177307
639,0.2415877596177307
640,0.2415877596177307
641,0.2415877596177307
642,0.2415877596177307
643,0.2415877596177307
644,0.2415877596177307
645,0.2415877596177307
646,0.2415877596177307
647,0.2415877596177307
648,0.2415877596177307
649,0.2415877596177307
650,0.2415877596177307
651,0.2415877596177307
652,0.2415877596177307
653,0.2415877596177307
654,0.2415877596177307
655,0.2415877596177307
656,0.2415877596177307
657,0.2415877596177307
658,0.2415877596177307
659,0.2415877596177307
660,0.2415877596177307
661,0.2415877596177307
662,0.2415877596177307
663,0.2415877596177307
664,0.2415877596177307
665,0.2415877596177307
666,0.2415877596177307
667,0.2415877596177307
668,0.2415877596177307
669,0.2415877596177307
670,0.2415877596177307
671,0.2415877596177307
672,0.2415877596177307
673,0.2415877596177307
674,0.2415877596177307
675,0.2415877596177307
676,0.2415877596177307
677,0.2415877596177307
678,0.2415877596177307
679,0.2415877596177307
680,0.2415877596177307
681,0.2415877596177307
682,0.2415877596177307
683,0.2415877596177307
684,0.2415877596177307
685,0.2415877596177307
686,0.2415877596177307
687,0.2415877596177307
688,0.2415877596177307
689,0.2415877596177307
690,0.2415877596177307
691,0.2415877596177307
