1,0.2961784861918408
2,0.24915420420394244
3,0.24906692525077573
4,0.24897863670609668
5,0.24889264649182685
6,0.24880909535670587
7,0.24872807125871368
8,0.24864963980730154
9,0.24857384556737042
10,0.24850071340282082
11,0.24843025004294997
12,0.24836244580171535
13,0.24829727638319732
14,0.2482347047142206
15,0.2481746827540921
16,0.24811715324085615
17,0.2480620513428408
18,0.2480093061930206
19,0.24795884229156578
20,0.2479105807687218
21,0.2478644405057344
22,0.24782033911600046
23,0.24777819379197952
24,0.24773792202583797
25,0.24769944221337228
26,0.24766267415170318
27,0.24762753944157215
28,0.24759396180506257
29,0.24756186732916297
30,0.24753118464507023
31,0.24750184505236303
32,0.24747378259642033
33,0.24744693410660848
34,0.24742123920194314
35,0.24739664027014371
36,0.2473730824252235
37,0.247350513448094
38,0.24732888371399292
39,0.24730814611000163
40,0.24728825594539286
41,0.24726917085709946
42,0.24725085071222114
43,0.24723325750911634
44,0.2472163552783589
45,0.24720010998457698
46,0.247184489429971
47,0.2471694631601504
48,0.24715500237274596
49,0.24714107982916012
50,0.24712766976968661
51,0.2471147478321676
52,0.24710229097426337
53,0.24709027739938086
54,0.24707868648623027
55,0.2470674987219725
56,0.24705669563887628
57,0.24704625975438368
58,0.24703617451447446
59,0.24702642424020274
60,0.24701699407727412
61,0.2470078699485277
62,0.2469990385091852
63,0.24699048710472707
64,0.24698220373126545
65,0.24697417699826857
66,0.24696639609352222
67,0.24695885075018953
68,0.24695153121585395
69,0.24694442822343116
70,0.2469375329638326
71,0.2469308370602845
72,0.2469243325441931
73,0.2469180118324684
74,0.24691186770621537
75,0.2469058932907037
76,0.24690008203654165
77,0.2468944277019784
78,0.24688892433626025
79,0.24688356626398206
80,0.24687834807036213
81,0.24687326458739084
82,0.24686831088079442
83,0.24686348223776214
84,0.24685877415539256
85,0.24685418232980824
86,0.24684970264590236
87,0.24684533116767665
88,0.24684106412913243
89,0.24683689792567873
90,0.24683282910603313
91,0.2468288543645745
92,0.2468249705341283
93,0.2468211745791545
94,0.24681746358931064
95,0.24681383477337587
96,0.24681028545350472
97,0.2468068130597943
98,0.2468034151251504
99,0.24680008928042552
100,0.2467968332498232
101,0.24679364484654284
102,0.24679052196865872
103,0.2467874625952151
104,0.24678446478252472
105,0.24678152666066464
106,0.24677864643014788
107,0.24677582235876847
108,0.24677305277861256
109,0.24677033608321142
110,0.24676767072485142
111,0.24676505521200476
112,0.24676248810690338
113,0.24675996802322023
114,0.24675749362387364
115,0.24675506361893507
116,0.24675267676364146
117,0.2467503318565015
118,0.24674802773749402
119,0.24674576328635378
120,0.24674353742093696
121,0.24674134909566636
122,0.24673919730004562
123,0.24673708105724781
124,0.24673499942276517
125,0.24673295148312493
126,0.2467309363546611
127,0.2467289531823436
128,0.2467270011386623
129,0.24672507942255514
130,0.2467231872583918
131,0.24672132389500026
132,0.24671948860473267
133,0.24671768068257638
134,0.24671589944530367
135,0.24671414423065577
136,0.24671241439656622
137,0.24671070932041278
138,0.2467090283983045
139,0.2467073710444014
140,0.24670573669025586
141,0.24670412478418635
142,0.24670253479068058
143,0.24670096618981346
144,0.2466994184767012
145,0.24669789116096755
146,0.24669638376623776
147,0.24669489582965204
148,0.24669342690139623
149,0.24669197654425506
150,0.24669054433317975
151,0.24668912985487437
152,0.24668773270740052
153,0.24668635249979334
154,0.24668498885169454
155,0.2466836413930018
156,0.2466823097635271
157,0.24668099361267284
158,0.2466796925991178
159,0.24667840639051317
160,0.24667713466319682
161,0.24667587710191008
162,0.24667463339952952
163,0.24667340325681003
164,0.24667218638213304
165,0.24667098249126732
166,0.24666979130713812
167,0.24666861255960412
168,0.24666744598523968
169,0.24666629132713402
170,0.2466651483346838
171,0.2466640167634063
172,0.2466628963747515
173,0.24666178693592147
174,0.24666068821970055
175,0.24665960000428608
176,0.2466585220731273
177,0.24665745421477142
178,0.24665639622271163
179,0.24665534789524343
180,0.24665430903532298
181,0.2466532794504338
182,0.24665225895245352
183,0.24665124735752986
184,0.24665024448595638
185,0.246649250162055
186,0.24664826421406255
187,0.2466472864740192
188,0.24664631677766188
189,0.24664535496432116
190,0.24664440087682124
191,0.2466434543613814
192,0.24664251526752493
193,0.2466415834479877
194,0.24664065875862765
195,0.2466397410583435
196,0.24663883020899036
197,0.2466379260752984
198,0.2466370285248003
