1,0.4398802699706844
2,0.4394439757137774
3,0.4376333537209797
4,0.3074106635288569
5,0.25076319593916496
6,0.25076070138900586
7,0.25075823465740193
8,0.2507557936290044
9,0.25075337814036386
10,0.2507509880236484
11,0.25074862310689194
12,0.2507462832142333
13,0.25074396816615163
14,0.2507416777796934
15,0.25073941186869864
16,0.25073717024401654
17,0.25073495271371804
18,0.2507327590833018
19,0.2507305891558952
20,0.25072844273244815
21,0.2507263196119218
22,0.2507242195914713
23,0.25072214246662483
24,0.2507200880314519
25,0.2507180560787321
26,0.25071604640011264
27,0.25071405878626524
28,0.2507120930270325
29,0.2507101489115753
30,0.25070822622850636
31,0.2507063247660271
32,0.2507044443120536
33,0.2507025846543397
34,0.2507007455805938
35,0.25069892687859324
36,0.2506971283362925
37,0.25069534974192276
38,0.25069359088409615
39,0.2506918515518957
40,0.25069013153496694
41,0.2506884306236044
42,0.2506867486088305
43,0.2506850852824752
44,0.25068344043724994
45,0.2506818138668134
46,0.25068020536584357
47,0.250678614730095
48,0.2506770417564606
49,0.25067548624302555
50,0.2506739479891207
51,0.250672426795371
52,0.2506709224637428
53,0.2506694347975843
54,0.2506679636016703
55,0.25066650868223417
56,0.25066506984700815
57,0.2506636469052504
58,0.2506622396677803
59,0.2506608479470009
60,0.25065947155692825
61,0.2506581103132112
62,0.2506567640331551
63,0.2506554325357385
64,0.250654115641631
65,0.2506528131732089
66,0.25065152495456766
67,0.2506502508115334
68,0.2506489905716752
69,0.25064774406430984
70,0.2506465111205116
71,0.25064529157311755
72,0.2506440852567304
73,0.25064289200772244
74,0.2506417116642364
75,0.2506405440661882
76,0.25063938905526284
77,0.250638246474917
78,0.2506371161703724
79,0.2506359979886141
80,0.25063489177838627
81,0.2506337973901866
82,0.2506327146762599
83,0.2506316434905913
84,0.2506305836888986
85,0.25062953512862424
86,0.25062849766892653
87,0.25062747117066964
88,0.2506264554964137
89,0.25062545051040414
90,0.2506244560785609
91,0.2506234720684672
92,0.2506224983493566
93,0.25062153479210136
94,0.25062058126919984
95,0.25061963765476275
96,0.25061870382450085
97,0.25061777965570997
98,0.25061686502725833
99,0.2506159598195714
100,0.25061506391461885
101,0.250614177195898
102,0.25061329954842176
103,0.25061243085870005
104,0.2506115710147297
105,0.25061071990597344
106,0.2506098774233512
107,0.25060904345921786
108,0.2506082179073538
109,0.2506074006629461
110,0.25060659162257387
111,0.25060579068419225
112,0.250604997747118
113,0.2506042127120129
114,0.2506034354808678
115,0.2506026659569883
116,0.25060190404497934
117,0.2506011496507284
118,0.25060040268138956
119,0.2505996630453704
120,0.2505989306523151
121,0.2505982054130892
122,0.2505974872397641
123,0.25059677604560354
124,0.2505960717450465
125,0.2505953742536929
126,0.25059468348828934
127,0.2505939993667135
128,0.2505933218079597
129,0.25059265073212555
130,0.25059198606039484
131,0.2505913277150246
132,0.2505906756193314
133,0.250590029697678
134,0.2505893898754555
135,0.25058875607907416
136,0.2505881282359474
137,0.25058750627447635
138,0.2505868901240401
139,0.2505862797149811
140,0.25058567497859047
141,0.2505850758470949
142,0.25058448225364716
143,0.2505838941323092
144,0.2505833114180407
145,0.25058273404668896
146,0.2505821619549732
147,0.25058159508047395
148,0.25058103336162
149,0.25058047673767897
150,0.25057992514874217
151,0.25057937853571455
152,0.250578836840304
153,0.2505783000050082
154,0.2505777679731039
155,0.25057724068863846
156,0.25057671809641335
157,0.2505762001419783
158,0.25057568677161896
159,0.25057517793234624
160,0.25057467357188484
161,0.2505741736386661
162,0.25057367808181336
163,0.250573186851137
164,0.25057269989712
165,0.25057221717091155
166,0.25057173862431575
167,0.25057126420978204
168,0.2505707938803976
169,0.2505703275898751
170,0.25056986529254777
171,0.2505694069433561
172,0.25056895249784195
173,0.2505685019121392
174,0.2505680551429639
175,0.25056761214760864
176,0.25056717288393004
177,0.250566737310345
178,0.25056630538581937
179,0.25056587706986116
180,0.2505654523225131
181,0.2505650311043446
182,0.2505646133764429
183,0.2505641991004074
184,0.25056378823834125
185,0.2505633807528443
186,0.2505629766070059
187,0.2505625757643968
188,0.2505621781890647
189,0.25056178384552386
190,0.25056139269875227
191,0.25056100471418064
192,0.2505606198576903
193,0.25056023809560235
194,0.2505598593946754
195,0.25055948372209597
196,0.2505591110454737
197,0.250558741332836
198,0.2505583745526206
199,0.25055801067367006
200,0.250557649665226
