1,0.42557806744160126
2,0.4255758759847867
3,0.425574440495691
4,0.4255729824958482
5,0.425571501451519
6,0.42556999681188834
7,0.4255684680084532
8,0.42556691445434996
9,0.42556533554359993
10,0.42556373065033704
11,0.4255620991279729
12,0.42556044030832046
13,0.4255587535006799
14,0.4255570379908791
15,0.42555529304025796
16,0.42555351788461115
17,0.4255517117330686
18,0.4255498737669249
19,0.4255480031383941
20,0.4255460989693146
21,0.4255441603497714
22,0.42554218633664825
23,0.4255401759520961
24,0.4255381281819287
25,0.4255360419739042
26,0.42553391623593917
27,0.42553174983419223
28,0.4255295415910584
29,0.42552729028303066
30,0.4255249946384463
31,0.4255226533350916
32,0.4255202649976696
33,0.42551782819510336
34,0.4255153414376865
35,0.42551280317404494
36,0.4255102117879167
37,0.42550756559472286
38,0.42550486283792033
39,0.42550210168511965
40,0.4254992802239476
41,0.4254963964576349
42,0.4254934483003091
43,0.4254904335719739
44,0.4254873499931353
45,0.42548419517906666
46,0.4254809666336635
47,0.4254776617428668
48,0.42547427776761537
49,0.4254708118362846
50,0.4254672609365718
51,0.425463621906778
52,0.4254598914264305
53,0.42545606600619607
54,0.425452141977009
55,0.42544811547835426
56,0.42544398244561643
57,0.42543973859641804
58,0.4254353794158434
59,0.4254309001404396
60,0.42542629574088603
61,0.4254215609031876
62,0.4254166900082502
63,0.4254116771096757
64,0.4254065159095867
65,0.42540119973227464
66,0.4253957214954512
67,0.42539007367882337
68,0.42538424828971627
69,0.4253782368254069
70,0.42537203023179176
71,0.4253656188579814
72,0.42535899240631986
73,0.4253521398773069
74,0.42534504950879687
75,0.4253377087087639
76,0.4253301039808286
77,0.4253222208416215
78,0.4253140437289315
79,0.42530555589938285
80,0.4252967393142708
81,0.42528757451188365
82,0.4252780404644342
83,0.4252681144173768
84,0.4252577717085426
85,0.4252469855640599
86,0.4252357268675158
87,0.42522396389817835
88,0.4252116620333189
89,0.4251987834087858
90,0.42518528653080273
91,0.42517112583064937
92,0.4251562511521591
93,0.42514060715991314
94,0.4251241326534466
95,0.4251067597695893
96,0.42508841305104855
97,0.42506900835436534
98,0.4250484515639426
99,0.4250266370708041
100,0.42500344596428785
101,0.42497874387148304
102,0.424952378361698
103,0.4249241758103283
104,0.4248939375861123
105,0.4248614353852502
106,0.42482640548118433
107,0.42478854158442203
108,0.4247474859042867
109,0.42470281786158437
110,0.42465403969957854
111,0.424600557952018
112,0.4245416593077444
113,0.4244764787922675
114,0.4244039572560849
115,0.42432278373301824
116,0.4242313159976735
117,0.4241274690675186
118,0.4240085554921933
119,0.42387105125511426
120,0.4237102435296402
121,0.4235196844624895
122,0.4232903140208695
123,0.4230089922336953
124,0.4226559194308818
125,0.4221998225098595
126,0.4215882777756732
127,0.42072630317237
128,0.4194225317870685
129,0.4172268934465946
130,0.4127805138878703
131,0.39941779404207267
132,0.3208072245017385
133,0.24551219651948122
134,0.24442094386846044
135,0.2444145858825283
136,0.2444143358745416
137,0.24441413083231403
138,0.24441392735451414
139,0.24441372511562734
140,0.24441352410095768
141,0.2444133242989135
142,0.24441312569840928
143,0.24441292828867656
144,0.244412732059178
145,0.24441253699956178
146,0.2444123430996343
147,0.24441215034934374
148,0.24441195873877053
149,0.24441176825811833
150,0.2444115788977097
151,0.24441139064798206
152,0.2444112034994828
153,0.24441101744286894
154,0.2444108324689027
155,0.24441064856845038
156,0.24441046573248018
157,0.24441028395206096
158,0.24441010321835943
159,0.24440992352264004
160,0.2444097448562624
161,0.24440956721068025
162,0.24440939057744113
163,0.24440921494818257
164,0.24440904031463379
165,0.24440886666861192
166,0.2444086940020222
167,0.2444085223068565
168,0.2444083515751917
169,0.24440818179919013
170,0.24440801297109577
171,0.24440784508323582
172,0.24440767812801706
173,0.24440751209792794
174,0.24440734698553443
175,0.2444071827834811
176,0.24440701948448829
177,0.24440685708135398
178,0.2444066955669486
179,0.24440653493421927
180,0.24440637517618422
181,0.24440621628593306
182,0.24440605825662864
183,0.24440590108150262
184,0.24440574475385632
185,0.2444055892670594
186,0.2444054346145493
187,0.2444052807898304
188,0.244405127786472
189,0.24440497559810903
190,0.24440482421844176
191,0.24440467364123222
192,0.2444045238603066
193,0.2444043748695514
194,0.24440422666291614
195,0.244404079234409
196,0.24440393257809914
197,0.24440378668811374
198,0.24440364155863917
199,0.244403497183918
200,0.24440335355825046
201,0.24440321067599327
202,0.24440306853155694
203,0.24440292711940892
204,0.2444027864340694
205,0.244402646470112
206,0.24440250722216372
207,0.24440236868490345
208,0.2444022308530616
209,0.24440209372141997
210,0.24440195728481015
211,0.2444018215381134
212,0.2444016864762606
213,0.24440155209423103
214,0.24440141838705176
215,0.24440128534979827
216,0.2444011529775907
217,0.24440102126559857
218,0.2444008902090346
219,0.24440075980315798
220,0.24440063004327267
221,0.24440050092472643
222,0.2444003724429106
223,0.24440024459326018
224,0.2444001173712533
225,0.24439999077240898
226,0.24439986479228895
227,0.24439973942649554
228,0.24439961467067345
229,0.24439949052050516
230,0.24439936697171513
231,0.24439924402006588
232,0.24439912166136032
233,0.24439899989143749
234,0.24439887870617746
235,0.24439875810149594
236,0.2443986380733464
237,0.24439851861771927
238,0.24439839973064112
239,0.24439828140817477
240,0.2443981636464187
241,0.2443980464415061
242,0.24439792978960564
243,0.2443978136869198
244,0.24439769812968457
245,0.244397583114172
246,0.24439746863668463
247,0.2443973546935597
248,0.2443972412811662
249,0.2443971283959056
250,0.24439701603421096
251,0.24439690419254798
252,0.24439679286741142
253,0.24439668205532913
254,0.2443965717528577
255,0.24439646195658518
256,0.24439635266312862
257,0.24439624386913505
258,0.24439613557128015
259,0.2443960277662693
260,0.24439592045083608
261,0.2443958136217423
262,0.24439570727577709
263,0.24439560140975897
264,0.2443954960205324
265,0.24439539110496933
266,0.24439528665996824
267,0.24439518268245472
268,0.24439507916938075
269,0.24439497611772348
270,0.2443948735244856
271,0.24439477138669682
272,0.2443946697014104
273,0.24439456846570493
274,0.24439446767668485
275,0.24439436733147632
276,0.24439426742723244
277,0.24439416796112867
278,0.2443940689303647
279,0.24439397033216262
280,0.24439387216376926
281,0.24439377442245314
282,0.244393677105506
283,0.24439358021024193
284,0.24439348373399686
285,0.24439338767412921
286,0.2443932920280194
287,0.24439319679306828
288,0.2443931019666997
289,0.24439300754635718
290,0.2443929135295058
291,0.24439281991363077
292,0.24439272669623913
293,0.24439263387485646
294,0.24439254144702968
295,0.24439244941032487
296,0.24439235776232804
297,0.24439226650064555
298,0.24439217562290116
299,0.24439208512673924
300,0.2443919950098226
301,0.2443919052698328
302,0.24439181590446987
303,0.24439172691145195
304,0.24439163828851646
305,0.24439155003341728
306,0.24439146214392762
307,0.24439137461783636
308,0.244391287452952
309,0.24439120064709893
310,0.24439111419811912
311,0.2443910281038723
312,0.24439094236223324
313,0.24439085697109508
314,0.24439077192836606
315,0.24439068723197171
316,0.2443906028798532
317,0.24439051886996846
318,0.2443904352002901
319,0.2443903518688073
320,0.24439026887352458
321,0.244390186212462
322,0.2443901038836543
323,0.24439002188515224
324,0.24438994021502097
325,0.24438985887134007
326,0.2443897778522048
327,0.24438969715572492
328,0.24438961678002322
329,0.24438953672323796
330,0.24438945698352169
331,0.24438937755904042
332,0.24438929844797405
333,0.24438921964851676
334,0.24438914115887536
335,0.2443890629772716
336,0.2443889851019392
337,0.24438890753112613
338,0.24438883026309233
339,0.24438875329611248
340,0.24438867662847252
341,0.24438860025847214
342,0.24438852418442278
343,0.2443884484046498
344,0.24438837291748933
345,0.24438829772129123
346,0.24438822281441633
347,0.24438814819523944
348,0.24438807386214415
349,0.2443879998135292
350,0.24438792604780338
351,0.24438785256338763
352,0.24438777935871342
353,0.2443877064322259
354,0.244387633782379
355,0.24438756140763973
356,0.24438748930648502
357,0.2443874174774037
358,0.24438734591889502
359,0.24438727462946963
360,0.24438720360764823
361,0.24438713285196273
362,0.24438706236095487
363,0.24438699213317755
364,0.2443869221671941
365,0.24438685246157757
366,0.2443867830149118
367,0.24438671382578975
368,0.24438664489281572
369,0.24438657621460308
370,0.24438650778977458
371,0.24438643961696407
372,0.24438637169481392
373,0.24438630402197659
374,0.2443862365971138
375,0.24438616941889718
376,0.24438610248600656
377,0.24438603579713244
378,0.2443859693509738
379,0.24438590314623831
380,0.2443858371816435
381,0.24438577145591434
382,0.24438570596778716
383,0.24438564071600485
384,0.24438557569931996
385,0.24438551091649327
386,0.24438544636629442
387,0.24438538204750138
388,0.2443853179589012
389,0.2443852540992877
390,0.2443851904674651
391,0.2443851270622433
392,0.2443850638824424
393,0.24438500092689017
394,0.2443849381944214
395,0.24438487568387962
396,0.2443848133941167
397,0.24438475132399134
398,0.2443846894723696
399,0.2443846278381265
400,0.2443845664201437
401,0.24438450521731186
402,0.24438444422852668
403,0.24438438345269342
404,0.24438432288872336
405,0.24438426253553586
406,0.24438420239205716
407,0.24438414245722073
408,0.24438408272996756
409,0.2443840232092449
410,0.2443839638940076
411,0.24438390478321664
412,0.2443838458758414
413,0.2443837871708564
414,0.2443837286672441
