1,0.2572181339483224
2,0.2537336419692407
3,0.2537263761079625
4,0.2537193101975233
5,0.25371243780176495
6,0.25370575266179074
7,0.2536992487150269
8,0.25369292009210537
9,0.2536867611133682
10,0.25368076628505193
11,0.2536749302952204
12,0.25366924800948576
13,0.25366371446658015
14,0.253658324873804
15,0.25365307460239506
16,0.25364795918285155
17,0.25364297430022914
18,0.25363811578944456
19,0.25363337963059834
20,0.25362876194434053
21,0.2536242589872922
22,0.2536198671475334
23,0.25361558294017233
24,0.2536114030030001
25,0.253607324092243
26,0.25360334307841037
27,0.2535994569422545
28,0.25359566277083184
29,0.2535919577536776
30,0.2535883391790932
31,0.2535848044305447
32,0.25358135098317375
33,0.2535779764004223
34,0.2535746783307669
35,0.2535714545045648
36,0.25356830273100633
37,0.25356522089517536
38,0.2535622069552134
39,0.2535592589395856
40,0.2535563749444473
41,0.2535535531311051
42,0.25355079172357436
43,0.2535480890062288
44,0.25354544332153556
45,0.25354285306787994
46,0.2535403166974715
47,0.253537832714329
48,0.2535353996723495
49,0.2535330161734429
50,0.2535306808657478
51,0.25352839244191105
52,0.2535261496374378
53,0.2535239512291055
54,0.25352179603343816
55,0.25351968290524435
56,0.2535176107362096
57,0.2535155784535457
58,0.25351358501869214
59,0.25351162942607025
60,0.25350971070188427
61,0.253507827902973
62,0.2535059801157015
63,0.2535041664549014
64,0.2535023860628507
65,0.25350063810829127
66,0.2534989217854906
67,0.25349723631333404
68,0.25349558093445607
69,0.25349395491440396
70,0.25349235754083516
71,0.2534907881227458
72,0.25348924598972555
73,0.2534877304912466
74,0.25348624099597716
75,0.25348477689112087
76,0.2534833375817813
77,0.25348192249035467
78,0.25348053105593954
79,0.2534791627337737
80,0.25347781699469135
81,0.25347649332459804
82,0.25347519122397016
83,0.2534739102073676
84,0.25347264980297085
85,0.25347140955212916
86,0.2534701890089299
87,0.25346898773978327
88,0.25346780532301855
89,0.25346664134850067
90,0.2534654954172572
91,0.2534643671411212
92,0.25346325614238224
93,0.2534621620534584
94,0.2534610845165727
95,0.2534600231834431
96,0.25345897771498693
97,0.2534579477810312
98,0.2534569330600359
99,0.2534559332388268
100,0.25345494801233714
101,0.25345397708335804
102,0.2534530201623
103,0.2534520769669591
104,0.253451147222294
105,0.25345023066021033
106,0.25344932701935036
107,0.2534484360448944
108,0.25344755748836345
109,0.25344669110743295
110,0.2534458366657502
111,0.25344499393275993
112,0.25344416268353387
113,0.25344334269860774
114,0.25344253376382253
115,0.2534417356701712
116,0.25344094821365104
117,0.2534401711951201
118,0.25343940442015966
119,0.2534386476989393
120,0.2534379008460883
121,0.2534371636805695
122,0.25343643602555854
123,0.2534357177083268
124,0.25343500856012724
125,0.2534343084160843
126,0.2534336171150883
127,0.2534329344996919
128,0.2534322604160102
129,0.25343159471362414
130,0.25343093724548704
131,0.2534302878678332
132,0.25342964644009086
133,0.25342901282479746
134,0.2534283868875147
135,0.2534277684967518
136,0.2534271575238847
137,0.2534265538430835
138,0.2534259573312386
139,0.2534253678678887
140,0.2534247853351547
141,0.25342420961767076
142,0.25342364060252115
143,0.2534230781791779
144,0.2534225222394383
145,0.25342197267736793
146,0.2534214293892428
147,0.25342089227349224
148,0.2534203612306475
149,0.25341983616328756
150,0.25341931697598874
151,0.2534188035752761
152,0.25341829586957393
153,0.2534177937691606
154,0.2534172971861224
155,0.2534168060343098
156,0.25341632022929467
157,0.2534158396883293
158,0.2534153643303054
159,0.25341489407571466
160,0.25341442884661103
161,0.253413968566574
162,0.2534135131606715
163,0.2534130625554255
164,0.25341261667877824
165,0.2534121754600583
166,0.2534117388299485
167,0.253411306720455
168,0.2534108790648759
169,0.2534104557977729
170,0.2534100368549399
171,0.2534096221733782
172,0.25340921169126607
173,0.25340880534793336
174,0.2534084030838364
175,0.2534080048405306
176,0.2534076105606478
177,0.25340722018787054
178,0.25340683366691097
179,0.25340645094348535
180,0.25340607196429443
181,0.2534056966769995
182,0.25340532503020385
183,0.25340495697342974
184,0.25340459245710056
185,0.25340423143251967
186,0.2534038738518527
187,0.2534035196681081
188,0.2534031688351201
189,0.2534028213075298
190,0.2534024770407694
191,0.25340213599104405
192,0.25340179811531743
193,0.25340146337129327
194,0.2534011317174026
195,0.2534008031127869
196,0.2534004775172831
197,0.25340015489141027
198,0.2533998351963552
199,0.2533995183939587
200,0.25339920444670133
201,0.2533988933176917
202,0.25339858497065326
203,0.2533982793699109
204,0.25339797648037987
205,0.2533976762675546
206,0.2533973786974942
207,0.25339708373681413
208,0.2533967913526748
209,0.2533965015127682
210,0.2533962141853113
211,0.25339592933903177
212,0.2533956469431612
213,0.2533953669674226
214,0.2533950893820235
215,0.2533948141576437
216,0.25339454126542854
217,0.25339427067697806
218,0.25339400236433995
219,0.2533937363000001
220,0.25339347245687316
221,0.25339321080829663
222,0.25339295132802114
223,0.2533926939902037
224,0.2533924387693983
225,0.25339218564055116
226,0.25339193457899134
227,0.25339168556042374
228,0.2533914385609229
229,0.2533911935569258
230,0.25339095052522514
231,0.2533907094429628
232,0.253390470287623
233,0.25339023303702757
234,0.25338999766932707
235,0.25338976416299813
236,0.2533895324968343
237,0.25338930264994336
238,0.25338907460173904
239,0.25338884833193714
240,0.25338862382054966
241,0.25338840104787924
242,0.2533881799945151
243,0.2533879606413262
244,0.25338774296945726
245,0.25338752696032457
246,0.2533873125956102
247,0.25338709985725805
248,0.25338688872746806
249,0.25338667918869334
250,0.25338647122363483
251,0.25338626481523735
252,0.2533860599466856
253,0.2533858566013991
254,0.2533856547630295
255,0.2533854544154555
256,0.2533852555427797
257,0.2533850581293239
258,0.25338486215962747
259,0.25338466761844053
260,0.25338447449072377
261,0.25338428276164177
262,0.2533840924165624
263,0.25338390344105105
264,0.2533837158208691
265,0.2533835295419701
266,0.2533833445904964
267,0.2533831609527756
268,0.2533829786153188
269,0.2533827975648169
270,0.2533826177881372
271,0.2533824392723212
272,0.25338226200458125
273,0.2533820859722984
274,0.2533819111630201
275,0.2533817375644552
276,0.2533815651644744
277,0.253381393951105
278,0.2533812239125308
279,0.25338105503708763
280,0.25338088731326264
281,0.2533807207296897
282,0.25338055527515
283,0.25338039093856674
284,0.25338022770900537
285,0.25338006557566956
286,0.25337990452790066
287,0.2533797445551736
288,0.2533795856470973
289,0.2533794277934098
290,0.25337927098397905
291,0.25337911520879874
292,0.2533789604579874
293,0.2533788067217867
294,0.25337865399055837
295,0.2533785022547843
296,0.2533783515050627
297,0.2533782017321072
298,0.25337805292674614
299,0.25337790507991953
300,0.2533777581826768
301,0.2533776122261774
302,0.25337746720168697
303,0.25337732310057703
304,0.25337717991432285
305,0.2533770376345029
306,0.2533768962527951
307,0.2533767557609776
308,0.2533766161509271
309,0.2533764774146159
310,0.25337633954411115
311,0.2533762025315752
312,0.25337606636926147
313,0.2533759310495151
314,0.25337579656477016
315,0.25337566290755037
316,0.25337553007046576
317,0.253375398046212
318,0.25337526682757083
319,0.2533751364074058
320,0.25337500677866426
321,0.25337487793437363
322,0.25337474986764164
323,0.2533746225716558
324,0.25337449603968
325,0.2533743702650548
326,0.2533742452411981
327,0.2533741209616007
328,0.25337399741982736
329,0.25337387460951544
330,0.25337375252437405
331,0.2533736311581822
332,0.2533735105047889
333,0.25337339055811187
334,0.25337327131213583
335,0.253373152760913
336,0.25337303489856094
337,0.2533729177192619
338,0.2533728012172632
339,0.2533726853868735
340,0.25337257022246623
341,0.25337245571847433
342,0.25337234186939206
343,0.2533722286697738
344,0.2533721161142321
345,0.25337200419743927
346,0.2533718929141239
347,0.2533717822590715
348,0.253371672227124
349,0.25337156281317785
350,0.25337145401218436
351,0.2533713458191495
352,0.25337123822913077
353,0.25337113123723926
354,0.2533710248386373
355,0.2533709190285382
356,0.253370813802206
357,0.25337070915495413
358,0.25337060508214515
359,0.2533705015791902
360,0.25337039864154837
361,0.2533702962647261
362,0.2533701944442753
363,0.25337009317579556
364,0.2533699924549309
365,0.2533698922773705
366,0.2533697926388478
367,0.2533696935351396
368,0.25336959496206696
369,0.2533694969154922
370,0.2533693993913203
371,0.2533693023854987
372,0.2533692058940145
373,0.2533691099128961
374,0.2533690144382121
375,0.2533689194660697
376,0.25336882499261676
377,0.25336873101403795
378,0.2533686375265576
379,0.2533685445264363
380,0.25336845200997293
381,0.253368359973503
382,0.2533682684133969
383,0.2533681773260625
384,0.25336808670794225
385,0.2533679965555143
386,0.2533679068652901
387,0.25336781763381605
388,0.2533677288576725
389,0.25336764053347266
390,0.25336755265786226
391,0.25336746522752085
392,0.2533673782391589
393,0.2533672916895187
394,0.2533672055753745
395,0.2533671198935317
396,0.25336703464082555
397,0.25336694981412183
398,0.2533668654103162
399,0.2533667814263345
400,0.25336669785913096
401,0.2533666147056895
402,0.25336653196302195
403,0.253366449628168
404,0.2533663676981962
405,0.25336628617020196
406,0.2533662050413086
407,0.2533661243086657
408,0.2533660439694493
409,0.2533659640208628
410,0.2533658844601343
411,0.2533658052845187
412,0.25336572649129535
413,0.25336564807777007
414,0.2533655700412715
415,0.25336549237915507
416,0.2533654150887988
417,0.2533653381676053
418,0.25336526161300177
419,0.25336518542243713
420,0.25336510959338504
421,0.2533650341233407
422,0.25336495900982364
423,0.25336488425037473
424,0.25336480984255716
425,0.2533647357839562
426,0.25336466207217867
427,0.25336458870485323
428,0.25336451567962953
429,0.2533644429941778
430,0.25336437064618955
431,0.2533642986333766
432,0.253364226953471
433,0.25336415560422554
434,0.2533640845834114
435,0.2533640138888213
436,0.2533639435182658
437,0.25336387346957584
438,0.2533638037406001
439,0.25336373432920745
440,0.25336366523328413
441,0.25336359645073564
442,0.2533635279794855
443,0.2533634598174752
444,0.2533633919626638
445,0.25336332441302817
446,0.2533632571665628
447,0.25336319022127934
448,0.25336312357520624
449,0.2533630572263889
450,0.2533629911728901
451,0.25336292541278815
452,0.25336285994417823
453,0.25336279476517265
454,0.2533627298738971
455,0.25336266526849593
456,0.25336260094712815
457,0.2533625369079678
458,0.2533624731492048
459,0.25336240966904433
460,0.25336234646570605
461,0.2533622835374253
462,0.25336222088245186
463,0.2533621584990496
464,0.25336209638549767
465,0.2533620345400886
466,0.25336197296112983
467,0.25336191164694266
468,0.25336185059586197
469,0.2533617898062365
