1,0.2788095276203536
2,0.25236972143196873
3,0.25088500269271025
4,0.25102737207020553
5,0.25116260458110923
6,0.2512224879945261
7,0.251245664369715
8,0.2512542483804877
9,0.25125735090056284
10,0.2512584329210238
11,0.25125877507317684
12,0.25125884682280003
13,0.25125881954444496
14,0.25125875508628476
15,0.25125867095097787
16,0.48683644878701243
17,0.5278032486550285
18,0.5188023185708699
19,0.5021474413844711
20,0.46486728921650144
21,0.3733224148430817
22,0.27047659336748947
23,0.24802313004956975
24,0.24725216435955347
25,0.24754659630174985
26,0.24767433947817932
27,0.24771539503559295
28,0.24772778266351372
29,0.24773145713123773
30,0.24773254173449358
31,0.24773286142111559
32,0.24773295560897265
33,0.24773298335568059
34,0.24773299152925748
35,0.2477329939369894
36,0.24773299464624488
37,0.24773299485517303
38,0.24773299491671746
39,0.24773299493484716
40,0.2477329949401875
41,0.24773299494176063
42,0.24773299494222423
43,0.24773299494236073
44,0.24773299494240097
45,0.24773299494241285
46,0.24773299494241646
47,0.2477329949424172
48,0.24773299494241766
49,0.24773299494241777
50,0.24773299494241766
51,0.24773299494241774
52,0.24773299494241766
53,0.24773299494241768
54,0.24773299494241774
55,0.24773299494241774
56,0.24773299494241766
57,0.24773299494241774
58,0.24773299494241768
59,0.24773299494241768
60,0.24773299494241774
61,0.2477329949424177
62,0.24773299494241774
63,0.24773299494241768
64,0.24773299494241768
65,0.2477329949424177
66,0.24773299494241774
67,0.24773299494241768
68,0.24773299494241768
69,0.2477329949424177
70,0.24773299494241774
71,0.24773299494241768
72,0.24773299494241768
73,0.2477329949424177
74,0.24773299494241774
75,0.24773299494241768
76,0.24773299494241768
77,0.2477329949424177
78,0.24773299494241774
79,0.24773299494241768
80,0.24773299494241768
81,0.24773299494241766
82,0.24773299494241774
83,0.24773299494241768
84,0.24773299494241768
85,0.2477329949424177
86,0.24773299494241774
87,0.24773299494241768
88,0.24773299494241768
89,0.24773299494241766
90,0.24773299494241774
91,0.24773299494241768
92,0.24773299494241768
93,0.2477329949424177
94,0.24773299494241774
95,0.24773299494241768
96,0.24773299494241768
97,0.24773299494241766
98,0.24773299494241774
99,0.24773299494241768
100,0.24773299494241768
101,0.2477329949424177
102,0.24773299494241774
103,0.24773299494241768
104,0.24773299494241768
105,0.24773299494241766
106,0.24773299494241774
107,0.24773299494241768
108,0.24773299494241768
109,0.2477329949424177
110,0.24773299494241774
111,0.24773299494241768
112,0.24773299494241768
113,0.24773299494241766
114,0.24773299494241774
115,0.24773299494241768
116,0.24773299494241768
117,0.2477329949424177
118,0.24773299494241774
119,0.24773299494241768
120,0.24773299494241768
121,0.24773299494241766
122,0.24773299494241774
123,0.24773299494241768
124,0.24773299494241768
125,0.2477329949424177
126,0.24773299494241774
127,0.24773299494241768
128,0.24773299494241768
129,0.24773299494241766
130,0.24773299494241774
131,0.24773299494241768
132,0.24773299494241768
133,0.2477329949424177
134,0.24773299494241774
135,0.24773299494241768
136,0.24773299494241768
137,0.24773299494241766
138,0.24773299494241774
139,0.24773299494241768
140,0.24773299494241768
141,0.2477329949424177
142,0.24773299494241774
143,0.24773299494241768
144,0.24773299494241768
145,0.24773299494241766
146,0.24773299494241774
147,0.24773299494241768
148,0.24773299494241768
149,0.2477329949424177
150,0.24773299494241774
151,0.24773299494241768
152,0.24773299494241768
153,0.24773299494241766
154,0.24773299494241774
155,0.24773299494241768
156,0.24773299494241768
157,0.2477329949424177
158,0.24773299494241774
159,0.24773299494241768
160,0.24773299494241768
161,0.24773299494241766
162,0.24773299494241774
163,0.24773299494241768
164,0.24773299494241768
165,0.2477329949424177
166,0.24773299494241774
167,0.24773299494241768
168,0.24773299494241768
169,0.24773299494241766
170,0.24773299494241774
171,0.24773299494241768
172,0.24773299494241768
173,0.2477329949424177
174,0.24773299494241774
175,0.24773299494241768
176,0.24773299494241768
177,0.24773299494241766
178,0.24773299494241774
179,0.24773299494241768
180,0.24773299494241768
181,0.2477329949424177
182,0.24773299494241774
183,0.24773299494241768
184,0.24773299494241768
185,0.24773299494241766
186,0.24773299494241774
187,0.24773299494241768
188,0.24773299494241768
189,0.2477329949424177
190,0.24773299494241774
191,0.24773299494241768
192,0.24773299494241768
193,0.24773299494241766
194,0.24773299494241774
195,0.24773299494241768
196,0.24773299494241768
197,0.2477329949424177
198,0.24773299494241774
199,0.24773299494241768
200,0.24773299494241768
201,0.24773299494241766
202,0.24773299494241774
203,0.24773299494241768
204,0.24773299494241768
205,0.2477329949424177
206,0.24773299494241774
207,0.24773299494241768
208,0.24773299494241768
209,0.24773299494241766
210,0.24773299494241774
211,0.24773299494241768
212,0.24773299494241768
213,0.2477329949424177
214,0.24773299494241774
215,0.24773299494241768
216,0.24773299494241768
217,0.24773299494241766
218,0.24773299494241774
219,0.24773299494241768
220,0.24773299494241768
221,0.2477329949424177
222,0.24773299494241774
223,0.24773299494241768
224,0.24773299494241768
225,0.24773299494241766
226,0.24773299494241774
227,0.24773299494241768
228,0.24773299494241768
229,0.2477329949424177
230,0.24773299494241774
231,0.24773299494241768
232,0.24773299494241768
233,0.24773299494241766
234,0.24773299494241774
235,0.24773299494241768
236,0.24773299494241768
237,0.2477329949424177
238,0.24773299494241774
239,0.24773299494241768
240,0.24773299494241768
241,0.24773299494241766
242,0.24773299494241774
243,0.24773299494241768
244,0.24773299494241768
245,0.2477329949424177
246,0.24773299494241774
247,0.24773299494241768
248,0.24773299494241768
249,0.24773299494241766
250,0.24773299494241774
251,0.24773299494241768
252,0.24773299494241768
253,0.2477329949424177
254,0.24773299494241774
255,0.24773299494241768
256,0.24773299494241768
257,0.24773299494241766
258,0.24773299494241774
259,0.24773299494241768
260,0.24773299494241768
261,0.2477329949424177
262,0.24773299494241774
263,0.24773299494241768
264,0.24773299494241768
265,0.24773299494241766
266,0.24773299494241774
267,0.24773299494241768
268,0.24773299494241768
269,0.2477329949424177
270,0.24773299494241774
271,0.24773299494241768
272,0.24773299494241768
273,0.24773299494241766
274,0.24773299494241774
275,0.24773299494241768
276,0.24773299494241768
277,0.2477329949424177
278,0.24773299494241774
279,0.24773299494241768
280,0.24773299494241768
281,0.24773299494241766
282,0.24773299494241774
283,0.24773299494241768
284,0.24773299494241768
285,0.2477329949424177
286,0.24773299494241774
287,0.24773299494241768
288,0.24773299494241768
289,0.24773299494241766
290,0.24773299494241774
291,0.24773299494241768
292,0.24773299494241768
293,0.2477329949424177
294,0.24773299494241774
295,0.24773299494241768
296,0.24773299494241768
297,0.24773299494241766
298,0.24773299494241774
299,0.24773299494241768
300,0.24773299494241768
301,0.2477329949424177
302,0.24773299494241774
303,0.24773299494241768
304,0.24773299494241768
305,0.24773299494241766
306,0.24773299494241774
307,0.24773299494241768
308,0.24773299494241768
309,0.2477329949424177
310,0.24773299494241774
311,0.24773299494241768
312,0.24773299494241768
313,0.24773299494241766
314,0.24773299494241774
315,0.24773299494241768
316,0.24773299494241768
317,0.2477329949424177
318,0.24773299494241774
319,0.24773299494241768
320,0.24773299494241768
321,0.24773299494241766
322,0.24773299494241774
323,0.24773299494241768
324,0.24773299494241768
325,0.2477329949424177
326,0.24773299494241774
327,0.24773299494241768
328,0.24773299494241768
329,0.24773299494241766
330,0.24773299494241774
331,0.24773299494241768
332,0.24773299494241768
333,0.2477329949424177
334,0.24773299494241774
335,0.24773299494241768
336,0.24773299494241768
337,0.24773299494241766
338,0.24773299494241774
339,0.24773299494241768
340,0.24773299494241768
341,0.2477329949424177
342,0.24773299494241774
343,0.24773299494241768
344,0.24773299494241768
345,0.24773299494241766
346,0.24773299494241774
347,0.24773299494241768
348,0.24773299494241768
349,0.2477329949424177
350,0.24773299494241774
351,0.24773299494241768
352,0.24773299494241768
353,0.24773299494241766
354,0.24773299494241774
355,0.24773299494241768
356,0.24773299494241768
357,0.2477329949424177
358,0.24773299494241774
359,0.24773299494241768
360,0.24773299494241768
361,0.24773299494241766
362,0.24773299494241774
363,0.24773299494241768
364,0.24773299494241768
365,0.2477329949424177
366,0.24773299494241774
367,0.24773299494241768
368,0.24773299494241768
369,0.24773299494241766
370,0.24773299494241774
371,0.24773299494241768
372,0.24773299494241768
373,0.2477329949424177
374,0.24773299494241774
375,0.24773299494241768
376,0.24773299494241768
377,0.24773299494241766
378,0.24773299494241774
379,0.24773299494241768
380,0.24773299494241768
381,0.2477329949424177
382,0.24773299494241774
383,0.24773299494241768
384,0.24773299494241768
385,0.24773299494241766
386,0.24773299494241774
387,0.24773299494241768
388,0.24773299494241768
389,0.2477329949424177
390,0.24773299494241774
391,0.24773299494241768
392,0.24773299494241768
393,0.24773299494241766
394,0.24773299494241774
395,0.24773299494241768
396,0.24773299494241768
397,0.2477329949424177
398,0.24773299494241774
399,0.24773299494241768
400,0.24773299494241768
401,0.24773299494241766
402,0.24773299494241774
403,0.24773299494241768
404,0.24773299494241768
405,0.2477329949424177
406,0.24773299494241774
407,0.24773299494241768
408,0.24773299494241768
409,0.24773299494241766
410,0.24773299494241774
411,0.24773299494241768
412,0.24773299494241768
413,0.2477329949424177
