1,0.42661572356860605
2,0.4244979889610672
3,0.4215382678699965
4,0.4169184818777089
5,0.40884922018546904
6,0.39211781418003094
7,0.3497996331288428
8,0.27631430146030866
9,0.24867501618490132
10,0.2467327758809244
11,0.2466109566150731
12,0.24659709808956223
13,0.2465951109592852
14,0.24659481331870173
15,0.24659476843061473
16,0.24659476165386218
17,0.2465947606306156
18,0.24659476047610854
19,0.246594760452778
20,0.24659476044925477
21,0.246594760448723
22,0.2465947604486429
23,0.24659476044863027
24,0.24659476044862877
25,0.24659476044862827
26,0.24659476044862852
27,0.24659476044862855
28,0.24659476044862855
29,0.24659476044862855
30,0.2465947604486285
31,0.24659476044862855
32,0.24659476044862855
33,0.2465947604486285
34,0.24659476044862855
35,0.24659476044862855
36,0.2465947604486285
37,0.24659476044862855
38,0.24659476044862855
39,0.2465947604486285
40,0.24659476044862855
41,0.24659476044862855
42,0.2465947604486285
43,0.24659476044862855
44,0.24659476044862855
45,0.2465947604486285
46,0.24659476044862855
47,0.24659476044862855
48,0.2465947604486285
49,0.24659476044862855
50,0.24659476044862855
51,0.2465947604486285
52,0.24659476044862855
53,0.24659476044862855
54,0.2465947604486285
55,0.24659476044862855
56,0.24659476044862855
57,0.2465947604486285
58,0.24659476044862855
59,0.24659476044862855
60,0.2465947604486285
61,0.24659476044862855
62,0.24659476044862855
63,0.2465947604486285
64,0.24659476044862855
65,0.24659476044862855
66,0.2465947604486285
67,0.24659476044862855
68,0.24659476044862855
69,0.2465947604486285
70,0.24659476044862855
71,0.24659476044862855
72,0.2465947604486285
73,0.24659476044862855
74,0.24659476044862855
75,0.2465947604486285
76,0.24659476044862855
77,0.24659476044862855
78,0.2465947604486285
79,0.24659476044862855
80,0.24659476044862855
81,0.2465947604486285
82,0.24659476044862855
83,0.24659476044862855
84,0.2465947604486285
85,0.24659476044862855
86,0.24659476044862855
87,0.2465947604486285
88,0.24659476044862855
89,0.24659476044862855
90,0.2465947604486285
91,0.24659476044862855
92,0.24659476044862855
93,0.2465947604486285
94,0.24659476044862855
95,0.24659476044862855
96,0.2465947604486285
97,0.24659476044862855
98,0.24659476044862855
99,0.2465947604486285
100,0.24659476044862855
101,0.24659476044862855
102,0.2465947604486285
103,0.24659476044862855
104,0.24659476044862855
105,0.2465947604486285
106,0.24659476044862855
107,0.24659476044862855
108,0.2465947604486285
109,0.24659476044862855
110,0.24659476044862855
111,0.2465947604486285
112,0.24659476044862855
113,0.24659476044862855
114,0.2465947604486285
115,0.24659476044862855
116,0.24659476044862855
117,0.2465947604486285
118,0.24659476044862855
119,0.24659476044862855
120,0.2465947604486285
121,0.24659476044862855
122,0.24659476044862855
123,0.2465947604486285
124,0.24659476044862855
125,0.24659476044862855
126,0.2465947604486285
127,0.24659476044862855
128,0.24659476044862855
129,0.2465947604486285
130,0.24659476044862855
131,0.24659476044862855
132,0.2465947604486285
133,0.24659476044862855
134,0.24659476044862855
135,0.2465947604486285
136,0.24659476044862855
137,0.24659476044862855
138,0.2465947604486285
139,0.24659476044862855
140,0.24659476044862855
141,0.2465947604486285
142,0.24659476044862855
143,0.24659476044862855
144,0.2465947604486285
145,0.24659476044862855
146,0.24659476044862855
147,0.2465947604486285
148,0.24659476044862855
149,0.24659476044862855
150,0.2465947604486285
151,0.24659476044862855
152,0.24659476044862855
153,0.2465947604486285
154,0.24659476044862855
155,0.24659476044862855
156,0.2465947604486285
157,0.24659476044862855
158,0.24659476044862855
159,0.2465947604486285
160,0.24659476044862855
161,0.24659476044862855
162,0.2465947604486285
163,0.24659476044862855
164,0.24659476044862855
165,0.2465947604486285
166,0.24659476044862855
167,0.24659476044862855
168,0.2465947604486285
169,0.24659476044862855
170,0.24659476044862855
171,0.2465947604486285
172,0.24659476044862855
173,0.24659476044862855
174,0.2465947604486285
175,0.24659476044862855
176,0.24659476044862855
177,0.2465947604486285
178,0.24659476044862855
179,0.24659476044862855
