1,0.2806898867480086
2,0.24793109034699498
3,0.24793165916909654
4,0.24793166084605772
5,0.24793166085064267
6,0.2479316608506551
7,0.24793166085065507
8,0.247931660850655
9,0.247931660850655
10,0.247931660850655
11,0.247931660850655
12,0.247931660850655
13,0.247931660850655
14,0.247931660850655
15,0.247931660850655
16,0.247931660850655
17,0.247931660850655
18,0.247931660850655
19,0.247931660850655
20,0.247931660850655
21,0.247931660850655
22,0.247931660850655
23,0.247931660850655
24,0.247931660850655
25,0.247931660850655
26,0.247931660850655
27,0.247931660850655
28,0.247931660850655
29,0.247931660850655
30,0.247931660850655
31,0.247931660850655
32,0.247931660850655
33,0.247931660850655
34,0.247931660850655
35,0.247931660850655
36,0.247931660850655
37,0.247931660850655
38,0.247931660850655
39,0.247931660850655
40,0.247931660850655
41,0.247931660850655
42,0.247931660850655
43,0.247931660850655
44,0.247931660850655
45,0.247931660850655
46,0.247931660850655
47,0.247931660850655
48,0.247931660850655
49,0.247931660850655
50,0.247931660850655
51,0.247931660850655
52,0.247931660850655
53,0.247931660850655
54,0.247931660850655
55,0.247931660850655
56,0.247931660850655
57,0.247931660850655
58,0.247931660850655
59,0.247931660850655
60,0.247931660850655
61,0.247931660850655
62,0.247931660850655
63,0.247931660850655
64,0.247931660850655
65,0.247931660850655
66,0.247931660850655
67,0.247931660850655
68,0.247931660850655
69,0.247931660850655
70,0.247931660850655
71,0.247931660850655
72,0.247931660850655
73,0.247931660850655
74,0.247931660850655
75,0.247931660850655
76,0.247931660850655
77,0.247931660850655
78,0.247931660850655
79,0.247931660850655
80,0.247931660850655
81,0.247931660850655
82,0.247931660850655
83,0.247931660850655
84,0.247931660850655
85,0.247931660850655
86,0.247931660850655
87,0.247931660850655
88,0.247931660850655
89,0.247931660850655
90,0.247931660850655
91,0.247931660850655
92,0.247931660850655
93,0.247931660850655
94,0.247931660850655
95,0.247931660850655
96,0.247931660850655
97,0.247931660850655
98,0.247931660850655
99,0.247931660850655
100,0.247931660850655
101,0.247931660850655
102,0.247931660850655
103,0.247931660850655
104,0.247931660850655
105,0.247931660850655
106,0.247931660850655
107,0.247931660850655
108,0.247931660850655
109,0.247931660850655
110,0.247931660850655
111,0.247931660850655
112,0.247931660850655
113,0.247931660850655
114,0.247931660850655
115,0.247931660850655
116,0.247931660850655
117,0.247931660850655
118,0.247931660850655
119,0.247931660850655
120,0.247931660850655
121,0.247931660850655
122,0.247931660850655
123,0.247931660850655
124,0.247931660850655
125,0.247931660850655
126,0.247931660850655
127,0.247931660850655
128,0.247931660850655
129,0.247931660850655
130,0.247931660850655
131,0.247931660850655
132,0.247931660850655
133,0.247931660850655
134,0.247931660850655
135,0.247931660850655
136,0.247931660850655
137,0.247931660850655
138,0.247931660850655
139,0.247931660850655
140,0.247931660850655
141,0.247931660850655
142,0.247931660850655
143,0.247931660850655
144,0.247931660850655
145,0.247931660850655
146,0.247931660850655
147,0.247931660850655
148,0.247931660850655
149,0.247931660850655
150,0.247931660850655
151,0.247931660850655
152,0.247931660850655
153,0.247931660850655
154,0.247931660850655
155,0.247931660850655
156,0.247931660850655
157,0.247931660850655
158,0.247931660850655
159,0.247931660850655
160,0.247931660850655
161,0.247931660850655
162,0.247931660850655
163,0.247931660850655
164,0.247931660850655
165,0.247931660850655
166,0.247931660850655
167,0.247931660850655
168,0.247931660850655
169,0.247931660850655
170,0.247931660850655
171,0.247931660850655
172,0.247931660850655
173,0.247931660850655
174,0.247931660850655
175,0.247931660850655
176,0.247931660850655
177,0.247931660850655
178,0.247931660850655
179,0.247931660850655
180,0.247931660850655
181,0.247931660850655
182,0.247931660850655
183,0.247931660850655
184,0.247931660850655
185,0.247931660850655
186,0.247931660850655
187,0.247931660850655
188,0.247931660850655
189,0.247931660850655
190,0.247931660850655
191,0.247931660850655
192,0.247931660850655
193,0.247931660850655
194,0.247931660850655
195,0.247931660850655
196,0.247931660850655
197,0.247931660850655
198,0.247931660850655
199,0.247931660850655
200,0.247931660850655
201,0.247931660850655
202,0.247931660850655
203,0.247931660850655
204,0.247931660850655
205,0.247931660850655
206,0.247931660850655
207,0.247931660850655
208,0.247931660850655
209,0.247931660850655
210,0.247931660850655
211,0.247931660850655
212,0.247931660850655
213,0.247931660850655
214,0.247931660850655
215,0.247931660850655
216,0.247931660850655
217,0.247931660850655
218,0.247931660850655
219,0.247931660850655
220,0.247931660850655
221,0.247931660850655
222,0.247931660850655
223,0.247931660850655
224,0.247931660850655
225,0.247931660850655
226,0.247931660850655
227,0.247931660850655
228,0.247931660850655
229,0.247931660850655
230,0.247931660850655
231,0.247931660850655
232,0.247931660850655
233,0.247931660850655
234,0.247931660850655
235,0.247931660850655
236,0.247931660850655
237,0.247931660850655
238,0.247931660850655
239,0.247931660850655
240,0.247931660850655
241,0.247931660850655
242,0.247931660850655
243,0.247931660850655
244,0.247931660850655
245,0.247931660850655
246,0.247931660850655
247,0.247931660850655
248,0.247931660850655
249,0.247931660850655
250,0.247931660850655
251,0.247931660850655
252,0.247931660850655
253,0.247931660850655
254,0.247931660850655
255,0.247931660850655
256,0.247931660850655
257,0.247931660850655
258,0.247931660850655
259,0.247931660850655
260,0.247931660850655
261,0.247931660850655
262,0.247931660850655
263,0.247931660850655
264,0.247931660850655
265,0.247931660850655
266,0.247931660850655
267,0.247931660850655
268,0.247931660850655
269,0.247931660850655
270,0.247931660850655
271,0.247931660850655
272,0.247931660850655
273,0.247931660850655
274,0.247931660850655
275,0.247931660850655
276,0.247931660850655
277,0.247931660850655
278,0.247931660850655
279,0.247931660850655
280,0.247931660850655
281,0.247931660850655
282,0.247931660850655
283,0.247931660850655
284,0.247931660850655
285,0.247931660850655
286,0.247931660850655
287,0.247931660850655
288,0.247931660850655
289,0.247931660850655
290,0.247931660850655
291,0.247931660850655
292,0.247931660850655
293,0.247931660850655
294,0.247931660850655
295,0.247931660850655
296,0.247931660850655
297,0.247931660850655
298,0.247931660850655
299,0.247931660850655
300,0.247931660850655
301,0.247931660850655
302,0.247931660850655
303,0.247931660850655
304,0.247931660850655
305,0.247931660850655
306,0.247931660850655
307,0.247931660850655
308,0.247931660850655
309,0.247931660850655
310,0.247931660850655
311,0.247931660850655
312,0.247931660850655
313,0.247931660850655
314,0.247931660850655
315,0.247931660850655
316,0.247931660850655
317,0.247931660850655
318,0.247931660850655
319,0.247931660850655
320,0.247931660850655
321,0.247931660850655
322,0.247931660850655
323,0.247931660850655
324,0.247931660850655
325,0.247931660850655
326,0.247931660850655
327,0.247931660850655
328,0.247931660850655
329,0.247931660850655
330,0.247931660850655
331,0.247931660850655
332,0.247931660850655
333,0.247931660850655
334,0.247931660850655
335,0.247931660850655
336,0.247931660850655
337,0.247931660850655
338,0.247931660850655
339,0.247931660850655
340,0.247931660850655
341,0.247931660850655
342,0.247931660850655
343,0.247931660850655
344,0.247931660850655
345,0.247931660850655
346,0.247931660850655
347,0.247931660850655
348,0.247931660850655
349,0.247931660850655
350,0.247931660850655
351,0.247931660850655
352,0.247931660850655
353,0.247931660850655
354,0.247931660850655
355,0.247931660850655
356,0.247931660850655
357,0.247931660850655
358,0.247931660850655
359,0.247931660850655
360,0.247931660850655
361,0.247931660850655
362,0.247931660850655
363,0.247931660850655
364,0.247931660850655
365,0.247931660850655
366,0.247931660850655
367,0.247931660850655
368,0.247931660850655
369,0.247931660850655
370,0.247931660850655
371,0.247931660850655
372,0.247931660850655
373,0.247931660850655
374,0.247931660850655
375,0.247931660850655
376,0.247931660850655
377,0.247931660850655
378,0.247931660850655
379,0.247931660850655
380,0.247931660850655
381,0.247931660850655
382,0.247931660850655
383,0.247931660850655
384,0.247931660850655
385,0.247931660850655
386,0.247931660850655
387,0.247931660850655
388,0.247931660850655
389,0.247931660850655
390,0.247931660850655
391,0.247931660850655
392,0.247931660850655
393,0.247931660850655
394,0.247931660850655
395,0.247931660850655
396,0.247931660850655
397,0.247931660850655
398,0.247931660850655
399,0.247931660850655
400,0.247931660850655
401,0.247931660850655
402,0.247931660850655
403,0.247931660850655
404,0.247931660850655
405,0.247931660850655
406,0.247931660850655
407,0.247931660850655
408,0.247931660850655
409,0.247931660850655
410,0.247931660850655
411,0.247931660850655
412,0.247931660850655
413,0.247931660850655
414,0.247931660850655
415,0.247931660850655
416,0.247931660850655
417,0.247931660850655
418,0.247931660850655
419,0.247931660850655
420,0.247931660850655
421,0.247931660850655
422,0.247931660850655
423,0.247931660850655
424,0.247931660850655
425,0.247931660850655
426,0.247931660850655
427,0.247931660850655
428,0.247931660850655
429,0.247931660850655
430,0.247931660850655
431,0.247931660850655
432,0.247931660850655
433,0.247931660850655
434,0.247931660850655
435,0.247931660850655
436,0.247931660850655
437,0.247931660850655
438,0.247931660850655
439,0.247931660850655
440,0.247931660850655
441,0.247931660850655
442,0.247931660850655
443,0.247931660850655
444,0.247931660850655
445,0.247931660850655
446,0.247931660850655
447,0.247931660850655
448,0.247931660850655
449,0.247931660850655
450,0.247931660850655
451,0.247931660850655
452,0.247931660850655
453,0.247931660850655
454,0.247931660850655
455,0.247931660850655
456,0.247931660850655
457,0.247931660850655
458,0.247931660850655
459,0.247931660850655
460,0.247931660850655
461,0.247931660850655
462,0.247931660850655
463,0.247931660850655
464,0.247931660850655
465,0.247931660850655
466,0.247931660850655
467,0.247931660850655
468,0.247931660850655
469,0.247931660850655
470,0.247931660850655
471,0.247931660850655
472,0.247931660850655
473,0.247931660850655
474,0.247931660850655
475,0.247931660850655
476,0.247931660850655
477,0.247931660850655
478,0.247931660850655
479,0.247931660850655
480,0.247931660850655
481,0.247931660850655
482,0.247931660850655
483,0.247931660850655
484,0.247931660850655
485,0.247931660850655
486,0.247931660850655
487,0.247931660850655
488,0.247931660850655
489,0.247931660850655
490,0.247931660850655
491,0.247931660850655
492,0.247931660850655
493,0.247931660850655
494,0.247931660850655
495,0.247931660850655
496,0.247931660850655
497,0.247931660850655
498,0.247931660850655
499,0.247931660850655
500,0.247931660850655
501,0.247931660850655
502,0.247931660850655
503,0.247931660850655
504,0.247931660850655
505,0.247931660850655
506,0.247931660850655
507,0.247931660850655
508,0.247931660850655
509,0.247931660850655
510,0.247931660850655
511,0.247931660850655
512,0.247931660850655
513,0.247931660850655
514,0.247931660850655
515,0.247931660850655
516,0.247931660850655
517,0.247931660850655
518,0.247931660850655
519,0.247931660850655
520,0.247931660850655
521,0.247931660850655
522,0.247931660850655
523,0.247931660850655
524,0.247931660850655
525,0.247931660850655
526,0.247931660850655
527,0.247931660850655
528,0.247931660850655
529,0.247931660850655
530,0.247931660850655
531,0.247931660850655
532,0.247931660850655
533,0.247931660850655
534,0.247931660850655
535,0.247931660850655
536,0.247931660850655
537,0.247931660850655
538,0.247931660850655
539,0.247931660850655
540,0.247931660850655
541,0.247931660850655
542,0.247931660850655
543,0.247931660850655
544,0.247931660850655
545,0.247931660850655
546,0.247931660850655
547,0.247931660850655
548,0.247931660850655
549,0.247931660850655
550,0.247931660850655
551,0.247931660850655
552,0.247931660850655
553,0.247931660850655
554,0.247931660850655
555,0.247931660850655
556,0.247931660850655
557,0.247931660850655
558,0.247931660850655
559,0.247931660850655
560,0.247931660850655
561,0.247931660850655
562,0.247931660850655
563,0.247931660850655
564,0.247931660850655
565,0.247931660850655
566,0.247931660850655
567,0.247931660850655
568,0.247931660850655
569,0.247931660850655
570,0.247931660850655
571,0.247931660850655
572,0.247931660850655
573,0.247931660850655
574,0.247931660850655
575,0.247931660850655
576,0.247931660850655
577,0.247931660850655
578,0.247931660850655
579,0.247931660850655
580,0.247931660850655
581,0.247931660850655
582,0.247931660850655
583,0.247931660850655
584,0.247931660850655
585,0.247931660850655
586,0.247931660850655
587,0.247931660850655
588,0.247931660850655
589,0.247931660850655
590,0.247931660850655
591,0.247931660850655
592,0.247931660850655
593,0.247931660850655
594,0.247931660850655
595,0.247931660850655
596,0.247931660850655
597,0.247931660850655
598,0.247931660850655
599,0.247931660850655
600,0.247931660850655
601,0.247931660850655
602,0.247931660850655
603,0.247931660850655
604,0.247931660850655
605,0.247931660850655
606,0.247931660850655
607,0.247931660850655
608,0.247931660850655
609,0.247931660850655
610,0.247931660850655
611,0.247931660850655
612,0.247931660850655
613,0.247931660850655
614,0.247931660850655
615,0.247931660850655
616,0.247931660850655
617,0.247931660850655
618,0.247931660850655
619,0.247931660850655
620,0.247931660850655
621,0.247931660850655
622,0.247931660850655
623,0.247931660850655
624,0.247931660850655
625,0.247931660850655
626,0.247931660850655
627,0.247931660850655
628,0.247931660850655
629,0.247931660850655
630,0.247931660850655
631,0.247931660850655
632,0.247931660850655
633,0.247931660850655
634,0.247931660850655
635,0.247931660850655
636,0.247931660850655
637,0.247931660850655
638,0.247931660850655
639,0.247931660850655
640,0.247931660850655
641,0.247931660850655
642,0.247931660850655
643,0.247931660850655
644,0.247931660850655
645,0.247931660850655
646,0.247931660850655
647,0.247931660850655
648,0.247931660850655
649,0.247931660850655
650,0.247931660850655
651,0.247931660850655
652,0.247931660850655
653,0.247931660850655
654,0.247931660850655
655,0.247931660850655
656,0.247931660850655
657,0.247931660850655
658,0.247931660850655
659,0.247931660850655
660,0.247931660850655
661,0.247931660850655
662,0.247931660850655
663,0.247931660850655
664,0.247931660850655
665,0.247931660850655
666,0.247931660850655
667,0.247931660850655
668,0.247931660850655
669,0.247931660850655
670,0.247931660850655
671,0.247931660850655
672,0.247931660850655
673,0.247931660850655
674,0.247931660850655
675,0.247931660850655
676,0.247931660850655
677,0.247931660850655
678,0.247931660850655
679,0.247931660850655
680,0.247931660850655
681,0.247931660850655
682,0.247931660850655
683,0.247931660850655
684,0.247931660850655
685,0.247931660850655
686,0.247931660850655
687,0.247931660850655
688,0.247931660850655
689,0.247931660850655
690,0.247931660850655
691,0.247931660850655
692,0.247931660850655
693,0.247931660850655
694,0.247931660850655
695,0.247931660850655
696,0.247931660850655
697,0.247931660850655
