1,0.2693764214198512
2,0.24859909447851147
3,0.24857974125169546
4,0.24857973193158397
5,0.24857973034662445
6,0.24857972876550438
7,0.24857972718509375
8,0.24857972560539243
9,0.24857972402639844
10,0.24857972244811266
11,0.24857972087053393
12,0.248579719293662
13,0.24857971771749598
14,0.2485797161420359
15,0.24857971456728084
16,0.24857971299323095
17,0.2485797114198856
18,0.24857970984724334
19,0.24857970827530518
20,0.24857970670406954
21,0.24857970513353658
22,0.24857970356370568
23,0.24857970199457607
24,0.24857970042614816
25,0.24857969885842018
26,0.24857969729139265
27,0.24857969572506475
28,0.248579694159436
29,0.24857969259450632
30,0.2485796910302743
31,0.24857968946674083
32,0.24857968790390428
33,0.24857968634176475
34,0.24857968478032183
35,0.24857968321957474
36,0.24857968165952285
37,0.2485796801001669
38,0.24857967854150467
39,0.2485796769835371
40,0.248579675426263
41,0.2485796738696822
42,0.24857967231379427
43,0.2485796707585985
44,0.24857966920409452
45,0.24857966765028205
46,0.24857966609716056
47,0.24857966454472966
48,0.24857966299298856
49,0.2485796614419371
50,0.24857965989157477
51,0.24857965834190124
52,0.24857965679291577
53,0.24857965524461828
54,0.24857965369700774
55,0.2485796521500844
56,0.24857965060384712
57,0.24857964905829605
58,0.2485796475134306
59,0.24857964596924997
60,0.2485796444257539
61,0.24857964288294193
62,0.24857964134081378
63,0.2485796397993691
64,0.24857963825860704
65,0.2485796367185272
66,0.24857963517912934
67,0.2485796336404128
68,0.24857963210237732
69,0.24857963056502266
70,0.2485796290283479
71,0.24857962749235282
72,0.24857962595703698
73,0.2485796244223998
74,0.24857962288844102
75,0.24857962135516035
76,0.24857961982255689
77,0.24857961829063047
78,0.24857961675938053
79,0.2485796152288065
80,0.24857961369890855
81,0.24857961216968574
82,0.24857961064113748
83,0.24857960911326346
84,0.24857960758606398
85,0.24857960605953733
86,0.24857960453368408
87,0.24857960300850301
88,0.2485796014839943
89,0.24857959996015713
90,0.24857959843699146
91,0.24857959691449646
92,0.24857959539267188
93,0.2485795938715172
94,0.24857959235103197
95,0.24857959083121586
96,0.24857958931206847
97,0.2485795877935891
98,0.24857958627577761
99,0.24857958475863334
100,0.24857958324215607
101,0.2485795817263451
102,0.24857958021120038
103,0.2485795786967211
104,0.24857957718290674
105,0.24857957566975716
106,0.24857957415727222
107,0.24857957264545089
108,0.24857957113429277
109,0.2485795696237977
110,0.24857956811396525
111,0.2485795666047951
112,0.24857956509628645
113,0.24857956358843894
114,0.24857956208125265
115,0.24857956057472644
116,0.2485795590688602
117,0.24857955756365363
118,0.24857955605910603
119,0.24857955455521735
120,0.2485795530519864
121,0.2485795515494138
122,0.24857955004749832
123,0.24857954854623993
124,0.24857954704563828
125,0.24857954554569242
126,0.24857954404640237
127,0.24857954254776735
128,0.24857954104978774
129,0.2485795395524618
130,0.24857953805579017
131,0.24857953655977214
132,0.24857953506440736
133,0.24857953356969523
134,0.2485795320756357
135,0.24857953058222762
136,0.24857952908947098
137,0.24857952759736532
138,0.2485795261059105
139,0.24857952461510585
140,0.24857952312495096
141,0.24857952163544544
142,0.24857952014658866
143,0.24857951865838063
144,0.24857951717082036
145,0.24857951568390807
146,0.24857951419764265
147,0.2485795127120244
148,0.24857951122705263
149,0.248579509742727
150,0.24857950825904668
151,0.24857950677601134
152,0.24857950529362086
153,0.24857950381187485
154,0.24857950233077256
155,0.24857950085031397
156,0.24857949937049822
157,0.2485794978913253
158,0.24857949641279464
159,0.2485794949349058
160,0.24857949345765834
161,0.24857949198105192
162,0.2485794905050862
163,0.24857948902976065
164,0.248579487555075
165,0.24857948608102845
166,0.2485794846076206
167,0.24857948313485187
168,0.24857948166272112
169,0.24857948019122778
170,0.24857947872037234
171,0.24857947725015314
172,0.2485794757805707
173,0.2485794743116247
174,0.24857947284331375
175,0.24857947137563838
176,0.24857946990859767
177,0.24857946844219198
178,0.2485794669764198
179,0.24857946551128127
180,0.24857946404677622
181,0.24857946258290395
182,0.2485794611196639
183,0.2485794596570559
184,0.24857945819507982
185,0.24857945673373466
186,0.24857945527302022
187,0.24857945381293636
188,0.24857945235348247
189,0.24857945089465808
190,0.24857944943646287
191,0.24857944797889633
192,0.24857944652195832
193,0.24857944506564844
194,0.24857944360996562
195,0.24857944215491037
196,0.2485794407004821
197,0.24857943924667997
198,0.2485794377935036
199,0.24857943634095292
200,0.24857943488902748
201,0.248579433437727
202,0.24857943198705065
203,0.24857943053699819
204,0.2485794290875695
205,0.24857942763876378
206,0.2485794261905812
207,0.24857942474302064
208,0.24857942329608215
209,0.24857942184976545
210,0.2485794204040696
211,0.2485794189589948
212,0.2485794175145405
213,0.24857941607070563
214,0.24857941462749106
215,0.24857941318489526
216,0.24857941174291845
217,0.24857941030155994
218,0.24857940886081942
219,0.24857940742069679
220,0.24857940598119124
221,0.24857940454230273
222,0.2485794031040305
223,0.24857940166637438
224,0.24857940022933409
225,0.24857939879290875
226,0.2485793973570983
227,0.2485793959219028
228,0.2485793944873212
229,0.24857939305335336
230,0.24857939161999854
231,0.248579390187257
232,0.24857938875512772
233,0.24857938732361085
234,0.24857938589270565
235,0.24857938446241212
236,0.24857938303272917
237,0.24857938160365692
238,0.24857938017519496
239,0.2485793787473429
240,0.24857937732010044
241,0.2485793758934666
242,0.24857937446744174
243,0.24857937304202504
244,0.24857937161721652
245,0.24857937019301526
246,0.24857936876942122
247,0.2485793673464339
248,0.24857936592405314
249,0.24857936450227816
250,0.24857936308110892
251,0.24857936166054478
252,0.24857936024058577
253,0.24857935882123072
254,0.24857935740248008
255,0.248579355984333
256,0.24857935456678937
257,0.2485793531498487
258,0.24857935173351037
259,0.24857935031777464
260,0.24857934890264005
261,0.24857934748810714
262,0.24857934607417534
263,0.24857934466084392
264,0.24857934324811323
265,0.24857934183598218
266,0.2485793404244508
267,0.24857933901351836
268,0.2485793376031847
269,0.2485793361934497
270,0.24857933478431243
271,0.24857933337577306
272,0.24857933196783072
273,0.24857933056048542
274,0.24857932915373615
275,0.2485793277475834
276,0.24857932634202615
277,0.248579324937065
278,0.24857932353269807
279,0.24857932212892608
280,0.24857932072574823
281,0.24857931932316432
282,0.2485793179211739
283,0.24857931651977666
284,0.24857931511897208
285,0.2485793137187599
286,0.24857931231914004
287,0.2485793109201115
288,0.2485793095216743
289,0.24857930812382803
290,0.24857930672657225
291,0.24857930532990702
292,0.24857930393383104
293,0.24857930253834476
294,0.24857930114344742
295,0.24857929974913898
296,0.24857929835541875
297,0.24857929696228612
298,0.24857929556974132
299,0.24857929417778388
300,0.24857929278641322
301,0.248579291395629
302,0.24857929000543097
303,0.2485792886158186
304,0.24857928722679157
305,0.2485792858383498
306,0.24857928445049232
307,0.2485792830632192
308,0.24857928167653026
309,0.24857928029042448
310,0.248579278904902
311,0.24857927751996234
312,0.24857927613560518
313,0.24857927475183006
314,0.24857927336863692
315,0.24857927198602492
316,0.24857927060399387
317,0.2485792692225438
318,0.24857926784167372
319,0.24857926646138354
320,0.24857926508167308
321,0.2485792637025417
322,0.24857926232398914
323,0.24857926094601518
324,0.2485792595686193
325,0.24857925819180104
326,0.2485792568155602
327,0.2485792554398966
328,0.24857925406480938
329,0.24857925269029846
330,0.2485792513163638
331,0.2485792499430045
332,0.24857924857022048
333,0.24857924719801144
334,0.24857924582637697
335,0.24857924445531643
336,0.2485792430848299
337,0.24857924171491688
338,0.2485792403455766
339,0.24857923897680942
340,0.24857923760861467
341,0.24857923624099182
342,0.24857923487394062
343,0.2485792335074606
344,0.24857923214155161
345,0.24857923077621313
346,0.2485792294114452
347,0.24857922804724694
348,0.24857922668361848
349,0.24857922532055918
350,0.24857922395806883
351,0.24857922259614657
352,0.24857922123479262
353,0.24857921987400655
354,0.248579218513788
355,0.24857921715413625
356,0.24857921579505135
357,0.248579214436533
358,0.2485792130785804
359,0.24857921172119368
360,0.24857921036437228
361,0.24857920900811578
362,0.24857920765242397
363,0.24857920629729646
364,0.24857920494273295
365,0.24857920358873287
366,0.24857920223529603
367,0.24857920088242214
368,0.24857919953011107
369,0.24857919817836194
370,0.2485791968271747
371,0.2485791954765489
372,0.24857919412648427
373,0.24857919277698032
374,0.24857919142803703
375,0.24857919007965384
376,0.2485791887318303
377,0.24857918738456652
378,0.24857918603786164
379,0.24857918469171553
380,0.24857918334612758
381,0.24857918200109777
382,0.2485791806566258
383,0.24857917931271123
384,0.24857917796935347
385,0.24857917662655257
386,0.24857917528430773
387,0.24857917394261916
388,0.2485791726014863
389,0.2485791712609087
390,0.24857916992088594
391,0.24857916858141796
392,0.2485791672425042
393,0.24857916590414417
394,0.248579164566338
395,0.2485791632290851
396,0.24857916189238505
397,0.2485791605562378
398,0.2485791592206425
399,0.2485791578855989
400,0.24857915655110732
401,0.24857915521716709
402,0.24857915388377752
403,0.2485791525509386
404,0.24857915121864949
405,0.24857914988691077
406,0.24857914855572122
407,0.24857914722508107
408,0.24857914589498986
409,0.24857914456544677
410,0.2485791432364527
411,0.24857914190800562
412,0.24857914058010663
413,0.2485791392527545
414,0.24857913792594943
415,0.2485791365996908
416,0.24857913527397826
417,0.248579133948812
418,0.24857913262419082
419,0.2485791313001149
420,0.24857912997658413
421,0.24857912865359746
