1,0.2511111304109984
2,0.246103298296365
3,0.2461017179917967
4,0.24610170670973455
5,0.24610170660079922
6,0.2461017065974769
7,0.24610170659582487
8,0.24610170659459604
9,0.2461017065936372
10,0.24610170659286315
11,0.24610170659222286
12,0.24610170659168085
13,0.24610170659121566
14,0.24610170659080932
15,0.24610170659045094
16,0.24610170659013078
17,0.2461017065898427
18,0.24610170658958094
19,0.24610170658934133
20,0.246101706589121
21,0.24610170658891595
22,0.24610170658872538
23,0.24610170658854777
24,0.24610170658838035
25,0.24610170658822203
26,0.2461017065880724
27,0.24610170658792965
28,0.24610170658779457
29,0.24610170658766498
30,0.2461017065875406
31,0.24610170658742114
32,0.24610170658730607
33,0.2461017065871948
34,0.24610170658708744
35,0.2461017065869836
36,0.24610170658688268
37,0.24610170658678443
38,0.2461017065866888
39,0.24610170658659564
40,0.2461017065865046
41,0.2461017065864158
42,0.2461017065863288
43,0.2461017065862436
44,0.24610170658616018
45,0.24610170658607836
46,0.24610170658599786
47,0.24610170658591854
48,0.24610170658584074
49,0.2461017065857641
50,0.24610170658568858
51,0.24610170658561434
52,0.24610170658554112
53,0.24610170658546818
54,0.24610170658539687
55,0.24610170658532612
56,0.24610170658525587
57,0.24610170658518682
58,0.24610170658511862
59,0.24610170658505065
60,0.24610170658498343
61,0.24610170658491687
62,0.24610170658485117
63,0.24610170658478533
64,0.24610170658472075
65,0.2461017065846567
66,0.24610170658459296
67,0.2461017065845296
68,0.24610170658446678
69,0.2461017065844044
70,0.24610170658434208
71,0.24610170658428057
72,0.24610170658421915
73,0.24610170658415845
74,0.24610170658409738
75,0.24610170658403777
76,0.24610170658397781
77,0.2461017065839176
78,0.24610170658385858
79,0.24610170658379985
80,0.24610170658374064
81,0.24610170658368208
82,0.24610170658362412
83,0.24610170658356614
84,0.2461017065835083
85,0.24610170658345087
86,0.24610170658339356
87,0.24610170658333624
88,0.24610170658327987
89,0.2461017065832229
90,0.24610170658316607
91,0.24610170658311023
92,0.24610170658305378
93,0.24610170658299774
94,0.2461017065829422
95,0.24610170658288633
96,0.246101706582831
97,0.246101706582776
98,0.24610170658272057
99,0.24610170658266567
100,0.24610170658261113
101,0.24610170658255617
102,0.2461017065825014
103,0.24610170658244696
104,0.24610170658239267
105,0.2461017065823384
106,0.24610170658228428
107,0.2461017065822303
108,0.24610170658217598
109,0.2461017065821227
110,0.24610170658206926
111,0.24610170658201538
112,0.24610170658196168
113,0.2461017065819083
114,0.24610170658185482
115,0.24610170658180183
116,0.24610170658174907
117,0.24610170658169628
118,0.2461017065816433
119,0.24610170658159028
120,0.24610170658153735
121,0.2461017065814849
122,0.24610170658143196
123,0.24610170658137973
124,0.2461017065813273
125,0.24610170658127498
126,0.24610170658122235
127,0.24610170658117045
128,0.24610170658111835
129,0.24610170658106598
130,0.24610170658101405
131,0.24610170658096225
132,0.24610170658091027
133,0.2461017065808583
134,0.24610170658080663
135,0.24610170658075542
136,0.24610170658070318
137,0.24610170658065178
138,0.24610170658060013
139,0.24610170658054856
140,0.24610170658049665
141,0.2461017065804455
142,0.24610170658039415
143,0.24610170658034317
144,0.24610170658029187
145,0.2461017065802404
146,0.2461017065801894
147,0.2461017065801381
148,0.24610170658008715
149,0.24610170658003594
150,0.24610170657998504
151,0.24610170657993394
152,0.24610170657988303
153,0.24610170657983224
154,0.24610170657978137
155,0.24610170657973057
156,0.2461017065796796
157,0.24610170657962907
158,0.24610170657957842
159,0.24610170657952746
160,0.24610170657947728
161,0.24610170657942637
162,0.246101706579376
163,0.24610170657932548
164,0.24610170657927508
165,0.24610170657922437
166,0.24610170657917405
167,0.24610170657912353
168,0.24610170657907293
169,0.24610170657902292
170,0.24610170657897315
171,0.24610170657892216
172,0.2461017065788719
173,0.24610170657882213
174,0.24610170657877192
175,0.24610170657872157
176,0.2461017065786713
177,0.24610170657862124
178,0.24610170657857136
179,0.24610170657852148
