1,0.5197399475583331
2,0.29994495641131447
3,0.2562990488680012
4,0.25621380941773564
5,0.2561393041608547
6,0.2560622857915545
7,0.2559827059317927
8,0.2559005293914844
9,0.25581573037944594
10,0.2557282940093038
11,0.25563821787875407
12,0.25554551369485834
13,0.25545020891262826
14,0.25535234834618853
15,0.25525199570382173
16,0.25514923499064796
17,0.25504417171618665
18,0.2549369338393888
19,0.2548276723816024
20,0.254716561639223
21,0.2546037989331512
22,0.25448960384215047
23,0.2543742168820085
24,0.25425789761188294
25,0.2541409221726812
26,0.25402358028868594
27,0.2539061717912117
28,0.25378900274994354
29,0.25367238132154835
30,0.2535566134440926
31,0.25344199851785704
32,0.25332882521710653
33,0.25321736757259683
34,0.2531078814514108
35,0.25300060154010456
36,0.2528957389108785
37,0.252793479220741
38,0.25269398156281286
39,0.25259737795932313
40,0.2525037734595056
41,0.2524132467839828
42,0.25232585144125713
43,0.25224161723194266
44,0.25216055205210736
45,0.25208264390795676
46,0.25200786305913203
47,0.2519361642160322
48,0.25186748872679304
49,0.25180176670076565
50,0.2517389190267922
51,0.251678859255522
52,0.25162149532502365
53,0.25156673111770544
54,0.2515144678439097
55,0.2514646052534795
56,0.25141704268116993
57,0.2513716799351016
58,0.251328418039729
59,0.25128715984612465
60,0.2512478105230324
61,0.25121027794216516
62,0.2511744729708787
63,0.25114030968464734
64,0.25110770551091843
65,0.2510765813149117
66,0.25104686143690075
67,0.2510184736894499
68,0.25099134932208217
69,0.2509654229598718
70,0.2509406325215847
71,0.2509169191221543
72,0.25089422696357244
73,0.2508725032175973
74,0.2508516979031364
75,0.25083176376063665
76,0.25081265612539655
77,0.2507943328013428
78,0.2507767539364895
79,0.2507598819010394
80,0.2507436811688546
81,0.2507281182028394
82,0.25071316134462396
83,0.2506987807088018
84,0.25068494808188213
85,0.25067163682601684
86,0.25065882178751364
87,0.250646479210076
88,0.2506345866526804
89,0.250623122911967
90,0.2506120679489921
91,0.250601402820184
92,0.2505911096123206
93,0.25058117138135005
94,0.25057157209486947
95,0.2505622965780712
96,0.25055333046298184
97,0.25054466014080096
98,0.2505362727171797
99,0.2505281559702532
100,0.2505202983112796
101,0.25051268874771665
102,0.25050531684859406
103,0.2504981727120417
104,0.2504912469348302
105,0.2504845305838117
106,0.25047801516912394
107,0.25047169261906127
108,0.25046555525649444
109,0.2504595957767456
110,0.2504538072268259
111,0.25044818298593974
112,0.2504427167471861
113,0.25043740250036955
114,0.25043223451585406
115,0.2504272073293913
116,0.25042231572786117
117,0.25041755473586413
118,0.250412919603113
119,0.25040840579257145
120,0.250404008969292
121,0.2503997249899076
122,0.25039554989273743
123,0.2503914798884667
124,0.25038751135136433
125,0.2503836408110049
126,0.25037986494446146
127,0.25037618056894434
128,0.2503725846348533
129,0.2503690742192192
130,0.2503656465195137
131,0.25036229884779876
132,0.25035902862520104
133,0.25035583337668943
134,0.2503527107261346
135,0.25034965839163764
136,0.2503466741811092
137,0.2503437559880861
138,0.2503409017877692
139,0.2503381096332699
140,0.2503353776520561
141,0.2503327040425804
142,0.25033008707108617
143,0.2503275250685758
144,0.2503250164279348
145,0.2503225596012029
146,0.25032015309698286
147,0.2503177954779799
148,0.2503154853586617
149,0.2503132214030382
150,0.2503110023225479
151,0.2503088268740501
152,0.2503066938579121
153,0.25030460211619254
154,0.2503025505309086
155,0.2503005380223899
156,0.2502985635477059
157,0.25029662609917336
158,0.2502947247029279
159,0.25029285841756665
160,0.25029102633285255
161,0.25028922756847627
162,0.2502874612728794
163,0.2502857266221266
164,0.2502840228188315
165,0.25028234909112995
166,0.2502807046916996
167,0.25027908889682376
168,0.2502775010054937
169,0.2502759403385549
170,0.25027440623788655
171,0.25027289806561936
172,0.2502714152033856
173,0.2502699570516014
174,0.25026852302878166
175,0.2502671125708803
176,0.25026572513066175
177,0.25026436017709797
178,0.25026301719478905
179,0.25026169568340983
180,0.2502603951571771
181,0.2502591151443422
182,0.2502578551866993
183,0.2502566148391195
184,0.2502553936690968
185,0.2502541912563195
186,0.2502530071922534
187,0.2502518410797435
188,0.250250692532631
189,0.2502495611753861
190,0.25024844664275375
191,0.2502473485794149
192,0.25024626663965854
193,0.25024520048706833
194,0.25024414979422016
195,0.25024311424239093
196,0.25024209352127996
197,0.25024108732873873
198,0.25024009537051134
199,0.250239117359986
200,0.2502381530179534
201,0.25023720207237604
202,0.2502362642581656
203,0.25023533931696473
204,0.25023442699694487
205,0.2502335270526021
206,0.25023263924456635
207,0.2502317633394154
208,0.2502308991094955
209,0.25023004633274926
210,0.2502292047925472
211,0.2502283742775279
212,0.2502275545814427
213,0.25022674550300467
214,0.25022594684574384
215,0.25022515841786896
216,0.2502243800321295
217,0.25022361150568695
218,0.2502228526599881
219,0.25022210332064315
220,0.250221363317307
221,0.25022063248356646
222,0.2502199106568288
223,0.2502191976782156
224,0.2502184933924601
225,0.2502177976478068
226,0.2502171102959143
227,0.25021643119176357
228,0.2502157601935657
229,0.25021509716267526
230,0.25021444196350556
231,0.25021379446344655
232,0.25021315453278403
233,0.25021252204462463
234,0.2502118968748201
235,0.25021127890189515
236,0.25021066800697683
237,0.25021006407372703
238,0.2502094669882783
239,0.250208876639166
240,0.25020829291727065
241,0.250207715715756
242,0.2502071449300098
243,0.2502065804575896
244,0.2502060221981658
245,0.25020547005347044
246,0.250204923927244
247,0.25020438372518594
248,0.2502038493549064
249,0.25020332072587853
250,0.2502027977493931
251,0.25020228033851283
252,0.2502017684080311
253,0.250201261874429
254,0.2502007606558333
255,0.2502002646719787
256,0.2501997738441694
257,0.2501992880952393
258,0.2501988073495188
259,0.2501983315327967
260,0.25019786057228766
261,0.25019739439659755
262,0.2501969329356925
263,0.2501964761208656
264,0.2501960238847066
265,0.25019557616107324
266,0.25019513288506023
267,0.2501946939929723
268,0.2501942594222967
269,0.25019382911167554
270,0.2501934030008798
271,0.25019298103078524
272,0.2501925631433456
273,0.2501921492815704
274,0.25019173938949985
275,0.2501913334121844
276,0.25019093129565945
277,0.25019053298692634
278,0.2501901384339292
279,0.25018974758553625
280,0.25018936039151846
281,0.2501889768025305
282,0.25018859677009136
283,0.25018822024656706
284,0.2501878471851509
285,0.25018747753984616
286,0.2501871112654509
287,0.25018674831753857
288,0.250186388652443
289,0.2501860322272422
290,0.25018567899974353
291,0.25018532892846707
292,0.25018498197263245
293,0.2501846380921438
294,0.25018429724757446
295,0.25018395940015603
296,0.2501836245117618
297,0.25018329254489624
298,0.2501829634626811
299,0.25018263722884315
300,0.250182313807701
301,0.2501819931641556
302,0.2501816752636765
303,0.2501813600722911
304,0.2501810475565746
305,0.2501807376836372
306,0.25018043042111604
307,0.2501801257371628
308,0.25017982360043484
309,0.2501795239800845
310,0.25017922684575056
311,0.25017893216754833
312,0.2501786399160599
313,0.25017835006232625
314,0.2501780625778377
315,0.25017777743452574
316,0.25017749460475447
317,0.25017721406131255
318,0.2501769357774053
319,0.25017665972664654
320,0.250176385883051
321,0.25017611422102776
322,0.2501758447153711
323,0.25017557734125495
324,0.2501753120742257
325,0.2501750488901944
326,0.2501747877654311
327,0.25017452867655726
328,0.25017427160054106
329,0.250174016514689
330,0.2501737633966415
331,0.2501735122243658
332,0.2501732629761504
333,0.25017301563059974
334,0.25017277016662826
335,0.25017252656345423
336,0.2501722848005958
337,0.25017204485786426
338,0.2501718067153599
339,0.2501715703534663
340,0.2501713357528454
341,0.25017110289443345
342,0.25017087175943575
343,0.2501706423293207
344,0.25017041458581746
345,0.2501701885109103
346,0.2501699640868346
347,0.2501697412960716
348,0.2501695201213457
349,0.25016930054561926
350,0.2501690825520884
351,0.2501688661241802
352,0.2501686512455482
353,0.250168437900068
354,0.25016822607183425
355,0.25016801574515724
356,0.2501678069045583
357,0.25016759953476736
358,0.25016739362071877
359,0.2501671891475482
360,0.2501669861005898
361,0.250166784465372
362,0.25016658422761495
363,0.2501663853732277
364,0.25016618788830364
365,0.2501659917591198
366,0.2501657969721323
367,0.25016560351397366
368,0.25016541137145015
369,0.2501652205315392
370,0.25016503098138654
371,0.2501648427083034
372,0.2501646556997642
373,0.25016446994340347
374,0.25016428542701336
375,0.25016410213854195
376,0.25016392006609073
377,0.25016373919790996
378,0.25016355952240044
379,0.250163381028107
380,0.25016320370371914
381,0.25016302753806796
382,0.2501628525201229
383,0.2501626786389918
384,0.2501625058839157
385,0.25016233424427126
386,0.2501621637095637
387,0.25016199426942803
388,0.25016182591362723
389,0.25016165863204776
390,0.25016149241470037
391,0.2501613272517173
392,0.25016116313334963
393,0.25016100004996666
394,0.2501608379920539
395,0.25016067695021066
396,0.25016051691514957
397,0.2501603578776934
398,0.25016019982877474
399,0.25016004275943415
400,0.25015988666081784
401,0.25015973152417686
402,0.2501595773408649
403,0.2501594241023383
404,0.2501592718001528
405,0.2501591204259623
406,0.2501589699715192
407,0.25015882042867066
408,0.25015867178935897
409,0.2501585240456191
410,0.25015837718957873
411,0.2501582312134549
412,0.25015808610955453
413,0.2501579418702723
414,0.25015779848808994
415,0.2501576559555742
416,0.2501575142653767
417,0.2501573734102316
418,0.2501572333829556
419,0.250157094176446
420,0.2501569557836794
421,0.25015681819771207
422,0.25015668141167646
423,0.2501565454187829
424,0.25015641021231627
