1,0.5491886769426985
2,0.5491861206762885
3,0.5491851894874992
4,0.5491842322939435
5,0.5491832479909653
6,0.5491822354104414
7,0.5491811933161679
8,0.5491801203988205
9,0.5491790152704721
10,0.5491778764585984
11,0.5491767023995412
12,0.5491754914313411
13,0.549174241785891
14,0.549172951580329
15,0.5491716188075688
16,0.5491702413258895
17,0.5491688168474497
18,0.5491673429256139
19,0.549165816940931
20,0.5491642360856058
21,0.5491625973462553
22,0.5491608974847513
23,0.5491591330168629
24,0.5491573001884305
25,0.5491553949487084
26,0.5491534129204874
27,0.5491513493665329
28,0.5491491991517954
29,0.5491469567007584
30,0.5491446159491777
31,0.5491421702893369
32,0.5491396125077709
33,0.5491369347142337
34,0.5491341282604184
35,0.5491311836466899
36,0.5491280904146929
37,0.5491248370232793
38,0.5491214107046632
39,0.5491177972970275
40,0.5491139810489225
41,0.5491099443898151
42,0.54910566765969
43,0.5491011287889553
44,0.5490963029176378
45,0.5490911619400154
46,0.5490856739570653
47,0.5490798026141952
48,0.5490735062952177
49,0.5490667371347827
50,0.5490594397997023
51,0.5490515499735291
52,0.549042992456498
53,0.5490336787619121
54,0.5490235040460877
55,0.5490123431458108
56,0.5490000454052023
57,0.5489864278373237
58,0.5489712659596279
59,0.5489542813245455
60,0.5489351242657272
61,0.5489133495716925
62,0.5488883814558494
63,0.548859461892239
64,0.548825572306739
65,0.5487853110784209
66,0.5487366947231782
67,0.5486768208228172
68,0.5486012657245888
69,0.5485029364456203
70,0.5483696959385914
71,0.5481788965423986
72,0.5478827968094246
73,0.5473600778330326
74,0.5461797810876352
75,0.5403134181139082
76,0.3089707159539103
77,0.2580014270070527
78,0.25791510524314437
79,0.2578294130810367
80,0.257744623594431
81,0.2576609981477827
82,0.25757878192700917
83,0.25749820022944075
84,0.2574194554626922
85,0.2573427249326736
86,0.25726815945205533
87,0.2571958827537807
88,0.25712599165357436
89,0.25705855687356693
90,0.2569936244175543
91,0.2569312173771602
92,0.256871338046353
93,0.2568139702277431
94,0.2567590816258172
95,0.2567066262376543
96,0.2566565466688436
97,0.25660877631962514
98,0.25656324140260156
99,0.2565198627678465
100,0.2564785575234958
101,0.2564392404497624
102,0.2564018252118583
103,0.256366225382732
104,0.2563323552901381
105,0.25630013070464364
106,0.2562694693860987
107,0.2562402915060988
108,0.2562125199633368
109,0.256186080607689
110,0.25616090238752914
111,0.2561369174333241
112,0.2561140610890626
113,0.25609227190159745
114,0.25607149157660836
115,0.2560516649086093
116,0.25603273969126916
117,0.25601466661328715
118,0.2559973991441599
119,0.2559808934133932
120,0.25596510808603934
121,0.25595000423686565
122,0.2559355452249757
123,0.25592169657029773
124,0.25590842583302803
125,0.25589570249682
126,0.255883497856302
127,0.2558717849093103
128,0.2558605382540805
129,0.25584973399151917
130,0.25583934963258664
131,0.25582936401075074
132,0.2558197571994103
133,0.2558105104341544
134,0.2558016060396868
135,0.25579302736122644
136,0.255784758700181
137,0.25577678525388664
138,0.25576909305919626
139,0.25576166893970825
140,0.25575450045642056
141,0.2557475758616148
142,0.2557408840557621
143,0.2557344145472713
144,0.25572815741488897
145,0.25572210327259093
146,0.2557162432367842
147,0.25571056889568666
148,0.25570507228072115
149,0.25569974583979627
150,0.2556945824123465
151,0.25568957520600627
152,0.25568471777481305
153,0.2556800039988281
154,0.2556754280650804
155,0.25567098444974706
156,0.2556666679014758
157,0.2556624734257807
158,0.2556583962704295
159,0.2556544319117633
160,0.25565057604187447
161,0.2556468245565944
162,0.25564317354422916
163,0.25563961927499596
164,0.25563615819111063
165,0.25563278689748553
166,0.25562950215299185
167,0.25562630086225635
168,0.25562318006794776
169,0.25562013694353
170,0.2556171687864418
171,0.2556142730116843
172,0.255611447145783
173,0.25560868882110105
174,0.2556059957704869
175,0.2556033658222255
176,0.2556007968952817
177,0.25559828699481246
178,0.25559583420793414
179,0.25559343669972645
180,0.255591092709458
181,0.2555888005470244
182,0.25558655858957824
183,0.25558436527834616
184,0.2555822191156177
185,0.2555801186618956
186,0.25557806253320053
187,0.25557604939851797
188,0.2555740779773802
189,0.25557214703757536
190,0.2555702553929775
191,0.2555684019014847
192,0.2555665854630692
193,0.25556480501792095
194,0.2555630595446924
195,0.2555613480588246
196,0.255559669610963
197,0.2555580232854484
198,0.25555640819888514
199,0.255554823498777
200,0.2555532683622329
201,0.2555517419947315
202,0.25555024362894924
203,0.25554877252364194
204,0.2555473279625805
205,0.255545909253536
206,0.25554451572731435
207,0.25554314673683437
208,0.25554180165624885
209,0.25554047988010714
210,0.2555391808225543
211,0.2555379039165675
212,0.25553664861322917
213,0.25553541438102834
214,0.2555342007051969
215,0.25553300708707377
216,0.2555318330434974
217,0.2555306781062247
218,0.2555295418213755
219,0.25552842374890156
220,0.255527323462077
221,0.25552624054701156
222,0.25552517460218593
223,0.2555241252380025
224,0.2555230920763605
225,0.2555220747502441
226,0.2555210729033313
227,0.2555200861896142
228,0.2555191142730425
229,0.25551815682717344
230,0.25551721353483964
231,0.2555162840878333
232,0.25551536818659554
233,0.2555144655399263
234,0.25551357586469964
235,0.2555126988855929
236,0.2555118343348277
237,0.25551098195191724
238,0.25551014148342754
239,0.25550931268274485
240,0.2555084953098542
241,0.25550768913112315
242,0.2555068939190989
243,0.25550610945230734
244,0.2555053355150642
245,0.25550457189729014
246,0.25550381839433417
247,0.25550307480680495
248,0.2555023409404035
249,0.25550161660576903
250,0.2555009016183221
251,0.25550019579812255
252,0.2554994989697242
253,0.25549881096204047
254,0.2554981316082115
255,0.2554974607454778
256,0.25549679821505805
257,0.2554961438620295
258,0.2554954975352153
259,0.25549485908707387
260,0.2554942283735921
261,0.2554936052541824
262,0.2554929895915852
263,0.2554923812517712
264,0.255491780103849
265,0.25549118601997645
266,0.25549059887527376
267,0.25549001854773923
268,0.2554894449181699
269,0.2554888778700819
270,0.255488317289635
271,0.2554877630655593
272,0.2554872150890865
273,0.2554866732538778
274,0.25548613745596077
275,0.2554856075936638
276,0.2554850835675538
277,0.25548456528037594
278,0.2554840526369964
279,0.25548354554434527
280,0.25548304391136084
281,0.25548254764893935
282,0.25548205666988044
283,0.25548157088883966
284,0.2554810902222795
285,0.2554806145884222
286,0.25548014390720514
287,0.2554796781002368
288,0.25547921709075333
289,0.2554787608035779
290,0.25547830916508135
291,0.2554778621031406
292,0.2554774195471045
293,0.25547698142775344
294,0.2554765476772672
295,0.2554761182291881
296,0.25547569301838774
297,0.2554752719810357
298,0.25547485505456624
299,0.2554744421776488
300,0.2554740332901577
301,0.2554736283331427
302,0.255473227248802
303,0.2554728299804537
304,0.25547243647250917
305,0.2554720466704485
306,0.255471660520794
307,0.255471277971086
308,0.25547089896985903
309,0.25547052346662047
310,0.2554701514118243
311,0.2554697827568529
312,0.2554694174539945
313,0.25546905545642096
314,0.25546869671817
315,0.2554683411941242
316,0.25546798883999233
317,0.25546763961229035
318,0.25546729346832403
319,0.25546695036617106
320,0.2554666102646633
321,0.25546627312337067
322,0.25546593890258534
323,0.25546560756330483
324,0.25546527906721717
325,0.2554649533766861
326,0.25546463045473616
327,0.25546431026503774
328,0.2554639927718944
329,0.25546367794022845
330,0.25546336573556855
331,0.2554630561240356
332,0.2554627490723311
333,0.25546244454772526
334,0.25546214251804306
335,0.2554618429516562
336,0.2554615458174676
337,0.2554612510849036
338,0.255460958723901
339,0.2554606687048978
340,0.25546038099882273
341,0.2554600955770846
342,0.2554598124115633
343,0.25545953147459904
344,0.2554592527389852
345,0.25545897617795654
346,0.25545870176518204
347,0.25545842947475633
348,0.25545815928119003
349,0.2554578911594025
350,0.25545762508471326
351,0.2554573610328346
352,0.25545709897986296
353,0.25545683890227244
354,0.255456580776907
355,0.2554563245809727
356,0.25545607029203177
357,0.25545581788799493
358,0.25545556734711583
359,0.25545531864798204
360,0.2554550717695117
361,0.25545482669094516
362,0.2554545833918397
363,0.25545434185206356
364,0.25545410205178903
365,0.2554538639714894
366,0.2554536275919297
367,0.255453392894164
368,0.25545315985952954
369,0.2554529284696404
370,0.25545269870638365
371,0.25545247055191384
372,0.2554522439886477
373,0.25545201899926034
374,0.25545179556667946
375,0.2554515736740815
376,0.2554513533048871
377,0.25545113444275647
378,0.25545091707158546
379,0.2554507011755002
380,0.2554504867388551
381,0.25545027374622653
382,0.25545006218241084
383,0.2554498520324189
384,0.2554496432814732
385,0.25544943591500424
386,0.25544922991864627
387,0.25544902527823454
388,0.2554488219798012
389,0.25544862000957175
390,0.2554484193539627
391,0.2554482199995766
392,0.25544802193320115
393,0.25544782514180425
394,0.25544762961253104
395,0.25544743533270203
396,0.25544724228980864
397,0.2554470504715122
398,0.2554468598656389
399,0.25544667046017905
400,0.2554464822432825
401,0.25544629520325846
402,0.2554461093285697
403,0.25544592460783244
404,0.2554457410298131
405,0.25544555858342544
406,0.2554453772577279
407,0.25544519704192387
408,0.255445017925355
409,0.2554448398975027
410,0.25544466294798357
411,0.2554444870665486
412,0.2554443122430801
413,0.25544413846759007
414,0.25544396573021855
415,0.2554437940212303
416,0.25544362333101406
417,0.25544345365008
418,0.2554432849690578
419,0.25544311727869534
420,0.255442950569856
421,0.2554427848335167
422,0.25544262006076845
423,0.2554424562428112
424,0.25544229337095453
