1,0.5441680888184757
2,0.2811356333561424
3,0.24814455834355192
4,0.24814377497778273
5,0.24814297535059107
6,0.2481421601029603
7,0.24814132878426895
8,0.24814048092676008
9,0.24813961604473111
10,0.24813873363368363
11,0.2481378331694199
12,0.24813691410709215
13,0.248135975880197
14,0.24813501789950915
15,0.24813403955195276
16,0.24813304019940932
17,0.2481320191774525
18,0.24813097579400636
19,0.2481299093279241
20,0.2481288190274777
21,0.2481277041087586
22,0.24812656375397302
23,0.2481253971096369
24,0.24812420328465057
25,0.2481229813482551
26,0.24812173032785378
27,0.2481204492066946
28,0.2481191369213979
29,0.2481177923593213
30,0.24811641435575074
31,0.24811500169089704
32,0.2481135530866927
33,0.24811206720336595
34,0.24811054263577614
35,0.24810897790949654
36,0.24810737147661285
37,0.24810572171122883
38,0.24810402690464517
39,0.2481022852601843
40,0.24810049488763994
41,0.24809865379731147
42,0.24809675989359198
43,0.24809481096807195
44,0.24809280469211528
45,0.2480907386088633
46,0.24808861012461625
47,0.24808641649953767
48,0.2480841548376204
49,0.2480818220758482
50,0.2480794149724851
51,0.24807693009440235
52,0.2480743638033683
53,0.24807171224119373
54,0.24806897131363448
55,0.24806613667293131
56,0.2480632036988597
57,0.24806016747814974
58,0.24805702278211847
59,0.24805376404235172
60,0.24805038532423626
61,0.24804688029815145
62,0.24804324220808235
63,0.24803946383741513
64,0.24803553747163887
65,0.24803145485766304
66,0.24802720715942284
67,0.24802278490942534
68,0.24801817795585154
69,0.24801337540480495
70,0.24800836555726674
71,0.2480031358402808
72,0.24799767273186962
73,0.24799196167916382
74,0.24798598700918975
75,0.24797973183178285
76,0.2479731779340713
77,0.24796630566601938
78,0.24795909381657466
79,0.24795151948004354
80,0.24794355791248818
81,0.24793518237813367
82,0.24792636398609985
83,0.2479170715181906
84,0.2479072712490748
85,0.24789692676097788
86,0.24788599875606168
87,0.24787444487106053
88,0.2478622195005445
89,0.24784927363749867
90,0.24783555474287225
91,0.2478210066594547
92,0.2478055695900414
93,0.2477891801654625
94,0.24777177163473593
95,0.24775327421739504
96,0.24773361566676277
97,0.2477127221022359
98,0.24769051917776666
99,0.24766693366140463
100,0.24764189550503807
101,0.2476153404814221
102,0.24758721345338539
103,0.24755747231273234
104,0.24752609257842184
105,0.24749307256978545
106,0.2474584389676547
107,0.2474222524456945
108,0.24738461290516717
109,0.2473456636992875
110,0.2473055941214668
111,0.2472646393991065
112,0.2472230775275384
113,0.24718122253086114
114,0.2471394141492026
115,0.24709800447819721
116,0.24705734262749077
117,0.2470177588895213
118,0.2469795500934158
119,0.24694296769189597
120,0.24690820970862715
121,0.24687541706250482
122,0.24684467413658331
123,0.2468160129205236
124,0.2467894197228655
125,0.24676484334778276
126,0.24674220372309136
127,0.24672140018078512
128,0.24670231885257982
129,0.246684838891527
130,0.2466688374317583
131,0.24665419333935318
132,0.2466407898913903
133,0.24662851655871476
134,0.24661727007450893
135,0.24660695495774432
136,0.24659748363761536
137,0.2465887762988225
138,0.2465807605419963
139,0.24657337093090073
140,0.2465665484790492
141,0.24656024011317124
142,0.24655439813918048
143,0.2465489797274419
144,0.24654394642762287
145,0.2465392637187741
146,0.2465349005970622
147,0.246530829201382
148,0.24652702447567268
149,0.2465234638659055
150,0.24652012704923018
151,0.2465169956925579
152,0.24651405323783593
153,0.2465112847113242
154,0.24650867655436257
155,0.24650621647327023
156,0.24650389330624844
157,0.24650169690534066
158,0.24649961803171783
159,0.2464976482627294
160,0.24649577990934915
161,0.24649400594279255
162,0.24649231992922507
163,0.24649071597161962
164,0.24648918865791763
165,0.24648773301476806
166,0.24648634446618742
167,0.24648501879658577
168,0.2464837521176435
169,0.24648254083861973
170,0.24648138163968628
171,0.24648027144796156
172,0.2464792074159407
173,0.24647818690205736
174,0.24647720745314694
175,0.24647626678860515
176,0.24647536278606044
177,0.2464744934684005
178,0.24647365699201307
179,0.24647285163610852
180,0.24647207579302288
181,0.24647132795939142
182,0.24647060672811522
183,0.2464699107810322
184,0.24646923888222855
185,0.24646858987193207
186,0.24646796266091978
187,0.24646735622540042
188,0.24646676960232566
189,0.24646620188508447
190,0.24646565221955175
191,0.24646511980045563
192,0.2464646038680329
193,0.24646410370494987
194,0.24646361863346403
195,0.24646314801280558
196,0.24646269123675715
197,0.24646224773141845
198,0.24646181695313796
199,0.24646139838659795
200,0.24646099154303922
201,0.24646059595861608
202,0.24646021119286704
203,0.2464598368272977
204,0.2464594724640623
205,0.24645911772473245
206,0.2464587722491598
207,0.24645843569440998
208,0.24645810773376758
209,0.2464577880558151
210,0.2464574763635647
211,0.2464571723736532
212,0.2464568758155862
213,0.24645658643103158
214,0.24645630397315965
215,0.2464560282060221
216,0.2464557589039735
217,0.2464554958511265
218,0.2464552388408409
219,0.24645498767524368
220,0.24645474216477967
221,0.2464545021277862
222,0.24645426739009757
223,0.2464540377846675
224,0.24645381315121728
225,0.246453593335904
226,0.24645337819100546
227,0.24645316757462604
228,0.24645296135041736
229,0.2464527593873153
230,0.2464525615592899
231,0.24645236774511253
232,0.2464521778281327
233,0.24645199169606735
234,0.24645180924080395
235,0.2464516303582092
236,0.24645145494795445
237,0.24645128291334423
238,0.24645111416115703
239,0.2464509486014927
240,0.24645078614763014
241,0.24645062671588822
242,0.24645047022549837
243,0.24645031659847916
244,0.2464501657595193
245,0.24645001763586868
246,0.2464498721572295
247,0.24644972925565622
248,0.24644958886546064
249,0.24644945092311923
250,0.24644931536718728
251,0.24644918213821468
252,0.24644905117866842
