1,0.26091750771841216
2,0.2589578819607479
3,0.2589578819607479
4,0.2589578819607479
5,0.258957881960748
6,0.2589578819607479
7,0.2589578819607479
8,0.258957881960748
9,0.2589578819607479
10,0.2589578819607479
11,0.258957881960748
12,0.2589578819607479
13,0.2589578819607479
14,0.258957881960748
15,0.2589578819607479
16,0.2589578819607479
17,0.258957881960748
18,0.2589578819607479
19,0.2589578819607479
20,0.258957881960748
21,0.2589578819607479
22,0.2589578819607479
23,0.258957881960748
24,0.2589578819607479
25,0.2589578819607479
26,0.258957881960748
27,0.2589578819607479
28,0.2589578819607479
29,0.258957881960748
30,0.2589578819607479
31,0.2589578819607479
32,0.258957881960748
33,0.2589578819607479
34,0.2589578819607479
35,0.258957881960748
36,0.2589578819607479
37,0.2589578819607479
38,0.258957881960748
39,0.2589578819607479
40,0.2589578819607479
41,0.258957881960748
42,0.2589578819607479
43,0.2589578819607479
44,0.258957881960748
45,0.2589578819607479
46,0.2589578819607479
47,0.258957881960748
48,0.2589578819607479
49,0.2589578819607479
50,0.258957881960748
51,0.2589578819607479
52,0.2589578819607479
53,0.258957881960748
54,0.2589578819607479
55,0.2589578819607479
56,0.258957881960748
57,0.2589578819607479
58,0.2589578819607479
59,0.258957881960748
60,0.2589578819607479
61,0.2589578819607479
62,0.258957881960748
63,0.2589578819607479
64,0.2589578819607479
65,0.258957881960748
66,0.2589578819607479
67,0.2589578819607479
68,0.258957881960748
69,0.2589578819607479
70,0.2589578819607479
71,0.258957881960748
72,0.2589578819607479
73,0.2589578819607479
74,0.258957881960748
75,0.2589578819607479
76,0.2589578819607479
77,0.258957881960748
78,0.2589578819607479
79,0.2589578819607479
80,0.258957881960748
81,0.2589578819607479
82,0.2589578819607479
83,0.258957881960748
84,0.2589578819607479
85,0.2589578819607479
86,0.258957881960748
87,0.2589578819607479
88,0.2589578819607479
89,0.258957881960748
90,0.2589578819607479
91,0.2589578819607479
92,0.258957881960748
93,0.2589578819607479
94,0.2589578819607479
95,0.258957881960748
96,0.2589578819607479
97,0.2589578819607479
98,0.258957881960748
99,0.2589578819607479
100,0.2589578819607479
101,0.258957881960748
102,0.2589578819607479
103,0.2589578819607479
104,0.258957881960748
105,0.2589578819607479
106,0.2589578819607479
107,0.258957881960748
108,0.2589578819607479
109,0.2589578819607479
110,0.258957881960748
111,0.2589578819607479
112,0.2589578819607479
113,0.258957881960748
114,0.2589578819607479
115,0.2589578819607479
116,0.258957881960748
117,0.2589578819607479
118,0.2589578819607479
119,0.258957881960748
120,0.2589578819607479
121,0.2589578819607479
122,0.258957881960748
123,0.2589578819607479
124,0.2589578819607479
125,0.258957881960748
126,0.2589578819607479
127,0.2589578819607479
128,0.258957881960748
129,0.2589578819607479
130,0.2589578819607479
131,0.258957881960748
132,0.2589578819607479
133,0.2589578819607479
134,0.258957881960748
135,0.2589578819607479
136,0.2589578819607479
137,0.258957881960748
138,0.2589578819607479
139,0.2589578819607479
140,0.258957881960748
141,0.2589578819607479
142,0.2589578819607479
143,0.258957881960748
144,0.2589578819607479
145,0.2589578819607479
146,0.258957881960748
147,0.2589578819607479
148,0.2589578819607479
149,0.258957881960748
150,0.2589578819607479
151,0.2589578819607479
152,0.258957881960748
153,0.2589578819607479
154,0.2589578819607479
155,0.258957881960748
156,0.2589578819607479
157,0.2589578819607479
158,0.258957881960748
159,0.2589578819607479
160,0.2589578819607479
161,0.258957881960748
162,0.2589578819607479
163,0.2589578819607479
164,0.258957881960748
165,0.2589578819607479
166,0.2589578819607479
167,0.258957881960748
168,0.2589578819607479
169,0.2589578819607479
170,0.258957881960748
171,0.2589578819607479
172,0.2589578819607479
173,0.258957881960748
174,0.2589578819607479
175,0.2589578819607479
176,0.258957881960748
177,0.2589578819607479
178,0.2589578819607479
179,0.258957881960748
180,0.2589578819607479
181,0.2589578819607479
182,0.258957881960748
183,0.2589578819607479
184,0.2589578819607479
185,0.258957881960748
186,0.2589578819607479
187,0.2589578819607479
188,0.258957881960748
189,0.2589578819607479
190,0.2589578819607479
191,0.258957881960748
192,0.2589578819607479
193,0.2589578819607479
194,0.258957881960748
195,0.2589578819607479
196,0.2589578819607479
197,0.258957881960748
198,0.2589578819607479
199,0.2589578819607479
200,0.258957881960748
201,0.2589578819607479
202,0.2589578819607479
203,0.258957881960748
204,0.2589578819607479
205,0.2589578819607479
206,0.258957881960748
207,0.2589578819607479
208,0.2589578819607479
209,0.258957881960748
210,0.2589578819607479
211,0.2589578819607479
212,0.258957881960748
213,0.2589578819607479
214,0.2589578819607479
215,0.258957881960748
216,0.2589578819607479
217,0.2589578819607479
218,0.258957881960748
219,0.2589578819607479
220,0.2589578819607479
221,0.258957881960748
222,0.2589578819607479
223,0.2589578819607479
224,0.258957881960748
225,0.2589578819607479
226,0.2589578819607479
227,0.258957881960748
228,0.2589578819607479
229,0.2589578819607479
230,0.258957881960748
231,0.2589578819607479
232,0.2589578819607479
233,0.258957881960748
234,0.2589578819607479
235,0.2589578819607479
236,0.258957881960748
237,0.2589578819607479
238,0.2589578819607479
239,0.258957881960748
240,0.2589578819607479
241,0.2589578819607479
242,0.258957881960748
243,0.2589578819607479
244,0.2589578819607479
245,0.258957881960748
246,0.2589578819607479
247,0.2589578819607479
248,0.258957881960748
249,0.2589578819607479
250,0.2589578819607479
251,0.258957881960748
252,0.2589578819607479
253,0.2589578819607479
254,0.258957881960748
