1,0.5450362288728743
2,0.5448830307870411
3,0.5447196257056452
4,0.5445436363738587
5,0.5443535601215796
6,0.5441476463567723
7,0.5439238434660503
8,0.54367973151328
9,0.5434124361150958
10,0.5431185170763965
11,0.5427938227509269
12,0.5424332972126066
13,0.5420307214717928
14,0.5415783609714323
15,0.5410664774592977
16,0.5404826405895883
17,0.539810737055538
18,0.539029511218342
19,0.5381103590704257
20,0.5370138930077883
21,0.5356844064138447
22,0.5340405921027358
23,0.5319592339314683
24,0.5292449101431919
25,0.5255697992245214
26,0.520343873203825
27,0.5124054780964202
28,0.49919129113823524
29,0.47426030469435076
30,0.4211042116849648
31,0.3278607920167597
32,0.26355504148656106
33,0.24965653594218237
34,0.24792337491750635
35,0.24773379499741283
36,0.2477186363920103
37,0.24771963202802896
38,0.24772060521596417
39,0.24772082976181173
40,0.24772069108741918
41,0.24772041024703356
42,0.24772007718590533
43,0.2477197255423148
44,0.24771936756060436
45,0.24771900765592605
46,0.2477186474146863
47,0.24771828740583432
48,0.24771792783293936
49,0.24771756876843787
50,0.24771721023771098
51,0.24771685224925719
52,0.24771649480551902
53,0.24771613790676678
54,0.24771578155249216
55,0.24771542574190838
56,0.2477150704741304
57,0.24771471574823758
58,0.24771436156329915
59,0.24771400791837916
60,0.24771365481254362
61,0.24771330224485782
62,0.24771295021438827
63,0.2477125987202041
64,0.2477122477613752
65,0.24771189733697152
66,0.2477115474460667
67,0.24771119808773445
68,0.24771084926104986
69,0.24771050096509015
70,0.2477101531989333
71,0.24770980596165929
72,0.24770945925234908
73,0.24770911307008478
74,0.24770876741395118
75,0.24770842228303314
76,0.24770807767641773
77,0.24770773359319254
78,0.247707390032448
79,0.24770704699327487
80,0.24770670447476534
81,0.24770636247601388
82,0.24770602099611552
83,0.24770568003416701
84,0.2477053395892665
85,0.24770499966051326
86,0.24770466024700932
87,0.24770432134785605
88,0.24770398296215806
89,0.24770364508901999
90,0.24770330772754884
91,0.24770297087685272
92,0.24770263453604122
93,0.24770229870422486
94,0.24770196338051645
95,0.24770162856402964
96,0.24770129425387938
97,0.24770096044918255
98,0.24770062714905733
99,0.24770029435262245
100,0.2476999620589992
101,0.2476996302673098
102,0.24769929897667844
103,0.24769896818622925
104,0.24769863789508922
105,0.2476983081023857
106,0.2476979788072487
107,0.24769765000880892
108,0.24769732170619793
109,0.24769699389854943
110,0.2476966665849983
111,0.2476963397646815
112,0.24769601343673578
113,0.24769568760030103
114,0.2476953622545169
115,0.2476950373985267
116,0.24769471303147245
117,0.2476943891524994
118,0.24769406576075398
119,0.24769374285538345
120,0.2476934204355371
121,0.24769309850036464
122,0.24769277704901793
123,0.24769245608065069
124,0.2476921355944166
125,0.24769181558947237
126,0.2476914960649745
127,0.2476911770200827
128,0.24769085845395605
129,0.24769054036575666
130,0.24769022275464736
131,0.2476899056197926
132,0.24768958896035703
133,0.24768927277550873
134,0.2476889570644157
135,0.2476886418262478
136,0.2476883270601761
137,0.24768801276537367
138,0.24768769894101375
139,0.24768738558627235
140,0.2476870727003254
141,0.24768676028235173
142,0.2476864483315307
143,0.24768613684704258
144,0.24768582582807014
145,0.24768551527379717
146,0.24768520518340825
147,0.24768489555608922
148,0.24768458639102886
149,0.24768427768741574
150,0.24768396944444007
151,0.24768366166129369
152,0.2476833543371705
153,0.24768304747126454
154,0.24768274106277136
155,0.24768243511088894
156,0.24768212961481584
157,0.2476818245737512
158,0.24768151998689733
159,0.24768121585345665
160,0.2476809121726336
161,0.24768060894363264
162,0.24768030616566153
163,0.24768000383792807
164,0.2476797019596417
165,0.2476794005300131
166,0.24767909954825515
167,0.2476787990135803
168,0.24767849892520452
169,0.24767819928234344
170,0.24767790008421509
171,0.24767760133003805
172,0.24767730301903246
173,0.24767700515042018
174,0.2476767077234242
175,0.2476764107372688
176,0.24767611419117957
177,0.24767581808438352
178,0.2476755224161087
179,0.24767522718558535
180,0.24767493239204394
181,0.24767463803471673
182,0.24767434411283754
183,0.24767405062564124
184,0.2476737575723643
185,0.24767346495224415
186,0.24767317276452003
187,0.24767288100843166
188,0.247672589683221
189,0.24767229878813102
190,0.2476720083224056
191,0.24767171828529055
192,0.24767142867603248
193,0.24767113949387987
194,0.24767085073808232
195,0.24767056240788998
196,0.24767027450255563
197,0.24766998702133228
198,0.24766969996347488
199,0.24766941332823908
200,0.24766912711488273
201,0.24766884132266412
202,0.24766855595084333
203,0.24766827099868138
204,0.24766798646544128
205,0.24766770235038646
206,0.24766741865278216
207,0.24766713537189472
208,0.2476668525069921
209,0.2476665700573428
210,0.2476662880222178
211,0.24766600640088846
212,0.2476657251926277
213,0.24766544439670907
214,0.24766516401240904
215,0.2476648840390036
216,0.2476646044757708
217,0.24766432532199012
218,0.24766404657694224
219,0.24766376823990885
220,0.24766349031017293
221,0.2476632127870194
222,0.24766293566973324
223,0.247662658957602
224,0.2476623826499135
225,0.2476621067459571
226,0.24766183124502406
227,0.24766155614640617
228,0.24766128144939642
229,0.2476610071532897
230,0.2476607332573814
231,0.24766045976096912
232,0.2476601866633507
233,0.2476599139638259
234,0.24765964166169535
235,0.2476593697562611
236,0.24765909824682736
237,0.2476588271326972
238,0.2476585564131774
239,0.2476582860875749
240,0.24765801615519767
241,0.24765774661535578
242,0.24765747746735964
243,0.24765720871052155
244,0.2476569403441544
245,0.24765667236757272
246,0.24765640478009265
247,0.2476561375810309
248,0.24765587076970544
249,0.24765560434543593
250,0.24765533830754327
251,0.24765507265534886
252,0.2476548073881762
253,0.24765454250534935
254,0.247654278006194
255,0.2476540138900367
256,0.24765375015620592
257,0.2476534868040303
258,0.24765322383284072
259,0.2476529612419685
260,0.24765269903074635
261,0.247652437198509
262,0.24765217574459097
263,0.2476519146683289
264,0.24765165396906094
265,0.24765139364612562
266,0.24765113369886285
267,0.2476508741266141
268,0.24765061492872184
269,0.2476503561045297
270,0.24765009765338272
271,0.24764983957462688
272,0.24764958186760894
273,0.24764932453167815
274,0.24764906756618396
275,0.24764881097047656
276,0.24764855474390865
277,0.24764829888583298
278,0.2476480433956041
279,0.24764778827257777
280,0.2476475335161104
281,0.24764727912555992
282,0.24764702510028527
283,0.24764677143964745
284,0.24764651814300676
285,0.24764626520972693
286,0.24764601263917083
287,0.24764576043070366
288,0.24764550858369191
289,0.24764525709750232
290,0.24764500597150335
291,0.24764475520506501
292,0.24764450479755779
293,0.2476442547483531
294,0.24764400505682493
295,0.2476437557223466
296,0.24764350674429364
297,0.24764325812204302
298,0.24764300985497228
299,0.24764276194245982
300,0.2476425143838855
301,0.24764226717863128
302,0.24764202032607854
303,0.24764177382561098
304,0.24764152767661285
305,0.24764128187846976
306,0.24764103643056876
307,0.24764079133229774
308,0.24764054658304585
309,0.2476403021822024
310,0.24764005812915993
311,0.24763981442330954
312,0.2476395710640461
313,0.24763932805076325
314,0.24763908538285725
315,0.24763884305972503
316,0.24763860108076402
317,0.24763835944537407
318,0.24763811815295536
319,0.24763787720290817
320,0.24763763659463636
321,0.2476373963275432
322,0.24763715640103307
323,0.2476369168145111
324,0.24763667756738536
325,0.24763643865906346
326,0.24763620008895407
327,0.24763596185646775
328,0.24763572396101555
329,0.24763548640201027
330,0.2476352491788652
331,0.24763501229099458
332,0.24763477573781406
333,0.24763453951874081
334,0.24763430363319233
335,0.24763406808058808
336,0.24763383286034715
337,0.24763359797189097
338,0.247633363414642
339,0.24763312918802324
340,0.24763289529145885
341,0.24763266172437445
342,0.2476324284861964
343,0.24763219557635202
344,0.2476319629942702
345,0.2476317307393803
346,0.24763149881111338
347,0.24763126720890088
348,0.24763103593217595
349,0.2476308049803725
350,0.24763057435292482
351,0.24763034404926998
352,0.24763011406884408
353,0.247629884411086
354,0.24762965507543439
355,0.2476294260613295
356,0.24762919736821298
357,0.24762896899552705
358,0.24762874094271475
359,0.24762851320922064
360,0.24762828579449053
361,0.24762805869797075
362,0.24762783191910825
363,0.2476276054573523
364,0.24762737931215206
365,0.24762715348295855
366,0.24762692796922287
367,0.24762670277039825
368,0.247626477885938
369,0.24762625331529692
370,0.24762602905793146
371,0.2476258051132973
372,0.2476255814808528
373,0.24762535816005724
374,0.2476251351503697
375,0.2476249124512516
376,0.24762469006216434
377,0.247624467982571
378,0.2476242462119356
379,0.24762402474972267
380,0.2476238035953989
381,0.24762358274843
382,0.24762336220828485
383,0.24762314197443225
384,0.24762292204634176
385,0.24762270242348455
386,0.24762248310533264
