1,0.25435333434376534
2,0.24743876519168811
3,0.24745103344654157
4,0.247451753594443
5,0.24745176388029438
6,0.24745176402697197
7,0.24745176402906358
8,0.24745176402909314
9,0.24745176402909339
10,0.24745176402909339
11,0.24745176402909339
12,0.2474517640290935
13,0.24745176402909339
14,0.24745176402909344
15,0.24745176402909336
16,0.24745176402909347
17,0.24745176402909339
18,0.24745176402909344
19,0.24745176402909336
20,0.24745176402909352
21,0.24745176402909339
22,0.24745176402909339
23,0.24745176402909339
24,0.2474517640290935
25,0.2474517640290935
26,0.24745176402909336
27,0.2474517640290935
28,0.24745176402909336
29,0.24745176402909352
30,0.24745176402909339
31,0.24745176402909339
32,0.24745176402909339
33,0.2474517640290935
34,0.2474517640290935
35,0.24745176402909336
36,0.2474517640290935
37,0.24745176402909336
38,0.24745176402909352
39,0.24745176402909339
40,0.24745176402909339
41,0.24745176402909339
42,0.2474517640290935
43,0.2474517640290935
44,0.24745176402909336
45,0.2474517640290935
46,0.24745176402909336
47,0.24745176402909352
48,0.24745176402909339
49,0.24745176402909339
50,0.24745176402909339
51,0.2474517640290935
52,0.2474517640290935
53,0.24745176402909336
54,0.2474517640290935
55,0.24745176402909336
56,0.24745176402909352
57,0.24745176402909339
58,0.24745176402909339
59,0.24745176402909339
60,0.2474517640290935
61,0.2474517640290935
62,0.24745176402909336
63,0.2474517640290935
64,0.24745176402909336
65,0.24745176402909352
66,0.24745176402909339
67,0.24745176402909339
68,0.24745176402909339
69,0.2474517640290935
70,0.2474517640290935
71,0.24745176402909336
72,0.2474517640290935
73,0.24745176402909336
74,0.24745176402909352
75,0.24745176402909339
76,0.24745176402909339
77,0.24745176402909339
78,0.2474517640290935
79,0.2474517640290935
80,0.24745176402909336
81,0.2474517640290935
82,0.24745176402909336
83,0.24745176402909352
84,0.24745176402909339
85,0.24745176402909339
86,0.24745176402909339
87,0.2474517640290935
88,0.2474517640290935
89,0.24745176402909336
90,0.2474517640290935
91,0.24745176402909336
92,0.24745176402909352
93,0.24745176402909339
94,0.24745176402909339
95,0.24745176402909339
96,0.2474517640290935
97,0.2474517640290935
98,0.24745176402909336
99,0.2474517640290935
100,0.24745176402909336
101,0.24745176402909352
102,0.24745176402909339
103,0.24745176402909339
104,0.24745176402909339
105,0.2474517640290935
106,0.2474517640290935
107,0.24745176402909336
108,0.2474517640290935
109,0.24745176402909336
110,0.24745176402909352
111,0.24745176402909339
112,0.24745176402909339
113,0.24745176402909339
114,0.2474517640290935
115,0.2474517640290935
116,0.24745176402909336
117,0.2474517640290935
118,0.24745176402909336
119,0.24745176402909352
120,0.24745176402909339
121,0.24745176402909339
122,0.24745176402909339
123,0.2474517640290935
124,0.2474517640290935
125,0.24745176402909336
126,0.2474517640290935
127,0.24745176402909336
128,0.24745176402909352
129,0.24745176402909339
130,0.24745176402909339
131,0.24745176402909339
132,0.2474517640290935
133,0.2474517640290935
134,0.24745176402909336
135,0.2474517640290935
136,0.24745176402909336
137,0.24745176402909352
138,0.24745176402909339
139,0.24745176402909339
140,0.24745176402909339
141,0.2474517640290935
142,0.2474517640290935
143,0.24745176402909336
144,0.2474517640290935
145,0.24745176402909336
146,0.24745176402909352
147,0.24745176402909339
148,0.24745176402909339
149,0.24745176402909339
150,0.2474517640290935
151,0.2474517640290935
152,0.24745176402909336
153,0.2474517640290935
154,0.24745176402909336
155,0.24745176402909352
156,0.24745176402909339
157,0.24745176402909339
158,0.24745176402909339
159,0.2474517640290935
160,0.2474517640290935
161,0.24745176402909336
162,0.2474517640290935
163,0.24745176402909336
164,0.24745176402909352
165,0.24745176402909339
166,0.24745176402909339
