1,0.25863708108653666
2,0.25735367681494703
3,0.25807404409675716
4,0.25807404409641344
5,0.25807404409607
6,0.25807404409572665
7,0.2580740440953833
8,0.25807404409504003
9,0.2580740440946966
10,0.25807404409435303
11,0.2580740440940096
12,0.25807404409366624
13,0.2580740440933225
14,0.25807404409297935
15,0.2580740440926359
16,0.2580740440922924
17,0.2580740440919491
18,0.2580740440916058
19,0.2580740440912624
20,0.25807404409091883
21,0.2580740440905756
22,0.2580740440902322
23,0.2580740440898889
24,0.2580740440895457
25,0.25807404408920215
26,0.25807404408885887
27,0.25807404408851564
28,0.2580740440881723
29,0.2580740440878289
30,0.25807404408748585
31,0.2580740440871423
32,0.2580740440867992
33,0.2580740440864558
34,0.2580740440861124
35,0.25807404408576945
36,0.25807404408542584
37,0.2580740440850827
38,0.2580740440847393
39,0.2580740440843962
40,0.25807404408405293
41,0.2580740440837096
42,0.2580740440833665
43,0.2580740440830232
44,0.2580740440826798
45,0.2580740440823367
46,0.25807404408199336
47,0.25807404408165013
48,0.25807404408130724
49,0.2580740440809639
50,0.2580740440806208
51,0.25807404408027745
52,0.2580740440799344
53,0.2580740440795914
54,0.258074044079248
55,0.25807404407890483
56,0.2580740440785614
57,0.2580740440782185
58,0.2580740440778754
59,0.2580740440775324
60,0.2580740440771891
61,0.2580740440768459
62,0.258074044076503
63,0.25807404407615975
64,0.2580740440758167
65,0.25807404407547346
66,0.2580740440751304
67,0.25807404407478723
68,0.2580740440744444
69,0.25807404407410095
70,0.25807404407375806
71,0.2580740440734147
72,0.25807404407307166
73,0.2580740440727286
74,0.25807404407238593
75,0.25807404407204254
76,0.2580740440716997
77,0.25807404407135653
78,0.2580740440710133
79,0.25807404407067047
80,0.25807404407032736
81,0.25807404406998435
82,0.2580740440696415
83,0.25807404406929846
84,0.2580740440689555
85,0.2580740440686125
86,0.2580740440682694
87,0.2580740440679264
88,0.2580740440675835
89,0.2580740440672406
90,0.25807404406689755
91,0.2580740440665547
92,0.25807404406621187
93,0.2580740440658687
94,0.25807404406552586
95,0.25807404406518286
96,0.2580740440648399
97,0.2580740440644971
98,0.25807404406415413
99,0.2580740440638111
100,0.2580740440634682
101,0.2580740440631251
102,0.25807404406278245
103,0.2580740440624396
104,0.25807404406209655
105,0.2580740440617538
106,0.2580740440614109
107,0.25807404406106804
108,0.25807404406072526
109,0.2580740440603823
110,0.2580740440600396
111,0.2580740440596966
112,0.2580740440593538
113,0.25807404405901113
114,0.2580740440586683
115,0.2580740440583254
116,0.2580740440579827
117,0.2580740440576396
118,0.2580740440572971
119,0.2580740440569541
120,0.2580740440566114
121,0.25807404405626866
122,0.25807404405592577
123,0.2580740440555832
124,0.2580740440552404
125,0.2580740440548976
126,0.2580740440545548
127,0.2580740440542121
128,0.2580740440538694
129,0.2580740440535265
130,0.258074044053184
131,0.2580740440528412
132,0.2580740440524984
133,0.2580740440521558
134,0.2580740440518131
135,0.25807404405147033
136,0.25807404405112755
137,0.258074044050785
138,0.2580740440504424
139,0.25807404405009965
140,0.2580740440497571
141,0.2580740440494144
142,0.25807404404907164
143,0.258074044048729
144,0.25807404404838635
145,0.25807404404804385
146,0.25807404404770096
147,0.2580740440473587
148,0.25807404404701584
149,0.2580740440466732
150,0.25807404404633055
151,0.25807404404598805
152,0.2580740440456454
153,0.2580740440453027
154,0.2580740440449603
155,0.25807404404461753
156,0.2580740440442748
157,0.2580740440439326
158,0.25807404404358975
159,0.25807404404324735
160,0.2580740440429046
161,0.25807404404256207
162,0.2580740440422197
163,0.2580740440418771
164,0.25807404404153456
