1,0.4050705856662446
2,0.2873942647725389
3,0.2583925963033922
4,0.2583901632757744
5,0.25838382979792957
6,0.258377380189393
7,0.2583708118095932
8,0.2583641219584822
9,0.25835730787595984
10,0.25835036674137674
11,0.2583432956731387
12,0.25833609172840666
13,0.25832875190292226
14,0.2583212731309612
15,0.25831365228543246
16,0.25830588617814
17,0.25829797156022133
18,0.2582899051227837
19,0.25828168349775504
20,0.25827330325897235
21,0.2582647609235268
22,0.2582560529533946
23,0.258247175757371
24,0.2582381256933413
25,0.25822889907091395
26,0.25821949215444545
27,0.25820990116648923
28,0.2582001222916998
29,0.2581901516812319
30,0.2581799854576637
31,0.25816961972048685
32,0.25815905055220045
33,0.2581482740250485
34,0.25813728620844173
35,0.25812608317710806
36,0.2581146610200114
37,0.2581030158500796
38,0.2580911438147895
39,0.2580790411076454
40,0.25806670398059317
41,0.2580541287574067
42,0.25804131184808676
43,0.25802824976430033
44,0.25801493913589213
45,0.2580013767284877
46,0.25798755946221097
47,0.2579734844315209
48,0.2579591489261698
49,0.2579445504532773
50,0.257929686760494
51,0.25791455586022977
52,0.2578991560548886
53,0.2578834859630594
54,0.25786754454656896
55,0.25785133113830494
56,0.2578348454706881
57,0.2578180877046432
58,0.25780105845891327
59,0.25778375883951743
60,0.25776619046914173
61,0.25774835551622094
62,0.25773025672344774
63,0.2577118974354093
64,0.2576932816250488
65,0.2576744139186046
66,0.257655299618675
67,0.25763594472503487
68,0.2576163559528144
69,0.2575965407476518
70,0.2575765072974168
71,0.25755626454011643
72,0.2575358221676008
73,0.2575151906247021
74,0.25749438110347467
75,0.2574734055322346
76,0.25745227655913955
77,0.2574310075301086
78,0.2574096124609372
79,0.25738810600353795
80,0.25736650340631084
81,0.25734482046872215
82,0.2573230734902789
83,0.2573012792141448
84,0.2572794547657654
85,0.257257617586932
86,0.25723578536581637
87,0.25721397596358286
88,0.2571922073382506
89,0.2571704974665484
90,0.2571488642645428
91,0.2571273255078693
92,0.2571058987523979
93,0.2570846012561859
94,0.25706344990354774
95,0.25704246113204454
96,0.2570216508631571
97,0.2570010344373394
98,0.25698062655408643
99,0.25696044121756195
100,0.256940491688241
101,0.2569207904409294
102,0.25690134912940943
103,0.2568821785578758
104,0.25686328865920166
105,0.2568446884799998
106,0.25682638617233106
107,0.25680838899184116
108,0.2567907033020266
109,0.25677333458425716
110,0.256756287453147
111,0.2567395656767949
112,0.2567231722014093
113,0.25670710917979406
114,0.2566913780031704
115,0.25667597933579944
116,0.2566609131518939
117,0.25664617877430407
118,0.25663177491450373
119,0.2566176997134125
120,0.2566039507826407
121,0.25659052524576204
122,0.25657741977927123
123,0.25656463065291074
124,0.2565521537690937
125,0.25653998470119477
126,0.2565281187305083
127,0.2565165508817104
128,0.2565052759567037
129,0.25649428856674367
130,0.2564835831627769
131,0.25647315406395654
132,0.256462995484306
133,0.25645310155753887
134,0.2564434663600505
135,0.25643408393211536
136,0.2564249482973393
137,0.2564160534804149
138,0.25640739352325576
139,0.25639896249957317
140,0.2563907545279742
141,0.2563827637836604
142,0.25637498450880447
143,0.25636741102169597
144,0.2563600377247241
145,0.2563528591112929
146,0.256345869771735
147,0.2563390643983081
148,0.2563324377893467
149,0.2563259848526385
150,0.2563197006080916
151,0.25631358018976264
152,0.2563076188472986
153,0.2563018119468544
154,0.25629615497154046
155,0.25629064352144126
156,0.2562852733132654
157,0.2562800401796552
158,0.2562749400682071
159,0.2562699690402314
160,0.2562651232692901
161,0.2562603990395393
162,0.2562557927439087
163,0.2562513008821385
164,0.2562469200587008
165,0.2562426469806247
166,0.2562384784552468
167,0.2562344113878951
168,0.2562304427795356
169,0.25622656972438307
170,0.25622278940749477
171,0.2562190991023531
172,0.256215496168454
173,0.25621197804889867
174,0.25620854226800877
175,0.2562051864289594
176,0.2562019082114435
177,0.2561987053693691
178,0.25619557572859364
179,0.256192517184699
180,0.25618952770081155
181,0.2561866053054662
182,0.25618374809051947
183,0.2561809542091107
184,0.25617822187367617
185,0.2561755493540104
186,0.25617293497538174
187,0.25617037711669977
188,0.25616787420873227
189,0.2561654247323761
190,0.2561630272169776
191,0.2561606802387047
192,0.25615838241896915
193,0.25615613242289614
194,0.25615392895784483
195,0.25615177077197554
196,0.25614965665286293
197,0.25614758542615507
198,0.2561455559542771
199,0.2561435671351792
200,0.2561416179011248
201,0.256139707217522
202,0.25613783408179325
203,0.2561359975222861
204,0.25613419659721887
205,0.2561324303936662
206,0.25613069802657684
207,0.2561289986378289
208,0.2561273313953152
209,0.25612569549206426
210,0.25612409014538934
211,0.25612251459607027
212,0.256120968107561
213,0.25611944996523045
214,0.2561179594756248
215,0.25611649596575947
216,0.256115058782436
217,0.2561136472915831
218,0.2561122608776193
219,0.2561108989428428
220,0.2561095609068369
221,0.2561082462059047
222,0.25610695429251445
223,0.25610568463477346
224,0.25610443671591504
225,0.2561032100338063
226,0.2561020041004724
227,0.2561008184416377
228,0.2560996525962851
229,0.25609850611622753
230,0.2560973785656971
231,0.2560962695209488
232,0.2560951785698765
233,0.2560941053116441
234,0.2560930493563282
235,0.25609201032457474
236,0.25609098784726714
237,0.25608998156520385
238,0.2560889911287923
239,0.256088016197747
240,0.2560870564408031
241,0.2560861115354379
242,0.25608518116760143
243,0.2560842650314571
244,0.25608336282913174
245,0.25608247427047265
246,0.2560815990728144
247,0.2560807369607528
248,0.25607988766592577
249,0.2560790509268036
250,0.2560782264884855
251,0.25607741410250084
252,0.2560766135266202
253,0.25607582452467154
254,0.256075046866361
255,0.2560742803271027
256,0.2560735246878504
257,0.256072779734939
258,0.2560720452599262
259,0.2560713210594451
260,0.2560706069350559
261,0.2560699026931068
262,0.25606920814459777
263,0.2560685231050465
264,0.2560678473943645
265,0.25606718083673036
266,0.25606652326047175
267,0.25606587449794854
268,0.256065234385442
269,0.25606460276304643
270,0.2560639794745611
271,0.2560633643673931
272,0.25606275729245503
273,0.25606215810407046
274,0.25606156665988206
275,0.2560609828207611
276,0.2560604064507212
277,0.2560598374168336
278,0.25605927558914476
279,0.256058720840599
280,0.2560581730469604
281,0.25605763208673843
282,0.2560570978411157
283,0.2560565701938796
284,0.2560560490313516
285,0.25605553424232275
286,0.25605502571799105
287,0.25605452335189743
288,0.256054027039866
289,0.2560535366799463
290,0.2560530521723567
291,0.2560525734194281
292,0.2560521003255515
293,0.25605163279712684
294,0.25605117074251027
295,0.25605071407196817
296,0.256050262697627
297,0.2560498165334291
298,0.25604937549508705
299,0.25604893950003943
300,0.25604850846740956
301,0.25604808231796455
302,0.25604766097407466
303,0.25604724435967413
304,0.2560468324002238
305,0.2560464250226752
306,0.2560460221554339
307,0.256045623728325
308,0.25604522967255905
309,0.2560448399207004
310,0.2560444544066338
311,0.2560440730655347
312,0.25604369583383824
313,0.2560433226492099
314,0.2560429534505167
315,0.25604258817780035
316,0.25604222677224864
317,0.25604186917617155
318,0.25604151533297254
319,0.2560411651871252
320,0.2560408186841498
321,0.2560404757705877
322,0.2560401363939792
323,0.25603980050284125
324,0.25603946804664574
325,0.2560391389757972
326,0.25603881324161376
327,0.2560384907963047
328,0.2560381715929526
329,0.2560378555854938
330,0.2560375427286984
331,0.25603723297815406
332,0.25603692629024694
333,0.25603662262214405
334,0.2560363219317781
335,0.25603602417782917
336,0.2560357293197097
337,0.2560354373175481
338,0.25603514813217504
339,0.2560348617251062
340,0.2560345780585304
341,0.25603429709529274
342,0.2560340187988835
343,0.2560337431334224
344,0.25603347006364674
345,0.25603319955489856
346,0.2560329315731114
347,0.2560326660847985
348,0.25603240305704095
349,0.2560321424574761
350,0.25603188425428597
351,0.2560316284161865
352,0.25603137491241607
353,0.2560311237127263
354,0.2560308747873697
355,0.25603062810709126
356,0.2560303836431181
357,0.25603014136715
358,0.25602990125134895
359,0.2560296632683321
360,0.25602942739116075
361,0.25602919359333276
362,0.25602896184877333
363,0.2560287321318272
364,0.2560285044172503
365,0.25602827868020156
366,0.2560280548962356
367,0.2560278330412944
368,0.2560276130917004
369,0.25602739502414906
370,0.2560271788157021
371,0.25602696444377915
372,0.2560267518861531
373,0.25602654112094153
374,0.25602633212660153
375,0.25602612488192256
376,0.2560259193660202
377,0.25602571555833037
378,0.2560255134386041
379,0.2560253129868995
380,0.2560251141835787
381,0.25602491700930075
382,0.2560247214450156
383,0.25602452747196114
384,0.2560243350716553
385,0.2560241442258918
