1,0.2692311128328926
2,0.2586880929808366
3,0.2586878276870639
4,0.2586875412482583
5,0.25868725843237483
6,0.2586869791737291
7,0.2586867034081731
8,0.2586864310730507
9,0.25868616210715506
10,0.2586858964506889
11,0.25868563404522465
12,0.25868537483366566
13,0.2586851187602098
14,0.2586848657703138
15,0.25868461581065844
16,0.258684368829115
17,0.2586841247747138
18,0.258683883597611
19,0.25868364524905985
20,0.25868340968138087
21,0.2586831768479335
22,0.25868294670308783
23,0.25868271920219826
24,0.2586824943015785
25,0.25868227195847493
26,0.2586820521310432
27,0.2586818347783247
28,0.25868161986022337
29,0.25868140733748396
30,0.2586811971716693
31,0.2586809893251417
32,0.2586807837610406
33,0.25868058044326386
34,0.2586803793364485
35,0.25868018040595314
36,0.2586799836178379
37,0.25867978893884913
38,0.25867959633640236
39,0.2586794057785638
40,0.25867921723403753
41,0.2586790306721468
42,0.2586788460628216
43,0.25867866337658246
44,0.25867848258452686
45,0.2586783036583157
46,0.25867812657015893
47,0.25867795129280385
48,0.25867777779952134
49,0.25867760606409357
50,0.25867743606080384
51,0.25867726776442157
52,0.2586771011501937
53,0.258676936193834
54,0.2586767728715097
55,0.2586766111598329
56,0.2586764510358509
57,0.25867629247703455
58,0.2586761354612704
59,0.2586759799668506
60,0.2586758259724628
61,0.25867567345718373
62,0.25867552240046787
63,0.2586753727821412
64,0.2586752245823918
65,0.25867507778176196
66,0.258674932361141
67,0.25867478830175733
68,0.2586746455851707
69,0.2586745041932662
70,0.2586743641082458
71,0.25867422531262263
72,0.2586740877892137
73,0.258673951521134
74,0.25867381649178955
75,0.2586736826848719
76,0.2586735500843509
77,0.2586734186744705
78,0.2586732884397423
79,0.25867315936494006
80,0.2586730314350929
81,0.2586729046354829
82,0.25867277895163693
83,0.2586726543693237
84,0.25867253087454833
85,0.258672408453546
86,0.25867228709278023
87,0.2586721667789354
88,0.2586720474989141
89,0.25867192923983223
90,0.2586718119890141
91,0.25867169573398974
92,0.2586715804624889
93,0.2586714661624394
94,0.2586713528219611
95,0.258671240429363
96,0.25867112897314065
97,0.25867101844197027
98,0.25867090882470656
99,0.2586708001103797
100,0.25867069228819084
101,0.2586705853475102
102,0.2586704792778719
103,0.25867037406897275
104,0.2586702697106676
105,0.2586701661929685
106,0.25867006350603844
107,0.2586699616401918
108,0.25866986058588975
109,0.25866976033373806
110,0.2586696608744837
111,0.2586695621990135
112,0.25866946429835014
113,0.2586693671636508
114,0.25866927078620405
115,0.25866917515742793
116,0.25866908026886715
117,0.2586689861121906
118,0.2586688926791897
119,0.2586687999617763
120,0.2586687079519796
121,0.25866861664194507
122,0.2586685260239315
123,0.2586684360903096
124,0.25866834683355977
125,0.2586682582462704
126,0.2586681703211352
127,0.25866808305095274
128,0.25866799642862315
129,0.2586679104471472
130,0.2586678250996243
131,0.2586677403792507
132,0.25866765627931904
133,0.2586675727932136
134,0.25866748991441235
135,0.2586674076364835
136,0.2586673259530833
137,0.2586672448579562
138,0.2586671643449325
139,0.25866708440792735
140,0.25866700504093754
141,0.25866692623804316
142,0.25866684799340406
143,0.2586667703012584
144,0.2586666931559235
145,0.2586666165517911
146,0.2586665404833296
147,0.25866646494508083
148,0.2586663899316582
149,0.2586663154377487
150,0.25866624145810796
151,0.2586661679875614
152,0.258666095021002
153,0.25866602255339016
154,0.258665950579752
155,0.25866587909517874
156,0.2586658080948247
157,0.25866573757390715
158,0.2586656675277053
159,0.25866559795155947
160,0.2586655288408687
161,0.2586654601910918
162,0.258665391997745
163,0.25866532425640193
164,0.2586652569626925
165,0.25866519011230077
166,0.2586651237009667
167,0.25866505772448284
168,0.25866499217869443
169,0.25866492705949906
170,0.2586648623628448
171,0.258664798084731
172,0.2586647342212057
173,0.25866467076836613
174,0.2586646077223575
175,0.25866454507937253
176,0.25866448283565013
177,0.25866442098747505
178,0.2586643595311778
179,0.25866429846313327
180,0.25866423777975994
181,0.2586641774775203
182,0.25866411755291796
183,0.2586640580024998
184,0.25866399882285307
185,0.258663940010607
186,0.25866388156242964
187,0.258663823475029
188,0.25866376574515254
189,0.25866370836958524
190,0.25866365134515107
191,0.25866359466870964
192,0.2586635383371589
193,0.2586634823474321
194,0.2586634266964984
195,0.2586633713813623
196,0.2586633163990627
197,0.2586632617466729
198,0.2586632074212996
199,0.25866315342008356
200,0.25866309974019674
201,0.2586630463788447
202,0.25866299333326465
203,0.25866294060072437
204,0.25866288817852406
205,0.25866283606399276
206,0.2586627842544905
207,0.2586627327474075
208,0.2586626815401615
209,0.258662630630201
210,0.2586625800150017
211,0.25866252969206804
212,0.25866247965893224
213,0.2586624299131527
214,0.2586623804523163
215,0.2586623312740353
216,0.25866228237594807
217,0.25866223375572067
218,0.2586621854110421
219,0.2586621373396286
220,0.25866208953921976
221,0.2586620420075807
222,0.2586619947424998
223,0.2586619477417899
224,0.2586619010032876
225,0.25866185452485196
226,0.2586618083043653
227,0.2586617623397327
228,0.2586617166288808
229,0.25866167116975947
230,0.2586616259603398
231,0.25866158099861325
232,0.25866153628259453
233,0.25866149181031717
234,0.25866144757983617
235,0.25866140358922746
236,0.25866135983658645
237,0.25866131632002776
238,0.25866127303768693
239,0.25866122998771773
240,0.2586611871682938
241,0.2586611445776067
242,0.25866110221386734
243,0.25866106007530476
244,0.25866101816016623
245,0.25866097646671615
246,0.25866093499323806
247,0.25866089373803125
248,0.25866085269941375
249,0.2586608118757197
250,0.2586607712653002
251,0.258660730866523
252,0.2586606906777724
253,0.2586606506974485
254,0.2586606109239675
255,0.2586605713557619
256,0.2586605319912793
257,0.2586604928289824
258,0.2586604538673498
259,0.25866041510487486
260,0.2586603765400657
261,0.2586603381714448
262,0.25866029999754986
263,0.2586602620169322
264,0.2586602242281575
265,0.2586601866298059
266,0.2586601492204707
267,0.25866011199875877
268,0.2586600749632909
269,0.2586600381127008
270,0.25866000144563556
271,0.2586599649607557
272,0.2586599286567337
273,0.25865989253225513
274,0.25865985658601826
275,0.258659820816733
276,0.2586597852231229
277,0.25865974980392203
278,0.258659714557878
279,0.2586596794837489
280,0.258659644580305
281,0.25865960984632813
282,0.25865957528061206
283,0.2586595408819609
284,0.2586595066491902
285,0.25865947258112676
286,0.25865943867660846
287,0.2586594049344832
288,0.25865937135361033
289,0.2586593379328592
290,0.25865930467111015
291,0.2586592715672526
292,0.25865923862018797
293,0.2586592058288261
294,0.25865917319208714
295,0.25865914070890184
296,0.2586591083782101
297,0.258659076198961
298,0.25865904417011415
299,0.25865901229063754
300,0.2586589805595095
301,0.2586589489757162
302,0.2586589175382537
303,0.2586588862461282
304,0.2586588550983522
305,0.25865882409394886
306,0.25865879323194935
307,0.2586587625113942
308,0.25865873193133143
309,0.2586587014908177
310,0.25865867118891867
311,0.2586586410247075
312,0.2586586109972659
313,0.2586585811056831
314,0.25865855134905685
315,0.2586585217264927
316,0.2586584922371038
317,0.25865846288001076
318,0.2586584336543426
319,0.2586584045592355
320,0.25865837559383226
321,0.25865834675728416
322,0.25865831804875006
323,0.25865828946739444
324,0.25865826101239053
325,0.25865823268291765
326,0.25865820447816296
327,0.2586581763973197
328,0.2586581484395881
329,0.25865812060417576
330,0.2586580928902964
331,0.2586580652971711
332,0.25865803782402624
333,0.25865801047009584
334,0.2586579832346204
335,0.2586579561168455
336,0.25865792911602487
337,0.2586579022314164
338,0.25865787546228597
339,0.25865784880790466
340,0.2586578222675498
341,0.25865779584050463
342,0.2586577695260583
343,0.2586577433235061
344,0.2586577172321489
345,0.25865769125129284
346,0.2586576653802506
347,0.25865763961834004
348,0.2586576139648845
349,0.2586575884192134
350,0.2586575629806608
351,0.25865753764856686
352,0.2586575124222763
353,0.2586574873011405
354,0.25865746228451414
355,0.25865743737175884
356,0.2586574125622404
357,0.2586573878553303
358,0.2586573632504043
359,0.2586573387468439
360,0.25865731434403527
361,0.2586572900413691
362,0.25865726583824156
363,0.25865724173405275
364,0.2586572177282091
365,0.2586571938201196
366,0.25865717000919963
367,0.25865714629486836
368,0.2586571226765499
369,0.25865709915367213
370,0.25865707572566854
371,0.2586570523919759
372,0.25865702915203664
373,0.2586570060052964
374,0.25865698295120526
375,0.25865695998921856
376,0.2586569371187948
377,0.25865691433939675
378,0.25865689165049216
379,0.25865686905155216
380,0.2586568465420521
