1,0.3470481594237427
2,0.2516019558540624
3,0.2515996014302363
4,0.251599601430236
5,0.25159960143023574
6,0.25159960143023546
7,0.2515996014302352
8,0.2515996014302349
9,0.25159960143023463
10,0.25159960143023435
11,0.2515996014302342
12,0.2515996014302339
13,0.25159960143023363
14,0.2515996014302333
15,0.251599601430233
16,0.2515996014302327
17,0.25159960143023236
18,0.2515996014302321
19,0.25159960143023186
20,0.2515996014302316
21,0.2515996014302313
22,0.251599601430231
23,0.25159960143023086
24,0.25159960143023063
25,0.2515996014302303
26,0.25159960143022997
27,0.2515996014302297
28,0.2515996014302295
29,0.2515996014302292
30,0.2515996014302289
31,0.25159960143022864
32,0.25159960143022836
33,0.25159960143022814
34,0.25159960143022786
35,0.2515996014302276
36,0.2515996014302272
37,0.25159960143022697
38,0.25159960143022675
39,0.2515996014302265
40,0.2515996014302262
41,0.251599601430226
42,0.2515996014302258
43,0.25159960143022564
44,0.2515996014302253
45,0.25159960143022514
46,0.25159960143022486
47,0.2515996014302246
48,0.2515996014302243
49,0.25159960143022403
50,0.25159960143022375
51,0.25159960143022353
52,0.2515996014302233
53,0.2515996014302231
54,0.25159960143022275
55,0.2515996014302225
56,0.25159960143022225
57,0.25159960143022203
58,0.2515996014302218
59,0.25159960143022153
60,0.25159960143022125
61,0.25159960143022103
62,0.25159960143022075
63,0.2515996014302205
64,0.25159960143022025
65,0.25159960143022003
66,0.25159960143021975
67,0.2515996014302195
68,0.2515996014302193
69,0.25159960143021914
70,0.25159960143021887
71,0.2515996014302186
72,0.25159960143021837
73,0.25159960143021803
74,0.2515996014302178
75,0.25159960143021765
76,0.25159960143021737
77,0.2515996014302172
78,0.2515996014302169
79,0.25159960143021676
80,0.2515996014302165
81,0.2515996014302162
82,0.2515996014302159
83,0.25159960143021576
84,0.2515996014302156
85,0.25159960143021537
86,0.2515996014302151
87,0.2515996014302149
88,0.2515996014302146
89,0.2515996014302143
90,0.251599601430214
91,0.2515996014302138
92,0.2515996014302136
93,0.2515996014302134
94,0.25159960143021326
95,0.25159960143021304
96,0.25159960143021287
97,0.25159960143021254
98,0.2515996014302123
99,0.25159960143021215
100,0.25159960143021187
101,0.25159960143021165
102,0.25159960143021143
103,0.25159960143021115
104,0.25159960143021104
105,0.2515996014302108
106,0.2515996014302106
107,0.2515996014302104
108,0.25159960143021015
109,0.2515996014302099
110,0.2515996014302097
111,0.2515996014302095
112,0.2515996014302092
113,0.25159960143020904
114,0.2515996014302089
115,0.2515996014302086
116,0.2515996014302084
117,0.25159960143020815
118,0.251599601430208
119,0.25159960143020776
120,0.25159960143020765
121,0.25159960143020743
122,0.2515996014302072
123,0.25159960143020693
124,0.2515996014302067
125,0.2515996014302065
126,0.25159960143020627
127,0.25159960143020615
128,0.2515996014302059
129,0.25159960143020565
130,0.25159960143020543
131,0.2515996014302052
132,0.251599601430205
133,0.25159960143020477
134,0.25159960143020466
135,0.2515996014302043
136,0.2515996014302042
137,0.25159960143020405
138,0.25159960143020366
139,0.25159960143020343
140,0.25159960143020327
141,0.2515996014302031
142,0.2515996014302028
143,0.2515996014302027
144,0.25159960143020244
145,0.25159960143020227
146,0.25159960143020205
147,0.25159960143020194
148,0.2515996014302017
149,0.25159960143020155
150,0.25159960143020127
151,0.25159960143020116
152,0.2515996014302009
153,0.25159960143020077
154,0.2515996014302005
155,0.2515996014302002
156,0.25159960143020005
157,0.2515996014301999
158,0.25159960143019966
159,0.25159960143019944
160,0.2515996014301991
161,0.2515996014301991
162,0.2515996014301989
163,0.2515996014301987
164,0.2515996014301985
165,0.2515996014301983
166,0.25159960143019816
167,0.25159960143019794
168,0.2515996014301978
169,0.25159960143019755
170,0.25159960143019733
171,0.2515996014301971
172,0.2515996014301969
173,0.2515996014301968
174,0.25159960143019655
175,0.25159960143019644
176,0.2515996014301963
177,0.2515996014301961
178,0.2515996014301959
179,0.2515996014301956
180,0.25159960143019544
181,0.2515996014301952
182,0.251599601430195
183,0.25159960143019483
184,0.2515996014301947
185,0.25159960143019444
186,0.2515996014301943
187,0.25159960143019416
188,0.2515996014301939
189,0.25159960143019366
190,0.2515996014301935
191,0.25159960143019333
192,0.25159960143019316
193,0.25159960143019294
194,0.2515996014301928
195,0.25159960143019255
196,0.25159960143019233
197,0.2515996014301922
198,0.25159960143019205
199,0.2515996014301919
200,0.2515996014301918
201,0.25159960143019156
202,0.25159960143019133
203,0.2515996014301912
204,0.251599601430191
205,0.2515996014301908
206,0.25159960143019067
207,0.25159960143019044
208,0.25159960143019033
209,0.2515996014301901
210,0.25159960143019
211,0.25159960143018983
212,0.25159960143018967
213,0.2515996014301895
214,0.2515996014301893
215,0.2515996014301891
216,0.251599601430189
217,0.25159960143018884
218,0.2515996014301886
219,0.25159960143018845
220,0.2515996014301882
221,0.2515996014301881
222,0.251599601430188
223,0.2515996014301879
224,0.25159960143018767
225,0.2515996014301875
226,0.2515996014301872
227,0.25159960143018717
228,0.25159960143018695
229,0.2515996014301868
230,0.2515996014301866
231,0.2515996014301864
232,0.2515996014301862
233,0.25159960143018617
234,0.251599601430186
235,0.25159960143018584
236,0.2515996014301857
237,0.2515996014301855
238,0.25159960143018534
239,0.2515996014301852
240,0.251599601430185
241,0.25159960143018484
242,0.2515996014301847
243,0.2515996014301845
244,0.2515996014301844
245,0.2515996014301842
246,0.25159960143018406
247,0.2515996014301839
248,0.2515996014301837
249,0.2515996014301836
250,0.25159960143018345
251,0.25159960143018323
252,0.25159960143018306
253,0.25159960143018295
254,0.2515996014301828
255,0.25159960143018256
256,0.2515996014301824
257,0.2515996014301823
258,0.25159960143018206
259,0.2515996014301819
260,0.25159960143018184
261,0.2515996014301816
262,0.25159960143018156
263,0.25159960143018134
264,0.2515996014301812
265,0.251599601430181
266,0.2515996014301809
267,0.2515996014301808
268,0.2515996014301807
269,0.2515996014301805
270,0.25159960143018034
271,0.2515996014301802
272,0.25159960143018
273,0.2515996014301799
274,0.25159960143017973
275,0.25159960143017956
276,0.2515996014301794
277,0.25159960143017923
278,0.25159960143017907
279,0.25159960143017884
280,0.2515996014301787
281,0.25159960143017857
282,0.25159960143017845
283,0.25159960143017823
284,0.25159960143017807
285,0.25159960143017795
286,0.25159960143017773
287,0.2515996014301777
288,0.2515996014301775
289,0.2515996014301774
290,0.2515996014301772
291,0.2515996014301771
292,0.25159960143017696
293,0.2515996014301768
294,0.2515996014301766
295,0.25159960143017646
296,0.2515996014301763
297,0.25159960143017623
298,0.25159960143017607
299,0.25159960143017596
300,0.2515996014301758
301,0.2515996014301756
302,0.25159960143017546
303,0.2515996014301753
304,0.25159960143017507
305,0.2515996014301749
306,0.25159960143017474
307,0.2515996014301746
308,0.25159960143017446
309,0.25159960143017435
310,0.25159960143017424
311,0.251599601430174
312,0.2515996014301739
313,0.2515996014301738
314,0.2515996014301736
315,0.2515996014301735
316,0.25159960143017335
317,0.25159960143017324
318,0.2515996014301731
319,0.251599601430173
320,0.25159960143017285
321,0.2515996014301727
322,0.2515996014301726
323,0.2515996014301724
324,0.25159960143017224
325,0.2515996014301721
326,0.2515996014301719
327,0.25159960143017174
328,0.2515996014301717
329,0.2515996014301716
330,0.2515996014301715
331,0.2515996014301713
332,0.2515996014301712
333,0.25159960143017107
334,0.25159960143017085
335,0.25159960143017074
336,0.25159960143017057
337,0.25159960143017046
338,0.2515996014301703
339,0.2515996014301702
340,0.25159960143017
341,0.2515996014301699
342,0.25159960143016974
343,0.25159960143016963
344,0.2515996014301695
345,0.25159960143016935
346,0.25159960143016924
347,0.251599601430169
348,0.25159960143016896
349,0.2515996014301688
350,0.25159960143016863
351,0.25159960143016846
352,0.2515996014301684
353,0.25159960143016813
354,0.25159960143016796
355,0.2515996014301679
356,0.25159960143016774
357,0.25159960143016763
358,0.25159960143016746
359,0.25159960143016735
360,0.25159960143016724
361,0.2515996014301672
362,0.251599601430167
363,0.25159960143016696
364,0.2515996014301668
365,0.25159960143016663
366,0.2515996014301665
367,0.2515996014301664
368,0.25159960143016624
369,0.25159960143016613
370,0.25159960143016596
371,0.25159960143016585
372,0.25159960143016574
373,0.25159960143016563
374,0.2515996014301655
375,0.25159960143016535
376,0.25159960143016524
377,0.2515996014301652
378,0.25159960143016497
379,0.2515996014301648
380,0.25159960143016474
381,0.2515996014301646
382,0.25159960143016447
383,0.25159960143016435
384,0.25159960143016413
385,0.251599601430164
386,0.2515996014301639
387,0.2515996014301638
