1,0.258638207327081
2,0.25857624554564124
3,0.25857572786634164
4,0.25857522508700953
5,0.2585747366446373
6,0.25857426200178807
7,0.2585738006452734
8,0.25857335208490373
9,0.25857291585231135
10,0.2585724914998397
11,0.2585720785994927
12,0.2585716767419443
13,0.25857128553560416
14,0.2585709046057317
15,0.25857053359360327
16,0.25857017215572226
17,0.25856981996307254
18,0.2585694767004133
19,0.2585691420656132
20,0.2585688157690182
21,0.25856849753285366
22,0.25856818709066176
23,0.25856788418676496
24,0.25856758857575685
25,0.25856730002202616
26,0.2585670182992999
27,0.258566743190212
28,0.2585664744858944
29,0.2585662119855912
30,0.2585659554962878
31,0.2585657048323654
32,0.2585654598152669
33,0.258565220273184
34,0.258564986040759
35,0.25856475695879905
36,0.2585645328740092
37,0.2585643136387334
38,0.2585640991107135
39,0.258563889152856
40,0.258563683633012
41,0.2585634824237678
42,0.2585632854022444
43,0.2585630924499096
44,0.2585629034523932
45,0.2585627182993196
46,0.2585625368841385
47,0.25856235910397196
48,0.2585621848594634
49,0.258562014054636
50,0.25856184659675596
51,0.25856168239620436
52,0.258561521366352
53,0.2585613634234427
54,0.25856120848647896
55,0.2585610564771168
56,0.25856090731956
57,0.2585607609404645
58,0.25856061726884155
59,0.25856047623597184
60,0.2585603377753148
61,0.2585602018224308
62,0.25856006831489997
63,0.2585599371922475
64,0.258559808395872
65,0.25855968186897677
66,0.25855955755650206
67,0.25855943540506426
68,0.2585593153628936
69,0.25855919737977684
70,0.25855908140700046
71,0.25855896739729906
72,0.2585588553048029
73,0.25855874508498805
74,0.25855863669463164
75,0.2585585300917648
76,0.25855842523562883
77,0.2585583220866353
78,0.25855822060632505
79,0.2585581207573291
80,0.25855802250333265
81,0.25855792580903914
82,0.2585578306401372
83,0.25855773696326534
84,0.25855764474598375
85,0.2585575539567403
86,0.25855746456484513
87,0.25855737654043903
88,0.2585572898544699
89,0.2585572044786637
90,0.25855712038550066
91,0.2585570375481925
92,0.25855695594065725
93,0.258556875537496
94,0.2585567963139758
95,0.25855671824600446
96,0.2585566413101127
97,0.2585565654834332
98,0.25855649074368453
99,0.25855641706915183
100,0.25855634443866804
101,0.25855627283160065
102,0.2585562022278324
103,0.2585561326077472
104,0.2585560639522161
105,0.25855599624258013
106,0.25855592946063877
107,0.2585558635886355
108,0.2585557986092453
109,0.25855573450556085
110,0.2585556712610817
111,0.258555608859702
112,0.25855554728569946
113,0.2585554865237232
114,0.2585554265587853
115,0.2585553673762478
116,0.2585553089618151
117,0.25855525130152446
118,0.2585551943817335
119,0.2585551381891157
120,0.25855508271064875
121,0.25855502793360635
122,0.2585549738455516
123,0.25855492043432726
124,0.2585548676880497
125,0.2585548155951009
126,0.2585547641441202
127,0.2585547133240003
128,0.25855466312387715
129,0.25855461353312525
130,0.2585545645413509
131,0.258554516138387
132,0.2585544683142859
133,0.25855442105931414
134,0.25855437436394657
135,0.25855432821886204
136,0.25855428261493674
137,0.25855423754324003
138,0.2585541929950291
139,0.2585541489617452
140,0.2585541054350062
141,0.2585540624066059
142,0.25855401986850723
143,0.2585539778128384
144,0.2585539362318892
145,0.25855389511810656
146,0.2585538544640911
147,0.25855381426259283
148,0.25855377450650824
149,0.25855373518887564
150,0.2585536963028733
151,0.25855365784181417
152,0.25855361979914443
153,0.25855358216843893
154,0.2585535449433986
155,0.2585535081178482
156,0.2585534716857324
157,0.2585534356411126
158,0.25855339997816607
159,0.2585533646911811
160,0.2585533297745555
161,0.25855329522279447
162,0.2585532610305069
163,0.25855322719240387
