1,0.34183940070274976
2,0.2640884086723242
3,0.2482706878042106
4,0.24730981251184164
5,0.24723648529462186
6,0.2472252661387611
7,0.24722178453312954
8,0.2472195981049085
9,0.24721764939128232
10,0.24721574953604228
11,0.24721386422810215
12,0.24721198719665505
13,0.24721011727697187
14,0.24720825423479872
15,0.24720639800551372
16,0.24720454855547297
17,0.24720270585674436
18,0.24720086988249865
19,0.24719904060617298
20,0.24719721800131517
21,0.24719540204155788
22,0.247193592700612
23,0.2471917899522651
24,0.24718999377038478
25,0.24718820412891424
26,0.24718642100187557
27,0.24718464436336846
28,0.24718287418757132
29,0.24718111044874005
30,0.2471793531212097
31,0.24717760217939297
32,0.2471758575977825
33,0.24717411935094952
34,0.24717238741354458
35,0.24717066176029714
36,0.24716894236601578
37,0.2471672292055906
38,0.24716552225398988
39,0.24716382148626165
40,0.2471621268775359
41,0.24716043840302104
42,0.24715875603800735
43,0.24715707975786502
44,0.24715540953804488
45,0.24715374535407855
46,0.24715208718157894
47,0.24715043499623965
48,0.24714878877383642
49,0.2471471484902249
50,0.2471455141213431
51,0.24714388564321008
52,0.2471422630319263
53,0.24714064626367382
54,0.24713903531471815
55,0.24713743016140285
56,0.24713583078015644
57,0.2471342371474883
58,0.24713264923998962
59,0.24713106703433366
60,0.24712949050727548
61,0.24712791963565237
62,0.2471263543963827
63,0.24712479476646862
64,0.24712324072299321
65,0.24712169224312144
66,0.2471201493041006
67,0.24711861188326018
68,0.24711707995801177
69,0.24711555350584866
70,0.247114032504346
71,0.2471125169311615
72,0.2471110067640342
73,0.24710950198078524
74,0.24710800255931806
75,0.24710650847761712
76,0.2471050197137494
77,0.24710353624586306
78,0.24710205805218832
79,0.24710058511103705
80,0.24709911740080118
81,0.2470976548999566
82,0.24709619758705872
83,0.24709474544074425
84,0.2470932984397329
85,0.2470918565628233
86,0.2470904197888965
87,0.2470889880969142
88,0.24708756146591843
89,0.2470861398750325
90,0.24708472330346024
91,0.24708331173048576
92,0.24708190513547396
93,0.24708050349787009
94,0.2470791067971993
95,0.24707771501306622
96,0.24707632812515676
97,0.24707494611323585
98,0.24707356895714744
99,0.24707219663681654
100,0.24707082913224607
101,0.24706946642351943
102,0.24706810849079816
103,0.24706675531432315
104,0.24706540687441417
105,0.24706406315146998
106,0.24706272412596678
107,0.24706138977846046
108,0.24706006008958376
109,0.2470587350400484
110,0.24705741461064365
111,0.24705609878223692
112,0.24705478753577173
113,0.24705348085227066
114,0.24705217871283283
115,0.24705088109863382
116,0.24704958799092697
117,0.24704829937104147
118,0.24704701522038316
119,0.24704573552043504
120,0.24704446025275492
121,0.24704318939897693
122,0.24704192294081143
123,0.247040660860044
124,0.24703940313853498
125,0.2470381497582209
126,0.24703690070111248
127,0.2470356559492954
128,0.24703441548492971
129,0.2470331792902507
130,0.2470319473475662
131,0.2470307196392596
132,0.24702949614778688
133,0.24702827685567816
134,0.24702706174553654
135,0.24702585080003875
136,0.24702464400193322
137,0.2470234413340431
138,0.2470222427792622
139,0.2470210483205573
140,0.24701985794096729
141,0.24701867162360236
142,0.24701748935164505
143,0.24701631110834898
144,0.24701513687703888
145,0.24701396664111064
146,0.24701280038403053
147,0.24701163808933604
148,0.24701047974063384
149,0.24700932532160172
150,0.24700817481598705
151,0.2470070282076061
152,0.2470058854803458
153,0.24700474661816146
154,0.247003611605077
155,0.24700248042518608
156,0.24700135306265
157,0.24700022950169845
158,0.24699910972662978
159,0.24699799372180925
160,0.2469968814716702
161,0.2469957729607135
162,0.2469946681735069
163,0.24699356709468476
164,0.24699246970894803
165,0.24699137600106494
166,0.24699028595586914
167,0.24698919955826
168,0.24698811679320382
169,0.246987037645731
170,0.2469859621009377
171,0.24698489014398567
172,0.24698382176010017
173,0.24698275693457256
174,0.24698169565275688
175,0.24698063790007282
176,0.24697958366200273
177,0.24697853292409283
178,0.2469774856719534
179,0.246976441891257
180,0.24697540156773898
181,0.24697436468719824
182,0.24697333123549564
183,0.24697230119855354
184,0.24697127456235768
185,0.2469702513129539
186,0.2469692314364504
187,0.24696821491901727
188,0.24696720174688414
189,0.24696619190634256
190,0.24696518538374365
191,0.24696418216549934
192,0.24696318223808197
193,0.24696218558802258
194,0.2469611922019131
195,0.24696020206640357
196,0.2469592151682039
197,0.24695823149408258
198,0.24695725103086694
199,0.246956273765442
200,0.24695529968475158
201,0.24695432877579682
202,0.2469533610256375
203,0.2469523964213896
204,0.24695143495022656
205,0.24695047659937933
206,0.24694952135613465
207,0.24694856920783614
208,0.2469476201418836
209,0.2469466741457321
210,0.24694573120689384
211,0.24694479131293406
212,0.2469438544514752
