1,0.2789813590228268
2,0.25510952430806716
3,0.2551024620189588
4,0.2550956222811887
5,0.2550889988588207
6,0.25508258550628277
7,0.25507637599381655
8,0.25507036413005
9,0.2550645437818639
10,0.25505890889171606
11,0.25505345349260533
12,0.25504817172085514
13,0.2550430578268897
14,0.25503810618417844
15,0.2550333112965205
16,0.2550286678038201
17,0.25502417048651826
18,0.25501981426881243
19,0.25501559422080605
20,0.25501150555971175
21,0.25500754365021944
22,0.2550037040041434
23,0.2549999822794341
24,0.2549963742786556
25,0.2549928759469973
26,0.25498948336990146
27,0.25498619277036305
28,0.25498300050596695
29,0.2549799030657094
30,0.2549768970666509
31,0.25497397925044063
32,0.2549711464797515
33,0.2549683957346485
34,0.25496572410892865
35,0.2549631288064431
36,0.2549606071374346
37,0.25495815651489934
38,0.254955774450986
39,0.2549534585534538
40,0.2549512065221895
41,0.2549490161458002
42,0.25494688529827986
43,0.25494481193576385
44,0.25494279409336806
45,0.2549408298821242
46,0.2549389174860005
47,0.254937055159024
48,0.2549352412224939
49,0.2549334740622905
50,0.2549317521262798
51,0.2549300739218096
52,0.25492843801329784
53,0.2549268430199147
54,0.2549252876133495
55,0.25492377051566517
56,0.2549222904972387
57,0.2549208463747822
58,0.2549194370094432
59,0.25491806130498484
60,0.2549167182060383
61,0.25491540669642676
62,0.2549141257975623
63,0.25491287456690637
64,0.254911652096498
65,0.25491045751154223
66,0.25490928996905915
67,0.2549081486565886
68,0.2549070327909556
69,0.25490594161708036
70,0.25490487440684645
71,0.25490383045801346
72,0.2549028090931776
73,0.2549018096587772
74,0.25490083152414006
75,0.2548998740805727
76,0.2548989367404879
77,0.2548980189365704
78,0.25489712012097676
79,0.254896239764572
80,0.2548953773561985
81,0.2548945324019724
82,0.25489370442461506
83,0.2548928929628099
84,0.25489209757058795
85,0.25489131781673885
86,0.25489055328424576
87,0.2548898035697476
88,0.25488906828301894
89,0.2548883470464758
90,0.2548876394946998
91,0.2548869452739843
92,0.2548862640418971
93,0.2548855954668626
94,0.25488493922775984
95,0.25488429501354254
96,0.25488366252286393
97,0.2548830414637288
98,0.25488243155315204
99,0.25488183251683433
100,0.2548812440888497
101,0.254880666011346
102,0.254880098034258
103,0.2548795399150315
104,0.2548789914183577
105,0.25487845231591993
106,0.2548779223861491
107,0.25487740141398885
108,0.2548768891906707
109,0.2548763855134971
110,0.2548758901856331
111,0.25487540301590744
112,0.2548749238186198
113,0.25487445241335427
114,0.25487398862480465
115,0.25487353228260107
116,0.25487308322114766
117,0.25487264127946135
118,0.25487220630102253
119,0.25487177813362766
120,0.254871356629247
121,0.2548709416438902
122,0.2548705330374765
123,0.2548701306737052
124,0.25486973441993893
125,0.25486934414708334
126,0.2548689597294764
127,0.2548685810447795
128,0.2548682079738722
129,0.2548678404007532
130,0.2548674782124401
131,0.2548671212988805
132,0.25486676955285686
133,0.25486642286990135
134,0.25486608114821313
135,0.25486574428857384
136,0.2548654121942736
137,0.2548650847710316
138,0.2548647619269251
139,0.2548644435723197
140,0.2548641296197985
141,0.25486381998409985
142,0.25486351458205164
143,0.2548632133325099
144,0.2548629161563023
145,0.2548626229761671
146,0.25486233371670114
147,0.2548620483043038
148,0.2548617666671278
149,0.25486148873502645
150,0.2548612144395085
151,0.2548609437136883
152,0.2548606764922422
153,0.2548604127113661
154,0.25486015230872977
155,0.25485989522343855
156,0.2548596413959929
157,0.2548593907682499
158,0.2548591432833867
159,0.2548588988858631
160,0.25485865752138825
161,0.2548584191368866
162,0.25485818368046453
163,0.2548579511013787
164,0.25485772135000667
165,0.25485749437781574
166,0.2548572701373342
167,0.2548570485821244
168,0.254856829666755
169,0.25485661334677434
170,0.25485639957868556
171,0.25485618831992246
172,0.254855979528824
173,0.25485577316461155
174,0.25485556918736796
175,0.25485536755801325
176,0.25485516823828547
177,0.2548549711907181
178,0.25485477637862214
179,0.2548545837660648
180,0.2548543933178522
181,0.2548542049995098
182,0.25485401877726543
183,0.2548538346180319
184,0.25485365248938996
185,0.2548534723595721
186,0.25485329419744673
187,0.25485311797250304
188,0.2548529436548359
189,0.25485277121513095
190,0.2548526006246508
191,0.2548524318552217
192,0.2548522648792196
193,0.25485209966955646
194,0.2548519361996702
195,0.25485177444351037
196,0.2548516143755244
197,0.2548514559706507
198,0.2548512992043041
199,0.25485114405236514
200,0.2548509904911702
201,0.25485083849750056
202,0.2548506880485721
203,0.2548505391220264
204,0.2548503916959193
205,0.25485024574871395
206,0.25485010125926993
207,0.2548499582068341
208,0.2548498165710348
209,0.2548496763318687
210,0.2548495374696981
