1,0.27864911962608163
2,0.2492146322781846
3,0.24912212258161953
4,0.2491221225646446
5,0.2491221225646447
6,0.24912212256464464
7,0.2491221225646447
8,0.24912212256464464
9,0.2491221225646447
10,0.24912212256464464
11,0.2491221225646447
12,0.24912212256464464
13,0.2491221225646447
14,0.24912212256464464
15,0.2491221225646447
16,0.24912212256464464
17,0.2491221225646447
18,0.24912212256464464
19,0.2491221225646447
20,0.24912212256464464
21,0.2491221225646447
22,0.24912212256464464
23,0.2491221225646447
24,0.24912212256464464
25,0.2491221225646447
26,0.24912212256464464
27,0.2491221225646447
28,0.24912212256464464
29,0.2491221225646447
30,0.24912212256464464
31,0.2491221225646447
32,0.24912212256464464
33,0.2491221225646447
34,0.24912212256464464
35,0.2491221225646447
36,0.24912212256464464
37,0.2491221225646447
38,0.24912212256464464
39,0.2491221225646447
40,0.24912212256464464
41,0.2491221225646447
42,0.24912212256464464
43,0.2491221225646447
44,0.24912212256464464
45,0.2491221225646447
46,0.24912212256464464
47,0.2491221225646447
48,0.24912212256464464
49,0.2491221225646447
50,0.24912212256464464
51,0.2491221225646447
52,0.24912212256464464
53,0.2491221225646447
54,0.24912212256464464
55,0.2491221225646447
56,0.24912212256464464
57,0.2491221225646447
58,0.24912212256464464
59,0.2491221225646447
60,0.24912212256464464
61,0.2491221225646447
62,0.24912212256464464
63,0.2491221225646447
64,0.24912212256464464
65,0.2491221225646447
66,0.24912212256464464
67,0.2491221225646447
68,0.24912212256464464
69,0.2491221225646447
70,0.24912212256464464
71,0.2491221225646447
72,0.24912212256464464
73,0.2491221225646447
74,0.24912212256464464
75,0.2491221225646447
76,0.24912212256464464
77,0.2491221225646447
78,0.24912212256464464
79,0.2491221225646447
80,0.24912212256464464
81,0.2491221225646447
82,0.24912212256464464
83,0.2491221225646447
84,0.24912212256464464
85,0.2491221225646447
86,0.24912212256464464
87,0.2491221225646447
88,0.24912212256464464
89,0.2491221225646447
90,0.24912212256464464
91,0.2491221225646447
92,0.24912212256464464
93,0.2491221225646447
94,0.24912212256464464
95,0.2491221225646447
96,0.24912212256464464
97,0.2491221225646447
98,0.24912212256464464
99,0.2491221225646447
100,0.24912212256464464
101,0.2491221225646447
102,0.24912212256464464
103,0.2491221225646447
104,0.24912212256464464
105,0.2491221225646447
106,0.24912212256464464
107,0.2491221225646447
108,0.24912212256464464
109,0.2491221225646447
110,0.24912212256464464
111,0.2491221225646447
112,0.24912212256464464
113,0.2491221225646447
114,0.24912212256464464
115,0.2491221225646447
116,0.24912212256464464
117,0.2491221225646447
118,0.24912212256464464
119,0.2491221225646447
120,0.24912212256464464
121,0.2491221225646447
122,0.24912212256464464
123,0.2491221225646447
124,0.24912212256464464
125,0.2491221225646447
126,0.24912212256464464
127,0.2491221225646447
128,0.24912212256464464
129,0.2491221225646447
130,0.24912212256464464
131,0.2491221225646447
132,0.24912212256464464
133,0.2491221225646447
134,0.24912212256464464
135,0.2491221225646447
136,0.24912212256464464
137,0.2491221225646447
138,0.24912212256464464
139,0.2491221225646447
140,0.24912212256464464
141,0.2491221225646447
142,0.24912212256464464
143,0.2491221225646447
144,0.24912212256464464
145,0.2491221225646447
146,0.24912212256464464
147,0.2491221225646447
148,0.24912212256464464
149,0.2491221225646447
150,0.24912212256464464
151,0.2491221225646447
152,0.24912212256464464
153,0.2491221225646447
154,0.24912212256464464
155,0.2491221225646447
156,0.24912212256464464
157,0.2491221225646447
158,0.24912212256464464
159,0.2491221225646447
160,0.24912212256464464
161,0.2491221225646447
162,0.24912212256464464
163,0.2491221225646447
164,0.24912212256464464
165,0.2491221225646447
166,0.24912212256464464
167,0.2491221225646447
168,0.24912212256464464
169,0.2491221225646447
170,0.24912212256464464
171,0.2491221225646447
172,0.24912212256464464
173,0.2491221225646447
174,0.24912212256464464
175,0.2491221225646447
176,0.24912212256464464
177,0.2491221225646447
178,0.24912212256464464
179,0.2491221225646447
180,0.24912212256464464
181,0.2491221225646447
182,0.24912212256464464
183,0.2491221225646447
184,0.24912212256464464
185,0.2491221225646447
186,0.24912212256464464
187,0.2491221225646447
188,0.24912212256464464
189,0.2491221225646447
190,0.24912212256464464
191,0.2491221225646447
192,0.24912212256464464
193,0.2491221225646447
194,0.24912212256464464
195,0.2491221225646447
196,0.24912212256464464
197,0.2491221225646447
198,0.24912212256464464
199,0.2491221225646447
200,0.24912212256464464
201,0.2491221225646447
202,0.24912212256464464
203,0.2491221225646447
204,0.24912212256464464
205,0.2491221225646447
206,0.24912212256464464
207,0.2491221225646447
208,0.24912212256464464
209,0.2491221225646447
210,0.24912212256464464
211,0.2491221225646447
212,0.24912212256464464
213,0.2491221225646447
214,0.24912212256464464
215,0.2491221225646447
216,0.24912212256464464
217,0.2491221225646447
218,0.24912212256464464
219,0.2491221225646447
220,0.24912212256464464
221,0.2491221225646447
222,0.24912212256464464
223,0.2491221225646447
224,0.24912212256464464
225,0.2491221225646447
226,0.24912212256464464
227,0.2491221225646447
228,0.24912212256464464
229,0.2491221225646447
230,0.24912212256464464
231,0.2491221225646447
232,0.24912212256464464
233,0.2491221225646447
234,0.24912212256464464
235,0.2491221225646447
236,0.24912212256464464
237,0.2491221225646447
238,0.24912212256464464
239,0.2491221225646447
240,0.24912212256464464
241,0.2491221225646447
242,0.24912212256464464
243,0.2491221225646447
244,0.24912212256464464
245,0.2491221225646447
246,0.24912212256464464
247,0.2491221225646447
248,0.24912212256464464
249,0.2491221225646447
250,0.24912212256464464
251,0.2491221225646447
252,0.24912212256464464
253,0.2491221225646447
254,0.24912212256464464
255,0.2491221225646447
256,0.24912212256464464
257,0.2491221225646447
258,0.24912212256464464
259,0.2491221225646447
260,0.24912212256464464
261,0.2491221225646447
262,0.24912212256464464
263,0.2491221225646447
264,0.24912212256464464
265,0.2491221225646447
266,0.24912212256464464
267,0.2491221225646447
268,0.24912212256464464
269,0.2491221225646447
270,0.24912212256464464
271,0.2491221225646447
272,0.24912212256464464
273,0.2491221225646447
274,0.24912212256464464
275,0.2491221225646447
276,0.24912212256464464
277,0.2491221225646447
278,0.24912212256464464
279,0.2491221225646447
280,0.24912212256464464
281,0.2491221225646447
282,0.24912212256464464
283,0.2491221225646447
284,0.24912212256464464
285,0.2491221225646447
286,0.24912212256464464
287,0.2491221225646447
288,0.24912212256464464
289,0.2491221225646447
290,0.24912212256464464
291,0.2491221225646447
292,0.24912212256464464
293,0.2491221225646447
294,0.24912212256464464
295,0.2491221225646447
296,0.24912212256464464
297,0.2491221225646447
298,0.24912212256464464
299,0.2491221225646447
300,0.24912212256464464
301,0.2491221225646447
302,0.24912212256464464
303,0.2491221225646447
304,0.24912212256464464
305,0.2491221225646447
306,0.24912212256464464
307,0.2491221225646447
308,0.24912212256464464
309,0.2491221225646447
310,0.24912212256464464
311,0.2491221225646447
312,0.24912212256464464
313,0.2491221225646447
314,0.24912212256464464
315,0.2491221225646447
316,0.24912212256464464
317,0.2491221225646447
318,0.24912212256464464
319,0.2491221225646447
320,0.24912212256464464
321,0.2491221225646447
322,0.24912212256464464
323,0.2491221225646447
324,0.24912212256464464
325,0.2491221225646447
326,0.24912212256464464
327,0.2491221225646447
328,0.24912212256464464
329,0.2491221225646447
330,0.24912212256464464
331,0.2491221225646447
332,0.24912212256464464
333,0.2491221225646447
334,0.24912212256464464
335,0.2491221225646447
336,0.24912212256464464
337,0.2491221225646447
338,0.24912212256464464
339,0.2491221225646447
340,0.24912212256464464
341,0.2491221225646447
342,0.24912212256464464
343,0.2491221225646447
344,0.24912212256464464
345,0.2491221225646447
346,0.24912212256464464
347,0.2491221225646447
348,0.24912212256464464
349,0.2491221225646447
350,0.24912212256464464
351,0.2491221225646447
352,0.24912212256464464
353,0.2491221225646447
354,0.24912212256464464
355,0.2491221225646447
356,0.24912212256464464
357,0.2491221225646447
358,0.24912212256464464
359,0.2491221225646447
360,0.24912212256464464
361,0.2491221225646447
362,0.24912212256464464
363,0.2491221225646447
364,0.24912212256464464
365,0.2491221225646447
366,0.24912212256464464
367,0.2491221225646447
368,0.24912212256464464
369,0.2491221225646447
370,0.24912212256464464
371,0.2491221225646447
372,0.24912212256464464
373,0.2491221225646447
374,0.24912212256464464
375,0.2491221225646447
376,0.24912212256464464
377,0.2491221225646447
378,0.24912212256464464
379,0.2491221225646447
380,0.24912212256464464
381,0.2491221225646447
382,0.24912212256464464
383,0.2491221225646447
384,0.24912212256464464
385,0.2491221225646447
386,0.24912212256464464
387,0.2491221225646447
388,0.24912212256464464
389,0.2491221225646447
390,0.24912212256464464
391,0.2491221225646447
392,0.24912212256464464
393,0.2491221225646447
394,0.24912212256464464
395,0.2491221225646447
396,0.24912212256464464
397,0.2491221225646447
398,0.24912212256464464
399,0.2491221225646447
400,0.24912212256464464
401,0.2491221225646447
402,0.24912212256464464
403,0.2491221225646447
404,0.24912212256464464
405,0.2491221225646447
406,0.24912212256464464
407,0.2491221225646447
408,0.24912212256464464
409,0.2491221225646447
410,0.24912212256464464
411,0.2491221225646447
412,0.24912212256464464
413,0.2491221225646447
414,0.24912212256464464
415,0.2491221225646447
416,0.24912212256464464
417,0.2491221225646447
418,0.24912212256464464
