1,0.2617947786755998
2,0.252545909779149
3,0.2521784299472392
4,0.2521784299472623
5,0.2521784299472623
6,0.2521784299472623
7,0.2521784299472623
8,0.2521784299472623
9,0.2521784299472623
10,0.2521784299472623
11,0.2521784299472623
12,0.2521784299472623
13,0.2521784299472623
14,0.2521784299472623
15,0.2521784299472623
16,0.2521784299472623
17,0.2521784299472623
18,0.2521784299472623
19,0.2521784299472623
20,0.2521784299472623
21,0.2521784299472623
22,0.2521784299472623
23,0.2521784299472623
24,0.2521784299472623
25,0.2521784299472623
26,0.2521784299472623
27,0.2521784299472623
28,0.2521784299472623
29,0.2521784299472623
30,0.2521784299472623
31,0.2521784299472623
32,0.2521784299472623
33,0.2521784299472623
34,0.2521784299472623
35,0.2521784299472623
36,0.2521784299472623
37,0.2521784299472623
38,0.2521784299472623
39,0.2521784299472623
40,0.2521784299472623
41,0.2521784299472623
42,0.2521784299472623
43,0.2521784299472623
44,0.2521784299472623
45,0.2521784299472623
46,0.2521784299472623
47,0.2521784299472623
48,0.2521784299472623
49,0.2521784299472623
50,0.2521784299472623
51,0.2521784299472623
52,0.2521784299472623
53,0.2521784299472623
54,0.2521784299472623
55,0.2521784299472623
56,0.2521784299472623
57,0.2521784299472623
58,0.2521784299472623
59,0.2521784299472623
60,0.2521784299472623
61,0.2521784299472623
62,0.2521784299472623
63,0.2521784299472623
64,0.2521784299472623
65,0.2521784299472623
66,0.2521784299472623
67,0.2521784299472623
68,0.2521784299472623
69,0.2521784299472623
70,0.2521784299472623
71,0.2521784299472623
72,0.2521784299472623
73,0.2521784299472623
74,0.2521784299472623
75,0.2521784299472623
76,0.2521784299472623
77,0.2521784299472623
78,0.2521784299472623
79,0.2521784299472623
80,0.2521784299472623
81,0.2521784299472623
82,0.2521784299472623
83,0.2521784299472623
84,0.2521784299472623
85,0.2521784299472623
86,0.2521784299472623
87,0.2521784299472623
88,0.2521784299472623
89,0.2521784299472623
90,0.2521784299472623
91,0.2521784299472623
92,0.2521784299472623
93,0.2521784299472623
94,0.2521784299472623
95,0.2521784299472623
96,0.2521784299472623
97,0.2521784299472623
98,0.2521784299472623
99,0.2521784299472623
100,0.2521784299472623
101,0.2521784299472623
102,0.2521784299472623
103,0.2521784299472623
104,0.2521784299472623
105,0.2521784299472623
106,0.2521784299472623
107,0.2521784299472623
108,0.2521784299472623
109,0.2521784299472623
110,0.2521784299472623
111,0.2521784299472623
112,0.2521784299472623
113,0.2521784299472623
114,0.2521784299472623
115,0.2521784299472623
116,0.2521784299472623
117,0.2521784299472623
118,0.2521784299472623
119,0.2521784299472623
120,0.2521784299472623
121,0.2521784299472623
122,0.2521784299472623
123,0.2521784299472623
124,0.2521784299472623
125,0.2521784299472623
126,0.2521784299472623
127,0.2521784299472623
128,0.2521784299472623
129,0.2521784299472623
130,0.2521784299472623
131,0.2521784299472623
132,0.2521784299472623
133,0.2521784299472623
134,0.2521784299472623
135,0.2521784299472623
136,0.2521784299472623
137,0.2521784299472623
138,0.2521784299472623
139,0.2521784299472623
140,0.2521784299472623
141,0.2521784299472623
142,0.2521784299472623
143,0.2521784299472623
144,0.2521784299472623
145,0.2521784299472623
146,0.2521784299472623
147,0.2521784299472623
148,0.2521784299472623
149,0.2521784299472623
