1,0.2569235734000142
2,0.2553771105819051
3,0.255377110430235
4,0.255377110430235
5,0.255377110430235
6,0.255377110430235
7,0.25537711043023503
8,0.255377110430235
9,0.255377110430235
10,0.25537711043023503
11,0.255377110430235
12,0.255377110430235
13,0.255377110430235
14,0.255377110430235
15,0.255377110430235
16,0.255377110430235
17,0.255377110430235
18,0.255377110430235
19,0.255377110430235
20,0.255377110430235
21,0.255377110430235
22,0.255377110430235
23,0.255377110430235
24,0.255377110430235
25,0.255377110430235
26,0.255377110430235
27,0.255377110430235
28,0.255377110430235
29,0.255377110430235
30,0.255377110430235
31,0.255377110430235
32,0.255377110430235
33,0.255377110430235
34,0.255377110430235
35,0.255377110430235
36,0.255377110430235
37,0.255377110430235
38,0.255377110430235
39,0.255377110430235
40,0.255377110430235
41,0.255377110430235
42,0.255377110430235
43,0.255377110430235
44,0.255377110430235
45,0.255377110430235
46,0.255377110430235
47,0.255377110430235
48,0.255377110430235
49,0.255377110430235
50,0.255377110430235
51,0.255377110430235
52,0.255377110430235
53,0.255377110430235
54,0.255377110430235
55,0.255377110430235
56,0.255377110430235
57,0.255377110430235
58,0.255377110430235
59,0.255377110430235
60,0.255377110430235
61,0.255377110430235
62,0.255377110430235
63,0.255377110430235
64,0.255377110430235
65,0.255377110430235
66,0.255377110430235
67,0.255377110430235
68,0.255377110430235
69,0.255377110430235
70,0.255377110430235
71,0.255377110430235
72,0.255377110430235
73,0.255377110430235
74,0.255377110430235
75,0.255377110430235
76,0.255377110430235
77,0.255377110430235
78,0.255377110430235
79,0.255377110430235
80,0.255377110430235
81,0.255377110430235
82,0.255377110430235
83,0.255377110430235
84,0.255377110430235
85,0.255377110430235
86,0.255377110430235
87,0.255377110430235
88,0.255377110430235
89,0.255377110430235
90,0.255377110430235
91,0.255377110430235
92,0.255377110430235
93,0.255377110430235
94,0.255377110430235
95,0.255377110430235
96,0.255377110430235
97,0.255377110430235
98,0.255377110430235
99,0.255377110430235
100,0.255377110430235
101,0.255377110430235
102,0.255377110430235
103,0.255377110430235
104,0.255377110430235
105,0.255377110430235
106,0.255377110430235
107,0.255377110430235
108,0.255377110430235
109,0.255377110430235
110,0.255377110430235
111,0.255377110430235
112,0.255377110430235
113,0.255377110430235
114,0.255377110430235
115,0.255377110430235
116,0.255377110430235
117,0.255377110430235
118,0.255377110430235
119,0.255377110430235
120,0.255377110430235
121,0.255377110430235
122,0.255377110430235
123,0.255377110430235
124,0.255377110430235
125,0.255377110430235
126,0.255377110430235
127,0.255377110430235
128,0.255377110430235
129,0.255377110430235
130,0.255377110430235
131,0.255377110430235
132,0.255377110430235
133,0.255377110430235
134,0.255377110430235
135,0.255377110430235
136,0.255377110430235
137,0.255377110430235
138,0.255377110430235
139,0.255377110430235
140,0.255377110430235
141,0.255377110430235
142,0.255377110430235
143,0.255377110430235
144,0.255377110430235
145,0.255377110430235
146,0.255377110430235
147,0.255377110430235
148,0.255377110430235
149,0.255377110430235
150,0.255377110430235
151,0.255377110430235
152,0.255377110430235
153,0.255377110430235
154,0.255377110430235
155,0.255377110430235
156,0.255377110430235
157,0.255377110430235
158,0.255377110430235
159,0.255377110430235
160,0.255377110430235
161,0.255377110430235
162,0.255377110430235
163,0.255377110430235
164,0.255377110430235
165,0.255377110430235
166,0.255377110430235
167,0.255377110430235
168,0.255377110430235
169,0.255377110430235
170,0.255377110430235
171,0.255377110430235
172,0.255377110430235
173,0.255377110430235
174,0.255377110430235
175,0.255377110430235
176,0.255377110430235
177,0.255377110430235
178,0.255377110430235
179,0.255377110430235
180,0.255377110430235
181,0.255377110430235
182,0.255377110430235
183,0.255377110430235
184,0.255377110430235
185,0.255377110430235
186,0.255377110430235
187,0.255377110430235
188,0.255377110430235
189,0.255377110430235
190,0.255377110430235
191,0.255377110430235
192,0.255377110430235
193,0.255377110430235
194,0.255377110430235
195,0.255377110430235
196,0.255377110430235
197,0.255377110430235
198,0.255377110430235
199,0.255377110430235
200,0.255377110430235
201,0.255377110430235
202,0.255377110430235
203,0.255377110430235
204,0.255377110430235
205,0.255377110430235
206,0.255377110430235
207,0.255377110430235
208,0.255377110430235
209,0.255377110430235
210,0.255377110430235
211,0.255377110430235
212,0.255377110430235
213,0.255377110430235
214,0.255377110430235
215,0.255377110430235
216,0.255377110430235
217,0.255377110430235
218,0.255377110430235
219,0.255377110430235
220,0.255377110430235
221,0.255377110430235
222,0.255377110430235
223,0.255377110430235
224,0.255377110430235
225,0.255377110430235
226,0.255377110430235
227,0.255377110430235
228,0.255377110430235
229,0.255377110430235
230,0.255377110430235
231,0.255377110430235
232,0.255377110430235
233,0.255377110430235
234,0.255377110430235
235,0.255377110430235
236,0.255377110430235
237,0.255377110430235
238,0.255377110430235
239,0.255377110430235
240,0.255377110430235
241,0.255377110430235
242,0.255377110430235
243,0.255377110430235
244,0.255377110430235
245,0.255377110430235
246,0.255377110430235
247,0.255377110430235
248,0.255377110430235
249,0.255377110430235
250,0.255377110430235
251,0.255377110430235
252,0.255377110430235
253,0.255377110430235
254,0.255377110430235
255,0.255377110430235
256,0.255377110430235
257,0.255377110430235
258,0.255377110430235
259,0.255377110430235
260,0.255377110430235
261,0.255377110430235
262,0.255377110430235
263,0.255377110430235
264,0.255377110430235
265,0.255377110430235
266,0.255377110430235
267,0.255377110430235
268,0.255377110430235
269,0.255377110430235
270,0.255377110430235
271,0.255377110430235
272,0.255377110430235
273,0.255377110430235
274,0.255377110430235
275,0.255377110430235
276,0.255377110430235
277,0.255377110430235
278,0.255377110430235
279,0.255377110430235
280,0.255377110430235
281,0.255377110430235
282,0.255377110430235
283,0.255377110430235
284,0.255377110430235
285,0.255377110430235
286,0.255377110430235
287,0.255377110430235
288,0.255377110430235
289,0.255377110430235
290,0.255377110430235
291,0.255377110430235
292,0.255377110430235
293,0.255377110430235
294,0.255377110430235
295,0.255377110430235
296,0.255377110430235
297,0.255377110430235
298,0.255377110430235
299,0.255377110430235
300,0.255377110430235
301,0.255377110430235
302,0.255377110430235
303,0.255377110430235
304,0.255377110430235
305,0.255377110430235
306,0.255377110430235
307,0.255377110430235
308,0.255377110430235
309,0.255377110430235
310,0.255377110430235
311,0.255377110430235
312,0.255377110430235
313,0.255377110430235
314,0.255377110430235
315,0.255377110430235
316,0.255377110430235
317,0.255377110430235
318,0.255377110430235
319,0.255377110430235
320,0.255377110430235
321,0.255377110430235
322,0.255377110430235
323,0.255377110430235
324,0.255377110430235
325,0.255377110430235
326,0.255377110430235
327,0.255377110430235
328,0.255377110430235
329,0.255377110430235
330,0.255377110430235
331,0.255377110430235
332,0.255377110430235
333,0.255377110430235
334,0.255377110430235
335,0.255377110430235
336,0.255377110430235
337,0.255377110430235
338,0.255377110430235
339,0.255377110430235
340,0.255377110430235
341,0.255377110430235
342,0.255377110430235
343,0.255377110430235
344,0.255377110430235
345,0.255377110430235
346,0.255377110430235
347,0.255377110430235
348,0.255377110430235
349,0.255377110430235
350,0.255377110430235
351,0.255377110430235
