1,0.25871520211110355
2,0.25890163156425977
3,0.2589016015744415
4,0.25890157189247764
5,0.2589015425136204
6,0.25890151343321655
7,0.25890148464670587
8,0.2589014561496189
9,0.25890142793757326
10,0.2589014000062751
11,0.2589013723515122
12,0.2589013449691554
13,0.2589013178551568
14,0.2589012910055448
15,0.25890126441642647
16,0.25890123808398136
17,0.25890121200446325
18,0.25890118617419705
19,0.25890116058957674
20,0.2589011352470643
21,0.25890111014318934
22,0.2589010852745448
23,0.25890106063778756
24,0.2589010362296365
25,0.2589010120468715
26,0.2589009880863319
27,0.2589009643449127
28,0.25890094081956855
29,0.2589009175073079
30,0.25890089440519315
31,0.2589008715103398
32,0.25890084881991565
33,0.2589008263311385
34,0.2589008040412762
35,0.25890078194764493
36,0.25890076004760715
37,0.258900738338574
38,0.2589007168180003
39,0.258900695483385
40,0.2589006743322722
41,0.2589006533622466
42,0.258900632570936
43,0.25890061195600844
44,0.25890059151517225
45,0.2589005712461738
46,0.2589005511467986
47,0.25890053121486983
48,0.2589005114482471
49,0.25890049184482544
50,0.2589004724025359
51,0.2589004531193432
52,0.2589004339932465
53,0.258900415022278
54,0.2589003962045021
55,0.2589003775380147
56,0.25890035902094355
57,0.25890034065144596
58,0.25890032242771066
59,0.2589003043479543
60,0.2589002864104222
61,0.2589002686133893
62,0.2589002509551565
63,0.2589002334340525
64,0.2589002160484331
65,0.2589001987966789
66,0.25890018167719697
67,0.2589001646884192
68,0.25890014782880183
69,0.2589001310968253
70,0.25890011449099326
71,0.2589000980098333
72,0.2589000816518951
73,0.2589000654157512
74,0.2589000492999952
75,0.25890003330324307
76,0.2589000174241316
77,0.25890000166131744
78,0.2588999860134785
79,0.2588999704793121
80,0.25889995505753527
81,0.2588999397468846
82,0.25889992454611443
83,0.2588999094539988
84,0.25889989446932876
85,0.2588998795909146
86,0.25889986481758265
87,0.2588998501481773
88,0.25889983558155943
89,0.25889982111660675
90,0.2588998067522126
91,0.2588997924872879
92,0.2588997783207566
93,0.2588997642515606
94,0.25889975027865647
95,0.2588997364010142
96,0.25889972261761973
97,0.2588997089274728
98,0.2588996953295881
99,0.2588996818229931
100,0.25889966840672857
101,0.2588996550798512
102,0.25889964184142783
103,0.2588996286905396
104,0.25889961562628017
105,0.25889960264775685
106,0.2588995897540867
107,0.25889957694440185
108,0.25889956421784355
109,0.2588995515735662
110,0.2588995390107357
111,0.2588995265285289
112,0.2588995141261337
113,0.25889950180275006
114,0.25889948955758585
115,0.2588994773898628
116,0.2588994652988104
117,0.25889945328367037
118,0.2588994413436932
119,0.25889942947813965
120,0.25889941768628033
121,0.2588994059673952
122,0.2588993943207732
123,0.25889938274571406
124,0.2588993712415243
125,0.2588993598075213
126,0.2588993484430312
127,0.2588993371473869
128,0.2588993259199324
129,0.258899314760019
130,0.25889930366700464
131,0.25889929264025835
132,0.25889928167915505
133,0.25889927078307823
134,0.25889925995141966
135,0.25889924918357776
136,0.25889923847895924
137,0.2588992278369778
138,0.25889921725705445
139,0.2588992067386175
140,0.2588991962811025
141,0.2588991858839517
142,0.258899175546614
143,0.2588991652685458
144,0.25889915504920935
145,0.2588991448880739
146,0.25889913478461496
147,0.2588991247383145
148,0.2588991147486611
149,0.2588991048151483
150,0.25889909493727714
151,0.258899085114554
152,0.25889907534649076
153,0.25889906563260623
154,0.2588990559724235
155,0.25889904636547256
156,0.25889903681128773
157,0.25889902730941056
158,0.25889901785938585
159,0.258899008460765
160,0.2588989991131052
161,0.2588989898159675
162,0.2588989805689182
163,0.2588989713715298
164,0.25889896222337816
165,0.258898953124045
166,0.2588989440731169
167,0.2588989350701848
168,0.2588989261148439
169,0.2588989172066951
170,0.25889890834534246
171,0.2588988995303962
172,0.2588988907614693
173,0.25889888203818
174,0.25889887336015105
175,0.2588988647270081
176,0.2588988561383828
177,0.25889884759390924
178,0.2588988390932269
179,0.25889883063597796
180,0.2588988222218096
181,0.2588988138503728
182,0.2588988055213214
183,0.2588987972343139
184,0.2588987889890129
185,0.2588987807850835
186,0.25889877262219535
187,0.25889876450002086
188,0.2588987564182375
189,0.25889874837652377
190,0.2588987403745645
191,0.25889873241204553
192,0.2588987244886571
193,0.25889871660409286
194,0.2588987087580494
195,0.25889870095022666
196,0.2588986931803274
197,0.25889868544805755
198,0.25889867775312736
199,0.2588986700952484
200,0.2588986624741359
201,0.2588986548895088
202,0.258898647341088
203,0.2588986398285972
