1,0.40945519911205747
2,0.3790206119754634
3,0.33922046131519584
4,0.25962023586382454
5,0.24248269800359828
6,0.242321215564087
7,0.24232331582150363
8,0.24232090464132805
9,0.2423180884863557
10,0.24231525434098428
11,0.24231243053333035
12,0.24230961905596324
13,0.24230682000000528
14,0.24230403331955275
15,0.24230125895892995
16,0.24229849686187013
17,0.2422957469721757
18,0.24229300923377523
19,0.24229028359072316
20,0.24228756998720513
21,0.24228486836754085
22,0.24228217867618587
23,0.2422795008577342
24,0.2422768348569195
25,0.2422741806186191
26,0.24227153808785418
27,0.24226890720979274
28,0.24226628792975358
29,0.24226368019320338
30,0.2422610839457645
31,0.24225849913321199
32,0.24225592570147864
33,0.2422533635966545
34,0.24225081276499005
35,0.24224827315289837
36,0.24224574470695404
37,0.24224322737389853
38,0.2422407211006381
39,0.24223822583424767
40,0.24223574152197122
41,0.24223326811122387
42,0.2422308055495926
43,0.2422283537848383
44,0.24222591276489566
45,0.2422234824378756
46,0.24222106275206653
47,0.2422186536559346
48,0.24221625509812555
49,0.2422138670274657
50,0.24221148939296264
51,0.24220912214380588
52,0.2422067652293688
53,0.24220441859920988
54,0.2422020822030706
55,0.24219975599088125
56,0.24219743991275572
57,0.24219513391899816
58,0.24219283796009958
59,0.2421905519867408
60,0.24218827594979175
61,0.24218600980031252
62,0.24218375348955515
63,0.24218150696896193
64,0.24217927019016805
65,0.24217704310500124
66,0.24217482566548157
67,0.2421726178238228
68,0.24217041953243396
69,0.2421682307439162
70,0.24216605141106673
71,0.2421638814868774
72,0.24216172092453664
73,0.2421595696774261
74,0.24215742769912546
75,0.24215529494340943
76,0.2421531713642495
77,0.24215105691581384
78,0.24214895155246724
79,0.24214685522877083
80,0.24214476789948394
81,0.2421426895195618
82,0.24214062004415762
83,0.24213855942862075
84,0.24213650762849964
85,0.24213446459953858
86,0.24213243029767934
87,0.24213040467906152
88,0.24212838770002132
89,0.2421263793170925
90,0.24212437948700527
91,0.24212238816668796
92,0.24212040531326495
93,0.24211843088405688
94,0.24211646483658208
95,0.24211450712855465
96,0.24211255771788476
97,0.24211061656267902
98,0.24210868362123913
99,0.24210675885206348
100,0.2421048422138448
101,0.24210293366547117
102,0.2421010331660253
103,0.24209914067478494
104,0.24209725615122135
105,0.24209537955499966
106,0.24209351084597916
107,0.24209164998421193
108,0.24208979692994273
109,0.24208795164360866
110,0.24208611408583997
111,0.24208428421745748
112,0.24208246199947325
113,0.24208064739309088
114,0.2420788403597043
115,0.24207704086089715
116,0.2420752488584431
117,0.24207346431430427
118,0.24207168719063146
119,0.24206991744976508
120,0.24206815505423124
121,0.24206639996674462
122,0.24206465215020587
123,0.24206291156770224
124,0.2420611781825068
125,0.24205945195807735
126,0.24205773285805648
127,0.24205602084627095
128,0.24205431588673043
129,0.24205261794362917
130,0.24205092698134184
131,0.2420492429644268
132,0.24204756585762174
133,0.24204589562584752
134,0.24204423223420246
135,0.2420425756479664
136,0.2420409258325969
137,0.2420392827537307
138,0.24203764637718175
139,0.24203601666894134
140,0.24203439359517653
141,0.24203277712223165
142,0.2420311672166246
143,0.24202956384504906
144,0.24202796697437223
145,0.24202637657163523
146,0.24202479260405085
147,0.2420232150390043
148,0.242021643844052
149,0.242020078986922
150,0.2420185204355114
151,0.24201696815788676
152,0.24201542212228414
153,0.2420138822971068
154,0.24201234865092602
155,0.2420108211524789
156,0.24200929977066996
157,0.24200778447456806
158,0.24200627523340715
159,0.24200477201658455
160,0.24200327479366193
161,0.24200178353436272
162,0.242000298208573
163,0.24199881878633941
164,0.24199734523786964
165,0.24199587753353072
166,0.24199441564384952
167,0.241992959539511
168,0.24199150919135848
169,0.24199006457039088
170,0.24198862564776538
171,0.24198719239479358
172,0.24198576478294231
173,0.24198434278383282
174,0.2419829263692405
175,0.2419815155110925
176,0.24198011018146903
177,0.24197871035260152
178,0.24197731599687194
179,0.24197592708681265
180,0.2419745435951052
181,0.24197316549458026
182,0.24197179275821565
183,0.24197042535913682
184,0.2419690632706165
185,0.24196770646607246
186,0.24196635491906782
187,0.2419650086033098
188,0.24196366749265008
189,0.24196233156108382
190,0.24196100078274607
191,0.24195967513191735
192,0.2419583545830157
193,0.24195703911060212
194,0.24195572868937454
