1,0.250369967797691
2,0.24749282607962286
3,0.24744078671660796
4,0.24743756566861397
5,0.24743683021055463
6,0.2474362379569508
7,0.2474356541261811
8,0.24743507090012315
9,0.2474344878251663
10,0.24743390487509545
11,0.24743332204850166
12,0.24743273934542065
13,0.24743215676597483
14,0.2474315743102947
15,0.24743099197851642
16,0.24743040977077826
17,0.24742982768722377
18,0.24742924572799951
19,0.24742866389325557
20,0.24742808218314663
21,0.24742750059783059
22,0.24742691913746925
23,0.2474263378022278
24,0.24742575659227545
25,0.24742517550778548
26,0.2474245945489334
27,0.24742401371589975
28,0.2474234330088693
29,0.24742285242802825
30,0.24742227197356778
31,0.24742169164568323
32,0.2474211114445722
33,0.24742053137043638
34,0.24741995142348175
35,0.24741937160391642
36,0.24741879191195357
37,0.24741821234780823
38,0.24741763291170066
39,0.2474170536038533
40,0.24741647442449244
41,0.24741589537384795
42,0.24741531645215295
43,0.24741473765964436
44,0.24741415899656222
45,0.2474135804631499
46,0.2474130020596542
47,0.24741242378632491
48,0.24741184564341662
49,0.2474112676311855
50,0.24741068974989122
51,0.24741011199979826
52,0.24740953438117289
53,0.24740895689428571
54,0.24740837953940908
55,0.2474078023168203
56,0.24740722522679878
57,0.2474066482696278
58,0.24740607144559365
59,0.24740549475498516
60,0.24740491819809537
61,0.24740434177521947
62,0.247403765486657
63,0.24740318933270972
64,0.24740261331368196
65,0.24740203742988282
66,0.24740146168162383
67,0.24740088606921815
68,0.24740031059298395
69,0.24739973525324152
70,0.24739916005031362
71,0.24739858498452838
72,0.24739801005621348
73,0.24739743526570188
74,0.2473968606133292
75,0.24739628609943376
76,0.24739571172435681
77,0.2473951374884422
78,0.2473945633920369
79,0.2473939894354913
80,0.24739341561915829
81,0.2473928419433932
82,0.24739226840855433
83,0.24739169501500372
84,0.24739112176310535
85,0.24739054865322616
86,0.24738997568573526
87,0.24738940286100583
88,0.24738883017941324
89,0.247388257641335
90,0.24738768524715227
91,0.24738711299724833
92,0.24738654089200915
93,0.24738596893182363
94,0.24738539711708316
95,0.24738482544818272
96,0.24738425392551736
97,0.24738368254948798
98,0.24738311132049612
99,0.24738254023894607
100,0.24738196930524542
101,0.24738139851980362
102,0.24738082788303264
103,0.24738025739534736
104,0.2473796870571654
105,0.2473791168689064
106,0.24737854683099264
107,0.2473779769438486
108,0.2473774072079016
109,0.24737683762358134
110,0.2473762681913206
111,0.2473756989115525
112,0.2473751297847147
113,0.24737456081124584
114,0.24737399199158844
115,0.24737342332618567
116,0.2473728548154844
117,0.24737228645993284
118,0.24737171825998136
119,0.2473711502160844
120,0.24737058232869638
121,0.24737001459827518
122,0.24736944702528205
123,0.24736887961017723
124,0.24736831235342652
125,0.24736774525549557
126,0.24736717831685437
127,0.24736661153797246
128,0.24736604491932396
129,0.24736547846138401
130,0.24736491216462983
131,0.2473643460295405
132,0.24736378005659848
133,0.24736321424628693
134,0.24736264859909088
135,0.24736208311549973
136,0.24736151779600163
137,0.2473609526410896
138,0.24736038765125698
139,0.24735982282699975
140,0.24735925816881515
