1,0.413413759672652
2,0.2502366356098597
3,0.2504450162354011
4,0.2504422656497346
5,0.2504395209699527
6,0.25043678210411213
7,0.2504340489588207
8,0.2504313214396424
9,0.2504285994511407
10,0.250425882896924
11,0.25042317167968964
12,0.2504204657012686
13,0.25041776486266826
14,0.25041506906411587
15,0.25041237820510287
16,0.2504096921844231
17,0.2504070109002187
18,0.2504043342500185
19,0.2504016621307807
20,0.25039899443893354
21,0.25039633107041165
22,0.2503936719206995
23,0.2503910168848704
24,0.25038836585762053
25,0.25038571873331134
26,0.2503830754060057
27,0.2503804357695038
28,0.2503777997173817
29,0.25037516714302555
30,0.250372537939668
31,0.25036991200042397
32,0.250367289218325
33,0.2503646694863511
34,0.2503620526974699
35,0.25035943874466354
36,0.25035682752096744
37,0.2503542189194982
38,0.2503516128334889
39,0.2503490091563184
40,0.25034640778154416
41,0.2503438086029321
42,0.25034121151448824
43,0.2503386164104862
44,0.2503360231854998
45,0.25033343173443023
46,0.2503308419525365
47,0.2503282537354622
48,0.2503256669792655
49,0.2503230815804454
50,0.25032049743597085
51,0.2503179144433064
52,0.2503153325004404
53,0.25031275150591004
54,0.25031017135883016
55,0.2503075919589161
56,0.2503050132065109
57,0.2503024350026117
58,0.25029985724889353
59,0.2502972798477339
60,0.2502947027022395
61,0.25029212571626896
62,0.25028954879445603
63,0.2502869718422366
64,0.25028439476587044
65,0.2502818174724638
66,0.250279239869995
67,0.2502766618673366
68,0.2502740833742776
69,0.25027150430154715
70,0.2502689245608379
71,0.25026634406482484
72,0.25026376272719314
73,0.25026118046265444
74,0.2502585971869729
75,0.2502560128169856
76,0.2502534272706238
77,0.25025084046693397
78,0.25024825232610176
79,0.2502456627694697
80,0.2502430717195613
81,0.2502404791000984
82,0.2502378848360279
83,0.25023528885353485
84,0.2502326910800701
85,0.2502300914443656
86,0.2502274898764573
87,0.25022488630770606
88,0.2502222806708145
89,0.2502196728998506
90,0.25021706293026436
91,0.2502144506989106
92,0.25021183614406517
93,0.250209219205449
94,0.25020659982424165
95,0.2502039779431057
96,0.25020135350620226
97,0.2501987264592127
98,0.250196096749354
99,0.25019346432540157
100,0.25019082913770424
101,0.25018819113820484
102,0.2501855502804563
103,0.25018290651964037
104,0.250180259812588
105,0.25017761011779327
106,0.2501749573954321
107,0.25017230160737997
108,0.2501696427172293
109,0.25016698069030413
110,0.25016431549367946
111,0.2501616470961956
112,0.25015897546847526
113,0.2501563005829388
114,0.25015362241381967
115,0.2501509409371808
116,0.2501482561309286
117,0.25014556797482734
118,0.2501428764505141
119,0.25014018154151346
120,0.2501374832332496
121,0.2501347815130614
122,0.25013207637021284
123,0.2501293677959091
124,0.2501266557833071
125,0.25012394032752494
126,0.2501212214256575
127,0.2501184990767844
128,0.250115773281981
129,0.25011304404432955
130,0.25011031136892753
131,0.2501075752628965
132,0.2501048357353925
133,0.25010209279761125
134,0.25009934646279725
135,0.250096596746251
136,0.25009384366533355
137,0.2500910872394731
138,0.25008832749017157
139,0.25008556444100644
140,0.25008279811763595
141,0.25008002854780165
