1,0.2541565545706162
2,0.25346303587963664
3,0.2534630290339012
4,0.2534630223350614
5,0.25346301564958856
6,0.25346300897744367
7,0.253463002318588
8,0.2534629956729818
9,0.25346298904058656
10,0.25346298242136367
11,0.25346297581527455
12,0.2534629692222808
13,0.25346296264234414
14,0.25346295607542635
15,0.25346294952148973
16,0.2534629429804965
17,0.2534629364524087
18,0.2534629299371889
19,0.2534629234348
20,0.25346291694520445
21,0.2534629104683654
22,0.25346290400424565
23,0.25346289755280843
24,0.25346289111401743
25,0.253462884687836
26,0.2534628782742274
27,0.2534628718731557
28,0.25346286548458447
29,0.2534628591084785
30,0.2534628527448011
31,0.25346284639351696
32,0.2534628400545904
33,0.25346283372798617
34,0.25346282741366866
35,0.253462821111603
36,0.2534628148217541
37,0.25346280854408715
38,0.25346280227856693
39,0.2534627960251594
40,0.25346278978382986
41,0.2534627835545433
42,0.2534627773372665
43,0.25346277113196486
44,0.25346276493860437
45,0.25346275875715096
46,0.2534627525875714
47,0.2534627464298317
48,0.2534627402838983
49,0.2534627341497381
50,0.25346272802731773
51,0.2534627219166042
52,0.2534627158175644
53,0.25346270973016555
54,0.25346270365437473
55,0.25346269759015955
56,0.2534626915374873
57,0.25346268549632583
58,0.25346267946664247
59,0.25346267344840545
60,0.25346266744158236
61,0.2534626614461418
62,0.253462655462052
63,0.2534626494892807
64,0.2534626435277967
65,0.2534626375775685
66,0.25346263163856486
67,0.2534626257107543
68,0.25346261979410584
69,0.253462613888589
70,0.2534626079941719
71,0.25346260211082494
72,0.25346259623851664
73,0.2534625903772168
74,0.25346258452689485
75,0.25346257868752076
76,0.2534625728590638
77,0.2534625670414944
78,0.2534625612347824
79,0.2534625554388977
80,0.2534625496538108
81,0.2534625438794921
82,0.2534625381159119
83,0.253462532363041
84,0.2534625266208496
85,0.25346252088930876
86,0.25346251516838914
87,0.25346250945806215
88,0.2534625037582985
89,0.2534624980690694
90,0.25346249239034635
91,0.2534624867221008
92,0.25346248106430386
93,0.2534624754169274
94,0.25346246977994313
95,0.2534624641533228
96,0.25346245853703825
97,0.25346245293106157
98,0.2534624473353647
99,0.2534624417499203
100,0.2534624361747001
101,0.25346243060967677
102,0.2534624250548231
103,0.253462419510111
104,0.2534624139755138
105,0.25346240845100393
106,0.25346240293655453
107,0.2534623974321383
108,0.25346239193772824
109,0.25346238645329794
110,0.2534623809788205
111,0.2534623755142694
112,0.2534623700596177
113,0.2534623646148393
114,0.253462359179908
115,0.25346235375479703
116,0.25346234833948067
117,0.25346234293393227
118,0.2534623375381265
119,0.25346233215203734
120,0.25346232677563857
121,0.2534623214089046
122,0.25346231605181035
123,0.2534623107043295
124,0.2534623053664374
125,0.25346230003810793
126,0.2534622947193164
127,0.2534622894100372
128,0.2534622841102452
129,0.25346227881991595
130,0.2534622735390243
131,0.2534622682675451
132,0.25346226300545394
133,0.253462257752726
134,0.2534622525093369
135,0.25346224727526173
136,0.25346224205047657
137,0.2534622368349567
138,0.25346223162867826
