1,0.2808218146080811
2,0.24638221915145095
3,0.24637441728607146
4,0.24636685448927945
5,0.2463593302685164
6,0.2463518465166148
7,0.2463444050740535
8,0.24633700772634387
9,0.2463296562021388
10,0.2463223521713658
11,0.24631509724312262
12,0.2463078929630839
13,0.24630074081085068
14,0.24629364219904382
15,0.2462865984753722
16,0.24627961092506198
17,0.24627268077027015
18,0.24626580916769758
19,0.2462589972070244
20,0.24625224591057945
21,0.2462455562336183
22,0.2462389290648213
23,0.2462323652268855
24,0.24622586547721273
25,0.24621943050869377
26,0.24621306095059314
27,0.2462067573695448
28,0.24620052027064301
29,0.2461943500986294
30,0.24618824723917018
31,0.24618221202021612
32,0.2461762447134302
33,0.24617034553568795
34,0.24616451465063174
35,0.2461587521702744
36,0.24615305815665064
37,0.2461474326234999
38,0.24614187553797923
39,0.2461363868223983
40,0.2461309663559692
41,0.24612561397656765
42,0.246120329482495
43,0.2461151126342406
44,0.246109963156236
45,0.24610488073860012
46,0.2460998650388627
47,0.24609491568367592
48,0.24609003227049453
49,0.24608521436923417
50,0.24608046152389765
51,0.24607577325416585
52,0.24607114905696043
53,0.24606658840796047
54,0.24606209076308544
55,0.24605765555993875
56,0.24605328221920225
57,0.24604897014599428
58,0.2460447187311828
59,0.24604052735265028
60,0.2460363953765159
61,0.24603232215831508
62,0.2460283070441286
63,0.24602434937167092
64,0.2460204484713309
65,0.24601660366716915
66,0.24601281427787
67,0.24600907961765447
68,0.2460053989971413
69,0.24600177172417645
70,0.24599819710461457
71,0.24599467444306222
72,0.2459912030435823
73,0.24598778221035814
74,0.245984411248325
75,0.24598108946375932
76,0.24597781616483766
77,0.24597459066215904
78,0.24597141226923644
79,0.24596828030295584
80,0.24596519408400402
81,0.24596215293726773
82,0.24595915619220649
83,0.24595620318319494
84,0.24595329324984125
85,0.24595042573728118
86,0.24594759999644697
87,0.2459448153843154
88,0.24594207126413126
89,0.24593936700561447
90,0.2459367019851431
91,0.24593407558592112
92,0.245931487198128
93,0.24592893621904696
94,0.24592642205318638
95,0.24592394411237628
96,0.24592150181585828
97,0.2459190945903564
98,0.24591672187014021
99,0.2459143830970706
100,0.24591207772064072
101,0.245909805198
102,0.24590756499397293
103,0.24590535658106544
104,0.2459031794394647
105,0.24590103305703123
106,0.24589891692927993
107,0.2458968305593575
108,0.24589477345801267
109,0.24589274514355963
110,0.24589074514183573
111,0.2458887729861538
112,0.24588682821725313
113,0.24588491038323843
114,0.24588301903952386
115,0.24588115374876496
116,0.24587931408079672
117,0.24587749961255598
118,0.2458757099280137
119,0.24587394461809647
120,0.24587220328060994
121,0.2458704855201581
122,0.24586879094806033
123,0.2458671191822701
124,0.24586546984728963
125,0.24586384257408364
126,0.24586223699999235
127,0.2458606527686461
128,0.24585908952987354
129,0.24585754693961634
130,0.24585602465983805
131,0.24585452235843602
132,0.24585303970915132
133,0.24585157639147975
134,0.24585013209058273
135,0.24584870649719798
136,0.24584729930755073
137,0.24584591022326538
138,0.2458445389512781
139,0.24584318520374954
140,0.2458418486979774
141,0.24584052915630972
142,0.24583922630606114
143,0.2458379398794278
144,0.24583666961340134
145,0.2458354152496894
146,0.24583417653463074
147,0.24583295321911433
148,0.2458317450585009
149,0.2458305518125403
150,0.24582937324529627
151,0.24582820912506737
152,0.24582705922431075
153,0.24582592331956762
154,0.2458248011913873
155,0.2458236926242557
156,0.2458225974065222
157,0.24582151533032875
158,0.24582044619154034
159,0.245819389789674
160,0.24581834592783494
161,0.245817314412645
162,0.2458162950541804
163,0.24581528766590485
164,0.24581429206460864
165,0.24581330807034238
166,0.24581233550635898
167,0.2458113741990515
168,0.24581042397789366
169,0.24580948467538255
170,0.2458085561269808
171,0.2458076381710598
172,0.2458067306488446
173,0.24580583340436069
174,0.24580494628437938
175,0.24580406913836628
176,0.2458032018184291
177,0.24580234417926747
178,0.24580149607812551
179,0.24580065737473936
180,0.24579982793129326
181,0.2457990076123709
182,0.24579819628490962
183,0.24579739381815546
184,0.24579660008362056
185,0.2457958149550377
186,0.24579503830831892
187,0.24579427002151433
188,0.2457935099747704
189,0.24579275805029077
190,0.24579201413229637
191,0.24579127810698778
192,0.24579054986250576
193,0.24578982928889642
194,0.2457891162780739
195,0.24578841072378615
196,0.24578771252157625
