1,0.30704709922072343
2,0.25076182966529414
3,0.25072388797124523
4,0.25072388797124534
5,0.25072388797124534
6,0.2507238879712453
7,0.25072388797124534
8,0.25072388797124534
9,0.2507238879712453
10,0.2507238879712453
11,0.25072388797124534
12,0.25072388797124534
13,0.2507238879712453
14,0.2507238879712453
15,0.25072388797124534
16,0.25072388797124534
17,0.2507238879712453
18,0.2507238879712453
19,0.25072388797124534
20,0.25072388797124534
21,0.2507238879712453
22,0.2507238879712453
23,0.25072388797124534
24,0.25072388797124534
25,0.2507238879712453
26,0.2507238879712453
27,0.25072388797124534
28,0.25072388797124534
29,0.2507238879712453
30,0.2507238879712453
31,0.25072388797124534
32,0.25072388797124534
33,0.2507238879712453
34,0.2507238879712453
35,0.25072388797124534
36,0.25072388797124534
37,0.2507238879712453
38,0.2507238879712453
39,0.25072388797124534
40,0.25072388797124534
41,0.2507238879712453
42,0.2507238879712453
43,0.25072388797124534
44,0.25072388797124534
45,0.2507238879712453
46,0.2507238879712453
47,0.25072388797124534
48,0.25072388797124534
49,0.2507238879712453
50,0.2507238879712453
51,0.25072388797124534
52,0.25072388797124534
53,0.2507238879712453
54,0.2507238879712453
55,0.25072388797124534
56,0.25072388797124534
57,0.2507238879712453
58,0.2507238879712453
59,0.25072388797124534
60,0.25072388797124534
61,0.2507238879712453
62,0.2507238879712453
63,0.25072388797124534
64,0.25072388797124534
65,0.2507238879712453
66,0.2507238879712453
67,0.25072388797124534
68,0.25072388797124534
69,0.2507238879712453
70,0.2507238879712453
71,0.25072388797124534
72,0.25072388797124534
73,0.2507238879712453
74,0.2507238879712453
75,0.25072388797124534
76,0.25072388797124534
77,0.2507238879712453
78,0.2507238879712453
79,0.25072388797124534
80,0.25072388797124534
81,0.2507238879712453
82,0.2507238879712453
83,0.25072388797124534
84,0.25072388797124534
85,0.2507238879712453
86,0.2507238879712453
87,0.25072388797124534
88,0.25072388797124534
89,0.2507238879712453
90,0.2507238879712453
91,0.25072388797124534
92,0.25072388797124534
93,0.2507238879712453
94,0.2507238879712453
95,0.25072388797124534
96,0.25072388797124534
97,0.2507238879712453
98,0.2507238879712453
99,0.25072388797124534
100,0.25072388797124534
101,0.2507238879712453
102,0.2507238879712453
103,0.25072388797124534
104,0.25072388797124534
105,0.2507238879712453
106,0.2507238879712453
107,0.25072388797124534
108,0.25072388797124534
109,0.2507238879712453
110,0.2507238879712453
111,0.25072388797124534
112,0.25072388797124534
113,0.2507238879712453
114,0.2507238879712453
115,0.25072388797124534
116,0.25072388797124534
117,0.2507238879712453
118,0.2507238879712453
119,0.25072388797124534
120,0.25072388797124534
121,0.2507238879712453
122,0.2507238879712453
123,0.25072388797124534
124,0.25072388797124534
125,0.2507238879712453
126,0.2507238879712453
127,0.25072388797124534
128,0.25072388797124534
129,0.2507238879712453
130,0.2507238879712453
131,0.25072388797124534
132,0.25072388797124534
133,0.2507238879712453
134,0.2507238879712453
135,0.25072388797124534
136,0.25072388797124534
137,0.2507238879712453
138,0.2507238879712453
139,0.25072388797124534
