1,0.2533603178518214
2,0.2520269744160902
3,0.2519798487609067
4,0.25193189200998034
5,0.25188313083922687
6,0.25183359235197816
7,0.2517833032434549
8,0.2517322892764277
9,0.25168057475490796
10,0.25162818200624265
11,0.2515751308818925
12,0.2515214382868251
13,0.25146711774692854
14,0.2514121790232047
15,0.2513566277808328
16,0.25130046532055617
17,0.2512436883793529
18,0.251186289007052
19,0.2511282545255375
20,0.25106956757748483
21,0.2510102062722209
22,0.2509501444373302
23,0.2508893519859793
24,0.25082779541161426
25,0.25076543842352333
26,0.25070224273869784
27,0.25063816904717284
28,0.2505731781693466
29,0.25050723242425815
30,0.25044029722694006
31,0.2503723429301257
32,0.2503033469200664
33,0.2502332959670945
34,0.2501621888180354
35,0.2500900389987299
36,0.250016877770233
37,0.24994275715153383
38,0.24986775288555657
39,0.24979196718537378
40,0.249715531056435
41,0.24963860594603265
42,0.24956138432439562
43,0.24948407778466558
44,0.25122471325904566
45,0.2511476824015518
46,0.25113666134393275
47,0.2511254002609348
48,0.25111389335407847
49,0.25110213474268506
50,0.25109011847084856
51,0.2510778385155074
52,0.25106528879569656
53,0.2510524631830992
54,0.25103935551399176
55,0.25102595960271257
56,0.2510122692567621
57,0.25099827829366905
58,0.2509839805597412
59,0.2509693699508404
60,0.25095444043530707
61,0.25093918607916654
62,0.2509236010737531
63,0.25090767976586603
64,0.2508914166905905
65,0.2508748066068788
66,0.25085784453599774
67,0.2508405258029175
68,0.25082284608069955
69,0.25080480143791534
70,0.25078638838909334
71,0.2507676039481605
72,0.25074844568478943
73,0.2507289117835232
74,0.2507090011054799
75,0.2506887132523846
76,0.25066804863259634
77,0.2506470085287211
78,0.25062559516631
79,0.2506038117830619
80,0.25058166269783644
81,0.25055915337869683
82,0.25053629050909193
83,0.250513082051188
84,0.25048953730527523
85,0.25046566696405914
86,0.25044148316060766
87,0.25041699950862445
88,0.25039223113370845
89,0.2503671946942222
90,0.2503419083904216
91,0.25031639196052985
92,0.2502906666625428
93,0.2502647552406641
94,0.2502386818754473
95,0.25021247211693576
96,0.2501861528003482
97,0.25015975194415646
98,0.2501332986307345
99,0.2501068228701296
100,0.2500803554478749
101,0.25005392775816876
102,0.25002757162412453
103,0.25000131910716683
104,0.24997520230799145
105,0.24994925316179128
106,0.2499235032306922
107,0.24989798349649278
108,0.24987272415689593
109,0.2498477544284033
110,0.24982310235896282
111,0.2497987946532674
112,0.2497748565133496
113,0.2497513114967739
114,0.24972818139433545
115,0.24970548612873372
116,0.249683243675202
117,0.24966147000460642
118,0.2496401790490289
119,0.24961938268939646
120,0.24959909076429238
121,0.2495793110987017
122,0.24956004955113031
123,0.24954131007727054
124,0.24952309480820248
125,0.24950540414099517
126,0.24948823683950863
127,0.24947159014320383
128,0.24945545988182036
129,0.249439840593882
130,0.24942472564712523
131,0.24941010735911923
132,0.24939597711652362
133,0.24938232549163625
134,0.24936914235507882
135,0.24935641698367855
136,0.24934413816278864
137,0.2493322942824837
138,0.24932087342722997
139,0.2493098634587788
140,0.2492992520921832
141,0.24928902696493446
142,0.24927917569932903
143,0.24926968595825455
144,0.24926054549464527
145,0.24925174219491714
146,0.24924326411671627
147,0.2492350995213581
148,0.24922723690132878
149,0.24921966500324666
150,0.24921237284666634
151,0.24920534973910388
152,0.24919858528765704
153,0.2491920694075669
154,0.24918579232806073
155,0.24917974459578615
156,0.2491739170761322
157,0.24916830095270887
158,0.24916288772523357
159,0.24915766920605123
160,0.2491526375155012
161,0.24914778507630883
162,0.2491431046071806
163,0.2491385891157437
164,0.24913423189096942
165,0.2491300264951983
166,0.24912596675586818
167,0.2491220467570373
168,0.2491182608307849
169,0.24911460354855164
170,0.24911106971248315
171,0.24910765434682647
172,0.24910435268941689
173,0.24910116018329934
174,0.24909807246849996
175,0.24909508537399047
176,0.2490921949098426
177,0.24908939725960602
178,0.2490866887729096
179,0.2490840659582989
180,0.24908152547631354
181,0.24907906413280886
182,0.24907667887251975
183,0.24907436677287126
184,0.24907212503802828
185,0.24906995099318519
186,0.24906784207908922
187,0.2490657958467927
188,0.24906380995263042
189,0.24906188215341138
190,0.249060010301826
191,0.24905819234205262
192,0.24905642630556601
193,0.24905471030713403
194,0.2490530425409956
195,0.24905142127721946
196,0.2490498448582278
197,0.2490483116954844
198,0.24904682026633768
199,0.24904536911101138
200,0.24904395682974037
201,0.249042582080039
202,0.24904124357410157
203,0.24903994007632513
204,0.2490386704009517
205,0.24903743340982334
206,0.24903622801024278
207,0.24903505315293753
208,0.249033907830122
209,0.24903279107365048
210,0.24903170195326013
211,0.24903063957489716
212,0.249029603079122
213,0.24902859163959162
214,0.24902760446161368
215,0.24902664078076928
216,0.2490256998616003
217,0.2490247809963604
218,0.24902388350382273
219,0.24902300672814628
220,0.24902215003779277
221,0.24902131282449627
222,0.2490204945022799
223,0.2490196945065198
224,0.24901891229304943
225,0.2490181473373086
226,0.24901739913352974
227,0.24901666719396218
228,0.2490159510481323
229,0.24901525024213725
230,0.24901456433796912
231,0.24901389291287357
232,0.24901323555873223
233,0.24901259188147853
234,0.24901196150053517
235,0.24901134404827846
236,0.24901073916952637
237,0.2490101465210501
238,0.2490095657711053
239,0.24900899659898545
240,0.24900843869459346
241,0.2490078917580337
242,0.24900735549921946
243,0.24900682963750048
244,0.24900631390130273
245,0.2490058080277848
246,0.24900531176251298
247,0.24900482485914355
248,0.24900434707912236
249,0.2490038781913976
250,0.24900341797214182
251,0.24900296620448817
252,0.24900252267827616
253,0.24900208718980735
254,0.2490016595416144
255,0.24900123954223416
256,0.24900082700599588
257,0.24900042175281212
258,0.24900002360798423
259,0.24899963240201134
260,0.24899924797040698
261,0.24899887015352676
262,0.24899849879639718
263,0.24899813374855864
264,0.24899777486390662
265,0.24899742200054434
266,0.24899707502064058
267,0.24899673379029016
268,0.24899639817938332
269,0.24899606806147825
270,0.24899574331367866
271,0.24899542381651543
272,0.24899510945383507
273,0.2489948001126898
274,0.24899449568323243
275,0.24899419605861609
276,0.24899390113489786
277,0.24899361081094407
278,0.24899332498833932
279,0.24899304357130284
280,0.24899276646660254
281,0.2489924935834742
282,0.24899222483354527
283,0.24899196013075955
284,0.24899169939130464
285,0.24899144253354283
286,0.24899118947794416
287,0.2489909401470212
288,0.24899069446526678
289,0.24899045235909414
290,0.24899021375677804
291,0.2489899785883997
292,0.24898974678579244
293,0.24898951828248808
294,0.24898929301366807
295,0.24898907091611402
296,0.24898885192816075
297,0.24898863598965137
298,0.24898842304189087
299,0.24898821302760749
300,0.24898800589090825
301,0.2489878015772411
302,0.24898760003335682
303,0.2489874012072692
304,0.24898720504822291
305,0.24898701150665623
306,0.24898682053416865
307,0.24898663208348698
308,0.2489864461084356
309,0.24898626256390524
310,0.2489860814058231
311,0.24898590259112566
312,0.24898572607772948
313,0.24898555182450524
314,0.24898537979125207
315,0.24898520993867237
316,0.24898504222834666
317,0.24898487662271165
318,0.2489847130850354
319,0.24898455157939794
320,0.24898439207066622
321,0.24898423452447688
322,0.2489840789072139
323,0.24898392518598983
