1,0.5181516501025906
2,0.3070413896740511
3,0.25962538267489377
4,0.259625246686559
5,0.259625111714887
6,0.25962497769966597
7,0.25962484463117197
8,0.25962471249980984
9,0.2596245812961096
10,0.2596244510107238
11,0.25962432163442917
12,0.2596241931581193
13,0.2596240655728071
14,0.2596239388696215
15,0.25962381303980553
16,0.25962368807471387
17,0.2596235639658121
18,0.2596234407046752
19,0.25962331828298496
20,0.2596231966925282
21,0.25962307592519596
22,0.2596229559729825
23,0.25962283682798104
24,0.25962271848238483
25,0.25962260092848505
26,0.25962248415866884
27,0.2596223681654178
28,0.25962225294130653
29,0.25962213847900223
30,0.25962202477126184
31,0.2596219118109321
32,0.2596217995909464
33,0.2596216881043258
34,0.25962157734417607
35,0.2596214673036863
36,0.2596213579761291
37,0.25962124935485714
38,0.2596211414333052
39,0.2596210342049858
40,0.25962092766348965
41,0.2596208218024842
42,0.25962071661571196
43,0.25962061209699094
44,0.25962050824021154
45,0.2596204050393374
46,0.2596203024884032
47,0.25962020058151336
48,0.2596200993128423
49,0.25961999867663227
50,0.2596198986671928
51,0.25961979927890033
52,0.2596197005061955
53,0.25961960234358467
54,0.2596195047856374
55,0.25961940782698495
56,0.25961931146232164
57,0.2596192156864024
58,0.2596191204940414
59,0.25961902588011293
60,0.25961893183954865
61,0.2596188383673389
62,0.25961874545853064
63,0.2596186531082258
64,0.2596185613115824
65,0.25961847006381306
66,0.25961837936018306
67,0.25961828919601154
68,0.2596181995666695
69,0.2596181104675796
70,0.2596180218942156
71,0.2596179338421008
72,0.25961784630680806
73,0.25961775928395947
74,0.25961767276922476
75,0.25961758675832153
76,0.25961750124701377
77,0.2596174162311119
78,0.25961733170647244
79,0.2596172476689961
80,0.2596171641146278
81,0.2596170810393575
82,0.2596169984392172
83,0.25961691631028216
84,0.2596168346486698
85,0.2596167534505386
86,0.2596166727120881
87,0.25961659242955865
88,0.2596165125992304
89,0.25961643321742267
90,0.25961635428049457
91,0.25961627578484187
92,0.25961619772690026
93,0.2596161201031413
94,0.2596160429100743
95,0.25961596614424426
96,0.25961588980223343
97,0.2596158138806588
98,0.2596157383761721
99,0.2596156632854601
100,0.25961558860524436
101,0.2596155143322792
102,0.2596154404633527
103,0.25961536699528553
104,0.25961529392493193
105,0.2596152212491771
106,0.25961514896493837
107,0.25961507706916426
108,0.2596150055588343
109,0.25961493443095846
110,0.25961486368257736
111,0.2596147933107607
112,0.2596147233126076
113,0.259614653685247
114,0.25961458442583574
115,0.2596145155315593
116,0.25961444699963093
117,0.25961437882729227
118,0.2596143110118116
119,0.2596142435504842
120,0.2596141764406318
121,0.2596141096796036
122,0.2596140432647735
123,0.2596139771935416
124,0.2596139114633339
125,0.25961384607160065
126,0.2596137810158173
127,0.259613716293484
128,0.2596136519021247
129,0.2596135878392876
130,0.25961352410254407
131,0.25961346068948965
132,0.2596133975977422
133,0.2596133348249425
134,0.25961327236875403
135,0.2596132102268634
136,0.25961314839697686
137,0.2596130868768252
138,0.25961302566415895
139,0.2596129647567503
140,0.2596129041523932
141,0.2596128438489008
142,0.2596127838441081
143,0.25961272413587005
144,0.2596126647220621
145,0.2596126056005779
146,0.2596125467693327
147,0.25961248822626
148,0.25961242996931266
149,0.2596123719964623
150,0.2596123143057
151,0.2596122568950342
152,0.2596121997624929
153,0.25961214290612145
154,0.25961208632398286
155,0.259612030014158
156,0.25961197397474634
157,0.2596119182038628
158,0.2596118626996409
159,0.2596118074602301
160,0.2596117524837972
161,0.25961169776852516
162,0.25961164331261344
163,0.25961158911427823
164,0.2596115351717505
165,0.2596114814832778
166,0.2596114280471232
167,0.25961137486156566
168,0.25961132192489894
169,0.2596112692354316
170,0.25961121679148835
171,0.2596111645914077
172,0.2596111126335428
173,0.25961106091626224
174,0.2596110094379475
175,0.2596109581969958
176,0.25961090719181695
177,0.25961085642083565
178,0.2596108058824902
179,0.25961075557523183
180,0.25961070549752646
181,0.25961065564785146
182,0.2596106060246988
183,0.2596105566265733
184,0.259610507451992
185,0.25961045849948544
186,0.25961040976759603
187,0.25961036125487946
188,0.2596103129599025
189,0.25961026488124606
190,0.2596102170175014
191,0.25961016936727227
192,0.2596101219291747
193,0.25961007470183584
194,0.2596100276838946
195,0.2596099808740013
196,0.2596099342708177
197,0.2596098878730173
198,0.25960984167928397
199,0.25960979568831233
200,0.25960974989880925
201,0.25960970430949093
202,0.2596096589190846
203,0.2596096137263291
204,0.2596095687299718
205,0.25960952392877235
206,0.25960947932149936
207,0.259609434906932
208,0.2596093906838597
209,0.2596093466510812
210,0.2596093028074057
211,0.25960925915165206
212,0.2596092156826481
213,0.2596091723992319
214,0.2596091293002509
215,0.2596090863845612
216,0.25960904365102905
217,0.25960900109852947
218,0.259608958725947
219,0.2596089165321741
220,0.2596088745161123
221,0.25960883267667373
222,0.25960879101277706
223,0.25960874952335045
224,0.25960870820733073
225,0.2596086670636629
226,0.25960862609130053
227,0.2596085852892057
228,0.25960854465634775
229,0.2596085041917052
230,0.25960846389426445
231,0.25960842376301974
232,0.2596083837969729
233,0.25960834399513405
234,0.25960830435652077
235,0.2596082648801582
236,0.25960822556508023
237,0.2596081864103261
238,0.2596081474149443
239,0.2596081085779903
240,0.2596080698985264
241,0.2596080313756229
242,0.2596079930083565
243,0.2596079547958118
244,0.2596079167370794
245,0.25960787883125797
246,0.259607841077452
247,0.2596078034747742
248,0.25960776602234326
249,0.2596077287192837
250,0.2596076915647281
251,0.25960765455781554
252,0.2596076176976907
253,0.25960758098350567
254,0.25960754441441847
255,0.25960750798959276
256,0.2596074717082004
257,0.2596074355694177
258,0.2596073995724273
259,0.25960736371641935
260,0.25960732800058883
261,0.2596072924241367
262,0.2596072569862705
263,0.25960722168620326
264,0.259607186523154
265,0.25960715149634767
266,0.2596071166050143
267,0.25960708184839076
268,0.259607047225718
269,0.2596070127362438
270,0.25960697837922136
271,0.25960694415390867
272,0.2596069100595698
273,0.25960687609547384
274,0.2596068422608952
275,0.2596068085551142
276,0.25960677497741513
277,0.25960674152708907
278,0.25960670820343035
279,0.2596066750057406
280,0.2596066419333244
281,0.25960660898549276
282,0.25960657616156135
283,0.2596065434608503
284,0.25960651088268477
285,0.2596064784263952
286,0.2596064460913161
287,0.2596064138767881
288,0.25960638178215456
289,0.25960634980676467
290,0.25960631794997224
291,0.2596062862111356
292,0.2596062545896176
293,0.2596062230847852
294,0.25960619169601057
295,0.2596061604226696
296,0.2596061292641427
297,0.25960609821981523
298,0.2596060672890759
299,0.25960603647131864
300,0.259606005765941
301,0.2596059751723449
302,0.25960594468993625
303,0.25960591431812535
304,0.2596058840563271
305,0.25960585390395896
306,0.25960582386044423
307,0.25960579392520855
308,0.2596057640976825
309,0.2596057343773006
310,0.25960570476350053
311,0.2596056752557248
312,0.25960564585341916
313,0.259605616556033
314,0.25960558736301964
315,0.2596055582738368
316,0.25960552928794417
317,0.25960550040480684
318,0.2596054716238938
319,0.25960544294467497
320,0.25960541436662743
321,0.2596053858892285
322,0.2596053575119618
323,0.2596053292343121
324,0.2596053010557691
325,0.2596052729758257
326,0.2596052449939774
327,0.25960521710972473
