1,0.2821373131894829
2,0.24850405744777193
3,0.2475633858439644
4,0.24699705397505045
5,0.24665273940515134
6,0.2464345191494983
7,0.24628929341484623
8,0.24618797396814845
9,0.24611417171213973
10,0.24605828704662658
11,0.24601447062064669
12,0.24597902494583132
13,0.24594953454180435
14,0.24592437491271057
15,0.24590242537932808
16,0.2458828955085814
17,0.2458652169940083
18,0.24584897443603498
19,0.24583385991019102
20,0.24581964246550644
21,0.24580614721840935
22,0.24579324074827827
23,0.24578082071398805
24,0.2457688083494449
25,0.24575714295585727
26,0.24574577780056386
27,0.24573467702128346
28,0.24572381325916026
29,0.24571316582728495
30,0.2457027192779321
31,0.2456924622706555
32,0.24568238667044626
33,0.24567248682420126
34,0.24566275897724063
35,0.24565320080127112
36,0.2456438110121303
37,0.24563458906068136
38,0.2456255348838885
39,0.24561664870577926
40,0.2456079308800091
41,0.24559938176720766
42,0.2455910016414301
43,0.24558279062091462
44,0.24557474861903966
45,0.24556687531194807
46,0.24555917011977957
47,0.24555163219887427
48,0.24554426044265415
49,0.24553705348923668
50,0.24553000973409178
51,0.2455231273463453
52,0.24551640428754398
53,0.245509838331912
54,0.24550342708731798
55,0.24549716801632473
56,0.24549105845684752
57,0.24548509564204526
58,0.245479276719196
59,0.24547359876737218
60,0.24546805881380548
61,0.2454626538488934
62,0.24545738083982935
63,0.24545223674288386
64,0.24544721851437662
65,0.24544232312041198
66,0.2454375475454422
67,0.2454328887997456
68,0.2454283439259064
69,0.24542391000437586
70,0.24541958415819984
71,0.24541536355699958
72,0.24541124542026954
73,0.24540722702007686
74,0.24540330568321675
75,0.24539947879289456
76,0.24539574378998616
77,0.24539209817392374
78,0.24538853950325967
79,0.24538506539594726
80,0.24538167352936846
81,0.2453783616401561
82,0.24537512752382684
83,0.24537196903425548
84,0.2453688840830168
85,0.24536587063861476
86,0.24536292672560814
87,0.24536005042366996
88,0.24535723986656607
89,0.24535449324109385
90,0.24535180878597046
91,0.24534918479069323
92,0.24534661959437407
93,0.24534411158455813
94,0.24534165919603435
95,0.24533926090963645
96,0.2453369152510505
97,0.24533462078962104
98,0.24533237613717296
99,0.24533017994683592
100,0.2453280309118887
101,0.24532592776461898
102,0.24532386927519845
103,0.24532185425058042
104,0.2453198815334173
105,0.24531795000099904
106,0.24531605856421657
107,0.24531420616654612
108,0.2453123917830589
109,0.24531061441945584
110,0.24530887311112332
111,0.2453071669222187
112,0.24530549494477374
113,0.24530385629782872
114,0.24530225012658716
115,0.24530067560159385
116,0.2452991319179403
117,0.24529761829448907
118,0.24529613397312516
119,0.24529467821802506
120,0.24529325031495458
121,0.24529184957058184
122,0.24529047531181414
123,0.2452891268851575
124,0.2452878036560935
125,0.24528650500847615
126,0.24528523034394942
127,0.24528397908138264
128,0.2452827506563244
129,0.24528154452047352
130,0.24528036014116741
131,0.24527919700088735
132,0.2452780545967805
133,0.24527693244019685
134,0.2452758300562411
135,0.2452747469833393
136,0.24527368277282158
137,0.24527263698851703
138,0.2452716092063618
139,0.24527059901402098
140,0.2452696060105234
141,0.24526862980590697
142,0.24526767002087804
143,0.2452667262864798
144,0.2452657982437735
145,0.24526488554352896
146,0.2452639878459268
147,0.24526310482026945
148,0.24526223614470058
149,0.2452613815059381
150,0.24526054059901015
151,0.24525971312700584
152,0.2452588988008286
153,0.24525809733896267
154,0.24525730846724356
155,0.2452565319186378
156,0.24525576743303001
157,0.24525501475701542
158,0.245254273643703
159,0.24525354385251968
160,0.24525282514902497
161,0.2452521173047308
162,0.24525142009692555
163,0.24525073330850589
164,0.24525005672781303
165,0.24524939014847483
166,0.24524873336925251
167,0.24524808619389102
168,0.24524744843097865
169,0.24524681989380523
170,0.24524620040022915
171,0.2452455897725463
172,0.2452449878373669
173,0.2452443944254886
174,0.24524380937178303
175,0.24524323251507898
176,0.24524266369805184
177,0.24524210276711741
178,0.2452415495723266
179,0.2452410039672655
180,0.24524046580895725
181,0.24523993495776825
182,0.24523941127731616
183,0.24523889463438103
184,0.24523838489881958
185,0.24523788194348117
186,0.24523738564412748
187,0.24523689587935457
188,0.2452364125305162
189,0.2452359354816486
190,0.24523546461940335
191,0.24523499983297328
192,0.24523454101402883
193,0.2452340880566501
194,0.24523364085726587
195,0.2452331993145906
