1,0.4446532205887872
2,0.4445664547120629
3,0.44442443074927307
4,0.4441482992167693
5,0.4433602386703774
6,0.39091935904025144
7,0.2543501008568458
8,0.25432742143094544
9,0.25430738386372215
10,0.25428891732437287
11,0.2542718801110673
12,0.254256143164347
13,0.25424158927541807
14,0.25422811222626013
15,0.254215615908279
16,0.25420401345203714
17,0.2541932263897753
18,0.2541831838643252
19,0.2541738218921102
20,0.25416508268369387
21,0.25415691402240714
22,0.25414926869962146
23,0.25414210400396753
24,0.2541353812610763
25,0.2541290654200061
26,0.25412312468244685
27,0.25411753017077204
28,0.25411225563122264
29,0.2541072771686865
30,0.254102573009805
31,0.2540981232914261
32,0.25409390987166175
33,0.2540899161611022
34,0.25408612697197064
35,0.2540825283832409
36,0.25407910761994923
37,0.25407585294512736
38,0.254072753562963
39,0.25406979953194014
40,0.2540669816868651
41,0.2540642915687991
42,0.2540617213620324
43,0.25405926383734057
44,0.2540569123008377
45,0.2540546605478295
46,0.25405250282113456
47,0.25405043377339875
48,0.2540484484329854
49,0.25404654217306716
50,0.25404471068359397
51,0.2540429499458394
52,0.2540412562092596
53,0.25403962597044366
54,0.25403805595393586
55,0.25403654309475315
56,0.25403508452242407
57,0.25403367754641143
58,0.2540323196427781
59,0.2540310084419824
60,0.254029741717692
61,0.2540285173765261
62,0.25402733344864153
63,0.2540261880790753
64,0.254025079519788
65,0.2540240061223386
66,0.2540229663311317
67,0.2540219586771952
68,0.25402098177243343
69,0.25402003430431985
70,0.2540191150309931
71,0.254018222776715
72,0.25401735642766676
73,0.2540165149280556
74,0.2540156972764993
75,0.25401490252267384
76,0.2540141297641976
77,0.2540133781437378
78,0.2540126468463142
79,0.2540119350967944
80,0.25401124215755716
81,0.254010567326316
82,0.254009909934085
83,0.254009269343288
84,0.2540086449459845
85,0.25400803616221507
86,0.25400744243845447
87,0.25400686324616084
88,0.25400629808042224
89,0.25400574645868373
90,0.2540052079195544
91,0.2540046820216934
92,0.254004168342756
93,0.25400366647841144
94,0.25400317604141576
95,0.25400269666074077
96,0.2540022279807555
97,0.25400176966045435
98,0.25400132137273246
99,0.2540008828037005
100,0.2540004536520399
101,0.2540000336283952
102,0.25399962245479984
103,0.2539992198641343
104,0.2539988255996133
105,0.25399843941430456
106,0.2539980610706689
107,0.2539976903401298
108,0.25399732700266237
109,0.25399697084640765
110,0.25399662166730447
111,0.2539962792687423
112,0.25399594346123117
113,0.2539956140620896
114,0.2539952908951475
115,0.2539949737904654
116,0.25399466258406694
117,0.25399435711768453
118,0.25399405723852
119,0.25399376279901204
120,0.25399347365662134
121,0.2539931896736216
122,0.2539929107169026
123,0.25399263665778204
124,0.25399236737182673
125,0.2539921027386817
126,0.2539918426419088
127,0.2539915869688313
128,0.2539913356103841
129,0.2539910884609771
130,0.25399084541835676
131,0.2539906063834795
132,0.253990371260389
133,0.2539901399560998
134,0.2539899123804822
135,0.25398968844615966
136,0.2539894680684048
137,0.2539892511650395
138,0.25398903765634523
139,0.25398882746496987
140,0.2539886205158436
