1,0.4044400935651757
2,0.2758773594514115
3,0.24837534729503474
4,0.24828984382161481
5,0.24828229055870116
6,0.24827542527452875
7,0.24826855840086925
8,0.24826167933846885
9,0.2482547880510844
10,0.2482478846705555
11,0.24824096933309256
12,0.24823404217668907
13,0.24822710334107356
14,0.2482201529676962
15,0.2482131911997201
16,0.2482062181820115
17,0.24819923406112634
18,0.24819223898529869
19,0.24818523310443075
20,0.24817821657007513
21,0.24817118953542644
22,0.248164152155304
23,0.24815710458613674
24,0.2481500469859525
25,0.24814297951435568
26,0.24813590233251598
27,0.24812881560315111
28,0.2481217194905063
29,0.24811461416034017
30,0.24810749977990493
31,0.24810037651792588
32,0.2480932445445846
33,0.24808610403149747
34,0.24807895515169578
35,0.24807179807960297
36,0.24806463299101678
37,0.24805746006308327
38,0.24805027947427666
39,0.24804309140437528
40,0.24803589603443865
41,0.24802869354678309
42,0.24802148412495698
43,0.24801426795371578
44,0.24800704521899836
45,0.24799981610789715
46,0.2479925808086355
47,0.24798533951053903
48,0.24797809240400867
49,0.24797083968049244
50,0.24796358153245904
51,0.24795631815336663
52,0.247949049737636
53,0.24794177648061974
54,0.24793449857857286
55,0.2479272162286231
56,0.24791992962874027
57,0.24791263897770457
58,0.24790534447507584
59,0.24789804632116133
60,0.24789074471698555
61,0.24788343986425565
62,0.2478761319653299
63,0.2478688212231851
64,0.24786150784138236
65,0.24785419202403497
66,0.2478468739757739
67,0.24783955390171358
68,0.24783223200741833
69,0.24782490849886687
70,0.24781758358241968
71,0.24781025746478186
72,0.24780293035296855
73,0.24779560245427215
74,0.24778827397622327
75,0.24778094512655785
76,0.2477736161131798
77,0.2477662871441271
78,0.24775895842753398
79,0.24775163017159724
80,0.2477443025845375
81,0.2477369758745645
82,0.2477296502498421
83,0.2477223259184494
84,0.24771500308834726
85,0.24770768196734078
86,0.24770036276304339
87,0.24769304568283915
88,0.24768573093385085
89,0.2476784187228984
90,0.2476711092564681
91,0.2476638027406726
92,0.2476564993812172
93,0.24764919938336535
94,0.24764190295189886
95,0.2476346102910882
96,0.2476273216046519
97,0.2476200370957251
98,0.24761275696682417
99,0.24760548141980962
100,0.24759821065585477
101,0.2475909448754092
102,0.2475836842781659
103,0.2475764290630282
104,0.24756917942807433
105,0.24756193557052555
106,0.24755469768671384
107,0.2475474659720477
108,0.2475402406209814
109,0.24753302182698128
110,0.24752580978249647
111,0.24751860467892667
112,0.2475114067065893
113,0.2475042160546937
114,0.24749703291130531
115,0.2474898574633214
116,0.24748268989643732
117,0.24747553039512077
118,0.24746837914258282
119,0.24746123632074696
120,0.24745410211022725
121,0.24744697669029603
122,0.24743986023885947
123,0.247432752932432
124,0.24742565494611038
125,0.24741856645354784
126,0.24741148762692936
127,0.24740441863694934
128,0.2473973596527859
129,0.24739031084207888
