1,0.5248686900464914
2,0.5248533040307872
3,0.5248369895676686
4,0.5248196237135537
5,0.524801101867103
6,0.5247813051212348
7,0.5247600977377331
8,0.5247373240686373
9,0.5247128047779631
10,0.524686332171391
11,0.5246576643787394
12,0.524626518047275
13,0.5245925590824964
14,0.524555390801033
15,0.5245145386131024
16,0.5244694299913426
17,0.5244193679479842
18,0.5243634954345282
19,0.5243007468339915
20,0.5242297807572571
21,0.5241488851969601
22,0.5240558408614732
23,0.5239477195830795
24,0.5238205789291656
25,0.5236689852123234
26,0.5234852415886501
27,0.5232580858126031
28,0.5229703815556567
29,0.5225947716445095
30,0.5220848597293141
31,0.5213555305466255
32,0.5202330935673943
33,0.5183042029171666
34,0.5143091656627686
35,0.5018039218051479
36,0.37641352880948975
37,0.25979445861546974
38,0.25965957009202256
39,0.2596508072109809
40,0.2596420382099882
41,0.25963314187561637
42,0.2596241154593696
43,0.25961495627151476
44,0.259605661552523
45,0.2595962284708088
46,0.25958665412053616
47,0.259576935519346
48,0.2595670696060162
49,0.2595570532380362
50,0.25954688318910374
51,0.2595365561465394
52,0.25952606870861344
53,0.2595154173817822
54,0.25950459857783836
55,0.25949360861095944
56,0.2594824436946655
57,0.2594710999386708
58,0.25945957334563546
59,0.2594478598078107
60,0.25943595510357137
61,0.25942385489383774
62,0.2594115547183838
63,0.2593990499920206
64,0.25938633600066296
65,0.25937340789726926
66,0.2593602606976497
67,0.2593468892761498
68,0.25933328836119407
69,0.25931945253069405
70,0.25930537620731847
71,0.25929105365362004
72,0.2592764789670175
73,0.25926164607463065
74,0.2592465487279688
75,0.2592311804974674
76,0.2592155347668755
77,0.2591996047274888
78,0.2591833833722348
79,0.25916686348960266
80,0.2591500376574249
81,0.25913289823651037
82,0.2591154373641305
83,0.25909764694736315
84,0.2590795186562993
85,0.2590610439171172
86,0.25904221390503424
87,0.259023019537139
88,0.25900345146511966
89,0.2589835000679024
90,0.2589631554442051
91,0.25894240740503416
92,0.2589212454661364
93,0.258899658840433
94,0.2588776364304541
95,0.2588551668208152
96,0.25883223827075413
97,0.25880883870677573
98,0.2587849557154439
99,0.2587605765363653
100,0.2587356880554233
101,0.25871027679831415
102,0.25868432892445853
103,0.2586578302213593
104,0.25863076609948404
105,0.25860312158777016
106,0.2585748813298456
107,0.25854602958108236
108,0.25851655020660036
109,0.25848642668035693
110,0.2584556420854756
111,0.2584241791159629
112,0.25839202008000534
113,0.2583591469050268
114,0.2583255411447238
115,0.258291183988303
116,0.258256056272169
117,0.2582201384943292
118,0.25818341083179946
119,0.2581458531613257
120,0.2581074450837436
121,0.2580681659523335
122,0.2580279949055416
123,0.2579869109044642
124,0.25794489277550753
125,0.2579019192586629
126,0.2578579690618475
127,0.25781302092177555
128,0.2577670536718468
129,0.25772004631753087
130,0.25767197811974274
131,0.25762282868668823
132,0.2575725780746547
133,0.2575212068981981
134,0.25746869645013604
135,0.25741502883173295
136,0.25736018709337294
137,0.2573041553859708
138,0.2572469191232541
139,0.25718846515494814
140,0.2571287819507504
141,0.2570678597948293
142,0.25700569099038795
143,0.25694227007362846
144,0.2568775940362167
145,0.2568116625550675
146,0.256744478228016
147,0.2566760468135802
148,0.2566063774727399
149,0.2565354830102702
150,0.2564633801128383
151,0.25639008958070686
152,0.2563156365495381
153,0.25624005069847394
154,0.2561633664403682
155,0.25608562308979715
156,0.2560068650042974
157,0.25592714169416403
158,0.25584650789613383
159,0.25576502360637393
160,0.25568275406841096
161,0.25559976971199305
162,0.25551614603936645
163,0.2554319634560944
164,0.2553473070443234
165,0.25526226627732646
166,0.2551769346751913
167,0.2550914094026706
168,0.25500579081141256
169,0.25492018193006816
170,0.254834687907009
171,0.25474941541161955
172,0.254664472001253
173,0.25457996546195255
174,0.25449600313187115
175,0.254412691216956
176,0.2543301341088611
177,0.2542484337151922
178,0.25416768881206747
179,0.25408799442858226
180,0.25400944127212577
181,0.2539321152026188
182,0.2538560967626619
183,0.25378146076934255
184,0.253708275972093
185,0.2536366047795519
186,0.2535665030569473
187,0.2534980199940784
188,0.2534311980426342
189,0.25336607292033547
190,0.2533026736782799
191,0.2532410228269396
192,0.2531811365154867
193,0.2531230247585591
194,0.2530666917041829
195,0.25301213593636546
196,0.252959350805829
197,0.25290832478246383
198,0.25285904182332714
199,0.2528114817503494
200,0.2527656206323558
201,0.2527214311665018
202,0.25267888305476194
203,0.25263794337167017
204,0.2525985769200844
205,0.25256074657229205
206,0.2525244135943198
207,0.2524895379518131
208,0.2524560785963012
209,0.2524239937311094
210,0.2523932410565306
211,0.2523637779942125
212,0.25233556189099127
213,0.25230855020263676
214,0.25228270065816943
215,0.25225797140556105
216,0.25223432113975125
217,0.25221170921398783
218,0.2521900957355636
219,0.25216944164705196
220,0.2521497087941452
221,0.2521308599812062
222,0.25211285901560737
223,0.252095670741909
224,0.25207926106687917
225,0.25206359697631125
226,0.25204864654454323
227,0.2520343789375188
228,0.2520207644101839
229,0.25200777429894056
230,0.25199538100983015
231,0.25198355800306127
232,0.2519722797744376
233,0.251961521834193
234,0.2519512606836881
235,0.25194147379038134
236,0.25193213956143634
237,0.2519232373162916
238,0.25191474725848256
239,0.25190665044695904
240,0.25189892876713754
241,0.25189156490185693
242,0.25188454230242385
243,0.25187784515987865
244,0.2518714583766071
245,0.2518653675383986
246,0.2518595588870375
247,0.2518540192934945
248,0.2518487362317777
249,0.2518436977534871
250,0.25183889246310204
251,0.2518343094940356
252,0.2518299384854645
253,0.25182576955994845
254,0.25182179330184457
255,0.25181800073651084
256,0.2518143833103007
257,0.25181093287133105
258,0.25180764165102115
259,0.2518045022463798
260,0.25180150760302905
261,0.2517986509989447
262,0.2517959260288945
263,0.2517933265895524
264,0.2517908468652681
265,0.2517884813144727
266,0.25178622465669326
267,0.2517840718601598
268,0.2517820181299775
269,0.25178005889684657
270,0.251778189806305
271,0.2517764067084764
272,0.25177470564829424
273,0.25177308285619554
274,0.2517715347392495
275,0.251770057872712
276,0.2517686489919813
277,0.2517673049849429
278,0.251766022884678
279,0.25176479986252653
280,0.2517636332214836
281,0.25176252038991437
282,0.2517614589155753
283,0.2517604464599239
284,0.25175948079270366
285,0.25175855978679434
286,0.251757681413312
287,0.2517568437369416
288,0.2517560449115079
289,0.251755283175748
290,0.251754556849301
291,0.2517538643288843
292,0.251753204084661
293,0.2517525746567796
294,0.25175197465208277
295,0.25175140274097874
296,0.25175085765445826
297,0.25175033818126064
298,0.25174984316517396
299,0.2517493715024668
300,0.2517489221394448
301,0.2517484940701206
302,0.25174808633400153
303,0.2517476980139792
304,0.25174732823432144
