1,0.5652671573993956
2,0.5651640751710361
3,0.5651601481635565
4,0.5651569603237102
5,0.5651550883123058
6,0.5651531648373074
7,0.5651511877421092
8,0.5651491547503347
9,0.5651470634559091
10,0.5651449113131312
11,0.5651426956261633
12,0.5651404135376732
13,0.5651380620165023
14,0.5651356378442027
15,0.5651331376003276
16,0.5651305576463125
17,0.5651278941078008
18,0.5651251428552257
19,0.5651222994824362
20,0.5651193592831472
21,0.5651163172249382
22,0.5651131679205069
23,0.5651099055958191
24,0.5651065240547761
25,0.5651030166399327
26,0.5650993761887445
27,0.5650955949847389
28,0.5650916647029155
29,0.5650875763485517
30,0.5650833201884808
31,0.5650788856737207
32,0.5650742613521795
33,0.565069434769897
34,0.5650643923590422
35,0.5650591193105424
36,0.5650535994288305
37,0.5650478149656966
38,0.5650417464296704
39,0.5650353723666207
40,0.5650286691063523
41,0.5650216104689125
42,0.5650141674229273
43,0.5650063076865518
44,0.5649979952594846
45,0.5649891898717555
46,0.5649798463314372
47,0.5649699137490555
48,0.564959334610553
49,0.564948043663188
50,0.564935966568791
51,0.5649230182656565
52,0.5649091009627899
53,0.5648941016665143
54,0.5648778891070936
55,0.5648603098884362
56,0.5648411836217097
57,0.5648202967156254
58,0.564797394369976
59,0.5647721701352003
60,0.5647442521287296
61,0.5647131845887817
62,0.5646784028157329
63,0.5646391985600828
64,0.5645946713195901
65,0.5645436583659582
66,0.5644846318121829
67,0.5644155430649064
68,0.5643335803609009
69,0.5642347769015156
70,0.5641133498630626
71,0.5639605269493565
72,0.5637623268545231
73,0.5633461805083325
74,0.5626895868825819
75,0.5618420123178455
76,0.5601724087894455
77,0.5552731884282155
78,0.44064824214095133
79,0.2470884875063115
80,0.2471899328477658
81,0.24713645507430554
82,0.24708407710761196
83,0.2470328168001463
84,0.2469826860744151
85,0.24693369315120356
86,0.24688584273500508
87,0.24683913621522402
88,0.2467935718792365
89,0.2467491451335734
90,0.24670584872977525
91,0.24666367299173433
92,0.24662260604162892
93,0.24658263402169422
94,0.24654374130865753
95,0.2465059107143839
96,0.24646912363993498
97,0.2464333596255903
98,0.2461910231893873
99,0.2469830867267277
100,0.24633195334923294
101,0.24630011209809755
102,0.24626918314338403
103,0.24623914374453568
104,0.2462099704601568
105,0.246181639813082
106,0.24615412837769055
107,0.2461274128581774
108,0.24610147015787934
109,0.24607627744009045
110,0.24605181218090827
111,0.24602805221470164
112,0.24600497577276895
113,0.24598256151576614
114,0.24596078856046122
115,0.24593963650133735
116,0.24591908542756166
117,0.24589911593577823
118,0.24587970913919044
119,0.24586084667332447
120,0.24584251069887736
121,0.24582468390198964
122,0.24580734949227534
123,0.24579049119889776
124,0.24577409326496805
125,0.2457581404405069
126,0.24574261797419023
127,0.24572751160407671
128,0.24571280754749739
129,0.24569849249026335
130,0.24568455357533334
131,0.24567097839106847
132,0.2456577549591817
133,0.24564487172247954
134,0.24563231753248327
135,0.2456200816369999
136,0.24560815366771158
137,0.24559652362783163
138,0.24558518187988493
139,0.2455741191336374
140,0.24556332643422726
141,0.24555279515050732
142,0.2455425169636339
143,0.24553248385591728
144,0.24552268809994385
145,0.24551312224799066
146,0.2455037791217306
147,0.2454946518022392
148,0.24548573362030565
149,0.24547701814704853
150,0.24546849918483768
151,0.2454601707585186
152,0.2454520271069323
153,0.24544406267474064
154,0.24543627210453142
155,0.24542865022921978
156,0.2454211920647184
157,0.24541389280288872
158,0.24540674780475202
159,0.24539975259396185
160,0.2453929028505268
161,0.2453861944047726
162,0.24537962323154555
163,0.2453731854446396
164,0.24536687729144402
165,0.24536069514780418
166,0.24535463551308823
167,0.24534869500544748
168,0.24534287035727145
169,0.2453371584108223
170,0.24533155611404792
171,0.2453260605165621
172,0.2453206687657901
173,0.24531537810326576
174,0.2453101858610857
175,0.24530508945849847
176,0.2453000863986425
177,0.2452951742654051
178,0.24529035072041863
179,0.24528561350017236
180,0.2452809604132433
181,0.2452763893376392
