1,0.5783213688304668
2,0.578229756315014
3,0.578113882670159
4,0.5779626368896258
5,0.5777568926641771
6,0.5774606719075176
7,0.5769972507708127
8,0.576168042560264
9,0.5742417287158602
10,0.5631623134426863
11,0.2986420626141682
12,0.2516740679344582
13,0.25167406250003216
14,0.25167406250003044
15,0.2516740625000305
16,0.2516740625000305
17,0.2516740625000305
18,0.2516740625000305
19,0.2516740625000305
20,0.25167406250003055
21,0.2516740625000305
22,0.2516740625000305
23,0.2516740625000305
24,0.2516740625000305
25,0.25167406250003055
26,0.2516740625000305
27,0.2516740625000305
28,0.2516740625000305
29,0.2516740625000305
30,0.25167406250003055
31,0.2516740625000305
32,0.2516740625000305
33,0.2516740625000305
34,0.2516740625000305
35,0.25167406250003055
36,0.2516740625000305
37,0.2516740625000305
38,0.2516740625000305
39,0.2516740625000305
40,0.25167406250003055
41,0.2516740625000305
42,0.2516740625000305
43,0.2516740625000305
44,0.2516740625000305
45,0.25167406250003055
46,0.2516740625000305
47,0.2516740625000305
48,0.2516740625000305
49,0.2516740625000305
50,0.25167406250003055
51,0.2516740625000305
52,0.2516740625000305
53,0.2516740625000305
54,0.2516740625000305
55,0.25167406250003055
56,0.2516740625000305
57,0.2516740625000305
58,0.2516740625000305
59,0.2516740625000305
60,0.25167406250003055
61,0.2516740625000305
62,0.2516740625000305
63,0.2516740625000305
64,0.2516740625000305
65,0.25167406250003055
66,0.2516740625000305
67,0.2516740625000305
68,0.2516740625000305
69,0.2516740625000305
70,0.25167406250003055
71,0.2516740625000305
72,0.2516740625000305
73,0.2516740625000305
74,0.2516740625000305
75,0.25167406250003055
76,0.2516740625000305
77,0.2516740625000305
78,0.2516740625000305
79,0.2516740625000305
80,0.25167406250003055
81,0.2516740625000305
82,0.2516740625000305
83,0.2516740625000305
84,0.2516740625000305
85,0.25167406250003055
86,0.2516740625000305
87,0.2516740625000305
88,0.2516740625000305
89,0.2516740625000305
90,0.25167406250003055
91,0.2516740625000305
92,0.2516740625000305
93,0.2516740625000305
94,0.2516740625000305
95,0.25167406250003055
96,0.2516740625000305
97,0.2516740625000305
98,0.2516740625000305
99,0.2516740625000305
100,0.25167406250003055
101,0.2516740625000305
102,0.2516740625000305
103,0.2516740625000305
104,0.2516740625000305
105,0.25167406250003055
106,0.2516740625000305
107,0.2516740625000305
108,0.2516740625000305
109,0.2516740625000305
110,0.25167406250003055
111,0.2516740625000305
112,0.2516740625000305
113,0.2516740625000305
114,0.2516740625000305
115,0.25167406250003055
116,0.2516740625000305
117,0.2516740625000305
118,0.2516740625000305
119,0.2516740625000305
120,0.25167406250003055
121,0.2516740625000305
122,0.2516740625000305
123,0.2516740625000305
124,0.2516740625000305
125,0.25167406250003055
126,0.2516740625000305
127,0.2516740625000305
128,0.2516740625000305
129,0.2516740625000305
130,0.25167406250003055
131,0.2516740625000305
132,0.2516740625000305
133,0.2516740625000305
134,0.2516740625000305
135,0.25167406250003055
136,0.2516740625000305
137,0.2516740625000305
138,0.2516740625000305
139,0.2516740625000305
140,0.25167406250003055
141,0.2516740625000305
142,0.2516740625000305
143,0.2516740625000305
144,0.2516740625000305
145,0.25167406250003055
146,0.2516740625000305
147,0.2516740625000305
148,0.2516740625000305
149,0.2516740625000305
150,0.25167406250003055
151,0.2516740625000305
152,0.2516740625000305
153,0.2516740625000305
154,0.2516740625000305
155,0.25167406250003055
156,0.2516740625000305
157,0.2516740625000305
158,0.2516740625000305
159,0.2516740625000305
160,0.25167406250003055
161,0.2516740625000305
162,0.2516740625000305
163,0.2516740625000305
164,0.2516740625000305
165,0.25167406250003055
166,0.2516740625000305
167,0.2516740625000305
168,0.2516740625000305
169,0.2516740625000305
170,0.25167406250003055
171,0.2516740625000305
172,0.2516740625000305
173,0.2516740625000305
174,0.2516740625000305
175,0.25167406250003055
176,0.2516740625000305
177,0.2516740625000305
178,0.2516740625000305
179,0.2516740625000305
180,0.25167406250003055
181,0.2516740625000305
182,0.2516740625000305
183,0.2516740625000305
184,0.2516740625000305
185,0.25167406250003055
186,0.2516740625000305
187,0.2516740625000305
188,0.2516740625000305
189,0.2516740625000305
190,0.25167406250003055
191,0.2516740625000305
192,0.2516740625000305
193,0.2516740625000305
194,0.2516740625000305
195,0.25167406250003055
196,0.2516740625000305
197,0.2516740625000305
198,0.2516740625000305
199,0.2516740625000305
200,0.25167406250003055
201,0.2516740625000305
202,0.2516740625000305
203,0.2516740625000305
204,0.2516740625000305
205,0.25167406250003055
206,0.2516740625000305
207,0.2516740625000305
208,0.2516740625000305
209,0.2516740625000305
210,0.25167406250003055
211,0.2516740625000305
212,0.2516740625000305
213,0.2516740625000305
214,0.2516740625000305
215,0.25167406250003055
216,0.2516740625000305
217,0.2516740625000305
218,0.2516740625000305
219,0.2516740625000305
220,0.25167406250003055
221,0.2516740625000305
222,0.2516740625000305
223,0.2516740625000305
224,0.2516740625000305
225,0.25167406250003055
226,0.2516740625000305
227,0.2516740625000305
228,0.2516740625000305
229,0.2516740625000305
230,0.25167406250003055
231,0.2516740625000305
232,0.2516740625000305
233,0.2516740625000305
234,0.2516740625000305
235,0.25167406250003055
236,0.2516740625000305
237,0.2516740625000305
238,0.2516740625000305
239,0.2516740625000305
240,0.25167406250003055
241,0.2516740625000305
242,0.2516740625000305
243,0.2516740625000305
244,0.2516740625000305
245,0.25167406250003055
246,0.2516740625000305
247,0.2516740625000305
248,0.2516740625000305
249,0.2516740625000305
250,0.25167406250003055
251,0.2516740625000305
252,0.2516740625000305
253,0.2516740625000305
254,0.2516740625000305
255,0.25167406250003055
256,0.2516740625000305
257,0.2516740625000305
258,0.2516740625000305
259,0.2516740625000305
260,0.25167406250003055
261,0.2516740625000305
262,0.2516740625000305
263,0.2516740625000305
264,0.2516740625000305
265,0.25167406250003055
266,0.2516740625000305
267,0.2516740625000305
268,0.2516740625000305
269,0.2516740625000305
270,0.25167406250003055
271,0.2516740625000305
272,0.2516740625000305
273,0.2516740625000305
274,0.2516740625000305
275,0.25167406250003055
276,0.2516740625000305
277,0.2516740625000305
278,0.2516740625000305
279,0.2516740625000305
280,0.25167406250003055
281,0.2516740625000305
282,0.2516740625000305
283,0.2516740625000305
284,0.2516740625000305
285,0.25167406250003055
286,0.2516740625000305
287,0.2516740625000305
288,0.2516740625000305
289,0.2516740625000305
290,0.25167406250003055
291,0.2516740625000305
292,0.2516740625000305
293,0.2516740625000305
294,0.2516740625000305
295,0.25167406250003055
296,0.2516740625000305
297,0.2516740625000305
298,0.2516740625000305
299,0.2516740625000305
300,0.25167406250003055
301,0.2516740625000305
302,0.2516740625000305
303,0.2516740625000305
