1,0.2676950623999804
2,0.26111892939466247
3,0.2609828639129086
4,0.2608356943125833
5,0.26067736795620716
6,0.260508323199189
7,0.2603296160282932
8,0.2601429943714422
9,0.2599508747397998
10,0.25975618846428056
11,0.2614824337496553
12,0.26191390879675
13,0.26183816435987733
14,0.2617200959210833
15,0.26159385001286656
16,0.26145877831827935
17,0.2613142409928932
18,0.26115963787772933
19,0.2609944511652007
20,0.2608183008828047
21,0.2606310131947929
22,0.2604326990753301
23,0.26022383723417203
24,0.2600053505395637
25,0.2597786605519971
26,0.25954570199092336
27,0.25930888039534433
28,0.2590709638198697
29,0.25883491299621214
30,0.2586036706583518
31,0.25837994373198936
32,0.2581660159942149
33,0.25796362135285006
34,0.2577738919883526
35,0.25759737770266394
36,0.25743411927871734
37,0.25728375271796633
38,0.2571456224238909
39,0.25701888697890696
40,0.2569026080194154
41,0.25679581867211326
42,0.25669757212864686
43,0.2566069731852966
44,0.2565231963981485
45,0.2564454944381656
46,0.2563731997198083
47,0.2563057217204128
48,0.25624254177366346
49,0.25618320658470084
50,0.2561273212969521
51,0.2560745426336532
52,0.2560245724210616
53,0.25597715165444085
54,0.25593205517305684
55,0.25588908695151286
56,0.2558480759802507
57,0.2558088726895994
58,0.2557713458636421
59,0.2557353799883152
60,0.2557008729800248
61,0.2556677342448469
62,0.25563588302292756
63,0.25560524697671344
64,0.2555757609802304
65,0.25554736599949185
66,0.25685829452751285
67,0.25595254748596824
68,0.2559344721460891
69,0.2559177645143282
70,0.2559016343714356
71,0.25588605300463907
72,0.25587099427871496
73,0.25585643430395605
74,0.25584235114971543
75,0.25582872459731554
76,0.25581553592697676
77,0.2558027677341535
78,0.25579040377129414
79,0.25577842881158713
80,0.2557668285317095
81,0.25575558941099397
82,0.2557446986447637
83,0.255734144069897
84,0.25572391410091894
85,0.2557139976751508
86,0.2557043842056398
87,0.2556950635407568
88,0.2556860259294996
89,0.25567726199166335
90,0.25566876269216043
91,0.2556605193188556
92,0.25565252346339173
93,0.25564476700452626
94,0.2556372420935871
95,0.2556299411417164
96,0.2556228568085878
97,0.2556159819923789
98,0.2556093098207601
99,0.2556028336427502
100,0.2555965470212638
101,0.2555904437262489
102,0.2555845177282946
103,0.25557876319263345
104,0.25557317447346267
105,0.2555677461085311
106,0.2555624728139401
107,0.2555573494791272
108,0.25555237116199997
109,0.2555475330841985
110,0.25554283062646693
111,0.25553825932412316
112,0.25553381486261884
113,0.2555294930731758
114,0.25552528992850326
115,0.2555212015385868
116,0.2555172241465507
117,0.2555133541245935
118,0.25550958796999423
119,0.25550592230119545
120,0.2555023538539589
121,0.2554988794775988
122,0.25549549613129213
123,0.25549220088047025
124,0.25548899089328775
125,0.25548586343717045
126,0.25548281587544985
127,0.2554798456640643
128,0.2554769503483367
129,0.25547412755979854
130,0.25547137501301426
131,0.2554686905022519
132,0.2554660718974518
133,0.25546351713693743
134,0.2554610241984908
135,0.2554585907284829
136,0.2560254793858988
137,0.2548436649003191
138,0.2548432598335245
139,0.254842861624294
140,0.25484247010466593
141,0.2548420851120178
142,0.2548417064888616
143,0.2548413340826441
144,0.2548409677455586
145,0.2548406073343624
146,0.2548402527102064
147,0.25483990373846893
148,0.254839560288599
149,0.2548392222339653
150,0.2548388894517112
151,0.25483856182261727
152,0.2548382392309719
153,0.25483792156444074
154,0.25483760871394917
155,0.2548373005735645
156,0.2548369970403867
157,0.2548366980144405
158,0.25483640339857433
159,0.25483611309836274
160,0.25483582702201113
161,0.2548355450802684
162,0.25483526718633814
163,0.25483499325579767
164,0.2548347232065171
165,0.254834456958583
166,0.2548341944342264
167,0.2548339355577517
168,0.2548336802554663
169,0.2548334284556202
170,0.2548331800883392
171,0.2548329350855665
172,0.25483269338100467
173,0.2548324549100592
174,0.25483221960978525
175,0.25483198741883517
176,0.254831758277411
177,0.25483153212721343
178,0.2548313089113971
179,0.25483108857452635
180,0.2548308710625324
181,0.25483065632266977
182,0.2548304443034801
183,0.25483023495475127
