1,0.2647699940141209
2,0.2627820766439556
3,0.2625127280851304
4,0.262264878187757
5,0.2620393121873977
6,0.2618357638969972
7,0.2616532019825964
8,0.26149010827005054
9,0.26134471100860274
10,0.26121515968842035
11,0.26109964363319194
12,0.26099646423220924
13,0.26090407270892446
14,0.2608210842988587
15,0.26074627748641377
16,0.2606785845912781
17,0.26061707797874123
18,0.2605609546291612
19,0.2605095207102995
20,0.2604621770635441
21,0.2604184060458092
22,0.26037775988219264
23,0.2603398505187791
24,0.26030434087657517
25,0.2602709373667853
26,0.26023938351505355
27,0.26020945454545935
28,0.2601809527863589
29,0.26015370377495145
30,0.2601275529531149
31,0.26010236286210725
32,0.2600780107575045
33,0.26005438657791147
34,0.2600313912115475
35,0.2600089350138286
36,0.2599869365367026
37,0.25996532143693857
38,0.2599440215359372
39,0.2599229740081564
40,0.25990212067899043
41,0.2598814074160841
42,0.25986078360069614
43,0.2598402016679089
44,0.2598196167063314
45,0.25979898610949465
46,0.2597782692724394
47,0.2597574273281196
48,0.2597364229191843
49,0.25971522000152414
50,0.25969378367666646
51,0.25967208005072917
52,0.2596500761181724
53,0.25962773966908287
54,0.2596050392191377
55,0.25958194396180023
56,0.2595584237426322
57,0.2595344490559351
58,0.2595099910642106
59,0.25948502164118403
60,0.2594595134393462
61,0.25943343998315255
62,0.2594067757891432
63,0.25937949651432
64,0.25935157913412993
65,0.25932300215131493
66,0.2592937458367208
67,0.2592637925028577
68,0.2592331268105622
69,0.25920173610851044
70,0.25916961080454143
71,0.25913674476674875
72,0.25910313575106353
73,0.2590687858505963
74,0.25903370196028114
75,0.25899789624844416
76,0.2589613866247725
77,0.2589241971919038
78,0.25888635866553167
79,0.25884790874569247
80,0.25880889241988325
81,0.25876936217711827
82,0.25872937811112035
83,0.25868900789089416
84,0.25864832657813436
85,0.2586074162735525
86,0.25856636557842533
87,0.25852526886352073
88,0.258484225345025
89,0.25844333797587415
90,0.2584027121706114
91,0.258362454391869
92,0.2583226706361
93,0.2582834648643448
94,0.2582449374298423
95,0.25820718355738803
96,0.2581702919290728
97,0.2581343434272028
98,0.25809941007800236
99,0.258065554229651
100,0.25803282798619004
101,0.258001272905822
102,0.2579709199592362
103,0.25794178973182996
104,0.2579138928438643
105,0.2578872305552716
106,0.25786179551726274
107,0.25783757263104345
108,0.25781453997458864
109,0.25779266976107323
110,0.25777192929674075
111,0.257752281911092
112,0.25773368783785505
113,0.2577161050307519
114,0.2576994899033052
115,0.25768379798659763
116,0.2576689845028452
117,0.25765500485584275
118,0.2576418150417861
119,0.25762937198573
120,0.25761763381007713
121,0.25760656004213894
122,0.25759611176802233
123,0.2575862517400068
124,0.2575769444442679
125,0.2575681561353149
126,0.25755985484296384
127,0.257552010357034
128,0.2575445941943568
129,0.25753757955205747
130,0.2575309412505163
131,0.25752465566888166
132,0.2575187006755305
133,0.25751305555544735
134,0.2575077009361338
135,0.25750261871332675
136,0.25749779197753747
137,0.25749320494219
138,0.25748884287394835
139,0.2574846920256537
140,0.2574807395721674
141,0.25747697354930715
142,0.25747338279597737
143,0.25746995689952856
144,0.25746668614432755
145,0.25746356146347377
146,0.25746057439358355
147,0.25745771703251674
148,0.2574549819999301
149,0.257452362400517
150,0.2574498517897918
151,0.257447444142272
152,0.2574451338219225
153,0.2574429155547125
154,0.25744078440315216
155,0.25743873574267934
156,0.25743676523976244
157,0.2574348688316077
158,0.25743304270735373
159,0.257431283290642
160,0.2574295872234723
161,0.25742795135123886
162,0.2574263727088662
163,0.25742484850796044
164,0.25742337612489846
165,0.25742195308978594
166,0.2574205770762191
167,0.2574192458917879
168,0.2574179574692631
169,0.2574167098584217
170,0.25741550121845214
171,0.257414329810906
172,0.25741319399314705
173,0.2574120922122628
174,0.2574110229994057
175,0.257409984964528
176,0.25740897679148367
177,0.2574079972334672
178,0.25740704510876794
179,0.25740611929681273
180,0.25740521873447714
181,0.2574043424126477
182,0.25740348937301133
183,0.2574026587050618
184,0.2574018495433024
185,0.257401061064634
186,0.25740029248591173
187,0.25739954306166307
188,0.2573988120819505
189,0.25739809887037324
190,0.25739740278219514
191,0.25739672320258944
192,0.2573960595449968
193,0.25739541124958315
194,0.2573947777817944
195,0.25739415863099974
196,0.2573935533092166
197,0.2573929613499158
198,0.25739238230689415
199,0.2573918157532203
200,0.257391261280238
201,0.25739071849662987
202,0.2573901870275391
203,0.2573896665137362
204,0.2573891566108396
205,0.2573886569885776
206,0.25738816733009323
207,0.2573876873312887
208,0.25738721670020664
209,0.2573867551564465
210,0.2573863024306111
211,0.25738585826378485
212,0.25738542240704376
213,0.2573849946209843
214,0.2573845746752867
215,0.25738416234829425
216,0.25738375742661984
217,0.2573833597047696
218,0.2573829689847899
219,0.25738258507592987
220,0.2573822077943224
221,0.2573818369626817
222,0.2573814724100159
223,0.2573811139713559
224,0.2573807614874935
225,0.2573804148047376
226,0.2573800737746804
227,0.25737973825397426
228,0.2573794081041215
229,0.2573790831912721
230,0.2573787633860324
231,0.25737844856328496
232,0.2573781386020121
233,0.25737783338513337
234,0.25737753279934644
235,0.25737723673497803
236,0.2573769450858392
237,0.2573766577490907
238,0.2573763746251121
239,0.2573760956173774
240,0.2573758206323355
241,0.2573755495792984
242,0.2573752823703318
243,0.25737501892015263
244,0.25737475914602953
245,0.2573745029676868
246,0.25737425030721806
247,0.2573740010889948
248,0.25737375523958744
249,0.25737351268768394
250,0.25737327336401483
251,0.2573730372012803
252,0.25737280413408015
253,0.2573725740988482
254,0.2573723470337859
255,0.2573721228788054
256,0.2573719015754652
257,0.25737168306691877
258,0.2573714672978566
259,0.2573712542144574
260,0.2573710437643347
261,0.25737083589649284
262,0.2573706305612777
263,0.2573704277103346
264,0.2573702272965646
265,0.2573700292740847
266,0.2573698335981874
267,0.2573696402253037
268,0.2573694491129668
269,0.25736926021977713
270,0.25736907350536875
271,0.25736888893037585
272,0.25736870645640425
273,0.2573685260459985
274,0.25736834766261446
275,0.25736817127059197
276,0.25736799683512646
277,0.25736782432224437
278,0.2573676536987779
279,0.25736748493233996
280,0.25736731799130363
281,0.2573671528447765
282,0.2573669894625814
283,0.2573668278152352
284,0.25736666787392704
285,0.2573665096105022
286,0.2573663529974398
287,0.25736619800783767
288,0.2573660446153924
289,0.2573658927943844
290,0.25736574251966027
291,0.2573655937666186
292,0.2573654465111927
293,0.25736530072983727
294,0.2573651563995137
295,0.2573650134976764
296,0.2573648720022596
297,0.25736473189166353
298,0.2573645931447443
299,0.2573644557407984
300,0.25736431965955353
