1,0.2826357507970678
2,0.2656614496947788
3,0.2655056307877809
4,0.2653513964012809
5,0.26519981043948104
6,0.26505184973106555
7,0.26490837736092415
8,0.264770124639478
9,0.2646376816394122
10,0.2645114954758416
11,0.26439187502332473
12,0.26427900054543835
13,0.2641729367092972
14,0.2640736475998149
15,0.2639810125702723
16,0.2638948420145704
17,0.2638148923874926
18,0.2637408800131165
19,0.2636724934003699
20,0.2636094039276669
21,0.2635512748683893
22,0.2634977688097725
23,0.26344855357394537
24,0.26340330678569884
25,0.26336171925089796
26,0.263323497315889
27,0.2632883643749861
28,0.26325606168302707
29,0.263226348615473
30,0.26319900250160927
31,0.2631738181386746
32,0.26315060707732485
33,0.2631291967525444
34,0.2631094295194217
35,0.2630911616403376
36,0.2630742622591489
37,0.2630586123887891
38,0.2630441039312511
39,0.26303063874292126
40,0.2630181277535321
41,0.2630064901433998
42,0.2629956525808653
43,0.262985548519872
44,0.26297611755617817
45,0.26296730483973707
46,0.26295906054013884
47,0.26295133936165704
48,0.2629441001042692
49,0.26293730526699605
50,0.26293092068998253
51,0.2629249152318818
52,0.26291926047929415
53,0.2629139304852249
54,0.26290890153374624
55,0.26290415192827593
56,0.26289966180111213
57,0.262895412942071
58,0.26289138864427786
59,0.2628875735653527
60,0.2628839536024007
61,0.26288051577938726
62,0.2628772481456084
63,0.2628741396841164
64,0.26287118022906536
65,0.2628683603910642
66,0.2628656714897067
67,0.26286310549254605
68,0.2628606549598559
69,0.26285831299459106
70,0.2628560731970185
71,0.2628539296235519
72,0.2628518767493694
73,0.2628499094344354
74,0.26284802289259496
75,0.2628462126634355
76,0.26284447458664734
77,0.26284280477864236
78,0.26284119961121094
79,0.2628396556920284
80,0.26283816984682823
81,0.2628367391030919
82,0.2628353606751126
83,0.26283403195030164
84,0.2628327504766312
85,0.26283151395110044
86,0.2628303202091432
87,0.2628291672148833
88,0.26282805305216905
89,0.26282697591631493
90,0.2628259341064872
91,0.26282492601868496
92,0.2628239501392559
93,0.26282300503890654
94,0.26282208936716694
95,0.2628212018472654
96,0.26282034127138604
97,0.26281950649627295
98,0.262818696439154
99,0.26281791007395905
100,0.2628171464278094
101,0.26281640457775324
102,0.26281568364773317
103,0.26281498280576215
104,0.26281430126129696
105,0.2628136382627877
106,0.2628129930953974
107,0.2628123650788708
108,0.2628117535655479
109,0.2628111579385081
110,0.26281057760983406
111,0.26281001201899046
112,0.26280946063130683
113,0.262808922936554
114,0.2628083984476163
115,0.2628078866992405
116,0.26280738724686953
117,0.26280689966554144
118,0.26280642354885914
119,0.2628059585080251
120,0.262805504170927
121,0.262805060181286
122,0.26280462619784933
123,0.2628042018936344
124,0.26280378695521395
125,0.26280338108204415
126,0.26280298398583146
127,0.262802595389934
128,0.2628022150287984
129,0.2628018426474274
130,0.2628014780008759
131,0.2628011208537776
132,0.26280077097989524
133,0.26280042816169547
134,0.26280009218994793
135,0.2627997628633437
136,0.26279943998813765
137,0.2627991233778034
138,0.26279881285271484
139,0.26279850823983564
140,0.26279820937243076
141,0.2627979160897895
142,0.2627976282369644
143,0.262797345664523
144,0.26279706822831056
145,0.26279679578922643
146,0.26279652821301097
147,0.2627962653700414
148,0.2627960071351408
149,0.2627957533873924
150,0.2627955040099665
151,0.26279525888995325
152,0.26279501791820375
153,0.2627947809891787
154,0.2627945480008061
155,0.26279431885434124
156,0.26279409345423826
157,0.262793871708023
158,0.2627936535261745
159,0.2627934388220116
160,0.26279322751158335
161,0.26279301951356493
162,0.2627928147491589
163,0.26279261314200014
164,0.26279241461806385
165,0.2627922191055807
166,0.26279202653495193
167,0.2627918368386708
168,0.26279164995124576
169,0.26279146580912877
170,0.26279128435064314
171,0.2627911055159191
172,0.2627909292468292
173,0.26279075548692477
174,0.2627905841813793
175,0.26279041527693164
176,0.2627902487218297
177,0.2627900844657813
178,0.2627899224599027
179,0.2627897626566703
180,0.26278960500987547
181,0.2627894494745807
182,0.2627892960070743
183,0.2627891445648345
184,0.26278899510648523
185,0.2627888475917616
186,0.26278870198147236
187,0.26278855823746516
188,0.26278841632259353
189,0.2627882762006836
190,0.2627881378365043
191,0.2627880011957357
192,0.26278786624494216
193,0.2627877329515426
194,0.26278760128378614
195,0.2627874712107247
196,0.2627873427021871
197,0.2627872157287583
198,0.26278709026175423
199,0.2627869662731989
200,0.26278684373580585
201,0.26278672262295383
202,0.2627866029086696
203,0.2627864845676082
204,0.26278636757503243
205,0.26278625190679816
206,0.2627861375393337
207,0.262786024449626
208,0.26278591261520207
209,0.26278580201411494
210,0.26278569262492824
211,0.2627855844267014
212,0.26278547739897556
213,0.26278537152175985
214,0.26278526677551867
215,0.2627851631411591
216,0.26278506060001827
217,0.2627849591338507
218,0.262784858724818
219,0.26278475935547735
220,0.2627846610087707
221,0.26278456366801367
222,0.26278446731688715
223,0.26278437193942517
224,0.26278427752000716
225,0.2627841840433486
226,0.2627840914944914
227,0.2627839998587955
228,0.2627839091219313
229,0.26278381926987054
230,0.26278373028887947
231,0.2627836421655097
232,0.2627835548865927
233,0.26278346843923145
234,0.2627833828107935
235,0.2627832979889056
236,0.262783213961445
237,0.262783130716535
238,0.2627830482425379
239,0.2627829665280491
240,0.2627828855618917
241,0.2627828053331106
242,0.26278272583096723
243,0.2627826470449335
244,0.26278256896468805
245,0.2627824915801102
246,0.2627824148812759
247,0.26278233885845087
248,0.2627822635020896
249,0.26278218880282816
250,0.2627821147514811
251,0.262782041339036
252,0.26278196855665037
253,0.26278189639564853
254,0.2627818248475161
255,0.2627817539038967
256,0.262781683556589
257,0.2627816137975418
258,0.262781544618853
259,0.2627814760127628
260,0.26278140797165356
261,0.26278134048804536
262,0.26278127355459263
263,0.2627812071640808
264,0.262781141309425
265,0.2627810759836656
266,0.26278101117996644
267,0.2627809468916112
268,0.2627808831120015
269,0.2627808198346539
270,0.26278075705319814
271,0.262780694761373
272,0.2627806329530269
273,0.2627805716221114
274,0.2627805107626831
275,0.26278045036889935
276,0.26278039043501533
277,0.26278033095538444
278,0.2627802719244538
279,0.2627802133367634
280,0.2627801551869451
281,0.2627800974697181
282,0.26278004017988993
283,0.2627799833123534
284,0.2627799268620838
285,0.2627798708241391
286,0.2627798151936574
287,0.26277975996585506
288,0.2627797051360256
289,0.2627796506995385
290,0.26277959665183576
291,0.26277954298843303
292,0.2627794897049161
293,0.26277943679694127
294,0.26277938426023195
295,0.262779332090579
296,0.2627792802838393
297,0.26277922883593224
298,0.2627791777428422
299,0.26277912700061434
300,0.262779076605355
