1,0.3076659589735853
2,0.2483558515263939
3,0.24808856879148403
4,0.24808465633393342
5,0.24808423089147452
6,0.2480839218797557
7,0.24808361742666502
8,0.2480833135718684
9,0.24808301017441267
10,0.24808270722885312
11,0.24808240473455878
12,0.24808210269106248
13,0.24808180109790584
14,0.24808149995462672
15,0.24808119926076413
16,0.24808089901585478
17,0.24808059921943393
18,0.24808029987103705
19,0.24808000097019808
20,0.24807970251644867
21,0.24807940450932084
22,0.24807910694834603
23,0.24807880983305233
24,0.24807851316296897
25,0.24807821693762314
26,0.24807792115654134
27,0.24807762581924933
28,0.24807733092527176
29,0.24807703647413182
30,0.2480767424653519
31,0.24807644889845404
32,0.24807615577295822
33,0.24807586308838475
34,0.24807557084425233
35,0.24807527904007812
36,0.24807498767538108
37,0.24807469674967514
38,0.24807440626247595
39,0.2480741162132984
40,0.24807382660165544
41,0.2480735374270599
42,0.24807324868902406
43,0.24807296038705764
44,0.24807267252067092
45,0.24807238508937393
46,0.2480720980926741
47,0.2480718115300803
48,0.24807152540109795
49,0.2480712397052341
50,0.24807095444199306
51,0.24807066961088006
52,0.24807038521139846
53,0.24807010124305112
54,0.24806981770534098
55,0.24806953459776857
56,0.24806925191983517
57,0.2480689696710407
58,0.24806868785088432
59,0.24806840645886524
60,0.24806812549448096
61,0.248067844957229
62,0.24806756484660514
63,0.24806728516210624
64,0.24806700590322717
65,0.24806672706946284
66,0.24806644866030708
67,0.2480661706752528
68,0.2480658931137939
69,0.24806561597542098
70,0.24806533925962687
71,0.24806506296590117
72,0.24806478709373536
73,0.24806451164261922
74,0.24806423661204074
75,0.2480639620014897
76,0.24806368781045374
77,0.24806341403842005
78,0.24806314068487628
79,0.24806286774930766
80,0.2480625952312013
81,0.24806232313004217
82,0.2480620514453152
83,0.24806178017650482
84,0.2480615093230948
85,0.24806123888456846
86,0.248060968860408
87,0.24806069925009766
88,0.248060430053118
89,0.248060161268951
90,0.2480598928970778
91,0.24805962493697878
92,0.24805935738813473
93,0.24805909025002496
94,0.24805882352212832
95,0.2480585572039248
96,0.2480582912948923
97,0.2480580257945091
98,0.2480577607022537
99,0.2480574960176026
100,0.248057231740033
101,0.24805696786902143
102,0.24805670440404431
103,0.2480564413445779
104,0.2480561786900977
105,0.24805591644007852
106,0.2480556545939962
107,0.24805539315132427
108,0.24805513211153732
109,0.2480548714741097
110,0.2480546112385152
111,0.24805435140422696
112,0.24805409197071746
113,0.2480538329374607
114,0.2480535743039281
115,0.2480533160695928
116,0.24805305823392637
117,0.24805280079640055
118,0.2480525437564869
119,0.24805228711365696
120,0.24805203086738076
121,0.24805177501713058
