1,0.5383092238843903
2,0.5383085652786332
3,0.5383065553814317
4,0.5383057956875175
5,0.5383045038789832
6,0.5383037100732306
7,0.5383035576335583
8,0.5383034044128913
9,0.5383032504046256
10,0.5383030956022511
11,0.5383029399992975
12,0.5383027835893058
13,0.5383026263658002
14,0.5383024683222728
15,0.5383023094521813
16,0.538302149748935
17,0.5383019892058893
18,0.5383018278163404
19,0.5383016655735271
20,0.5383015024706227
21,0.538301338500734
22,0.5383011736569002
23,0.53830100793209
24,0.5383008413191989
25,0.5383006738110536
26,0.5383005054003995
27,0.5383003360799097
28,0.5383001658421795
29,0.5382999946797234
30,0.5382998225849757
31,0.538299649550293
32,0.5382994755679413
33,0.5382993006301133
34,0.5382991247289064
35,0.538298947856336
36,0.5382987700043286
37,0.5382985911647261
38,0.5382984113292685
39,0.5382982304896166
40,0.5382980486373308
41,0.5382978657638803
42,0.5382976818606353
43,0.5382974969188717
44,0.5382973109297646
45,0.5382971238843934
46,0.5382969357737286
47,0.5382967465886458
48,0.5382965563199105
49,0.538296364958183
50,0.5382961724940197
51,0.5382959789178631
52,0.5382957842200506
53,0.5382955883908032
54,0.5382953914202278
55,0.5382951932983174
56,0.5382949940149491
57,0.5382947935598779
58,0.5382945919227388
59,0.5382943890930468
60,0.538294185060191
61,0.5382939798134315
62,0.5382937733419072
63,0.5382935656346178
64,0.5382933566804377
65,0.5382931464681071
66,0.5382929349862268
67,0.5382927222232623
68,0.5382925081675376
69,0.5382922928072361
70,0.538292076130394
71,0.538291858124902
72,0.5382916387785064
73,0.5382914180787933
74,0.5382911960132023
75,0.5382909725690148
76,0.5382907477333546
77,0.5382905214931838
78,0.5382902938353008
79,0.538290064746338
80,0.5382898342127597
81,0.5382896022208628
82,0.5382893687567625
83,0.5382891338064031
84,0.538288897355548
85,0.5382886593897763
86,0.5382884198944863
87,0.5382881788548827
88,0.538287936255982
89,0.5382876920826056
90,0.5382874463193762
91,0.5382871989507183
92,0.5382869499608505
93,0.5382866993337829
94,0.5382864470533161
95,0.5382861931030357
96,0.5382859374663103
97,0.5382856801262859
98,0.5382854210658826
99,0.5382851602677932
100,0.5382848977144786
101,0.5382846333881596
102,0.5382843672708125
103,0.5382840993441811
104,0.5382838295897476
105,0.538283557988748
106,0.5382832845221595
107,0.5382830091706918
108,0.5382827319147949
109,0.5382824527346446
110,0.5382821716101395
111,0.5382818885208978
112,0.5382816034462538
113,0.5382813163652475
114,0.5382810272566271
115,0.5382807360988362
116,0.5382804428700125
117,0.538280147547983
118,0.5382798501102547
119,0.5382795505340167
120,0.5382792487961201
