1,0.2662221813879449
2,0.24975073807714407
3,0.2497437058155469
4,0.24973736357671092
5,0.25003455760502247
6,0.2500349468595919
7,0.25003483924937636
8,0.25003473190429704
9,0.2500346248578819
10,0.250034518108934
11,0.25003441165626344
12,0.2500343054986862
13,0.25003419963502366
14,0.25003409406410354
15,0.2500339887847594
16,0.2500338837958306
17,0.2500337790961637
18,0.2500336746846092
19,0.2500335705600256
20,0.25003346672127547
21,0.2500333631672273
22,0.2500332598967568
23,0.25003315690874395
24,0.2500330542020753
25,0.25003295177564233
26,0.2500328496283426
27,0.2500327477590785
28,0.25003264616676013
29,0.25003254485029996
30,0.2500324438086186
31,0.2500323430406403
32,0.25003224254529666
33,0.25003214232152216
34,0.25003204236825843
35,0.2500319426844524
36,0.25003184326905514
37,0.25003174412102414
38,0.2500316452393214
39,0.2500315466229141
40,0.2500314482707754
41,0.2500313501818827
42,0.25003125235521867
43,0.250031154789771
44,0.2500310574845333
45,0.25003096043850265
46,0.2500308636506824
47,0.2500307671200801
48,0.25003067084570885
49,0.2500305748265855
50,0.25003047906173365
51,0.25003038355017976
52,0.2500302882909558
53,0.25003019328309917
54,0.25003009852565106
55,0.25003000401765824
56,0.2500299097581707
57,0.2500298157462457
58,0.25002972198094203
59,0.2500296284613251
60,0.2500295351864644
61,0.25002944215543416
62,0.2500293493673124
63,0.25002925682118277
64,0.25002916451613194
65,0.2500290724512523
66,0.25002898062564
67,0.250028889038396
68,0.2500287976886251
69,0.25002870657543724
70,0.25002861569794516
71,0.25002852505526807
72,0.25002843464652735
73,0.2500283444708499
74,0.2500282545273664
75,0.25002816481521134
76,0.25002807533352445
77,0.2500279860814487
78,0.2500278970581311
79,0.25002780826272347
80,0.2500277196943811
81,0.2500276313522636
82,0.2500275432355343
83,0.2500274553433613
84,0.2500273676749155
85,0.2500272802293726
86,0.2500271930059114
87,0.2500271060037162
88,0.25002701922197323
89,0.2500269326598745
90,0.250026846316614
91,0.25002676019139103
92,0.2500266742834075
93,0.25002658859186977
94,0.2500265031159888
95,0.25002641785497665
96,0.2500263328080522
97,0.2500262479744354
98,0.25002616335335204
99,0.25002607894402956
100,0.250025994745701
101,0.25002591075760133
102,0.2500258269789703
103,0.25002574340905004
104,0.25002566004708726
105,0.25002557689233185
106,0.2500254939440368
107,0.25002541120145966
108,0.2500253286638598
109,0.2500252463305017
110,0.2500251642006525
111,0.250025082273582
112,0.250025000548565
113,0.2500249190248785
114,0.2500248377018027
115,0.25002475657862244
116,0.25002467565462416
117,0.25002459492909923
118,0.25002451440134077
119,0.2500244340706464
120,0.25002435393631595
121,0.25002427399765376
122,0.25002419425396594
123,0.2500241147045626
124,0.2500240353487566
125,0.2500239561858647
126,0.2500238772152058
127,0.25002379843610245
128,0.25002371984788097
129,0.25002364144986877
130,0.2500235632413988
131,0.2500234852218046
132,0.2500234073904245
133,0.2500233297465996
134,0.250023252289673
135,0.25002317501899224
136,0.25002309793390637
137,0.2500230210337689
138,0.2500229443179341
139,0.25002286778576155
140,0.25002279143661177
141,0.25002271526985
142,0.25002263928484264
143,0.2500225634809601
144,0.2500224878575747
145,0.25002241241406253
146,0.2500223371498018
147,0.2500222620641733
148,0.25002218715656194
149,0.2500221124263539
150,0.2500220378729386
151,0.2500219634957083
152,0.2500218892940579
153,0.250021815267385
154,0.2500217414150904
155,0.2500216677365762
156,0.25002159423124815
157,0.2500215208985151
158,0.2500214477377871
159,0.25002137474847863
160,0.2500213019300046
161,0.25002122928178455
162,0.2500211568032394
163,0.2500210844937926
164,0.25002101235287094
165,0.2500209403799033
166,0.2500208685743205
167,0.25002079693555657
168,0.2500207254630481
169,0.2500206541562338
170,0.25002058301455504
