1,0.28507899390146085
2,0.2560237768233166
3,0.2560366994892899
4,0.2560170482705631
5,0.25599680836215327
6,0.25597595934106
7,0.2559544802197926
8,0.2559323494626864
9,0.2559095450078912
10,0.25588604429592615
11,0.25586182430565535
12,0.25583686159859437
13,0.25581113237253406
14,0.2557846125255275
15,0.2557572777313373
16,0.25572910352749945
17,0.255700065417186
18,0.2556701389860682
19,0.2556393000353797
20,0.25560752473235104
21,0.2555747897791058
22,0.25554107260101844
23,0.25550635155536366
24,0.25547060616088035
25,0.255433817348584
26,0.25539596773382583
27,0.25535704190914005
28,0.2553170267569298
29,0.2552759117804217
30,0.25523368945062275
31,0.25519035556625186
32,0.25514590962274736
33,0.2551003551855529
34,0.2550537002619285
35,0.25500595766456957
36,0.2549571453594006
37,0.254907286789038
38,0.25485641116270724
39,0.25480455370283295
40,0.2547517558382469
41,0.25469806533393824
42,0.25464353634765524
43,0.2545882294044239
44,0.25453221128125786
45,0.25447555479599043
46,0.2544183384962338
47,0.25436064624695454
48,0.2543025667179454
49,0.25424419277548904
50,0.254185620785627
51,0.2541269498395023
52,0.25406828091411027
53,0.25400971598429595
54,0.25395135710382627
55,0.25389330547475814
56,0.2538356605249723
57,0.25377851901365883
58,0.25372197418368014
59,0.25366611497815944
60,0.25361102533643726
61,0.25355678358181805
62,0.2535034619104379
63,0.2534511259873105
64,0.2533998346522772
65,0.25334963973538016
66,0.2533005859782387
67,0.25325271105541275
68,0.2532060456876032
69,0.2531606138368838
70,0.2531164329730185
71,0.2530735143992636
72,0.25303186362585595
73,0.2529914807795951
74,0.2529523610384705
75,0.25291449508108926
76,0.2528778695416543
77,0.25284246746237976
78,0.252808268736398
79,0.2527752505354299
80,0.25274338771762483
81,0.25271265321209824
82,0.2526830183776714
83,0.25265445333422315
84,0.25262692726584374
85,0.2526004086956293
86,0.25257486573250854
87,0.25255026629093075
88,0.25252657828457736
89,0.2525037697955095
90,0.2524818092203448
91,0.25246066539513984
92,0.2524403077007373
93,0.2524207061503134
94,0.25240183146084516
95,0.2523836551101624
96,0.25236614938116025
97,0.25234928739466417
98,0.2523330431323389
99,0.2523173914509207
100,0.2523023080889505
101,0.2522877696670733
102,0.25227375368287686
103,0.2522602385011238
104,0.25224720334016393
105,0.25223462825519943
106,0.25222249411901426
107,0.2522107826006963
108,0.2521994761428165
109,0.2521885579374577
110,0.25217801190145084
111,0.25216782265110593
112,0.25215797547668956
113,0.2521484563168707
114,0.2521392517333001
115,0.2521303488854831
116,0.25212173550605743
117,0.25211339987658593
118,0.25210533080392766
119,0.2520975175972618
120,0.2520899500458032
121,0.25208261839724244
122,0.25207551333693745
123,0.2520686259678661
124,0.25206194779134655
125,0.25205547068852263
126,0.25204918690261213
127,0.25204308902190414
128,0.25203716996349096
129,0.25203142295771885
130,0.25202584153334245
131,0.25202041950335013
132,0.25201515095145427
133,0.2520100302192105
134,0.2520050518937491
135,0.25200021079609325
136,0.2519955019700406
137,0.25199092067158424
138,0.25198646235885064
139,0.25198212268253
140,0.2519778974767797
141,0.25197378275057575
142,0.25196977467949383
143,0.2519658695978981
144,0.25196206399151716
145,0.25195835449039244
146,0.25195473786217587
147,0.25195121100576007
148,0.2519477709452298
149,0.2519444148241095
150,0.2519411398999029
151,0.2519379435388957
152,0.25193482321122584
153,0.25193177648618753
154,0.2519288010277772
155,0.25192589459044934
156,0.2519230550150912
157,0.25192028022518453
158,0.2519175682231631
159,0.2519149170869452
160,0.2519123249666312
161,0.251909790081369
162,0.2519073107163611
163,0.25190488522002497
164,0.2519025120012835
165,0.2519001895269861
166,0.25189791631945485
167,0.25189569095414466
168,0.251893512057413
169,0.2518913783043989
