1,0.36298012340505514
2,0.2601651992771663
3,0.2601666574897795
4,0.2601666574897795
5,0.2601666574897796
6,0.2601666574897795
7,0.2601666574897795
8,0.26016665748977946
9,0.2601666574897796
10,0.2601666574897796
11,0.2601666574897796
12,0.2601666574897796
13,0.2601666574897796
14,0.2601666574897796
15,0.2601666574897796
16,0.2601666574897796
17,0.2601666574897796
18,0.2601666574897796
19,0.2601666574897796
20,0.2601666574897796
21,0.2601666574897796
22,0.2601666574897796
23,0.2601666574897796
24,0.2601666574897796
25,0.2601666574897796
26,0.2601666574897796
27,0.2601666574897796
28,0.2601666574897796
29,0.2601666574897796
30,0.2601666574897796
31,0.2601666574897796
32,0.2601666574897796
33,0.2601666574897796
34,0.2601666574897796
35,0.2601666574897796
36,0.2601666574897796
37,0.2601666574897796
38,0.2601666574897796
39,0.2601666574897796
40,0.2601666574897796
41,0.2601666574897796
42,0.2601666574897796
43,0.2601666574897796
44,0.2601666574897796
45,0.2601666574897796
46,0.2601666574897796
47,0.2601666574897796
48,0.2601666574897796
49,0.2601666574897796
50,0.2601666574897796
51,0.2601666574897796
52,0.2601666574897796
53,0.2601666574897796
54,0.2601666574897796
55,0.2601666574897796
56,0.2601666574897796
57,0.2601666574897796
58,0.2601666574897796
59,0.2601666574897796
60,0.2601666574897796
61,0.2601666574897796
62,0.2601666574897796
63,0.2601666574897796
64,0.2601666574897796
65,0.2601666574897796
66,0.2601666574897796
67,0.2601666574897796
68,0.2601666574897796
69,0.2601666574897796
70,0.2601666574897796
71,0.2601666574897796
72,0.2601666574897796
73,0.2601666574897796
74,0.2601666574897796
75,0.2601666574897796
76,0.2601666574897796
77,0.2601666574897796
78,0.2601666574897796
79,0.2601666574897796
80,0.2601666574897796
81,0.2601666574897796
82,0.2601666574897796
83,0.2601666574897796
84,0.2601666574897796
85,0.2601666574897796
86,0.2601666574897796
87,0.2601666574897796
88,0.2601666574897796
89,0.2601666574897796
90,0.2601666574897796
91,0.2601666574897796
92,0.2601666574897796
93,0.2601666574897796
94,0.2601666574897796
95,0.2601666574897796
96,0.2601666574897796
97,0.2601666574897796
98,0.2601666574897796
99,0.2601666574897796
100,0.2601666574897796
101,0.2601666574897796
102,0.2601666574897796
103,0.2601666574897796
104,0.2601666574897796
105,0.2601666574897796
106,0.2601666574897796
107,0.2601666574897796
108,0.2601666574897796
109,0.2601666574897796
110,0.2601666574897796
111,0.2601666574897796
112,0.2601666574897796
113,0.2601666574897796
114,0.2601666574897796
115,0.2601666574897796
116,0.2601666574897796
117,0.2601666574897796
118,0.2601666574897796
119,0.2601666574897796
120,0.2601666574897796
121,0.2601666574897796
122,0.2601666574897796
123,0.2601666574897796
124,0.2601666574897796
125,0.2601666574897796
126,0.2601666574897796
127,0.2601666574897796
128,0.2601666574897796
129,0.2601666574897796
130,0.2601666574897796
131,0.2601666574897796
132,0.2601666574897796
133,0.2601666574897796
134,0.2601666574897796
135,0.2601666574897796
136,0.2601666574897796
137,0.2601666574897796
138,0.2601666574897796
139,0.2601666574897796
140,0.2601666574897796
141,0.2601666574897796
142,0.2601666574897796
143,0.2601666574897796
144,0.2601666574897796
145,0.2601666574897796
146,0.2601666574897796
147,0.2601666574897796
148,0.2601666574897796
149,0.2601666574897796
150,0.2601666574897796
151,0.2601666574897796
152,0.2601666574897796
153,0.2601666574897796
154,0.2601666574897796
155,0.2601666574897796
156,0.2601666574897796
157,0.2601666574897796
158,0.2601666574897796
159,0.2601666574897796
160,0.2601666574897796
161,0.2601666574897796
162,0.2601666574897796
163,0.2601666574897796
164,0.2601666574897796
165,0.2601666574897796
166,0.2601666574897796
167,0.2601666574897796
168,0.2601666574897796
169,0.2601666574897796
170,0.2601666574897796
171,0.2601666574897796
