1,0.5766906914901786
2,0.5744553169235994
3,0.34723198728890137
4,0.25808702570260506
5,0.2580870255435866
6,0.2580870255435866
7,0.2580870255435866
8,0.2580870255435866
9,0.2580870255435866
10,0.2580870255435866
11,0.2580870255435866
12,0.2580870255435866
13,0.2580870255435866
14,0.2580870255435866
15,0.2580870255435866
16,0.2580870255435866
17,0.2580870255435866
18,0.2580870255435866
19,0.2580870255435866
20,0.2580870255435866
21,0.2580870255435866
22,0.2580870255435866
23,0.2580870255435866
24,0.2580870255435866
25,0.2580870255435866
26,0.2580870255435866
27,0.2580870255435866
28,0.2580870255435866
29,0.2580870255435866
30,0.2580870255435866
31,0.2580870255435866
32,0.2580870255435866
33,0.2580870255435866
34,0.2580870255435866
35,0.2580870255435866
36,0.2580870255435866
37,0.2580870255435866
38,0.2580870255435866
39,0.2580870255435866
40,0.2580870255435866
41,0.2580870255435866
42,0.2580870255435866
43,0.2580870255435866
44,0.2580870255435866
45,0.2580870255435866
46,0.2580870255435866
47,0.2580870255435866
48,0.2580870255435866
49,0.2580870255435866
50,0.2580870255435866
51,0.2580870255435866
52,0.2580870255435866
53,0.2580870255435866
54,0.2580870255435866
55,0.2580870255435866
56,0.2580870255435866
57,0.2580870255435866
58,0.2580870255435866
59,0.2580870255435866
60,0.2580870255435866
61,0.2580870255435866
62,0.2580870255435866
63,0.2580870255435866
64,0.2580870255435866
65,0.2580870255435866
66,0.2580870255435866
67,0.2580870255435866
68,0.2580870255435866
69,0.2580870255435866
70,0.2580870255435866
71,0.2580870255435866
72,0.2580870255435866
73,0.2580870255435866
74,0.2580870255435866
75,0.2580870255435866
76,0.2580870255435866
77,0.2580870255435866
78,0.2580870255435866
79,0.2580870255435866
80,0.2580870255435866
81,0.2580870255435866
82,0.2580870255435866
83,0.2580870255435866
84,0.2580870255435866
85,0.2580870255435866
86,0.2580870255435866
87,0.2580870255435866
88,0.2580870255435866
89,0.2580870255435866
90,0.2580870255435866
91,0.2580870255435866
92,0.2580870255435866
93,0.2580870255435866
94,0.2580870255435866
95,0.2580870255435866
96,0.2580870255435866
97,0.2580870255435866
98,0.2580870255435866
99,0.2580870255435866
100,0.2580870255435866
101,0.2580870255435866
102,0.2580870255435866
103,0.2580870255435866
104,0.2580870255435866
105,0.2580870255435866
106,0.2580870255435866
107,0.2580870255435866
108,0.2580870255435866
109,0.2580870255435866
110,0.2580870255435866
111,0.2580870255435866
112,0.2580870255435866
113,0.2580870255435866
114,0.2580870255435866
115,0.2580870255435866
116,0.2580870255435866
117,0.2580870255435866
118,0.2580870255435866
119,0.2580870255435866
120,0.2580870255435866
121,0.2580870255435866
122,0.2580870255435866
123,0.2580870255435866
124,0.2580870255435866
125,0.2580870255435866
126,0.2580870255435866
127,0.2580870255435866
128,0.2580870255435866
129,0.2580870255435866
130,0.2580870255435866
131,0.2580870255435866
132,0.2580870255435866
133,0.2580870255435866
134,0.2580870255435866
135,0.2580870255435866
136,0.2580870255435866
137,0.2580870255435866
138,0.2580870255435866
139,0.2580870255435866
140,0.2580870255435866
141,0.2580870255435866
142,0.2580870255435866
143,0.2580870255435866
144,0.2580870255435866
145,0.2580870255435866
146,0.2580870255435866
147,0.2580870255435866
148,0.2580870255435866
149,0.2580870255435866
150,0.2580870255435866
151,0.2580870255435866
152,0.2580870255435866
153,0.2580870255435866
154,0.2580870255435866
155,0.2580870255435866
156,0.2580870255435866
157,0.2580870255435866
158,0.2580870255435866
159,0.2580870255435866
160,0.2580870255435866
161,0.2580870255435866
162,0.2580870255435866
163,0.2580870255435866
164,0.2580870255435866
165,0.2580870255435866
166,0.2580870255435866
167,0.2580870255435866
168,0.2580870255435866
169,0.2580870255435866
170,0.2580870255435866
171,0.2580870255435866
