1,0.28532467448203125
2,0.2629322068082369
3,0.2629322068082379
4,0.2629322068082379
5,0.2629322068082379
6,0.2629322068082379
7,0.2629322068082379
8,0.2629322068082379
9,0.2629322068082379
10,0.2629322068082379
11,0.2629322068082379
12,0.2629322068082379
13,0.2629322068082379
14,0.2629322068082379
15,0.2629322068082379
16,0.2629322068082379
17,0.2629322068082379
18,0.2629322068082379
19,0.2629322068082379
20,0.2629322068082379
21,0.2629322068082379
22,0.2629322068082379
23,0.2629322068082379
24,0.2629322068082379
25,0.2629322068082379
26,0.2629322068082379
27,0.2629322068082379
28,0.2629322068082379
29,0.2629322068082379
30,0.2629322068082379
31,0.2629322068082379
32,0.2629322068082379
33,0.2629322068082379
34,0.2629322068082379
35,0.2629322068082379
36,0.2629322068082379
37,0.2629322068082379
38,0.2629322068082379
39,0.2629322068082379
40,0.2629322068082379
41,0.2629322068082379
42,0.2629322068082379
43,0.2629322068082379
44,0.2629322068082379
45,0.2629322068082379
46,0.2629322068082379
47,0.2629322068082379
48,0.2629322068082379
49,0.2629322068082379
50,0.2629322068082379
51,0.2629322068082379
52,0.2629322068082379
53,0.2629322068082379
54,0.2629322068082379
55,0.2629322068082379
56,0.2629322068082379
57,0.2629322068082379
58,0.2629322068082379
59,0.2629322068082379
60,0.2629322068082379
61,0.2629322068082379
62,0.2629322068082379
63,0.2629322068082379
64,0.2629322068082379
65,0.2629322068082379
66,0.2629322068082379
67,0.2629322068082379
68,0.2629322068082379
69,0.2629322068082379
70,0.2629322068082379
71,0.2629322068082379
72,0.2629322068082379
73,0.2629322068082379
74,0.2629322068082379
75,0.2629322068082379
76,0.2629322068082379
77,0.2629322068082379
78,0.2629322068082379
79,0.2629322068082379
80,0.2629322068082379
81,0.2629322068082379
82,0.2629322068082379
83,0.2629322068082379
84,0.2629322068082379
85,0.2629322068082379
86,0.2629322068082379
87,0.2629322068082379
88,0.2629322068082379
89,0.2629322068082379
90,0.2629322068082379
91,0.2629322068082379
92,0.2629322068082379
93,0.2629322068082379
94,0.2629322068082379
95,0.2629322068082379
96,0.2629322068082379
97,0.2629322068082379
98,0.2629322068082379
99,0.2629322068082379
100,0.2629322068082379
101,0.2629322068082379
102,0.2629322068082379
103,0.2629322068082379
104,0.2629322068082379
105,0.2629322068082379
106,0.2629322068082379
107,0.2629322068082379
108,0.2629322068082379
109,0.2629322068082379
110,0.2629322068082379
111,0.2629322068082379
112,0.2629322068082379
113,0.2629322068082379
114,0.2629322068082379
115,0.2629322068082379
116,0.2629322068082379
117,0.2629322068082379
118,0.2629322068082379
119,0.2629322068082379
120,0.2629322068082379
