1,0.31465286176483576
2,0.2738299432420214
3,0.26647491470961704
4,0.2662469093841102
5,0.2659575324255304
6,0.2656011149575474
7,0.2651839103306097
8,0.26472845529178174
9,0.26427037476981136
10,0.2638472343222418
11,0.26348610408056805
12,0.26319750356529
13,0.2629776657496812
14,0.26281508916163066
15,0.26269648848265365
16,0.26261010385636024
17,0.262546767514713
18,0.262499791103217
19,0.2624644535622843
20,0.2624374663482631
21,0.26241654181915636
22,0.26240007938681803
23,0.2623869480690043
24,0.26237633900887974
25,0.26236766611121287
26,0.26236049897955055
27,0.2623545173530536
28,0.2623494798572903
29,0.2623452023362373
30,0.26234154265131815
31,0.26233838988950636
32,0.26233565661038677
33,0.2623332732115925
34,0.2623311837877138
35,0.26232934305395006
36,0.2623277140371527
37,0.2623262663257962
38,0.2623249747311921
39,0.26232381825421974
40,0.26232277928115155
41,0.2623218429527859
42,0.2623209966657979
43,0.2623202296757728
44,0.2623195327790368
45,0.2623188980560017
46,0.26231831866285954
47,0.2623177886615362
48,0.26231730288010974
49,0.26231685679762917
50,0.262316446448597
51,0.2623160683433755
52,0.26231571940156384
53,0.2623153968959878
54,0.26231509840541756
55,0.2623148217744972
56,0.26231456507965284
57,0.26231432659998516
58,0.26231410479233436
59,0.26231389826984153
60,0.2623137057834637
61,0.2623135262059843
62,0.26231335851814047
63,0.2623132017965563
64,0.26231305520321657
65,0.26231291797625805
66,0.2623127894218993
67,0.2623126689073456
68,0.262312555854539
69,0.2623124497346406
70,0.2623123500631465
71,0.2623122563955616
72,0.2623121683235518
73,0.2623120854715205
74,0.2623120074935553
75,0.2623119340707001
76,0.26231186490851344
77,0.2623117997348795
78,0.26231173829804155
79,0.262311680364835
80,0.2623116257190935
81,0.26231157416021134
82,0.2623115255018465
83,0.2623114795707447
84,0.26231143620567515
85,0.26231139525646535
86,0.2623113565831228
87,0.2623113200550384
88,0.2623112855502586
89,0.2623112529548239
90,0.26231122216216296
91,0.26231119307254186
92,0.2623111655925563
93,0.2623111396346704
94,0.2623111151167911
95,0.2623110919618795
96,0.2623110700975929
97,0.262311049455955
98,0.262311029973054
99,0.2623110115887634
100,0.2623109942464853
101,0.26231097789291147
102,0.2623109624778071
103,0.2623109479538047
104,0.26231093427621954
105,0.2623109214028747
106,0.2623109092939397
107,0.2623108979117832
108,0.2623108872208336
109,0.2623108771874499
110,0.2623108677798033
111,0.2623108589677659
112,0.26231085072280746
113,0.2623108430178982
114,0.26231083582742065
115,0.26231082912708453
116,0.26231082289385027
117,0.26231081710585463
118,0.26231081174234355
119,0.2623108067836088
120,0.26231080221092745
121,0.26231079800650736
