1,0.5395048109535416
2,0.5234444981035732
3,0.32417311696271667
4,0.24787302257390398
5,0.2478619331630601
6,0.24785728384022168
7,0.24785274877937524
8,0.24784832034423754
9,0.24784399525789771
10,0.24783977036513133
11,0.24783564262427082
12,0.24783160910273458
13,0.2478276669727293
14,0.24782381350713178
15,0.24782004607552852
16,0.24781636214041827
17,0.24781275925356544
18,0.24780923505250763
19,0.24780578725719615
20,0.24780241366678257
21,0.2477991121565309
22,0.24779588067486047
23,0.24779271724050822
24,0.24778961993980886
25,0.24778658692408606
26,0.24778361640715246
27,0.24778070666291238
28,0.2477778560230636
29,0.24777506287489254
30,0.24777232565916316
31,0.24776964286809028
32,0.24776701304339588
33,0.2477644347744496
34,0.24776190669648038
35,0.24775942748886426
36,0.24775699587348143
37,0.2477546106131406
38,0.2477522705100688
39,0.2477499744044595
40,0.24774772117308216
41,0.24774550972794912
42,0.2477433390150319
43,0.24774120801303484
44,0.24773911573221427
45,0.24773706121324454
46,0.24773504352613196
47,0.24773306176917234
48,0.24773111506794518
49,0.24772920257435402
50,0.24772732346569998
51,0.24772547694379293
52,0.24772366223409895
53,0.24772187858492092
54,0.2477201252666079
55,0.2477184015707982
56,0.24771670680969315
57,0.24771504031535482
58,0.2477134014390311
59,0.24771178955051174
60,0.2477102040375025
61,0.24770864430502856
62,0.24770710977485383
63,0.24770559988493007
64,0.24770411408886028
65,0.24770265185538717
66,0.24770121266789483
67,0.24769979602393377
68,0.2476984014347648
69,0.24769702842491192
70,0.2476956765317391
71,0.24769434530504114
72,0.24769303430664638
73,0.24769174311003625
74,0.2476904712999786
75,0.24768921847217282
76,0.2476879842329085
77,0.24768676819873786
78,0.24768556999615507
79,0.24768438926129438
80,0.24768322563963
81,0.24768207878569373
82,0.24768094836279952
83,0.24767983404277727
84,0.2476787355057165
85,0.24767765243971987
86,0.24767658454066296
87,0.24767553151196253
88,0.24767449306435724
89,0.24767346891568778
90,0.24767245879069227
91,0.24767146242080199
92,0.24767047954395102
93,0.2476695099043837
94,0.24766855325247752
95,0.24766760934456278
96,0.24766667794275726
97,0.2476657588148001
98,0.24766485173389174
99,0.24766395647854195
100,0.24766307283241953
101,0.24766220058421207
102,0.2476613395274807
103,0.24766048946053015
104,0.24765965018627653
105,0.2476588215121207
106,0.24765800324982742
107,0.24765719521540336
108,0.24765639722898708
109,0.24765560911473428
110,0.2476548307007111
111,0.24765406181878963
112,0.2476533023045476
113,0.2476525519971698
114,0.24765181073935089
115,0.24765107837720787
116,0.24765035476018651
117,0.24764963974097617
118,0.2476489331754266
119,0.2476482349224655
120,0.24764754484401902
121,0.24764686280493683
122,0.24764618867291502
123,0.24764552231842663
124,0.24764486361464919
125,0.24764421243739826
126,0.24764356866506085
127,0.2476429321785313
128,0.24764230286114813
129,0.2476416805986353
130,0.24764106527904245
131,0.24764045679268684
132,0.24763985503209965
133,0.2476392598919712
134,0.24763867126909891
135,0.24763808906233614
136,0.24763751317254348
137,0.24763694350253945
138,0.24763637995705384
139,0.24763582244268448
140,0.24763527086785106
141,0.24763472514275173
142,0.247634185179322
143,0.24763365089119677
144,0.24763312219366512
145,0.24763259900363746
146,0.2476320812396048
147,0.247631568821603
148,0.2476310616711792
149,0.24763055971135337
150,0.2476300628665892
151,0.24762957106275874
152,0.24762908422711133
153,0.24762860228824157
154,0.24762812517606184
155,0.2476276528217703
156,0.24762718515782284
157,0.24762672211790662
158,0.2476262636369108
159,0.2476258096509026
160,0.24762536009709848
161,0.24762491491384217
162,0.24762447404057736
163,0.24762403741782602
164,0.24762360498716507
165,0.24762317669120154
166,0.24762275247355298
167,0.24762233227882388
168,0.24762191605258746
169,0.2476215037413611
170,0.24762109529259094
171,0.24762069065462905
172,0.2476202897767152
173,0.24761989260895903
174,0.24761949910232242
175,0.24761910920860025
176,0.24761872288040296
177,0.24761834007114317
178,0.2476179607350154
179,0.24761758482698118
180,0.24761721230275532
181,0.24761684311878682
182,0.24761647723224936
183,0.24761611460102106
184,0.24761575518367487
185,0.24761539893946152
186,0.2476150458282977
187,0.24761469581075288
188,0.2476143488480351
189,0.2476140049019801
190,0.2476136639350373
191,0.24761332591025928
192,0.24761299079128946
193,0.2476126585423492
194,0.24761232912822972
195,0.24761200251427695
196,0.2476116786663861
197,0.2476113575509852
198,0.24761103913502966
199,0.2476107233859905
200,0.2476104102718431
201,0.2476100997610609
202,0.24760979182260248
203,0.24760948642590516
204,0.24760918354087466
205,0.2476088831378768
206,0.24760858518772896
207,0.24760828966169052
208,0.247607996531457
209,0.24760770576915056
210,0.24760741734731187
211,0.2476071312388929
212,0.2476068474172495
213,0.24760656585613455
214,0.24760628652968927
215,0.24760600941243818
216,0.24760573447928014
217,0.24760546170548348
218,0.247605191066677
219,0.24760492253884728
220,0.24760465609832893
221,0.2476043917217991
222,0.2476041293862728
223,0.24760386906909526
224,0.2476036107479381
225,0.24760335440079137
226,0.24760310000595903
227,0.24760284754205408
228,0.24760259698799303
229,0.2476023483229888
230,0.24760210152654843
231,0.24760185657846628
232,0.2476016134588191
233,0.247601372147962
234,0.24760113262652328
235,0.24760089487539963
236,0.24760065887575192
237,0.24760042460900025
238,0.24760019205682077
239,0.24759996120113978
240,0.24759973202413044
241,0.2475995045082085
242,0.24759927863602837
243,0.24759905439047977
244,0.24759883175468225
245,0.2475986107119821
246,0.24759839124595012
247,0.2475981733403754
248,0.24759795697926326
249,0.24759774214683228
250,0.24759752882750966
251,0.24759731700592758
252,0.24759710666692103
253,0.24759689779552427
254,0.24759669037696738
255,0.24759648439667328
256,0.24759627984025312
