1,0.32847034326768115
2,0.2566830619032441
3,0.25668306598953317
4,0.2566830659895333
5,0.2566830659895333
6,0.2566830659895333
7,0.2566830659895333
8,0.2566830659895333
9,0.2566830659895333
10,0.2566830659895333
11,0.2566830659895333
12,0.2566830659895333
13,0.2566830659895333
14,0.2566830659895333
15,0.2566830659895333
16,0.2566830659895333
17,0.2566830659895333
18,0.2566830659895333
19,0.2566830659895333
20,0.2566830659895333
21,0.2566830659895333
22,0.2566830659895333
23,0.2566830659895333
24,0.2566830659895333
25,0.2566830659895333
26,0.2566830659895333
27,0.2566830659895333
28,0.2566830659895333
29,0.2566830659895333
30,0.2566830659895333
31,0.2566830659895333
32,0.2566830659895333
33,0.2566830659895333
34,0.2566830659895333
35,0.2566830659895333
36,0.2566830659895333
37,0.2566830659895333
38,0.2566830659895333
39,0.2566830659895333
40,0.2566830659895333
41,0.2566830659895333
42,0.2566830659895333
43,0.2566830659895333
44,0.2566830659895333
45,0.2566830659895333
46,0.2566830659895333
47,0.2566830659895333
48,0.2566830659895333
49,0.2566830659895333
50,0.2566830659895333
51,0.2566830659895333
52,0.2566830659895333
53,0.2566830659895333
54,0.2566830659895333
55,0.2566830659895333
56,0.2566830659895333
57,0.2566830659895333
58,0.2566830659895333
59,0.2566830659895333
60,0.2566830659895333
61,0.2566830659895333
62,0.2566830659895333
63,0.2566830659895333
64,0.2566830659895333
65,0.2566830659895333
66,0.2566830659895333
67,0.2566830659895333
68,0.2566830659895333
69,0.2566830659895333
70,0.2566830659895333
71,0.2566830659895333
72,0.2566830659895333
73,0.2566830659895333
74,0.2566830659895333
75,0.2566830659895333
76,0.2566830659895333
77,0.2566830659895333
78,0.2566830659895333
79,0.2566830659895333
80,0.2566830659895333
81,0.2566830659895333
82,0.2566830659895333
83,0.2566830659895333
84,0.2566830659895333
85,0.2566830659895333
86,0.2566830659895333
87,0.2566830659895333
88,0.2566830659895333
89,0.2566830659895333
90,0.2566830659895333
91,0.2566830659895333
92,0.2566830659895333
93,0.2566830659895333
94,0.2566830659895333
95,0.2566830659895333
96,0.2566830659895333
97,0.2566830659895333
98,0.2566830659895333
99,0.2566830659895333
100,0.2566830659895333
101,0.2566830659895333
102,0.2566830659895333
103,0.2566830659895333
104,0.2566830659895333
105,0.2566830659895333
106,0.2566830659895333
107,0.2566830659895333
108,0.2566830659895333
109,0.2566830659895333
110,0.2566830659895333
111,0.2566830659895333
112,0.2566830659895333
113,0.2566830659895333
114,0.2566830659895333
115,0.2566830659895333
116,0.2566830659895333
117,0.2566830659895333
118,0.2566830659895333
119,0.2566830659895333
120,0.2566830659895333
121,0.2566830659895333
122,0.2566830659895333
123,0.2566830659895333
124,0.2566830659895333
125,0.2566830659895333
126,0.2566830659895333
127,0.2566830659895333
128,0.2566830659895333
129,0.2566830659895333
130,0.2566830659895333
131,0.2566830659895333
132,0.2566830659895333
133,0.2566830659895333
134,0.2566830659895333
135,0.2566830659895333
136,0.2566830659895333
137,0.2566830659895333
138,0.2566830659895333
139,0.2566830659895333
140,0.2566830659895333
141,0.2566830659895333
142,0.2566830659895333
143,0.2566830659895333
144,0.2566830659895333
145,0.2566830659895333
146,0.2566830659895333
147,0.2566830659895333
148,0.2566830659895333
149,0.2566830659895333
150,0.2566830659895333
151,0.2566830659895333
152,0.2566830659895333
153,0.2566830659895333
154,0.2566830659895333
155,0.2566830659895333
156,0.2566830659895333
157,0.2566830659895333
158,0.2566830659895333
159,0.2566830659895333
160,0.2566830659895333
161,0.2566830659895333
162,0.2566830659895333
163,0.2566830659895333
164,0.2566830659895333
165,0.2566830659895333
166,0.2566830659895333
167,0.2566830659895333
168,0.2566830659895333
169,0.2566830659895333
170,0.2566830659895333
171,0.2566830659895333
172,0.2566830659895333
173,0.2566830659895333
174,0.2566830659895333
175,0.2566830659895333
176,0.2566830659895333
177,0.2566830659895333
178,0.2566830659895333
179,0.2566830659895333
180,0.2566830659895333
181,0.2566830659895333
182,0.2566830659895333
183,0.2566830659895333
184,0.2566830659895333
185,0.2566830659895333
186,0.2566830659895333
187,0.2566830659895333
188,0.2566830659895333
189,0.2566830659895333
190,0.2566830659895333
191,0.2566830659895333
192,0.2566830659895333
193,0.2566830659895333
194,0.2566830659895333
195,0.2566830659895333
196,0.2566830659895333
197,0.2566830659895333
198,0.2566830659895333
199,0.2566830659895333
200,0.2566830659895333
201,0.2566830659895333
202,0.2566830659895333
203,0.2566830659895333
204,0.2566830659895333
205,0.2566830659895333
206,0.2566830659895333
207,0.2566830659895333
208,0.2566830659895333
209,0.2566830659895333
210,0.2566830659895333
211,0.2566830659895333
212,0.2566830659895333
213,0.2566830659895333
214,0.2566830659895333
215,0.2566830659895333
216,0.2566830659895333
217,0.2566830659895333
218,0.2566830659895333
219,0.2566830659895333
220,0.2566830659895333
221,0.2566830659895333
222,0.2566830659895333
223,0.2566830659895333
224,0.2566830659895333
225,0.2566830659895333
226,0.2566830659895333
227,0.2566830659895333
228,0.2566830659895333
229,0.2566830659895333
230,0.2566830659895333
231,0.2566830659895333
232,0.2566830659895333
233,0.2566830659895333
234,0.2566830659895333
235,0.2566830659895333
236,0.2566830659895333
237,0.2566830659895333
238,0.2566830659895333
239,0.2566830659895333
240,0.2566830659895333
241,0.2566830659895333
242,0.2566830659895333
243,0.2566830659895333
244,0.2566830659895333
245,0.2566830659895333
246,0.2566830659895333
247,0.2566830659895333
248,0.2566830659895333
249,0.2566830659895333
250,0.2566830659895333
251,0.2566830659895333
252,0.2566830659895333
253,0.2566830659895333
254,0.2566830659895333
255,0.2566830659895333
256,0.2566830659895333
257,0.2566830659895333
258,0.2566830659895333
259,0.2566830659895333
260,0.2566830659895333
261,0.2566830659895333
262,0.2566830659895333
263,0.2566830659895333
264,0.2566830659895333
265,0.2566830659895333
266,0.2566830659895333
267,0.2566830659895333
268,0.2566830659895333
269,0.2566830659895333
270,0.2566830659895333
271,0.2566830659895333
272,0.2566830659895333
273,0.2566830659895333
274,0.2566830659895333
275,0.2566830659895333
276,0.2566830659895333
277,0.2566830659895333
278,0.2566830659895333
279,0.2566830659895333
280,0.2566830659895333
281,0.2566830659895333
282,0.2566830659895333
283,0.2566830659895333
284,0.2566830659895333
285,0.2566830659895333
286,0.2566830659895333
287,0.2566830659895333
288,0.2566830659895333
289,0.2566830659895333
290,0.2566830659895333
291,0.2566830659895333
292,0.2566830659895333
293,0.2566830659895333
294,0.2566830659895333
295,0.2566830659895333
296,0.2566830659895333
297,0.2566830659895333
298,0.2566830659895333
299,0.2566830659895333
300,0.2566830659895333
301,0.2566830659895333
302,0.2566830659895333
303,0.2566830659895333
304,0.2566830659895333
305,0.2566830659895333
306,0.2566830659895333
307,0.2566830659895333
308,0.2566830659895333
309,0.2566830659895333
310,0.2566830659895333
311,0.2566830659895333
312,0.2566830659895333
313,0.2566830659895333
314,0.2566830659895333
315,0.2566830659895333
316,0.2566830659895333
317,0.2566830659895333
318,0.2566830659895333
319,0.2566830659895333
320,0.2566830659895333
321,0.2566830659895333
322,0.2566830659895333
323,0.2566830659895333
324,0.2566830659895333
325,0.2566830659895333
326,0.2566830659895333
327,0.2566830659895333
328,0.2566830659895333
329,0.2566830659895333
330,0.2566830659895333
331,0.2566830659895333
332,0.2566830659895333
333,0.2566830659895333
334,0.2566830659895333
335,0.2566830659895333
336,0.2566830659895333
337,0.2566830659895333
338,0.2566830659895333
339,0.2566830659895333
340,0.2566830659895333
341,0.2566830659895333
342,0.2566830659895333
343,0.2566830659895333
344,0.2566830659895333
345,0.2566830659895333
346,0.2566830659895333
347,0.2566830659895333
348,0.2566830659895333
349,0.2566830659895333
350,0.2566830659895333
351,0.2566830659895333
352,0.2566830659895333
353,0.2566830659895333
354,0.2566830659895333
355,0.2566830659895333
356,0.2566830659895333
357,0.2566830659895333
358,0.2566830659895333
359,0.2566830659895333
360,0.2566830659895333
361,0.2566830659895333
362,0.2566830659895333
363,0.2566830659895333
364,0.2566830659895333
365,0.2566830659895333
366,0.2566830659895333
367,0.2566830659895333
368,0.2566830659895333
369,0.2566830659895333
370,0.2566830659895333
371,0.2566830659895333
372,0.2566830659895333
373,0.2566830659895333
374,0.2566830659895333
375,0.2566830659895333
376,0.2566830659895333
377,0.2566830659895333
378,0.2566830659895333
379,0.2566830659895333
380,0.2566830659895333
381,0.2566830659895333
382,0.2566830659895333
383,0.2566830659895333
384,0.2566830659895333
385,0.2566830659895333
386,0.2566830659895333
387,0.2566830659895333
388,0.2566830659895333
389,0.2566830659895333
390,0.2566830659895333
391,0.2566830659895333
392,0.2566830659895333
393,0.2566830659895333
394,0.2566830659895333
395,0.2566830659895333
396,0.2566830659895333
397,0.2566830659895333
398,0.2566830659895333
399,0.2566830659895333
400,0.2566830659895333
401,0.2566830659895333
402,0.2566830659895333
403,0.2566830659895333
404,0.2566830659895333
405,0.2566830659895333
406,0.2566830659895333
407,0.2566830659895333
408,0.2566830659895333
409,0.2566830659895333
410,0.2566830659895333
411,0.2566830659895333
412,0.2566830659895333
413,0.2566830659895333
414,0.2566830659895333
415,0.2566830659895333
416,0.2566830659895333
417,0.2566830659895333
418,0.2566830659895333
419,0.2566830659895333
420,0.2566830659895333
421,0.2566830659895333
422,0.2566830659895333
423,0.2566830659895333
424,0.2566830659895333
425,0.2566830659895333
426,0.2566830659895333
427,0.2566830659895333
428,0.2566830659895333
429,0.2566830659895333
430,0.2566830659895333
431,0.2566830659895333
432,0.2566830659895333
433,0.2566830659895333
434,0.2566830659895333
435,0.2566830659895333
436,0.2566830659895333
437,0.2566830659895333
438,0.2566830659895333
439,0.2566830659895333
440,0.2566830659895333
441,0.2566830659895333
442,0.2566830659895333
443,0.2566830659895333
444,0.2566830659895333
445,0.2566830659895333
446,0.2566830659895333
447,0.2566830659895333
448,0.2566830659895333
449,0.2566830659895333
450,0.2566830659895333
451,0.2566830659895333
452,0.2566830659895333
453,0.2566830659895333
454,0.2566830659895333
455,0.2566830659895333
456,0.2566830659895333
457,0.2566830659895333
458,0.2566830659895333
459,0.2566830659895333
460,0.2566830659895333
461,0.2566830659895333
462,0.2566830659895333
463,0.2566830659895333
464,0.2566830659895333
465,0.2566830659895333
466,0.2566830659895333
467,0.2566830659895333
468,0.2566830659895333
469,0.2566830659895333
470,0.2566830659895333
471,0.2566830659895333
472,0.2566830659895333
473,0.2566830659895333
474,0.2566830659895333
475,0.2566830659895333
476,0.2566830659895333
477,0.2566830659895333
478,0.2566830659895333
479,0.2566830659895333
480,0.2566830659895333
481,0.2566830659895333
482,0.2566830659895333
483,0.2566830659895333
484,0.2566830659895333
485,0.2566830659895333
486,0.2566830659895333
487,0.2566830659895333
488,0.2566830659895333
489,0.2566830659895333
490,0.2566830659895333
491,0.2566830659895333
492,0.2566830659895333
493,0.2566830659895333
494,0.2566830659895333
495,0.2566830659895333
496,0.2566830659895333
497,0.2566830659895333
498,0.2566830659895333
499,0.2566830659895333
500,0.2566830659895333
501,0.2566830659895333
502,0.2566830659895333
503,0.2566830659895333
504,0.2566830659895333
505,0.2566830659895333
506,0.2566830659895333
507,0.2566830659895333
508,0.2566830659895333
509,0.2566830659895333
510,0.2566830659895333
511,0.2566830659895333
512,0.2566830659895333
513,0.2566830659895333
514,0.2566830659895333
515,0.2566830659895333
516,0.2566830659895333
517,0.2566830659895333
518,0.2566830659895333
519,0.2566830659895333
520,0.2566830659895333
521,0.2566830659895333
522,0.2566830659895333
523,0.2566830659895333
524,0.2566830659895333
525,0.2566830659895333
526,0.2566830659895333
527,0.2566830659895333
528,0.2566830659895333
529,0.2566830659895333
530,0.2566830659895333
531,0.2566830659895333
532,0.2566830659895333
533,0.2566830659895333
534,0.2566830659895333
535,0.2566830659895333
536,0.2566830659895333
537,0.2566830659895333
538,0.2566830659895333
539,0.2566830659895333
540,0.2566830659895333
541,0.2566830659895333
542,0.2566830659895333
543,0.2566830659895333
544,0.2566830659895333
545,0.2566830659895333
546,0.2566830659895333
547,0.2566830659895333
548,0.2566830659895333
549,0.2566830659895333
550,0.2566830659895333
551,0.2566830659895333
552,0.2566830659895333
553,0.2566830659895333
554,0.2566830659895333
555,0.2566830659895333
556,0.2566830659895333
557,0.2566830659895333
558,0.2566830659895333
559,0.2566830659895333
560,0.2566830659895333
561,0.2566830659895333
562,0.2566830659895333
563,0.2566830659895333
564,0.2566830659895333
565,0.2566830659895333
566,0.2566830659895333
567,0.2566830659895333
568,0.2566830659895333
569,0.2566830659895333
570,0.2566830659895333
571,0.2566830659895333
572,0.2566830659895333
573,0.2566830659895333
574,0.2566830659895333
575,0.2566830659895333
576,0.2566830659895333
577,0.2566830659895333
578,0.2566830659895333
579,0.2566830659895333
580,0.2566830659895333
581,0.2566830659895333
582,0.2566830659895333
583,0.2566830659895333
584,0.2566830659895333
585,0.2566830659895333
586,0.2566830659895333
587,0.2566830659895333
588,0.2566830659895333
589,0.2566830659895333
590,0.2566830659895333
591,0.2566830659895333
592,0.2566830659895333
593,0.2566830659895333
594,0.2566830659895333
595,0.2566830659895333
596,0.2566830659895333
597,0.2566830659895333
598,0.2566830659895333
599,0.2566830659895333
600,0.2566830659895333
