1,0.3516145852873017
2,0.34858006226172583
3,0.2629957481425787
4,0.24774799778334997
5,0.24680511311477565
6,0.24673462480340436
7,0.24672628959771264
8,0.2467247759473097
9,0.24672443975076738
10,0.2467243602708453
11,0.24672434107241387
12,0.24672433630518786
13,0.2467243350091886
14,0.2467243345491141
15,0.24672433429040705
16,0.24672433408022068
17,0.24672433388173498
18,0.2467243336860802
19,0.2467243334911195
20,0.24672433329633714
21,0.24672433310161057
22,0.24672433290690954
23,0.2467243327122259
24,0.24672433251755932
25,0.24672433232290852
26,0.24672433212827327
27,0.24672433193365448
28,0.24672433173905114
29,0.24672433154446355
30,0.24672433134989205
31,0.24672433115533654
32,0.24672433096079632
33,0.2467243307662726
34,0.2467243305717642
35,0.24672433037727198
36,0.24672433018279522
37,0.24672432998833452
38,0.2467243297938895
39,0.24672432959945992
40,0.2467243294050469
41,0.24672432921064977
42,0.24672432901626792
43,0.24672432882190165
44,0.24672432862755178
45,0.24672432843321765
46,0.2467243282388992
47,0.2467243280445965
48,0.24672432785030973
49,0.24672432765603836
50,0.24672432746178297
51,0.24672432726754384
52,0.24672432707332026
53,0.2467243268791127
54,0.24672432668492064
55,0.2467243264907438
56,0.24672432629658314
57,0.24672432610243872
58,0.24672432590830978
59,0.24672432571419653
60,0.24672432552009946
61,0.2467243253260177
62,0.24672432513195192
63,0.24672432493790197
64,0.24672432474386763
65,0.24672432454984908
66,0.24672432435584643
67,0.2467243241618591
68,0.24672432396788813
69,0.24672432377393277
70,0.24672432357999305
71,0.24672432338606926
72,0.24672432319216103
73,0.2467243229982683
74,0.24672432280439188
75,0.24672432261053096
76,0.24672432241668574
77,0.2467243222228566
78,0.2467243220290428
79,0.24672432183524495
80,0.2467243216414628
81,0.24672432144769596
82,0.24672432125394522
83,0.24672432106021047
84,0.2467243208664909
85,0.246724320672788
86,0.24672432047910012
87,0.24672432028542773
88,0.2467243200917714
89,0.24672431989813087
90,0.24672431970450578
91,0.24672431951089707
92,0.2467243193173033
93,0.24672431912372542
94,0.2467243189301636
95,0.2467243187366172
96,0.24672431854308707
97,0.246724318349572
98,0.24672431815607324
99,0.24672431796258937
100,0.24672431776912163
101,0.2467243175756697
102,0.24672431738223352
103,0.2467243171888124
104,0.2467243169954079
105,0.24672431680201834
106,0.24672431660864483
107,0.24672431641528678
108,0.24672431622194446
109,0.24672431602861794
110,0.24672431583530732
111,0.24672431564201225
112,0.2467243154487328
113,0.24672431525546903
114,0.24672431506222114
115,0.24672431486898855
116,0.24672431467577183
117,0.24672431448257062
118,0.24672431428938532
119,0.24672431409621554
120,0.2467243139030617
121,0.24672431370992334
122,0.24672431351680071
123,0.24672431332369332
124,0.24672431313060184
125,0.2467243129375263
126,0.24672431274446593
127,0.24672431255142158
128,0.24672431235839262
129,0.24672431216537952
130,0.24672431197238215
131,0.2467243117794003
132,0.24672431158643396
133,0.24672431139348341
134,0.24672431120054847
135,0.24672431100762934
136,0.24672431081472537
137,0.24672431062183778
138,0.24672431042896514
139,0.24672431023610822
140,0.24672431004326698
141,0.2467243098504415
142,0.246724309657632
143,0.24672430946483778
144,0.24672430927205885
145,0.24672430907929588
146,0.2467243088865485
147,0.2467243086938167
148,0.2467243085011008
149,0.24672430830839986
150,0.246724308115715
151,0.24672430792304598
152,0.24672430773039172
153,0.24672430753775376
154,0.24672430734513146
155,0.24672430715252444
156,0.2467243069599332
157,0.24672430676735707
158,0.24672430657479716
159,0.2467243063822527
160,0.24672430618972369
161,0.24672430599721024
162,0.24672430580471255
163,0.24672430561223038
164,0.24672430541976367
165,0.2467243052273129
166,0.2467243050348775
167,0.24672430484245703
168,0.2467243046500528
169,0.24672430445766463
170,0.2467243042652914
171,0.24672430407293353
172,0.2467243038805918
173,0.24672430368826526
174,0.2467243034959546
175,0.24672430330365908
176,0.24672430311137938
177,0.24672430291911507
178,0.2467243027268663
179,0.2467243025346335
180,0.24672430234241613
181,0.24672430215021388
182,0.24672430195802755
183,0.24672430176585647
184,0.24672430157370137
185,0.24672430138156123
186,0.24672430118943792
187,0.24672430099732898
188,0.24672430080523544
189,0.24672430061315814
190,0.2467243004210963
191,0.24672430022904948
192,0.24672430003701823
193,0.246724299845003
194,0.24672429965300324
195,0.24672429946101848
196,0.24672429926904985
197,0.2467242990770961
198,0.24672429888515843
199,0.2467242986932362
200,0.24672429850132943
201,0.2467242983094382
202,0.24672429811756227
203,0.2467242979257022
204,0.24672429773385704
205,0.24672429754202832
206,0.2467242973502142
207,0.24672429715841593
208,0.24672429696663317
209,0.24672429677486624
210,0.24672429658311412
211,0.24672429639137805
212,0.2467242961996571
213,0.24672429600795162
214,0.24672429581626223
215,0.2467242956245877
216,0.2467242954329292
217,0.24672429524128583
218,0.24672429504965804
219,0.24672429485804587
220,0.24672429466644888
221,0.24672429447486727
222,0.24672429428330167
223,0.2467242940917511
224,0.246724293900216
225,0.24672429370869664
226,0.24672429351719263
227,0.24672429332570447
228,0.24672429313423125
229,0.2467242929427736
230,0.2467242927513313
231,0.24672429255990488
232,0.24672429236849328
233,0.2467242921770978
234,0.24672429198571727
235,0.24672429179435235
236,0.2467242916030028
237,0.24672429141166916
238,0.2467242912203506
239,0.24672429102904772
240,0.24672429083776
241,0.2467242906464875
242,0.24672429045523053
243,0.24672429026398965
244,0.24672429007276375
245,0.24672428988155323
246,0.24672428969035817
247,0.24672428949917846
248,0.24672428930801507
249,0.24672428911686597
250,0.2467242889257324
251,0.24672428873461438
252,0.246724288543512
253,0.24672428835242494
254,0.24672428816135364
255,0.24672428797029713
256,0.24672428777925665
257,0.24672428758823067
258,0.2467242873972211
259,0.24672428720622666
260,0.2467242870152475
261,0.24672428682428374
262,0.24672428663333526
263,0.24672428644240255
264,0.24672428625148496
265,0.246724286060583
266,0.24672428586969578
267,0.24672428567882457
268,0.24672428548796846
269,0.24672428529712823
270,0.24672428510630287
271,0.24672428491549314
272,0.2467242847246986
273,0.2467242845339197
274,0.246724284343156
275,0.24672428415240774
276,0.24672428396167473
277,0.24672428377095726
278,0.24672428358025514
279,0.2467242833895683
280,0.2467242831988972
281,0.24672428300824104
282,0.24672428281760045
283,0.2467242826269748
284,0.24672428243636524
285,0.24672428224577062
286,0.24672428205519126
287,0.24672428186462725
288,0.24672428167407892
289,0.2467242814835459
290,0.24672428129302795
291,0.24672428110252567
292,0.24672428091203882
293,0.2467242807215666
294,0.24672428053111076
295,0.24672428034066934
