1,0.26339977390789965
2,0.2506608771711274
3,0.24834674767333645
4,0.2480175040957515
5,0.24797395294196403
6,0.2479681213772137
7,0.24796702828039907
8,0.24796647796628238
9,0.24796597151549465
10,0.24796546113465884
11,0.24796494673219927
12,0.24796443049450198
13,0.24796391349665475
14,0.24796339616335636
15,0.24796287865272404
16,0.2479623610226993
17,0.24796184329461532
18,0.2479613254765565
19,0.2479608075718273
20,0.24796028958201166
21,0.2479597715080738
22,0.24795925335075705
23,0.24795873511072256
24,0.24795821678860533
25,0.24795769838503032
26,0.24795717990061866
27,0.24795666133599129
28,0.24795614269177074
29,0.24795562396857765
30,0.24795510516703465
31,0.24795458628776515
32,0.2479540673313931
33,0.24795354829854363
34,0.2479530291898415
35,0.2479525100059129
36,0.24795199074738455
37,0.24795147141488388
38,0.24795095200903913
39,0.2479504325304792
40,0.2479499129798344
41,0.24794939335773367
42,0.2479488736648086
43,0.24794835390169048
44,0.2479478340690122
45,0.24794731416740606
46,0.24794679419750623
47,0.2479462741599467
48,0.24794575405536207
49,0.24794523388438897
50,0.24794471364766335
51,0.24794419334582102
52,0.24794367297950096
53,0.24794315254934032
54,0.2479426320559787
55,0.24794211150005518
56,0.24794159088221013
57,0.24794107020308429
58,0.24794054946331842
59,0.2479400286635551
60,0.24793950780443694
61,0.24793898688660715
62,0.24793846591070928
63,0.24793794487738757
64,0.24793742378728767
65,0.2479369026410549
66,0.24793638143933538
67,0.24793586018277577
68,0.24793533887202374
69,0.24793481750772733
70,0.24793429609053483
71,0.24793377462109567
72,0.24793325310005884
73,0.24793273152807513
74,0.24793220990579556
75,0.2479316882338713
76,0.24793116651295383
77,0.24793064474369597
78,0.24793012292675118
79,0.24792960106277215
80,0.24792907915241344
81,0.24792855719632942
82,0.24792803519517537
83,0.24792751314960718
84,0.24792699106028127
85,0.24792646892785306
86,0.24792594675298119
87,0.24792542453632277
88,0.24792490227853572
89,0.24792437998027933
90,0.24792385764221292
91,0.2479233352649958
92,0.24792281284928822
93,0.24792229039575078
94,0.24792176790504464
95,0.24792124537783183
96,0.24792072281477393
97,0.24792020021653366
98,0.24791967758377442
99,0.24791915491715935
100,0.24791863221735233
101,0.2479181094850178
102,0.24791758672082073
103,0.24791706392542645
104,0.24791654109950007
105,0.24791601824370874
106,0.2479154953587179
107,0.2479149724451953
108,0.24791444950380795
109,0.24791392653522384
110,0.2479134035401115
111,0.2479128805191391
112,0.24791235747297563
113,0.24791183440229073
114,0.24791131130775387
115,0.2479107881900359
116,0.24791026504980732
117,0.2479097418877378
118,0.24790921870450058
119,0.24790869550076636
120,0.24790817227720746
121,0.24790764903449583
122,0.24790712577330482
123,0.24790660249430732
124,0.2479060791981769
125,0.24790555588558735
126,0.24790503255721283
127,0.24790450921372775
128,0.24790398585580734
129,0.2479034624841264
130,0.2479029390993602
131,0.24790241570218519
132,0.24790189229327644
133,0.24790136887331193
134,0.24790084544296684
135,0.2479003220029188
136,0.2478997985538455
137,0.24789927509642393
138,0.24789875163133193
139,0.24789822815924817
140,0.24789770468085065
141,0.24789718119681853
142,0.24789665770783034
143,0.24789613421456572
144,0.24789561071770352
145,0.24789508721792383
146,0.2478945637159067
147,0.24789404021233244
148,0.24789351670788154
149,0.24789299320323413
150,0.2478924696990718
151,0.24789194619607535
152,0.24789142269492617
153,0.24789089919630558
154,0.24789037570089645
155,0.24788985220937956
156,0.24788932872243777
157,0.247888805240753
158,0.24788828176500846
159,0.24788775829588627
160,0.2478872348340698
161,0.2478867113802425
162,0.24788618793508663
163,0.24788566449928634
164,0.24788514107352527
165,0.24788461765848763
166,0.24788409425485633
167,0.24788357086331622
168,0.24788304748455126
169,0.24788252411924616
170,0.2478820007680851
171,0.2478814774317527
172,0.24788095411093378
173,0.2478804308063134
174,0.24787990751857633
175,0.2478793842484079
176,0.24787886099649348
177,0.24787833776351778
178,0.24787781455016683
179,0.247877291357126
180,0.24787676818508067
181,0.24787624503471672
182,0.24787572190671958
183,0.24787519880177586
184,0.24787467572057076
185,0.24787415266379045
186,0.24787362963212078
187,0.24787310662624806
188,0.2478725836468585
189,0.24787206069463774
190,0.24787153777027257
191,0.24787101487444915
192,0.24787049200785347
193,0.24786996917117235
194,0.24786944636509164
195,0.2478689235902973
196,0.24786840084747666
197,0.24786787813731512
198,0.24786735546049984
199,0.24786683281771665
200,0.24786631020965208
201,0.2478657876369924
202,0.2478652651004236
203,0.24786474260063251
204,0.24786422013830534
205,0.24786369771412772
206,0.2478631753287868
207,0.2478626529829675
208,0.24786213067735716
209,0.24786160841264057
210,0.24786108618950436
211,0.24786056400863474
212,0.24786004187071745
213,0.2478595197764376
214,0.24785899772648168
215,0.24785847572153494
216,0.24785795376228326
217,0.24785743184941134
218,0.24785690998360532
219,0.24785638816554992
220,0.24785586639593046
221,0.24785534467543213
222,0.24785482300473963
223,0.2478543013845376
224,0.24785377981551113
225,0.24785325829834465
226,0.2478527368337223
227,0.24785221542232885
228,0.24785169406484775
229,0.24785117276196325
230,0.24785065151435967
231,0.24785013032272016
232,0.24784960918772775
233,0.24784908811006684
234,0.24784856709041952
235,0.2478480461294698
236,0.2478475252278997
237,0.24784700438639207
238,0.24784648360562944
239,0.24784596288629418
240,0.2478454422290674
241,0.24784492163463184
242,0.2478444011036691
243,0.24784388063685978
244,0.24784336023488548
245,0.24784283989842745
246,0.24784231962816544
247,0.2478417994247808
248,0.24784127928895378
249,0.24784075922136403
250,0.24784023922269072
251,0.2478397192936148
252,0.247839199434814
253,0.24783867964696754
254,0.2478381599307548
255,0.24783764028685326
256,0.24783712071594208
257,0.24783660121869783
258,0.24783608179579905
259,0.2478355624479229
260,0.24783504317574565
261,0.24783452397994465
262,0.2478340048611959
263,0.24783348582017567
264,0.24783296685755898
265,0.2478324479740219
266,0.2478319291702396
267,0.24783141044688603
268,0.24783089180463658
269,0.24783037324416424
270,0.2478298547661434
271,0.24782933637124716
272,0.24782881806014875
273,0.2478282998335204
274,0.24782778169203468
275,0.24782726363636348
276,0.24782674566717805
277,0.24782622778514976
278,0.24782570999094972
279,0.24782519228524771
280,0.24782467466871327
281,0.24782415714201725
282,0.2478236397058278
283,0.24782312236081439
284,0.24782260510764478
285,0.2478220879469874
286,0.24782157087950937
287,0.24782105390587789
288,0.24782053702675927
289,0.2478200202428207
290,0.24781950355472696
291,0.2478189869631444
292,0.24781847046873698
293,0.24781795407216883
294,0.24781743777410534
295,0.24781692157520882
296,0.24781640547614275
297,0.2478158894775698
298,0.2478153735801516
299,0.24781485778455037
300,0.24781434209142658
301,0.24781382650144138
302,0.24781331101525458
303,0.24781279563352562
304,0.24781228035691466
305,0.24781176518607922
306,0.2478112501216779
307,0.2478107351643679
308,0.24781022031480712
309,0.2478097055736511
310,0.2478091909415562
311,0.24780867641917767
312,0.24780816200717204
313,0.247807647706191
314,0.24780713351689035
315,0.24780661943992227
316,0.24780610547594034
317,0.24780559162559634
