1,0.2933333655964266
2,0.2516526575160006
3,0.25167480779027324
4,0.2516907894406191
5,0.2516915335017266
6,0.2516915667803557
7,0.25169156826615796
8,0.2516915683324901
9,0.2516915683354514
10,0.25169156833558365
11,0.25169156833558937
12,0.2516915683355901
13,0.25169156833558987
14,0.25169156833558987
15,0.25169156833558987
16,0.25169156833558987
17,0.25169156833558987
18,0.25169156833558987
19,0.25169156833558987
20,0.25169156833558987
21,0.25169156833558987
22,0.25169156833558987
23,0.25169156833558987
24,0.25169156833558987
25,0.25169156833558987
26,0.25169156833558987
27,0.25169156833558987
28,0.25169156833558987
29,0.25169156833558987
30,0.25169156833558987
31,0.25169156833558987
32,0.25169156833558987
33,0.25169156833558987
34,0.25169156833558987
35,0.25169156833558987
36,0.25169156833558987
37,0.25169156833558987
38,0.25169156833558987
39,0.25169156833558987
40,0.25169156833558987
41,0.25169156833558987
42,0.25169156833558987
43,0.25169156833558987
44,0.25169156833558987
45,0.25169156833558987
46,0.25169156833558987
47,0.25169156833558987
48,0.25169156833558987
49,0.25169156833558987
50,0.25169156833558987
51,0.25169156833558987
52,0.25169156833558987
53,0.25169156833558987
54,0.25169156833558987
55,0.25169156833558987
56,0.25169156833558987
57,0.25169156833558987
58,0.25169156833558987
59,0.25169156833558987
60,0.25169156833558987
61,0.25169156833558987
62,0.25169156833558987
63,0.25169156833558987
64,0.25169156833558987
65,0.25169156833558987
66,0.25169156833558987
67,0.25169156833558987
68,0.25169156833558987
69,0.25169156833558987
70,0.25169156833558987
71,0.25169156833558987
72,0.25169156833558987
73,0.25169156833558987
74,0.25169156833558987
75,0.25169156833558987
76,0.25169156833558987
77,0.25169156833558987
78,0.25169156833558987
79,0.25169156833558987
80,0.25169156833558987
81,0.25169156833558987
82,0.25169156833558987
83,0.25169156833558987
84,0.25169156833558987
85,0.25169156833558987
86,0.25169156833558987
87,0.25169156833558987
88,0.25169156833558987
89,0.25169156833558987
90,0.25169156833558987
91,0.25169156833558987
92,0.25169156833558987
93,0.25169156833558987
94,0.25169156833558987
95,0.25169156833558987
96,0.25169156833558987
97,0.25169156833558987
98,0.25169156833558987
99,0.25169156833558987
100,0.25169156833558987
101,0.25169156833558987
102,0.25169156833558987
103,0.25169156833558987
104,0.25169156833558987
105,0.25169156833558987
106,0.25169156833558987
107,0.25169156833558987
108,0.25169156833558987
109,0.25169156833558987
110,0.25169156833558987
111,0.25169156833558987
112,0.25169156833558987
113,0.25169156833558987
114,0.25169156833558987
115,0.25169156833558987
116,0.25169156833558987
117,0.25169156833558987
118,0.25169156833558987
119,0.25169156833558987
120,0.25169156833558987
121,0.25169156833558987
122,0.25169156833558987
123,0.25169156833558987
124,0.25169156833558987
125,0.25169156833558987
126,0.25169156833558987
127,0.25169156833558987
128,0.25169156833558987
129,0.25169156833558987
130,0.25169156833558987
131,0.25169156833558987
132,0.25169156833558987
133,0.25169156833558987
134,0.25169156833558987
135,0.25169156833558987
136,0.25169156833558987
137,0.25169156833558987
138,0.25169156833558987
139,0.25169156833558987
140,0.25169156833558987
141,0.25169156833558987
142,0.25169156833558987
143,0.25169156833558987
144,0.25169156833558987
145,0.25169156833558987
146,0.25169156833558987
147,0.25169156833558987
148,0.25169156833558987
149,0.25169156833558987
150,0.25169156833558987
151,0.25169156833558987
152,0.25169156833558987
153,0.25169156833558987
154,0.25169156833558987
155,0.25169156833558987
156,0.25169156833558987
157,0.25169156833558987
158,0.25169156833558987
159,0.25169156833558987
160,0.25169156833558987
161,0.25169156833558987
162,0.25169156833558987
163,0.25169156833558987
164,0.25169156833558987
165,0.25169156833558987
166,0.25169156833558987
167,0.25169156833558987
168,0.25169156833558987
169,0.25169156833558987
170,0.25169156833558987
171,0.25169156833558987
172,0.25169156833558987
173,0.25169156833558987
174,0.25169156833558987
175,0.25169156833558987
176,0.25169156833558987
177,0.25169156833558987
178,0.25169156833558987
179,0.25169156833558987
180,0.25169156833558987
181,0.25169156833558987
182,0.25169156833558987
183,0.25169156833558987
184,0.25169156833558987
185,0.25169156833558987
186,0.25169156833558987
187,0.25169156833558987
188,0.25169156833558987
189,0.25169156833558987
190,0.25169156833558987
191,0.25169156833558987
192,0.25169156833558987
193,0.25169156833558987
194,0.25169156833558987
195,0.25169156833558987
196,0.25169156833558987
197,0.25169156833558987
198,0.25169156833558987
199,0.25169156833558987
200,0.25169156833558987
201,0.25169156833558987
202,0.25169156833558987
203,0.25169156833558987
204,0.25169156833558987
205,0.25169156833558987
206,0.25169156833558987
207,0.25169156833558987
208,0.25169156833558987
209,0.25169156833558987
210,0.25169156833558987
211,0.25169156833558987
212,0.25169156833558987
213,0.25169156833558987
214,0.25169156833558987
215,0.25169156833558987
216,0.25169156833558987
217,0.25169156833558987
218,0.25169156833558987
219,0.25169156833558987
220,0.25169156833558987
221,0.25169156833558987
222,0.25169156833558987
223,0.25169156833558987
224,0.25169156833558987
225,0.25169156833558987
226,0.25169156833558987
227,0.25169156833558987
228,0.25169156833558987
229,0.25169156833558987
230,0.25169156833558987
231,0.25169156833558987
232,0.25169156833558987
233,0.25169156833558987
234,0.25169156833558987
235,0.25169156833558987
236,0.25169156833558987
237,0.25169156833558987
238,0.25169156833558987
239,0.25169156833558987
240,0.25169156833558987
241,0.25169156833558987
242,0.25169156833558987
243,0.25169156833558987
244,0.25169156833558987
245,0.25169156833558987
246,0.25169156833558987
247,0.25169156833558987
248,0.25169156833558987
249,0.25169156833558987
250,0.25169156833558987
251,0.25169156833558987
252,0.25169156833558987
253,0.25169156833558987
254,0.25169156833558987
255,0.25169156833558987
256,0.25169156833558987
257,0.25169156833558987
258,0.25169156833558987
259,0.25169156833558987
260,0.25169156833558987
261,0.25169156833558987
262,0.25169156833558987
263,0.25169156833558987
264,0.25169156833558987
265,0.25169156833558987
266,0.25169156833558987
267,0.25169156833558987
268,0.25169156833558987
269,0.25169156833558987
270,0.25169156833558987
271,0.25169156833558987
272,0.25169156833558987
273,0.25169156833558987
274,0.25169156833558987
275,0.25169156833558987
276,0.25169156833558987
277,0.25169156833558987
278,0.25169156833558987
279,0.25169156833558987
280,0.25169156833558987
281,0.25169156833558987
282,0.25169156833558987
283,0.25169156833558987
284,0.25169156833558987
285,0.25169156833558987
286,0.25169156833558987
287,0.25169156833558987
288,0.25169156833558987
289,0.25169156833558987
290,0.25169156833558987
291,0.25169156833558987
292,0.25169156833558987
293,0.25169156833558987
294,0.25169156833558987
295,0.25169156833558987
296,0.25169156833558987
297,0.25169156833558987
298,0.25169156833558987
299,0.25169156833558987
300,0.25169156833558987
301,0.25169156833558987
302,0.25169156833558987
303,0.25169156833558987
304,0.25169156833558987
305,0.25169156833558987
306,0.25169156833558987
307,0.25169156833558987
308,0.25169156833558987
309,0.25169156833558987
310,0.25169156833558987
311,0.25169156833558987
312,0.25169156833558987
313,0.25169156833558987
314,0.25169156833558987
315,0.25169156833558987
316,0.25169156833558987
317,0.25169156833558987
318,0.25169156833558987
319,0.25169156833558987
320,0.25169156833558987
321,0.25169156833558987
322,0.25169156833558987
323,0.25169156833558987
324,0.25169156833558987
325,0.25169156833558987
326,0.25169156833558987
327,0.25169156833558987
328,0.25169156833558987
329,0.25169156833558987
330,0.25169156833558987
331,0.25169156833558987
332,0.25169156833558987
333,0.25169156833558987
334,0.25169156833558987
335,0.25169156833558987
336,0.25169156833558987
337,0.25169156833558987
338,0.25169156833558987
339,0.25169156833558987
340,0.25169156833558987
341,0.25169156833558987
342,0.25169156833558987
343,0.25169156833558987
344,0.25169156833558987
345,0.25169156833558987
346,0.25169156833558987
347,0.25169156833558987
348,0.25169156833558987
349,0.25169156833558987
350,0.25169156833558987
351,0.25169156833558987
352,0.25169156833558987
353,0.25169156833558987
354,0.25169156833558987
355,0.25169156833558987
356,0.25169156833558987
357,0.25169156833558987
358,0.25169156833558987
359,0.25169156833558987
360,0.25169156833558987
361,0.25169156833558987
362,0.25169156833558987
363,0.25169156833558987
364,0.25169156833558987
365,0.25169156833558987
366,0.25169156833558987
367,0.25169156833558987
368,0.25169156833558987
369,0.25169156833558987
370,0.25169156833558987
371,0.25169156833558987
372,0.25169156833558987
373,0.25169156833558987
374,0.25169156833558987
375,0.25169156833558987
376,0.25169156833558987
377,0.25169156833558987
378,0.25169156833558987
379,0.25169156833558987
380,0.25169156833558987
381,0.25169156833558987
382,0.25169156833558987
383,0.25169156833558987
384,0.25169156833558987
385,0.25169156833558987
386,0.25169156833558987
387,0.25169156833558987
388,0.25169156833558987
389,0.25169156833558987
390,0.25169156833558987
391,0.25169156833558987
392,0.25169156833558987
393,0.25169156833558987
394,0.25169156833558987
395,0.25169156833558987
396,0.25169156833558987
397,0.25169156833558987
398,0.25169156833558987
399,0.25169156833558987
400,0.25169156833558987
401,0.25169156833558987
402,0.25169156833558987
403,0.25169156833558987
404,0.25169156833558987
405,0.25169156833558987
406,0.25169156833558987
407,0.25169156833558987
408,0.25169156833558987
409,0.25169156833558987
410,0.25169156833558987
411,0.25169156833558987
412,0.25169156833558987
413,0.25169156833558987
414,0.25169156833558987
415,0.25169156833558987
416,0.25169156833558987
417,0.25169156833558987
418,0.25169156833558987
419,0.25169156833558987
420,0.25169156833558987
421,0.25169156833558987
422,0.25169156833558987
423,0.25169156833558987
424,0.25169156833558987
425,0.25169156833558987
426,0.25169156833558987
427,0.25169156833558987
428,0.25169156833558987
429,0.25169156833558987
430,0.25169156833558987
431,0.25169156833558987
432,0.25169156833558987
433,0.25169156833558987
434,0.25169156833558987
435,0.25169156833558987
436,0.25169156833558987
437,0.25169156833558987
438,0.25169156833558987
439,0.25169156833558987
440,0.25169156833558987
441,0.25169156833558987
442,0.25169156833558987
443,0.25169156833558987
444,0.25169156833558987
445,0.25169156833558987
446,0.25169156833558987
447,0.25169156833558987
448,0.25169156833558987
449,0.25169156833558987
450,0.25169156833558987
451,0.25169156833558987
452,0.25169156833558987
453,0.25169156833558987
454,0.25169156833558987
455,0.25169156833558987
456,0.25169156833558987
457,0.25169156833558987
458,0.25169156833558987
459,0.25169156833558987
460,0.25169156833558987
461,0.25169156833558987
462,0.25169156833558987
463,0.25169156833558987
464,0.25169156833558987
465,0.25169156833558987
466,0.25169156833558987
467,0.25169156833558987
468,0.25169156833558987
469,0.25169156833558987
470,0.25169156833558987
471,0.25169156833558987
472,0.25169156833558987
473,0.25169156833558987
474,0.25169156833558987
475,0.25169156833558987
476,0.25169156833558987
477,0.25169156833558987
478,0.25169156833558987
479,0.25169156833558987
480,0.25169156833558987
481,0.25169156833558987
482,0.25169156833558987
483,0.25169156833558987
484,0.25169156833558987
485,0.25169156833558987
486,0.25169156833558987
487,0.25169156833558987
488,0.25169156833558987
489,0.25169156833558987
490,0.25169156833558987
491,0.25169156833558987
492,0.25169156833558987
493,0.25169156833558987
494,0.25169156833558987
495,0.25169156833558987
496,0.25169156833558987
497,0.25169156833558987
498,0.25169156833558987
499,0.25169156833558987
500,0.25169156833558987
501,0.25169156833558987
502,0.25169156833558987
503,0.25169156833558987
504,0.25169156833558987
505,0.25169156833558987
506,0.25169156833558987
507,0.25169156833558987
508,0.25169156833558987
509,0.25169156833558987
510,0.25169156833558987
511,0.25169156833558987
512,0.25169156833558987
513,0.25169156833558987
514,0.25169156833558987
515,0.25169156833558987
516,0.25169156833558987
517,0.25169156833558987
518,0.25169156833558987
519,0.25169156833558987
520,0.25169156833558987
521,0.25169156833558987
522,0.25169156833558987
523,0.25169156833558987
524,0.25169156833558987
525,0.25169156833558987
526,0.25169156833558987
527,0.25169156833558987
528,0.25169156833558987
529,0.25169156833558987
530,0.25169156833558987
531,0.25169156833558987
532,0.25169156833558987
533,0.25169156833558987
534,0.25169156833558987
535,0.25169156833558987
536,0.25169156833558987
537,0.25169156833558987
538,0.25169156833558987
539,0.25169156833558987
540,0.25169156833558987
541,0.25169156833558987
542,0.25169156833558987
543,0.25169156833558987
544,0.25169156833558987
545,0.25169156833558987
546,0.25169156833558987
547,0.25169156833558987
548,0.25169156833558987
549,0.25169156833558987
550,0.25169156833558987
551,0.25169156833558987
552,0.25169156833558987
553,0.25169156833558987
554,0.25169156833558987
555,0.25169156833558987
556,0.25169156833558987
557,0.25169156833558987
558,0.25169156833558987
559,0.25169156833558987
560,0.25169156833558987
561,0.25169156833558987
562,0.25169156833558987
563,0.25169156833558987
564,0.25169156833558987
565,0.25169156833558987
566,0.25169156833558987
567,0.25169156833558987
568,0.25169156833558987
569,0.25169156833558987
570,0.25169156833558987
571,0.25169156833558987
572,0.25169156833558987
573,0.25169156833558987
574,0.25169156833558987
575,0.25169156833558987
576,0.25169156833558987
577,0.25169156833558987
578,0.25169156833558987
579,0.25169156833558987
580,0.25169156833558987
581,0.25169156833558987
582,0.25169156833558987
583,0.25169156833558987
584,0.25169156833558987
585,0.25169156833558987
586,0.25169156833558987
587,0.25169156833558987
588,0.25169156833558987
589,0.25169156833558987
590,0.25169156833558987
591,0.25169156833558987
592,0.25169156833558987
593,0.25169156833558987
594,0.25169156833558987
595,0.25169156833558987
596,0.25169156833558987
597,0.25169156833558987
598,0.25169156833558987
599,0.25169156833558987
600,0.25169156833558987
601,0.25169156833558987
602,0.25169156833558987
603,0.25169156833558987
604,0.25169156833558987
605,0.25169156833558987
606,0.25169156833558987
607,0.25169156833558987
608,0.25169156833558987
609,0.25169156833558987
610,0.25169156833558987
611,0.25169156833558987
612,0.25169156833558987
613,0.25169156833558987
614,0.25169156833558987
615,0.25169156833558987
616,0.25169156833558987
617,0.25169156833558987
618,0.25169156833558987
619,0.25169156833558987
620,0.25169156833558987
621,0.25169156833558987
622,0.25169156833558987
623,0.25169156833558987
624,0.25169156833558987
625,0.25169156833558987
626,0.25169156833558987
627,0.25169156833558987
628,0.25169156833558987
629,0.25169156833558987
630,0.25169156833558987
631,0.25169156833558987
632,0.25169156833558987
633,0.25169156833558987
634,0.25169156833558987
635,0.25169156833558987
636,0.25169156833558987
637,0.25169156833558987
638,0.25169156833558987
639,0.25169156833558987
640,0.25169156833558987
641,0.25169156833558987
642,0.25169156833558987
643,0.25169156833558987
644,0.25169156833558987
645,0.25169156833558987
646,0.25169156833558987
647,0.25169156833558987
648,0.25169156833558987
649,0.25169156833558987
650,0.25169156833558987
651,0.25169156833558987
652,0.25169156833558987
653,0.25169156833558987
654,0.25169156833558987
655,0.25169156833558987
656,0.25169156833558987
657,0.25169156833558987
658,0.25169156833558987
659,0.25169156833558987
660,0.25169156833558987
661,0.25169156833558987
662,0.25169156833558987
663,0.25169156833558987
664,0.25169156833558987
665,0.25169156833558987
666,0.25169156833558987
667,0.25169156833558987
668,0.25169156833558987
669,0.25169156833558987
670,0.25169156833558987
671,0.25169156833558987
672,0.25169156833558987
673,0.25169156833558987
674,0.25169156833558987
675,0.25169156833558987
676,0.25169156833558987
677,0.25169156833558987
678,0.25169156833558987
679,0.25169156833558987
680,0.25169156833558987
681,0.25169156833558987
682,0.25169156833558987
683,0.25169156833558987
684,0.25169156833558987
685,0.25169156833558987
686,0.25169156833558987
687,0.25169156833558987
688,0.25169156833558987
689,0.25169156833558987
690,0.25169156833558987
691,0.25169156833558987
692,0.25169156833558987
693,0.25169156833558987
694,0.25169156833558987
695,0.25169156833558987
696,0.25169156833558987
697,0.25169156833558987
698,0.25169156833558987
