1,0.28917407338102546
2,0.25397966070851324
3,0.25260738563499896
4,0.25264456505143035
5,0.2526487250295398
6,0.25263410778213996
7,0.25261502736716257
8,0.2525948727633753
9,0.25257435509339504
10,0.25255361927722947
11,0.25253269364076125
12,0.2525115826234279
13,0.2524902857724423
14,0.25246880162945534
15,0.25244712852591333
16,0.2524252647461308
17,0.25240320856106513
18,0.25238095823567247
19,0.252358512030884
20,0.2523358682045024
21,0.25231302501190284
22,0.2522899807067176
23,0.2522667335415453
24,0.25224328176868316
25,0.25221962364089995
26,0.2521957574122397
27,0.2521716813388566
28,0.2521473936798909
29,0.25212289269838173
30,0.2520981766622121
31,0.2520732438450994
32,0.25204809252761906
33,0.25202272099827705
34,0.2519971275546133
35,0.2519713105043599
36,0.2519452681666322
37,0.25191899887317026
38,0.25189250096962273
39,0.2518657728168814
40,0.25183881279245734
41,0.2518116192919072
42,0.25178419073031094
43,0.25175652554379574
44,0.25172862219111153
45,0.2517004791552572
46,0.25167209494516
47,0.25164346809740606
48,0.25161459717802365
49,0.25158548078432186
50,0.2515561175467812
51,0.25152650613099886
52,0.2514966452396906
53,0.25146653361474447
54,0.2514361700393329
55,0.2514055533400771
56,0.2513746823892681
57,0.2513435561071422
58,0.2513121734642119
59,0.2512805334836483
60,0.25124863524372215
61,0.2512164778802918
62,0.2511840605893505
63,0.2511513826296168
64,0.2511184433251824
65,0.2510852420682054
66,0.25105177832165204
67,0.25101805162208096
68,0.25098406158247727
69,0.2509498078951245
70,0.25091529033451654
71,0.250880508760306
72,0.2508454631202912
73,0.25081015345342994
74,0.2507745798928824
75,0.2507387426690819
76,0.2507026421128234
77,0.25066627865837243
78,0.25062965284658395
79,0.25059276532803276
80,0.2505556168661466
81,0.25051820834033545
82,0.25048054074912196
83,0.2504426152132505
84,0.25040443297878545
85,0.25036599542018234
86,0.2503273040433286
87,0.2502883604885481
88,0.25024916653356205
89,0.2502097240963953
90,0.2501700352382299
91,0.25013010216618353
92,0.2500899272360223
93,0.2500495129547842
94,0.2500088619833121
95,0.24996797713869043
96,0.2499268613965684
97,0.24988551789336816
98,0.24984394992836328
99,0.2498021609656243
100,0.2497601546358156
101,0.24971793473783602
102,0.24967550524029986
103,0.24963287028283646
104,0.24959003417721148
105,0.24954700140825228
106,0.24950377663456946
107,0.24946036468907032
108,0.2494167705792463
109,0.24937299948723457
110,0.24932905676963849
111,0.24928494795710165
112,0.2492406787536287
113,0.2491962550356407
114,0.24915168285076292
115,0.24910696841633612
116,0.2490621181176445
117,0.2490171385058556
118,0.24897203629566714
119,0.24892681836265804
120,0.24888149174033472
121,0.2488360636168769
122,0.24879054133157627
123,0.24874493237096737
124,0.24869924436465068
125,0.24865348508081073
126,0.24860766242142537
127,0.2485617844171738
128,0.24851585922204456
129,0.24846989510764828
130,0.248423900457239
131,0.2483778837594516
132,0.24833185360176746
133,0.24828581866370653
134,0.24823978770976302
135,0.24819376958209793
136,0.24814777319298809
137,0.24810180751705746
138,0.248055881583298
139,0.2480100044668884
140,0.24796418528084346
141,0.24791843316748957
142,0.24787275728979744
143,0.24782716682258685
144,0.24778167094361547
145,0.24773627882457994
146,0.2476909996220418
147,0.24764584246830226
148,0.24760081646224322
149,0.24755593066015966
150,0.24751119406659827
151,0.24746661562522845
152,0.2474222042097655
153,0.247377968614967
154,0.2473339175477215
155,0.24729005961825548
156,0.2472464033314725
157,0.2472029570784513
158,0.2471597291281185
159,0.24711672761911546
160,0.2470739605518813
161,0.2470314357809644
162,0.24698916100758572
163,0.24694714377246527
164,0.24690539144893117
165,0.24686391123632226
166,0.24682271015370008
167,0.24678179503388395
168,0.2467411725178129
169,0.24670084904925982
170,0.24666083086988733
171,0.24662112401466968
172,0.24658173430767993
173,0.2465426673582467
174,0.2465039285574905
175,0.24646552307523342
176,0.24642745585729514
177,0.24638973162316993
178,0.2463523548640776
179,0.24631532984140145
180,0.2462786605854983
181,0.24624235089488064
182,0.24620640433576627
183,0.2461708242419898
184,0.24613561371526765
185,0.24610077562580765
186,0.24606631261325834
187,0.24603222708798636
188,0.24599852123266996
189,0.24596519700419966
190,0.24593225613587757
191,0.2458997001398941
192,0.24586753031008068
193,0.24583574772491837
194,0.24580435325079147
195,0.2457733475454721
196,0.24574273106182123
197,0.24571250405169423
198,0.24568266657003612
199,0.24565321847914862
200,0.2456241594531243
201,0.2455954889824189
202,0.24556720637856516
203,0.24553931077899938
204,0.24551180115199803
205,0.24548467630170162
206,0.2454579348732223
207,0.2454315753578119
208,0.24540559609808932
209,0.24537999529330481
210,0.24535477100463499
211,0.24532992116049832
212,0.24530544356187206
213,0.24528133588761392
214,0.2452575956997631
215,0.24523422044882465
216,0.2452112074790166
217,0.24518855403348203
218,0.2451662572594479
219,0.24514431421333083
220,0.24512272186577969
221,0.24510147710664762
222,0.24508057674988684
223,0.2450600175383661
224,0.24503979614859644
225,0.245019909195371
226,0.2450003532363043
227,0.24498112477627454
228,0.2449622202717636
229,0.2449436361350905
230,0.2449253687385351
231,0.24490741441835337
232,0.2448897694786805
233,0.24487243019531696
234,0.24485539281940372
235,0.24483865358097745
236,0.24482220869241314
237,0.24480605435174732
238,0.24479018674588673
239,0.24477460205369772
240,0.24475929644898423
241,0.2447442661033457
242,0.24472950718892666
243,0.24471501588104652
244,0.2447007883607249
245,0.24468682081709148
246,0.24467310944968862
247,0.24465965047066923
248,0.24464644010688807
249,0.2446334746018901
250,0.24462075021779794
251,0.2446082632371019
252,0.24459600996435243
253,0.2445839867277606
254,0.24457218988070142
255,0.24456061580313612
256,0.24454926090294027
257,0.2445381216171515
258,0.2445271944131333
259,0.24451647578966218
260,0.24450596227793384
261,0.24449565044249882
262,0.24448553688212482
263,0.24447561823058722
264,0.2444658911573967
265,0.24445635236846178
266,0.24444699860668326
267,0.2444378266524994
268,0.2444288333243639
269,0.24442001547917513
270,0.2444113700126474
271,0.2444028938596392
272,0.24439458399442404
273,0.24438643743092292
274,0.24437845122288612
275,0.24437062246403912
276,0.24436294828818228
277,0.24435542586925768
278,0.2443480524213769
