1,0.30025825824300084
2,0.2656418579440131
3,0.25087089122293305
4,0.24922676231929267
5,0.2490247225604201
6,0.24898830853163104
7,0.24898000284414493
8,0.24897789125742883
9,0.24897728066989855
10,0.24897704372589427
11,0.2489769005204664
12,0.24897678095657694
13,0.24897666744120237
14,0.2489765555562531
15,0.24897644419193096
16,0.24897633306930975
17,0.2489762221181457
18,0.2489761113206084
19,0.2489760006720315
20,0.2489758901710563
21,0.24897577981715535
22,0.24897566961000914
23,0.24897555954935147
24,0.24897544963493046
25,0.2489753398664969
26,0.24897523024380344
27,0.24897512076660422
28,0.248975011434652
29,0.2489749022477022
30,0.24897479320550855
31,0.24897468430782693
32,0.24897457555441288
33,0.24897446694502315
34,0.2489743584794137
35,0.2489742501573418
36,0.24897414197856516
37,0.24897403394284168
38,0.24897392604993052
39,0.24897381829958967
40,0.2489737106915794
41,0.24897360322565942
42,0.24897349590159049
43,0.24897338871913252
44,0.24897328167804691
45,0.24897317477809602
46,0.2489730680190419
47,0.2489729614006465
48,0.24897285492267407
49,0.2489727485848877
50,0.24897264238705075
51,0.24897253632892852
52,0.24897243041028555
53,0.24897232463088692
54,0.24897221899049912
55,0.24897211348888765
56,0.24897200812582
57,0.24897190290106264
58,0.24897179781438397
59,0.24897169286555063
60,0.24897158805433225
61,0.24897148338049793
62,0.24897137884381618
63,0.24897127444405703
64,0.24897117018099107
65,0.24897106605438843
66,0.24897096206402095
67,0.2489708582096599
68,0.24897075449107692
69,0.2489706509080447
70,0.24897054746033606
71,0.248970444147724
72,0.24897034096998302
73,0.24897023792688702
74,0.2489701350182103
75,0.24897003224372788
76,0.24896992960321523
77,0.24896982709644808
78,0.24896972472320314
79,0.24896962248325752
80,0.24896952037638723
81,0.24896941840237038
82,0.24896931656098542
83,0.24896921485201004
84,0.248969113275224
85,0.24896901183040598
86,0.2489689105173354
87,0.24896880933579266
88,0.24896870828555923
89,0.24896860736641452
90,0.248968506578141
91,0.24896840592051947
92,0.2489683053933335
93,0.2489682049963643
94,0.2489681047293963
95,0.24896800459221155
96,0.24896790458459492
97,0.24896780470633045
98,0.2489677049572024
99,0.24896760533699652
100,0.2489675058454982
101,0.24896740648249294
102,0.24896730724776756
103,0.2489672081411081
104,0.24896710916230277
105,0.24896701031113835
106,0.24896691158740256
107,0.24896681299088455
108,0.24896671452137256
109,0.24896661617865584
110,0.2489665179625242
111,0.24896641987276755
112,0.248966321909176
113,0.24896622407154004
114,0.24896612635965176
115,0.24896602877330196
116,0.2489659313122827
117,0.24896583397638683
118,0.24896573676540673
119,0.24896563967913565
120,0.24896554271736676
121,0.24896544587989433
122,0.24896534916651308
123,0.248965252577017
124,0.24896515611120162
125,0.24896505976886227
126,0.2489649635497948
127,0.24896486745379579
128,0.2489647714806615
129,0.24896467563018942
130,0.24896457990217655
131,0.24896448429642132
132,0.24896438881272098
133,0.24896429345087515
134,0.24896419821068233
135,0.24896410309194186
136,0.24896400809445357
137,0.24896391321801775
138,0.24896381846243412
139,0.24896372382750454
140,0.24896362931302962
141,0.24896353491881154
142,0.24896344064465198
143,0.2489633464903533
144,0.24896325245571865
145,0.24896315854055046
146,0.24896306474465293
147,0.24896297106782955
148,0.24896287750988466
149,0.2489627840706232
150,0.2489626907498499
151,0.2489625975473701
152,0.2489625044629897
153,0.24896241149651482
154,0.24896231864775167
155,0.24896222591650696
156,0.24896213330258884
157,0.24896204080580403
158,0.248961948425961
159,0.2489618561628674
160,0.24896176401633285
161,0.24896167198616562
162,0.24896158007217511
163,0.24896148827417164
164,0.24896139659196528
165,0.24896130502536623
166,0.24896121357418466
167,0.24896112223823347
168,0.24896103101732267
169,0.24896093991126533
170,0.2489608489198726
171,0.24896075804295767
172,0.248960667280334
173,0.2489605766318142
174,0.2489604860972123
175,0.2489603956763425
176,0.24896030536901884
177,0.2489602151750561
178,0.24896012509427004
179,0.24896003512647483
180,0.24895994527148776
181,0.24895985552912392
182,0.24895976589920002
183,0.2489596763815338
184,0.24895958697594092
185,0.24895949768224035
186,0.24895940850024875
187,0.24895931942978536
188,0.24895923047066826
189,0.24895914162271648
190,0.24895905288574943
191,0.24895896425958658
192,0.248958875744048
193,0.24895878733895369
194,0.24895869904412413
195,0.24895861085938067
196,0.24895852278454508
197,0.24895843481943802
198,0.24895834696388222
199,0.24895825921769943
200,0.24895817158071243
201,0.24895808405274494
202,0.24895799663361906
203,0.24895790932315945
204,0.24895782212118947
205,0.2489577350275339
206,0.2489576480420174
207,0.24895756116446446
208,0.24895747439470073
209,0.2489573877325521
210,0.24895730117784395
211,0.24895721473040314
212,0.2489571283900557
213,0.24895704215662906
214,0.248956956029951
215,0.24895687000984784
216,0.2489567840961484
217,0.24895669828868078
218,0.24895661258727358
219,0.2489565269917554
220,0.24895644150195637
221,0.24895635611770475
222,0.24895627083883143
223,0.24895618566516609
224,0.24895610059653941
225,0.24895601563278252
226,0.24895593077372583
227,0.24895584601920132
228,0.2489557613690412
229,0.24895567682307682
230,0.2489555923811406
231,0.24895550804306574
232,0.24895542380868532
233,0.2489553396778323
234,0.24895525565034032
235,0.24895517172604398
236,0.24895508790477677
237,0.24895500418637406
238,0.24895492057067037
239,0.24895483705750127
240,0.24895475364670175
241,0.248954670338108
242,0.2489545871315563
243,0.24895450402688277
244,0.248954421023925
245,0.2489543381225187
246,0.24895425532250254
247,0.24895417262371372
248,0.24895409002599037
249,0.2489540075291705
250,0.24895392513309275
251,0.24895384283759608
252,0.24895376064251998
253,0.24895367854770414
254,0.248953596552988
255,0.24895351465821094
256,0.2489534328632151
257,0.24895335116784006
258,0.2489532695719269
259,0.24895318807531733
260,0.24895310667785256
261,0.24895302537937433
262,0.2489529441797257
263,0.24895286307874834
264,0.24895278207628566
265,0.24895270117218032
266,0.2489526203662758
267,0.24895253965841563
268,0.24895245904844432
269,0.24895237853620553
270,0.24895229812154385
271,0.24895221780430532
272,0.24895213758433318
273,0.24895205746147445
274,0.24895197743557385
275,0.2489518975064776
276,0.24895181767403218
277,0.24895173793808428
278,0.24895165829848043
279,0.24895157875506813
