1,0.16230475805248157
2,0.15926270438396642
3,0.15926588378297346
4,0.15925704418070552
5,0.15924791989045714
6,0.15923859853251524
7,0.15922907577793918
8,0.15921934658918377
9,0.15920940582566953
10,0.15919924825019954
11,0.15918886853199893
12,0.15917826125037574
13,0.15916742089909425
14,0.15915634189152988
15,0.15914501856667324
16,0.15913344519606312
17,0.15912161599172578
18,0.15910952511520615
19,0.15909716668777618
20,0.1590845348019145
21,0.15907162353414858
22,0.159058426959357
23,0.1590449391666311
24,0.15903115427679093
25,0.15901706646166158
26,0.15900266996519846
27,0.15898795912656238
28,0.15897292840523208
29,0.158957572408235
30,0.15894188591957392
31,0.15892586393190647
32,0.15890950168053097
33,0.15889279467970321
34,0.15887573876129385
35,0.15885833011577188
36,0.15884056533546465
37,0.1588224414600157
38,0.15880395602392375
39,0.1587851071060015
40,0.15876589338054548
41,0.15874631416995852
42,0.15872636949851168
43,0.1587060601468674
44,0.15868538770693072
45,0.15866435463652667
46,0.1586429643133347
47,0.15862122108745255
48,0.15859913033189166
49,0.15857669849025
50,0.15855393312075847
51,0.1585308429358433
52,0.15850743783632126
53,0.15848372893931872
54,0.1584597285990034
55,0.1584354504192273
56,0.1584109092572171
57,0.15838612121750442
58,0.15836110363536704
59,0.15833587504915939
60,0.15831045516104253
61,0.15828486478577608
62,0.15825912578741283
63,0.15823326100393867
64,0.15820729416010137
65,0.15818124976891232
66,0.158155153022517
67,0.15812902967337317
68,0.15810290590688783
69,0.1580768082068656
70,0.1580507632153158
71,0.15802479758830718
72,0.15799893784968197
73,0.15797321024452007
74,0.15794764059428007
75,0.1579222541555275
76,0.15789707548411322
77,0.15787212830655228
78,0.15784743540022356
79,0.15782301848381936
80,0.15779889811927097
81,0.15777509362613992
82,0.15775162300921217
83,0.15772850289977589
84,0.15770574851080305
85,0.15768337360600432
86,0.15766139048248698
87,0.1576398099665322
88,0.15761864142181067
89,0.15759789276919559
90,0.1575775705171985
91,0.1575576798019493
92,0.1575382244355759
93,0.15751920696179922
94,0.15750062871754414
95,0.15748248989938832
96,0.1574647896337051
97,0.15744752604940815
98,0.15743069635228557
99,0.15741429689998748
100,0.1573983232768215
101,0.15738277036760775
102,0.15736763242994614
103,0.15735290316433417
104,0.1573385757816821
105,0.15732464306784563
106,0.15731109744489818
107,0.1572979310289234
108,0.15728513568419464
109,0.15727270307365726
110,0.15726062470569516
111,0.15724889197720207
112,0.15723749621302135
113,0.15722642870185222
114,0.1572156807287435
115,0.157205243604321
116,0.1571951086909066
117,0.15718526742570058
118,0.15717571134120545
119,0.15716643208307254
120,0.1571574214255531
121,0.1571486712847352
122,0.15714017372974243
123,0.15713192099206733
124,0.15712390547320035
125,0.15711611975071696
126,0.1571085565829674
127,0.15710120891251086
128,0.15709406986842714
129,0.15708713276762534
130,0.15708039111526614
131,0.15707383860440152
132,0.15706746911492805
133,0.1570612767119433
134,0.15705525564358577
135,0.15704940033843287
136,0.1570437054025213
137,0.1570381656160525
138,0.15703277592983722
139,0.1570275314615255
140,0.15702242749166792
141,0.157017459459647
142,0.15701262295950993
143,0.1570079137357374
144,0.157003327678972
145,0.15699886082173128
146,0.15699450933412396
147,0.1569902695195899
148,0.1569861378106767
149,0.15698211076486626
150,0.15697818506046382
151,0.15697435749255728
152,0.15697062496905403
153,0.1569669845068039
154,0.1569634332278125
155,0.15695996835554565
156,0.15695658721133388
157,0.15695328721087376
158,0.15695006586083068
159,0.15694692075554176
160,0.15694384957382157
161,0.15694085007586758
162,0.15693792010026633
163,0.15693505756109993
164,0.1569322604451484
165,0.15692952680919017
166,0.15692685477739576
167,0.15692424253881535
168,0.15692168834495493
169,0.15691919050744169
170,0.15691674739577496
171,0.15691435743516016
172,0.1569120191044237
173,0.15690973093400706
174,0.15690749150403563
175,0.15690529944246265
176,0.15690315342328243
177,0.15690105216481362
178,0.15689899442804872
179,0.15689697901506625
180,0.1568950047675066
181,0.15689307056510565
182,0.15689117532428612
183,0.15688931799680378
184,0.1568874975684485
185,0.15688571305779156
186,0.1568839635149889
187,0.15688224802062417
188,0.1568805656846031
189,0.15687891564508746
190,0.15687729706747205
191,0.1568757091434026
192,0.15687415108983072
193,0.1568726221481063
194,0.1568711215831067
195,0.15686964868239803
196,0.15686820275542876
197,0.15686678313275865
198,0.156865389165312
199,0.15686402022366475
200,0.156862675697355
201,0.15686135499422482
202,0.15686005753978266
203,0.15685878277659374
204,0.15685753016369197
205,0.15685629917601437
206,0.15685508930385975
207,0.15685390005236308
208,0.15685273094099472
209,0.15685158150307493
210,0.15685045128530947
211,0.15684933984734062
212,0.15684824676131595
213,0.15684717161147346
214,0.15684611399374118
215,0.1568450735153528
216,0.15684404979447622
217,0.15684304245985786
218,0.15684205115047725
219,0.15684107551521717
220,0.1568401152125431
221,0.15683916991019678
222,0.15683823928489934
223,0.15683732302206527
224,0.15683642081552773
225,0.15683553236727235
226,0.1568346573871815
227,0.15683379559278765
228,0.15683294670903478
229,0.15683211046804837
230,0.15683128660891477
231,0.15683047487746613
232,0.15682967502607478
233,0.15682888681345425
234,0.15682811000446573
235,0.15682734436993384
236,0.15682658968646682
237,0.15682584573628308
238,0.1568251123070445
239,0.15682438919169456
240,0.15682367618830242
241,0.15682297309991303
242,0.15682227973439958
243,0.15682159590432454
244,0.15682092142680232
245,0.1568202561233684
246,0.15681959981985213
247,0.1568189523462526
248,0.15681831353662162
249,0.15681768322894687
250,0.1568170612650413
251,0.15681644749043533
252,0.15681584175427282
253,0.1568152439092101
254,0.15681465381131768
255,0.15681407131998706
256,0.1568134962978377
257,0.15681292861062981
258,0.15681236812717772
259,0.15681181471926675
260,0.15681126826157327
261,0.15681072863158615
262,0.15681019570953186
263,0.15680966937830002
264,0.156809149523374
265,0.156808636032761
266,0.15680812879692643
267,0.1568076277087275
268,0.1568071326633524
269,0.15680664355825877
270,0.15680616029311442
271,0.15680568276974072
272,0.1568052108920572
273,0.15680474456602664
274,0.1568042836996047
275,0.15680382820268726
276,0.15680337798706243
277,0.15680293296636308
278,0.15680249305601934
279,0.1568020581732145
280,0.1568016282368413
281,0.15680120316745882
282,0.15680078288725205
283,0.1568003673199911
284,0.15679995639099342
285,0.15679955002708468
286,0.15679914815656307
287,0.15679875070916358
288,0.15679835761602212
289,0.1567979688096436
290,0.15679758422386803
291,0.15679720379383913
292,0.1567968274559728
293,0.15679645514792773
294,0.1567960868085759
295,0.1567957223779737
296,0.15679536179733447
297,0.15679500500900237
298,0.15679465195642428
299,0.15679430258412627
300,0.15679395683768751
301,0.15679361466371694
302,0.1567932760098288
303,0.15679294082462056
304,0.1567926090576502
305,0.156792280659415
306,0.15679195558132963
307,0.15679163377570648
308,0.15679131519573525
309,0.1567909997954623
310,0.15679068752977393
311,0.15679037835437637
312,0.1567900722257777
313,0.15678976910127068
314,0.15678946893891588
315,0.15678917169752377
316,0.15678887733664051
317,0.15678858581652977
318,0.15678829709815947
319,0.15678801114318447
320,0.15678772791393433
321,0.15678744737339664
322,0.15678716948520457
323,0.15678689421362305
324,0.15678662152353454
325,0.15678635138042732
326,0.15678608375038208
327,0.15678581860005986
328,0.15678555589668974
329,0.15678529560805757
330,0.15678503770249386
331,0.15678478214886324
332,0.15678452891655328
333,0.15678427797546385
334,0.1567840292959961
335,0.15678378284904373
336,0.15678353860598165
337,0.15678329653865772
338,0.1567830566193812
339,0.15678281882091552
340,0.15678258311646875
341,0.15678234947968406
342,0.1567821178846318
343,0.15678188830580123
344,0.15678166071809144
345,0.15678143509680412
346,0.15678121141763596
347,0.1567809896566698
348,0.15678076979036826
349,0.1567805517955659
350,0.15678033564946267
351,0.15678012132961566
352,0.15677990881393375
353,0.15677969808066988
354,0.15677948910841494
355,0.15677928187609141
356,0.15677907636294697
357,0.15677887254854828
358,0.15677867041277604
359,0.15677846993581704
360,0.15677827109816062
361,0.15677807388059176
362,0.15677787826418596
363,0.15677768423030447
364,0.15677749176058797
365,0.15677730083695207
366,0.15677711144158274
367,0.15677692355693015
368,0.15677673716570542
369,0.15677655225087447
370,0.15677636879565462
371,0.15677618678350938
372,0.15677600619814386
373,0.15677582702350118
374,0.15677564924375786
375,0.15677547284331989
376,0.15677529780681787
377,0.15677512411910427
378,0.15677495176524892
379,0.15677478073053475
380,0.15677461100045506
381,0.15677444256070924
382,0.15677427539719935
383,0.15677410949602613
384,0.15677394484348686
385,0.1567737814260705
386,0.1567736192304552
387,0.15677345824350522
388,0.15677329845226765
389,0.15677313984396787
390,0.1567729824060093
391,0.15677282612596832
392,0.1567726709915919
393,0.15677251699079478
394,0.15677236411165693
395,0.15677221234241995
396,0.15677206167148589
397,0.15677191208741278
398,0.1567717635789137
399,0.15677161613485277
400,0.1567714697442441
401,0.15677132439624786
402,0.1567711800801694
403,0.1567710367854553
404,0.15677089450169285
405,0.15677075321860645
406,0.15677061292605526
407,0.15677047361403287
408,0.15677033527266215
409,0.15677019789219623
410,0.15677006146301453
411,0.15676992597562098
412,0.15676979142064326
413,0.15676965778882923
414,0.1567695250710456
415,0.15676939325827668
416,0.15676926234162183
417,0.1567691323122942
418,0.15676900316161796
419,0.1567688748810282
420,0.1567687474620675
421,0.15676862089638538
422,0.1567684951757361
423,0.15676837029197763
424,0.1567682462370694
425,0.1567681230030711
426,0.15676800058214116
427,0.1567678789665354
428,0.15676775814860464
429,0.15676763812079472
430,0.15676751887564405
431,0.15676740040578244
432,0.1567672827039297
433,0.15676716576289437
434,0.15676704957557244
435,0.15676693413494638
436,0.15676681943408294
437,0.1567667054661325
438,0.15676659222432787
439,0.15676647970198324
440,0.15676636789249238
441,0.156766256789328
442,0.15676614638604036
443,0.15676603667625635
444,0.15676592765367806
445,0.15676581931208172
446,0.15676571164531727
447,0.15676560464730638
448,0.15676549831204192
449,0.15676539263358708
450,0.15676528760607378
451,0.15676518322370225
452,0.15676507948074012
453,0.15676497637152062
454,0.15676487389044289
455,0.15676477203196998
456,0.15676467079062828
457,0.15676457016100726
458,0.15676447013775757
459,0.1567643707155909
460,0.15676427188927858
461,0.15676417365365172
462,0.15676407600359896
463,0.15676397893406702
464,0.1567638824400591
465,0.1567637865166339
466,0.1567636911589063
467,0.15676359636204482
468,0.1567635021212716
469,0.15676340843186226
470,0.15676331528914433
471,0.15676322268849635
472,0.15676313062534858
473,0.15676303909518094
474,0.15676294809352243
475,0.15676285761595196
476,0.15676276765809538
477,0.15676267821562642
478,0.15676258928426595
479,0.15676250085978116
480,0.15676241293798396
481,0.1567623255147324
482,0.1567622385859281
483,0.15676215214751765
484,0.1567620661954892
485,0.15676198072587502
486,0.15676189573474925
487,0.15676181121822724
488,0.15676172717246556
489,0.15676164359366118
490,0.15676156047805134
491,0.156761477821913
492,0.15676139562156124
493,0.1567613138733505
494,0.1567612325736725
495,0.15676115171895696
496,0.1567610713056702
497,0.15676099133031574
498,0.15676091178943252
499,0.15676083267959504
500,0.15676075399741354
501,0.15676067573953295
502,0.1567605979026321
503,0.1567605204834236
504,0.15676044347865414
505,0.15676036688510292
506,0.1567602906995815
507,0.15676021491893447
508,0.156760139540038
509,0.15676006455979885
510,0.15675998997515553
511,0.15675991578307757
512,0.15675984198056384
513,0.15675976856464346
514,0.15675969553237543
515,0.15675962288084758
516,0.15675955060717645
517,0.1567594787085075
518,0.15675940718201387
519,0.15675933602489675
520,0.15675926523438408
521,0.15675919480773215
522,0.15675912474222342
523,0.15675905503516602
524,0.1567589856838959
525,0.15675891668577333
526,0.15675884803818485
527,0.15675877973854205
528,0.1567587117842817
529,0.15675864417286464
530,0.15675857690177686
531,0.1567585099685273
532,0.15675844337064987
533,0.15675837710570112
534,0.15675831117126118
535,0.15675824556493295
536,0.1567581802843422
537,0.15675811532713702
538,0.1567580506909879
539,0.15675798637358668
540,0.1567579223726471
541,0.15675785868590497
542,0.1567577953111157
543,0.15675773224605713
544,0.15675766948852723
545,0.15675760703634412
546,0.15675754488734656
547,0.15675748303939294
548,0.15675742149036137
549,0.15675736023814987
550,0.15675729928067558
551,0.1567572386158744
552,0.1567571782417016
553,0.15675711815613058
554,0.1567570583571539
555,0.15675699884278135
556,0.15675693961104187
557,0.15675688065998136
558,0.1567568219876637
559,0.15675676359217036
560,0.15675670547159978
561,0.1567566476240673
562,0.15675659004770603
563,0.15675653274066437
564,0.15675647570110846
565,0.15675641892721998
566,0.15675636241719734
567,0.15675630616925448
568,0.1567562501816211
569,0.1567561944525427
570,0.1567561389802804
571,0.15675608376311012
572,0.1567560287993231
573,0.15675597408722608
574,0.15675591962513988
575,0.15675586541139996
576,0.15675581144435677
577,0.15675575772237454
578,0.1567557042438321
579,0.15675565100712185
580,0.15675559801065062
581,0.1567555452528384
582,0.15675549273211925
583,0.15675544044694026
584,0.15675538839576214
585,0.15675533657705829
586,0.1567552849893155
587,0.15675523363103383
588,0.1567551825007248
589,0.15675513159691376
590,0.1567550809181382
591,0.1567550304629475
592,0.15675498022990383
593,0.1567549302175813
594,0.15675488042456584
595,0.15675483084945535
596,0.15675478149085925
597,0.15675473234739884
598,0.15675468341770685
599,0.15675463470042705
600,0.1567545861942149
601,0.15675453789773663
602,0.15675448980966983
603,0.1567544419287025
604,0.1567543942535343
605,0.15675434678287442
606,0.15675429951544353
607,0.15675425244997263
608,0.15675420558520234
609,0.15675415891988478
610,0.1567541124527812
611,0.1567540661826635
612,0.15675402010831319
613,0.15675397422852147
614,0.15675392854209
615,0.15675388304782972
616,0.15675383774456092
617,0.15675379263111364
618,0.1567537477063268
619,0.15675370296904964
620,0.1567536584181395
621,0.15675361405246338
622,0.15675356987089742
623,0.15675352587232613
624,0.15675348205564346
625,0.15675343841975178
626,0.1567533949635618
627,0.15675335168599377
628,0.15675330858597533
629,0.15675326566244355
630,0.15675322291434307
631,0.15675318034062702
632,0.15675313794025694
633,0.15675309571220214
634,0.15675305365543996
635,0.1567530117689564
636,0.15675297005174377
637,0.1567529285028038
638,0.1567528871211452
639,0.1567528459057842
640,0.15675280485574497
641,0.15675276397005874
642,0.1567527232477648
643,0.1567526826879091
644,0.15675264228954525
645,0.15675260205173383
646,0.1567525619735434
647,0.15675252205404835
648,0.15675248229233102
649,0.1567524426874801
650,0.15675240323859174
651,0.15675236394476846
652,0.15675232480511983
653,0.15675228581876186
654,0.15675224698481743
655,0.1567522083024157
656,0.15675216977069287
657,0.15675213138879102
658,0.1567520931558588
659,0.15675205507105133
660,0.15675201713353
661,0.1567519793424624
662,0.156751941697022
663,0.1567519041963888
664,0.1567518668397484
665,0.15675182962629278
666,0.15675179255521984
667,0.15675175562573332
668,0.15675171883704236
669,0.15675168218836263
670,0.15675164567891506
671,0.15675160930792592
672,0.1567515730746281
673,0.15675153697825916
674,0.1567515010180628
675,0.15675146519328778
676,0.15675142950318807
677,0.156751393947024
678,0.15675135852406033
679,0.15675132323356702
680,0.15675128807482033
681,0.15675125304710041
682,0.15675121814969326
683,0.15675118338189015
684,0.15675114874298712
685,0.1567511142322848
686,0.1567510798490895
687,0.15675104559271208
688,0.1567510114624687
689,0.1567509774576795
690,0.1567509435776702
691,0.15675090982177078
692,0.1567508761893166
693,0.1567508426796468
694,0.156750809292106
695,0.15675077602604282
696,0.15675074288081023
697,0.15675070985576683
698,0.15675067695027453
699,0.15675064416370013
700,0.15675061149541492
701,0.15675057894479422
702,0.15675054651121798
703,0.15675051419407057
704,0.1567504819927403
705,0.15675044990661935
706,0.156750417935105
707,0.15675038607759795
708,0.15675035433350307
709,0.15675032270222963
710,0.15675029118319084
711,0.1567502597758039
712,0.15675022847948925
713,0.15675019729367265
714,0.15675016621778268
715,0.1567501352512524
716,0.1567501043935182
717,0.15675007364402083
718,0.15675004300220366
719,0.15675001246751574
720,0.1567499820394082
