1,0.21697947900208003
2,0.1680005307395337
3,0.16799906958589866
4,0.16799634587913448
5,0.1679935626276715
6,0.16799072999912248
7,0.1679878468510156
8,0.1679849119119349
9,0.167981923869426
10,0.16797888136921105
11,0.16797578301363453
12,0.16797262736003646
13,0.16796941291906256
14,0.16796613815290207
15,0.1679628014734531
16,0.16795940124041217
17,0.1679559357592871
18,0.1679524032793229
19,0.16794880199134785
20,0.1679451300255257
21,0.16794138544901985
22,0.16793756626355677
23,0.16793367040289423
24,0.16792969573018227
25,0.16792564003521906
26,0.16792150103159453
27,0.1679172763537178
28,0.16791296355372687
29,0.16790856009827354
30,0.16790406336518152
31,0.16789947063997326
32,0.16789477911225972
33,0.16788998587199486
34,0.1678850879055828
35,0.1678800820918414
36,0.1678749651978148
37,0.1678697338744358
38,0.16786438465202955
39,0.16785891393566366
40,0.1678533180003365
41,0.16784759298600965
42,0.16784173489247622
43,0.16783573957407513
44,0.16782960273424471
45,0.16782331991992566
46,0.16781688651581367
47,0.16781029773847042
48,0.16780354863029923
49,0.16779663405340045
50,0.16778954868331383
51,0.1677822870026678
52,0.16777484329475498
53,0.16776721163705566
54,0.16775938589473924
55,0.16775135971417224
56,0.1677431265164748
57,0.16773467949116846
58,0.16772601158996264
59,0.16771711552074642
60,0.1677079837418423
61,0.16769860845660903
62,0.16768898160847268
63,0.16767909487649016
64,0.1676689396715557
65,0.1676585071333751
66,0.16764778812835104
67,0.16763677324854098
68,0.16762545281185656
69,0.16761381686371316
70,0.1676018551803378
71,0.16758955727398542
72,0.16757691240032302
73,0.1675639095682767
74,0.16755053755265983
75,0.16753678490992543
76,0.16752263999741696
77,0.1675080909965217
78,0.16749312594014895
79,0.1674777327449882
80,0.1674618992490279
81,0.16744561325482255
82,0.16742886257902292
83,0.16741163510868423
84,0.16739391886486563
85,0.16737570207402627
86,0.16735697324769297
87,0.16733772127083288
88,0.16731793549930732
89,0.16729760586669296
90,0.16727672300065452
91,0.16725527834890783
92,0.16723326431465033
93,0.16721067440112813
94,0.16718750336476387
95,0.16716374737601214
96,0.16713940418676584
97,0.1671144733028168
98,0.1670889561594818
99,0.1670628562981014
100,0.16703617954071132
101,0.16700893415975868
102,0.16698113103934248
103,0.16695278382407072
104,0.16692390905133228
105,0.1668945262625239
106,0.1668646580886602
107,0.1668343303057788
108,0.16680357185571976
109,0.16677241482817848
110,0.16674089440045878
111,0.1667090487320619
112,0.16667691881216848
113,0.16664454825915076
114,0.16661198307250766
115,0.16657927133896183
116,0.16654646289588243
117,0.16651360895661801
118,0.16648076170366863
119,0.16644797385684962
120,0.1664152982246005
121,0.16638278724734948
122,0.1663504925422652
123,0.1663184644588276
124,0.16628675165438733
125,0.16625540069827385
126,0.16622445571209074
127,0.16619395805265988
128,0.16616394604267312
129,0.16613445475260274
130,0.16610551583583508
131,0.166077157417449
132,0.166049404035579
133,0.1660222766330037
134,0.16599579259545771
135,0.16596996583227397
136,0.16594480689429142
137,0.16592032312354027
138,0.16589651882901146
139,0.1658733954828303
140,0.16585095193132765
141,0.16582918461583282
142,0.16580808779844985
143,0.16578765378858606
144,0.16576787316656608
145,0.1657487350012335
146,0.1657302270590182
147,0.16571233600248636
148,0.1656950475769012
149,0.16567834678377905
150,0.16566221804083367
151,0.16564664532804835
152,0.16563161231990833
153,0.16561710250407133
154,0.16560309928693742
155,0.1655895860867287
156,0.16557654641479375
157,0.16556396394591869
158,0.16555182257847306
159,0.16554010648522835
160,0.16552880015569138
161,0.16551788843076784
162,0.16550735653054777
163,0.1654971900759603
164,0.16548737510500558
165,0.16547789808421676
166,0.16546874591595748
167,0.16545990594211277
168,0.16545136594467433
169,0.1654431141436759
170,0.16543513919289377
171,0.16542743017366807
172,0.16541997658718177
173,0.16541276834547536
174,0.16540579576145426
175,0.16539904953810833
176,0.16539252075713773
177,0.16538620086715014
178,0.16538008167157014
179,0.16537415531639021
180,0.16536841427785842
181,0.16536285135019968
182,0.1653574596334369
183,0.16535223252137554
184,0.16534716368980423
185,0.1653422470849461
186,0.16533747691219688
187,0.165332847625174
188,0.16532835391509243
189,0.1653239907004843
190,0.16531975311726804
191,0.16531563650917422
192,0.16531163641852703
193,0.16530774857738278
194,0.16530396889902055
195,0.16530029346978323
196,0.1652967185412549
197,0.16529324052277644
198,0.1652898559742824
199,0.16528656159945676
200,0.16528335423918902
201,0.16528023086533108
202,0.16527718857473397
203,0.16527422458356159
204,0.16527133622186704
205,0.1652685209284207
206,0.1652657762457819
207,0.16526309981560192
208,0.16526048937414886
209,0.16525794274804462
210,0.1652554578502057
211,0.16525303267597513
212,0.16525066529943996
213,0.16524835386992534
214,0.16524609660865433
215,0.16524389180556756
216,0.1652417378162965
217,0.16523963305927844
218,0.16523757601301117
219,0.1652355652134369
220,0.16523359925145148
221,0.16523167677053152
222,0.16522979646447353
223,0.16522795707524054
224,0.1652261573909097
225,0.16522439624371676
226,0.16522267250819192
227,0.16522098509938354
228,0.16521933297116345
229,0.16521771511461208
230,0.1652161305564783
231,0.1652145783577098
232,0.16521305761205127
233,0.16521156744470716
234,0.1652101070110653
235,0.1652086754954782
236,0.1652072721101003
237,0.16520589609377717
238,0.16520454671098464
239,0.16520322325081604
240,0.1652019250260125
241,0.16520065137204112
242,0.16519940164620653
243,0.16519817522680944
244,0.16519697151233556
245,0.16519578992068384
246,0.16519462988842692
247,0.1651934908701042
248,0.1651923723375426
249,0.165191273779211
250,0.165190194699599
251,0.16518913461862192
252,0.16518809307105312
253,0.16518706960597807
254,0.16518606378627215
255,0.16518507518810135
256,0.16518410340044012
257,0.1651831480246138
258,0.16518220867385622
259,0.16518128497288706
260,0.16518037655750575
261,0.16517948307420222
262,0.16517860417978386
263,0.1651777395410148
264,0.16517688883427406
265,0.1651760517452226
266,0.16517522796848708
267,0.16517441720735365
268,0.16517361917347548
269,0.1651728335865903
270,0.16517206017425004
271,0.16517129867156022
272,0.16517054882092874
273,0.1651698103718264
274,0.16516908308055386
275,0.16516836671001967
276,0.16516766102952493
277,0.16516696581455678
278,0.1651662808465903
279,0.16516560591289664
280,0.16516494080635777
281,0.16516428532529084
282,0.16516363927327535
283,0.16516300245898874
284,0.16516237469604791
285,0.16516175580285553
286,0.16516114560245262
287,0.16516054392237647
288,0.16515995059452188
289,0.16515936545501153
290,0.16515878834406447
291,0.1651582191058761
292,0.16515765758849724
293,0.16515710364371952
294,0.16515655712696517
295,0.16515601789717924
296,0.16515548581672612
297,0.1651549607512904
298,0.1651544425697793
299,0.16515393114423046
300,0.1651534263497204
301,0.1651529280642795
302,0.16515243616880562
303,0.16515195054698403
304,0.16515147108520845
305,0.16515099767250427
306,0.16515053020045597
307,0.1651500685631346
308,0.1651496126570307
309,0.16514916238098518
310,0.1651487176361263
311,0.16514827832580734
312,0.165147844355545
313,0.16514741563296162
314,0.1651469920677282
315,0.16514657357150941
316,0.16514616005791016
317,0.1651457514424243
318,0.16514534764238503
319,0.16514494857691464
320,0.1651445541668806
321,0.16514416433484685
322,0.16514377900503194
323,0.16514339810326492
324,0.16514302155694463
325,0.16514264929499908
326,0.1651422812478464
327,0.16514191734735711
328,0.16514155752681722
329,0.16514120172089236
330,0.1651408498655943
331,0.16514050189824517
332,0.1651401577574474
333,0.1651398173830495
334,0.1651394807161179
335,0.16513914769890461
336,0.16513881827482005
337,0.16513849238840367
338,0.16513816998529757
339,0.16513785101221926
340,0.1651375354169354
341,0.16513722314823798
342,0.16513691415591897
343,0.16513660839074581
344,0.1651363058044407
345,0.16513600634965575
346,0.16513570997995217
347,0.1651354166497799
348,0.16513512631445476
349,0.16513483893014072
350,0.1651345544538285
351,0.16513427284331836
352,0.16513399405719972
353,0.16513371805483457
354,0.16513344479633926
355,0.16513317424256788
356,0.16513290635509503
357,0.1651326410962005
358,0.16513237842885267
359,0.16513211831669392
360,0.1651318607240251
361,0.16513160561579152
362,0.16513135295756848
363,0.16513110271554704
364,0.16513085485652212
365,0.16513060934787757
366,0.16513036615757423
367,0.1651301252541374
368,0.16512988660664543
369,0.16512965018471654
370,0.16512941595849817
371,0.1651291838986557
372,0.1651289539763612
373,0.16512872616328336
374,0.16512850043157598
375,0.16512827675386885
376,0.16512805510325754
377,0.16512783545329346
378,0.16512761777797463
379,0.16512740205173665
380,0.16512718824944325
381,0.16512697634637788
382,0.16512676631823542
383,0.16512655814111327
384,0.16512635179150323
385,0.16512614724628366
386,0.1651259444827129
387,0.16512574347841918
388,0.16512554421139583
389,0.16512534665999162
390,0.16512515080290588
391,0.1651249566191806
392,0.16512476408819332
393,0.16512457318965096
394,0.16512438390358422
395,0.16512419621033927
396,0.1651240100905741
397,0.16512382552525
398,0.16512364249562805
399,0.16512346098326164
400,0.16512328096999185
401,0.16512310243794134
402,0.16512292536950982
403,0.16512274974736715
404,0.16512257555445115
405,0.16512240277395973
406,0.16512223138934704
407,0.16512206138431895
408,0.16512189274282846
409,0.1651217254490708
410,0.16512155948747861
411,0.16512139484271787
412,0.16512123149968433
413,0.1651210694434986
414,0.1651209086595011
415,0.16512074913325095
416,0.16512059085051808
417,0.16512043379728336
418,0.16512027795973147
419,0.16512012332424975
420,0.1651199698774234
421,0.16511981760603145
422,0.16511966649704465
423,0.16511951653762147
424,0.1651193677151042
425,0.1651192200170164
426,0.1651190734310603
427,0.16511892794511177
428,0.1651187835472194
429,0.16511864022560013
430,0.16511849796863703
431,0.16511835676487582
432,0.1651182166030235
433,0.1651180774719426
434,0.1651179393606524
435,0.16511780225832318
436,0.16511766615427523
437,0.16511753103797616
438,0.16511739689903696
439,0.1651172637272125
440,0.1651171315123954
441,0.1651170002446175
442,0.16511686991404464
443,0.16511674051097572
444,0.16511661202584083
445,0.16511648444919796
446,0.16511635777173161
447,0.16511623198425102
448,0.16511610707768715
449,0.16511598304309136
450,0.16511585987163382
451,0.16511573755460074
452,0.16511561608339262
453,0.16511549544952311
454,0.16511537564461648
455,0.16511525666040652
456,0.1651151384887332
457,0.16511502112154391
458,0.16511490455088842
459,0.16511478876891955
460,0.16511467376789074
461,0.16511455954015455
462,0.16511444607816095
463,0.16511433337445616
464,0.16511422142168114
465,0.16511411021256897
466,0.16511399973994553
467,0.16511388999672597
468,0.16511378097591486
469,0.1651136726706039
470,0.16511356507397104
471,0.16511345817927864
472,0.16511335197987342
473,0.16511324646918335
474,0.16511314164071741
475,0.16511303748806552
476,0.1651129340048947
477,0.16511283118495024
478,0.16511272902205307
479,0.16511262751009967
480,0.16511252664306014
481,0.16511242641497736
482,0.1651123268199663
483,0.1651122278522126
484,0.16511212950597096
485,0.16511203177556533
486,0.1651119346553871
487,0.16511183813989438
488,0.16511174222361094
489,0.1651116469011249
490,0.16511155216708856
491,0.16511145801621685
492,0.1651113644432864
493,0.16511127144313595
494,0.16511117901066283
495,0.1651110871408249
496,0.16511099582863806
497,0.16511090506917556
498,0.16511081485756787
499,0.1651107251890011
500,0.16511063605871723
501,0.16511054746201187
502,0.16511045939423472
503,0.1651103718507882
504,0.16511028482712706
505,0.1651101983187577
506,0.1651101123212366
507,0.1651100268301706
508,0.16510994184121652
509,0.16510985735007858
510,0.1651097733525099
511,0.16510968984431112
512,0.1651096068213282
513,0.1651095242794543
514,0.16510944221462803
515,0.16510936062283227
516,0.1651092795000943
517,0.16510919884248518
518,0.16510911864611819
519,0.16510903890714979
520,0.16510895962177854
521,0.16510888078624333
522,0.16510880239682446
523,0.1651087244498422
524,0.16510864694165645
525,0.16510856986866665
526,0.1651084932273103
527,0.16510841701406306
528,0.16510834122543866
529,0.16510826585798755
530,0.16510819090829698
531,0.1651081163729898
532,0.1651080422487255
533,0.16510796853219822
534,0.16510789522013666
535,0.16510782230930446
536,0.16510774979649823
537,0.16510767767854914
538,0.1651076059523201
539,0.16510753461470767
540,0.1651074636626401
541,0.16510739309307695
542,0.1651073229030102
543,0.16510725308946164
544,0.16510718364948465
545,0.16510711458016156
546,0.16510704587860559
547,0.16510697754195938
548,0.16510690956739346
549,0.16510684195210795
550,0.1651067746933317
551,0.16510670778832018
552,0.16510664123435753
553,0.16510657502875525
554,0.16510650916885097
555,0.1651064436520092
556,0.16510637847562165
557,0.16510631363710465
558,0.16510624913390096
559,0.1651061849634785
560,0.1651061211233303
561,0.16510605761097386
562,0.16510599442395116
563,0.1651059315598284
564,0.16510586901619576
565,0.16510580679066653
566,0.1651057448808778
567,0.1651056832844889
568,0.1651056219991825
569,0.16510556102266366
570,0.1651055003526594
571,0.1651054399869184
572,0.16510537992321161
573,0.16510532015933077
574,0.16510526069308906
575,0.1651052015223207
576,0.16510514264487985
577,0.1651050840586417
578,0.16510502576150185
579,0.16510496775137481
580,0.1651049100261958
581,0.1651048525839186
582,0.16510479542251724
583,0.16510473853998378
584,0.1651046819343294
585,0.16510462560358447
586,0.16510456954579655
587,0.16510451375903257
588,0.1651044582413764
589,0.1651044029909302
590,0.16510434800581378
591,0.16510429328416348
592,0.1651042388241336
593,0.16510418462389517
594,0.1651041306816357
595,0.16510407699555962
596,0.16510402356388762
597,0.16510397038485652
598,0.16510391745671904
599,0.16510386477774372
600,0.16510381234621518
601,0.16510376016043327
602,0.16510370821871265
603,0.1651036565193839
604,0.16510360506079214
605,0.16510355384129743
606,0.16510350285927433
607,0.1651034521131122
608,0.16510340160121403
609,0.16510335132199774
610,0.16510330127389483
611,0.1651032514553511
612,0.16510320186482538
613,0.1651031525007903
614,0.1651031033617324
615,0.16510305444615064
616,0.1651030057525578
617,0.16510295727947916
618,0.1651029090254533
619,0.1651028609890312
620,0.16510281316877629
621,0.16510276556326486
622,0.16510271817108488
623,0.16510267099083684
624,0.16510262402113357
625,0.16510257726059926
626,0.16510253070787045
627,0.1651024843615946
628,0.16510243822043144
629,0.16510239228305157
630,0.1651023465481368
631,0.16510230101438106
632,0.16510225568048845
633,0.16510221054517413
634,0.16510216560716412
635,0.16510212086519555
636,0.16510207631801552
637,0.16510203196438236
638,0.16510198780306432
639,0.1651019438328396
640,0.1651019000524974
641,0.16510185646083625
642,0.1651018130566651
643,0.16510176983880254
644,0.16510172680607715
645,0.16510168395732697
646,0.1651016412913996
647,0.16510159880715225
648,0.1651015565034512
649,0.1651015143791725
650,0.1651014724332009
651,0.16510143066443062
652,0.16510138907176447
653,0.1651013476541148
654,0.16510130641040185
655,0.16510126533955558
656,0.16510122444051406
657,0.16510118371222374
658,0.16510114315364013
659,0.1651011027637263
660,0.1651010625414548
661,0.16510102248580527
662,0.165100982595766
663,0.16510094287033333
664,0.16510090330851163
665,0.16510086390931317
666,0.16510082467175746
667,0.1651007855948727
668,0.16510074667769453
669,0.1651007079192654
670,0.16510066931863626
671,0.16510063087486512
672,0.16510059258701726
673,0.16510055445416516
674,0.1651005164753891
675,0.1651004786497761
676,0.16510044097642038
677,0.16510040345442334
678,0.16510036608289272
679,0.1651003288609441
680,0.16510029178769928
681,0.16510025486228663
682,0.16510021808384187
683,0.16510018145150707
684,0.16510014496443093
685,0.16510010862176816
686,0.16510007242268074
687,0.16510003636633624
688,0.16510000045190942
689,0.16509996467858035
690,0.1650999290455365
691,0.16509989355197024
692,0.16509985819708076
693,0.165099822980073
694,0.1650997879001583
695,0.16509975295655333
696,0.16509971814848126
697,0.1650996834751705
698,0.16509964893585583
699,0.16509961452977687
700,0.16509958025618
701,0.16509954611431626
702,0.16509951210344256
703,0.16509947822282184
704,0.16509944447172142
705,0.16509941084941526
706,0.16509937735518146
707,0.16509934398830436
708,0.16509931074807313
709,0.16509927763378204
710,0.16509924464473116
711,0.16509921178022505
712,0.16509917903957314
713,0.1650991464220907
714,0.16509911392709725
715,0.16509908155391773
716,0.16509904930188163
717,0.1650990171703237
718,0.16509898515858312
719,0.16509895326600352
720,0.16509892149193411
721,0.1650988898357285
722,0.16509885829674423
723,0.16509882687434424
724,0.16509879556789578
725,0.16509876437677054
726,0.1650987333003446
727,0.16509870233799878
728,0.16509867148911803
729,0.16509864075309158
730,0.1650986101293138
731,0.16509857961718155
732,0.16509854921609818
733,0.1650985189254693
734,0.16509848874470595
735,0.16509845867322276
736,0.16509842871043862
737,0.16509839885577623
738,0.16509836910866277
739,0.1650983394685287
740,0.16509830993480962
741,0.16509828050694386
742,0.16509825118437402
743,0.1650982219665468
744,0.16509819285291258
745,0.16509816384292544
