1,0.18419201107370298
2,0.17388325403286425
3,0.16871840909960625
4,0.1687189867562583
5,0.16871898818603184
6,0.16871898818956638
7,0.16871898818957518
8,0.16871898818957518
9,0.16871898818957518
10,0.16871898818957518
11,0.16871898818957518
12,0.16871898818957518
13,0.1687189881895752
14,0.16871898818957518
15,0.16871898818957518
16,0.16871898818957518
17,0.16871898818957518
18,0.16871898818957518
19,0.16871898818957518
20,0.16871898818957518
21,0.16871898818957518
22,0.1687189881895752
23,0.16871898818957518
24,0.16871898818957518
25,0.16871898818957518
26,0.16871898818957518
27,0.16871898818957518
28,0.16871898818957518
29,0.16871898818957518
30,0.16871898818957518
31,0.1687189881895752
32,0.16871898818957518
33,0.16871898818957518
34,0.16871898818957518
35,0.16871898818957518
36,0.16871898818957518
37,0.16871898818957518
38,0.16871898818957518
39,0.16871898818957518
40,0.1687189881895752
41,0.16871898818957518
42,0.16871898818957518
43,0.16871898818957518
44,0.16871898818957518
45,0.16871898818957518
46,0.16871898818957518
47,0.16871898818957518
48,0.16871898818957518
49,0.1687189881895752
50,0.16871898818957518
51,0.16871898818957518
52,0.16871898818957518
53,0.16871898818957518
54,0.16871898818957518
55,0.16871898818957518
56,0.16871898818957518
57,0.16871898818957518
58,0.1687189881895752
59,0.16871898818957518
60,0.16871898818957518
61,0.16871898818957518
62,0.16871898818957518
63,0.16871898818957518
64,0.16871898818957518
65,0.16871898818957518
66,0.16871898818957518
67,0.1687189881895752
68,0.16871898818957518
69,0.16871898818957518
70,0.16871898818957518
71,0.16871898818957518
72,0.16871898818957518
73,0.16871898818957518
74,0.16871898818957518
75,0.16871898818957518
76,0.1687189881895752
77,0.16871898818957518
78,0.16871898818957518
79,0.16871898818957518
80,0.16871898818957518
81,0.16871898818957518
82,0.16871898818957518
83,0.16871898818957518
84,0.16871898818957518
85,0.1687189881895752
86,0.16871898818957518
87,0.16871898818957518
88,0.16871898818957518
89,0.16871898818957518
90,0.16871898818957518
91,0.16871898818957518
92,0.16871898818957518
93,0.16871898818957518
94,0.1687189881895752
95,0.16871898818957518
96,0.16871898818957518
97,0.16871898818957518
98,0.16871898818957518
99,0.16871898818957518
100,0.16871898818957518
101,0.16871898818957518
102,0.16871898818957518
103,0.1687189881895752
104,0.16871898818957518
105,0.16871898818957518
106,0.16871898818957518
107,0.16871898818957518
108,0.16871898818957518
109,0.16871898818957518
110,0.16871898818957518
111,0.16871898818957518
112,0.1687189881895752
113,0.16871898818957518
114,0.16871898818957518
115,0.16871898818957518
116,0.16871898818957518
117,0.16871898818957518
118,0.16871898818957518
119,0.16871898818957518
120,0.16871898818957518
121,0.1687189881895752
122,0.16871898818957518
123,0.16871898818957518
124,0.16871898818957518
125,0.16871898818957518
126,0.16871898818957518
127,0.16871898818957518
128,0.16871898818957518
129,0.16871898818957518
130,0.1687189881895752
131,0.16871898818957518
132,0.16871898818957518
133,0.16871898818957518
134,0.16871898818957518
135,0.16871898818957518
136,0.16871898818957518
137,0.16871898818957518
138,0.16871898818957518
139,0.1687189881895752
140,0.16871898818957518
141,0.16871898818957518
142,0.16871898818957518
143,0.16871898818957518
144,0.16871898818957518
145,0.16871898818957518
146,0.16871898818957518
147,0.16871898818957518
148,0.1687189881895752
149,0.16871898818957518
150,0.16871898818957518
151,0.16871898818957518
152,0.16871898818957518
153,0.16871898818957518
154,0.16871898818957518
155,0.16871898818957518
156,0.16871898818957518
157,0.1687189881895752
158,0.16871898818957518
159,0.16871898818957518
160,0.16871898818957518
161,0.16871898818957518
162,0.16871898818957518
163,0.16871898818957518
164,0.16871898818957518
165,0.16871898818957518
166,0.1687189881895752
167,0.16871898818957518
168,0.16871898818957518
169,0.16871898818957518
170,0.16871898818957518
171,0.16871898818957518
172,0.16871898818957518
173,0.16871898818957518
174,0.16871898818957518
175,0.1687189881895752
176,0.16871898818957518
177,0.16871898818957518
178,0.16871898818957518
179,0.16871898818957518
180,0.16871898818957518
181,0.16871898818957518
182,0.16871898818957518
183,0.16871898818957518
184,0.1687189881895752
185,0.16871898818957518
186,0.16871898818957518
187,0.16871898818957518
188,0.16871898818957518
189,0.16871898818957518
190,0.16871898818957518
191,0.16871898818957518
192,0.16871898818957518
193,0.1687189881895752
194,0.16871898818957518
195,0.16871898818957518
196,0.16871898818957518
197,0.16871898818957518
198,0.16871898818957518
199,0.16871898818957518
200,0.16871898818957518
201,0.16871898818957518
202,0.1687189881895752
203,0.16871898818957518
204,0.16871898818957518
205,0.16871898818957518
206,0.16871898818957518
207,0.16871898818957518
208,0.16871898818957518
209,0.16871898818957518
210,0.16871898818957518
211,0.1687189881895752
212,0.16871898818957518
213,0.16871898818957518
214,0.16871898818957518
215,0.16871898818957518
216,0.16871898818957518
217,0.16871898818957518
218,0.16871898818957518
219,0.16871898818957518
220,0.1687189881895752
221,0.16871898818957518
222,0.16871898818957518
223,0.16871898818957518
224,0.16871898818957518
225,0.16871898818957518
226,0.16871898818957518
227,0.16871898818957518
228,0.16871898818957518
229,0.1687189881895752
230,0.16871898818957518
231,0.16871898818957518
232,0.16871898818957518
233,0.16871898818957518
234,0.16871898818957518
235,0.16871898818957518
236,0.16871898818957518
237,0.16871898818957518
238,0.1687189881895752
239,0.16871898818957518
240,0.16871898818957518
241,0.16871898818957518
242,0.16871898818957518
243,0.16871898818957518
244,0.16871898818957518
245,0.16871898818957518
246,0.16871898818957518
247,0.1687189881895752
248,0.16871898818957518
249,0.16871898818957518
250,0.16871898818957518
251,0.16871898818957518
252,0.16871898818957518
253,0.16871898818957518
254,0.16871898818957518
255,0.16871898818957518
256,0.1687189881895752
257,0.16871898818957518
258,0.16871898818957518
259,0.16871898818957518
260,0.16871898818957518
261,0.16871898818957518
262,0.16871898818957518
263,0.16871898818957518
264,0.16871898818957518
265,0.1687189881895752
266,0.16871898818957518
267,0.16871898818957518
268,0.16871898818957518
269,0.16871898818957518
270,0.16871898818957518
271,0.16871898818957518
272,0.16871898818957518
273,0.16871898818957518
274,0.1687189881895752
275,0.16871898818957518
276,0.16871898818957518
277,0.16871898818957518
278,0.16871898818957518
279,0.16871898818957518
280,0.16871898818957518
281,0.16871898818957518
282,0.16871898818957518
283,0.1687189881895752
284,0.16871898818957518
285,0.16871898818957518
286,0.16871898818957518
287,0.16871898818957518
288,0.16871898818957518
289,0.16871898818957518
290,0.16871898818957518
291,0.16871898818957518
292,0.1687189881895752
293,0.16871898818957518
294,0.16871898818957518
295,0.16871898818957518
296,0.16871898818957518
297,0.16871898818957518
298,0.16871898818957518
299,0.16871898818957518
300,0.16871898818957518
301,0.1687189881895752
302,0.16871898818957518
303,0.16871898818957518
304,0.16871898818957518
305,0.16871898818957518
306,0.16871898818957518
307,0.16871898818957518
308,0.16871898818957518
309,0.16871898818957518
310,0.1687189881895752
311,0.16871898818957518
312,0.16871898818957518
313,0.16871898818957518
314,0.16871898818957518
315,0.16871898818957518
316,0.16871898818957518
317,0.16871898818957518
318,0.16871898818957518
319,0.1687189881895752
320,0.16871898818957518
321,0.16871898818957518
322,0.16871898818957518
323,0.16871898818957518
324,0.16871898818957518
325,0.16871898818957518
326,0.16871898818957518
327,0.16871898818957518
328,0.1687189881895752
329,0.16871898818957518
330,0.16871898818957518
331,0.16871898818957518
332,0.16871898818957518
333,0.16871898818957518
334,0.16871898818957518
335,0.16871898818957518
336,0.16871898818957518
337,0.1687189881895752
338,0.16871898818957518
339,0.16871898818957518
340,0.16871898818957518
341,0.16871898818957518
342,0.16871898818957518
343,0.16871898818957518
344,0.16871898818957518
345,0.16871898818957518
346,0.1687189881895752
347,0.16871898818957518
348,0.16871898818957518
349,0.16871898818957518
350,0.16871898818957518
351,0.16871898818957518
352,0.16871898818957518
353,0.16871898818957518
354,0.16871898818957518
355,0.1687189881895752
356,0.16871898818957518
357,0.16871898818957518
358,0.16871898818957518
359,0.16871898818957518
360,0.16871898818957518
361,0.16871898818957518
362,0.16871898818957518
363,0.16871898818957518
364,0.1687189881895752
365,0.16871898818957518
366,0.16871898818957518
367,0.16871898818957518
368,0.16871898818957518
369,0.16871898818957518
370,0.16871898818957518
371,0.16871898818957518
372,0.16871898818957518
373,0.1687189881895752
374,0.16871898818957518
375,0.16871898818957518
376,0.16871898818957518
377,0.16871898818957518
378,0.16871898818957518
379,0.16871898818957518
380,0.16871898818957518
381,0.16871898818957518
382,0.1687189881895752
383,0.16871898818957518
384,0.16871898818957518
385,0.16871898818957518
386,0.16871898818957518
387,0.16871898818957518
388,0.16871898818957518
389,0.16871898818957518
390,0.16871898818957518
391,0.1687189881895752
392,0.16871898818957518
393,0.16871898818957518
394,0.16871898818957518
395,0.16871898818957518
396,0.16871898818957518
397,0.16871898818957518
398,0.16871898818957518
399,0.16871898818957518
400,0.1687189881895752
401,0.16871898818957518
402,0.16871898818957518
403,0.16871898818957518
404,0.16871898818957518
405,0.16871898818957518
406,0.16871898818957518
407,0.16871898818957518
408,0.16871898818957518
409,0.1687189881895752
410,0.16871898818957518
411,0.16871898818957518
412,0.16871898818957518
413,0.16871898818957518
414,0.16871898818957518
415,0.16871898818957518
416,0.16871898818957518
417,0.16871898818957518
418,0.1687189881895752
419,0.16871898818957518
420,0.16871898818957518
421,0.16871898818957518
422,0.16871898818957518
423,0.16871898818957518
424,0.16871898818957518
425,0.16871898818957518
426,0.16871898818957518
427,0.1687189881895752
428,0.16871898818957518
429,0.16871898818957518
430,0.16871898818957518
431,0.16871898818957518
432,0.16871898818957518
433,0.16871898818957518
434,0.16871898818957518
435,0.16871898818957518
436,0.1687189881895752
437,0.16871898818957518
438,0.16871898818957518
439,0.16871898818957518
440,0.16871898818957518
441,0.16871898818957518
442,0.16871898818957518
443,0.16871898818957518
444,0.16871898818957518
445,0.1687189881895752
446,0.16871898818957518
447,0.16871898818957518
448,0.16871898818957518
449,0.16871898818957518
450,0.16871898818957518
451,0.16871898818957518
452,0.16871898818957518
453,0.16871898818957518
454,0.1687189881895752
455,0.16871898818957518
456,0.16871898818957518
457,0.16871898818957518
458,0.16871898818957518
459,0.16871898818957518
460,0.16871898818957518
461,0.16871898818957518
462,0.16871898818957518
463,0.1687189881895752
464,0.16871898818957518
465,0.16871898818957518
466,0.16871898818957518
467,0.16871898818957518
468,0.16871898818957518
469,0.16871898818957518
470,0.16871898818957518
471,0.16871898818957518
472,0.1687189881895752
473,0.16871898818957518
474,0.16871898818957518
475,0.16871898818957518
476,0.16871898818957518
477,0.16871898818957518
478,0.16871898818957518
479,0.16871898818957518
480,0.16871898818957518
481,0.1687189881895752
482,0.16871898818957518
483,0.16871898818957518
484,0.16871898818957518
485,0.16871898818957518
486,0.16871898818957518
487,0.16871898818957518
488,0.16871898818957518
489,0.16871898818957518
490,0.1687189881895752
491,0.16871898818957518
492,0.16871898818957518
493,0.16871898818957518
494,0.16871898818957518
495,0.16871898818957518
496,0.16871898818957518
497,0.16871898818957518
498,0.16871898818957518
499,0.1687189881895752
500,0.16871898818957518
501,0.16871898818957518
502,0.16871898818957518
503,0.16871898818957518
504,0.16871898818957518
505,0.16871898818957518
506,0.16871898818957518
507,0.16871898818957518
508,0.1687189881895752
509,0.16871898818957518
510,0.16871898818957518
511,0.16871898818957518
512,0.16871898818957518
513,0.16871898818957518
514,0.16871898818957518
515,0.16871898818957518
516,0.16871898818957518
517,0.1687189881895752
518,0.16871898818957518
519,0.16871898818957518
