1,0.2195348841464777
2,0.21953024929044146
3,0.2195253073296083
4,0.21952002668176354
5,0.2195143712799906
6,0.2195082997473428
7,0.21950176438229418
8,0.21949470990236053
9,0.2194870718758549
10,0.2194787747475848
11,0.21946972933030465
12,0.2194598295853253
13,0.21944894844566062
14,0.21943693233223047
15,0.21942359385984997
16,0.21940870199540266
17,0.21939196856595528
18,0.21937302943379322
19,0.21935141770614383
20,0.2193265247502759
21,0.21929754200827517
22,0.2192633715961209
23,0.21922248423728202
24,0.21917268440780818
25,0.21911070337963068
26,0.21903145261374796
27,0.2189265534638016
28,0.21878116727660565
29,0.21856621629229736
30,0.2189819731263421
31,0.21915537606914637
32,0.2189649267928051
33,0.2187125094498904
34,0.21832248669177629
35,0.21756930532541707
36,0.21524813334173443
37,0.1975830726767623
38,0.1849654648169218
39,0.1831654526971658
40,0.18157453505294135
41,0.1802740569594185
42,0.1792466774690795
43,0.1784348997320251
44,0.1777835431843649
45,0.17725210345467435
46,0.1768132017375203
47,0.17644816282893694
48,0.17614347268741662
49,0.17588864800411338
50,0.17567514065832557
51,0.1754958200085821
52,0.1753447172112662
53,0.17521686468638015
54,0.17510816210699676
55,0.17501524976066932
56,0.17493538900008784
57,0.1748663537041488
58,0.17480633561632744
59,0.1747538643942994
60,0.17470774164634295
61,0.17466698737918473
62,0.17463079697775458
63,0.174598506863736
64,0.174569567170171
65,0.17454352001894013
66,0.17451998223949836
67,0.17449863159398282
68,0.1744791957662457
69,0.1744614435299932
70,0.1744451776374414
71,0.1744302290696386
72,0.17441645236771003
73,0.17440372182514632
74,0.17439192836860398
75,0.17438097699144564
76,0.17437078463286934
77,0.1743612784177428
78,0.17435239418966117
79,0.17434407528337287
80,0.17433627149340808
81,0.17432893820420298
82,0.17432203565366086
83,0.17431552830741998
84,0.17430938432530318
85,0.17430357510482286
86,0.17429807488932003
87,0.17429286043051267
88,0.17428791069700972
89,0.1742832066217692
90,0.17427873088267642
91,0.174274467711363
92,0.17427040272618627
93,0.17426652278593574
94,0.1742628158613717
95,0.17425927092215088
96,0.17425587783705704
97,0.1742526272857761
98,0.17424951068070493
99,0.1742465200975058
100,0.1742436482132999
101,0.17424088825155204
102,0.174238233932824
103,0.1742356794306913
104,0.17423321933220734
105,0.17423084860238747
106,0.1742285625522443
107,0.1742263568099743
108,0.17422422729494397
109,0.17422217019416492
110,0.1742201819409844
111,0.1742182591957617
112,0.17421639882831322
113,0.1742145979019435
114,0.17421285365890207
115,0.17421116350711702
116,0.17420952500808043
117,0.1742079358657716
118,0.17420639391651377
119,0.17420489711968032
120,0.17420344354916095
121,0.17420203138552756
122,0.17420065890882377
123,0.17419932449192868
124,0.1741980265944401
125,0.17419676375702953
126,0.17419553459622983
127,0.17419433779961702
128,0.17419317212134988
129,0.17419203637803962
130,0.17419092944492148
131,0.17418985025230105
132,0.17418879778225435
133,0.17418777106556138
134,0.1741867691788524
135,0.1741857912419506
136,0.17418483641539814
137,0.17418390389814709
138,0.17418299292540482
139,0.17418210276662374
140,0.17418123272361916
141,0.17418038212881165
142,0.17417955034358157
143,0.17417873675672674
144,0.17417794078301732
145,0.17417716186184276
146,0.17417639945593744
147,0.17417565305018923
148,0.17417492215051564
149,0.1741742062828101
150,0.1741735049919486
151,0.17417281784085664
152,0.17417214440962803
153,0.17417148429469684
154,0.17417083710805373
155,0.17417020247651158
156,0.17416958004100502
157,0.17416896945593585
158,0.17416837038855004
159,0.1741677825183514
160,0.17416720553654327
161,0.1741666391455062
162,0.17416608305829692
163,0.17416553699817824
164,0.17416500069817112
165,0.17416447390063086
166,0.17416395635684612
167,0.17416344782665516
168,0.17416294807808616
169,0.17416245688701015
170,0.17416197403681677
171,0.1741614993181013
172,0.17416103252837095
173,0.1741605734717614
174,0.1741601219587712
175,0.17415967780600508
176,0.1741592408359321
177,0.17415881087665527
178,0.1741583877616883
179,0.17415797132974778
180,0.1741575614245514
181,0.17415715789462713
182,0.1741567605931299
183,0.17415636937766704
184,0.17415598411013222
185,0.17415560465654545
186,0.1741552308869015
187,0.17415486267502336
188,0.1741544998984234
189,0.17415414243817084
190,0.1741537901787626
191,0.17415344300800295
192,0.17415310081688493
193,0.17415276349947928
194,0.17415243095282645
195,0.17415210307683485
196,0.17415177977418028
197,0.1741514609502125
198,0.174151146512865
199,0.17415083637256584
200,0.17415053044215623
201,0.174150228636808
202,0.17414993087394876
203,0.1741496370731852
204,0.17414934715623445
205,0.17414906104685415
206,0.17414877867077624
207,0.17414849995564488
208,0.17414822483095518
209,0.17414795322799398
210,0.1741476850797834
211,0.17414742032102826
212,0.1741471588880617
213,0.1741469007187963
214,0.17414664575267447
215,0.17414639393062314
216,0.17414614519500726
217,0.17414589948958784
218,0.17414565675947868
219,0.17414541695110672
220,0.17414518001217372
221,0.17414494589161766
222,0.17414471453957733
223,0.17414448590735657
224,0.1741442599473911
225,0.1741440366132158
226,0.17414381585943375
227,0.17414359764168447
228,0.17414338191661594
229,0.17414316864185522
230,0.17414295777598165
231,0.17414274927849963
232,0.17414254310981453
233,0.17414233923120556
234,0.1741421376048038
235,0.17414193819356755
236,0.17414174096126128
237,0.1741415458724324
238,0.1741413528923907
239,0.17414116198718893
240,0.17414097312360136
241,0.1741407862691058
242,0.17414060139186494
243,0.17414041846070713
244,0.17414023744511076
245,0.17414005831518523
246,0.1741398810416554
247,0.1741397055958456
248,0.17413953194966292
249,0.17413936007558137
250,0.17413918994662678
251,0.17413902153636018
252,0.17413885481886263
253,0.1741386897687148
254,0.17413852636098032
255,0.17413836457117732
256,0.1741382043752464
257,0.1741380457494976
258,0.17413788867051574
259,0.1741377331149686
260,0.17413757905915267
261,0.17413742647769975
262,0.17413727533892656
263,0.17413712558047434
264,0.17413697684181725
265,0.1770386494918531
266,0.1780142792590779
267,0.1740683087596375
268,0.17406267668025507
269,0.174057211327844
270,0.17405192617835807
271,0.17404681303183617
272,0.17404186415146664
273,0.17403707223383796
274,0.17403243038045274
275,0.17402793207134523
276,0.1740235711406448
277,0.1740193417539173
278,0.17401523838715216
279,0.1740112558072581
280,0.17400738905394847
281,0.1740036334229115
282,0.17399998445016007
283,0.17399643789747266
284,0.17399298973883984
285,0.17398963614784033
286,0.17398637348587404
287,0.17398319829119155
288,0.17398010726865362
289,0.17397709728017477
290,0.1739741653357909
291,0.17397130858531404
292,0.17396852431052567
293,0.1739658099178712
294,0.17396316293162034
295,0.17396058098746003
296,0.17395806182648757
297,0.17395560328957851
298,0.17395320331210026
299,0.17395085991895093
300,0.17394857121989818
301,0.17394633540519736
302,0.17394415074147326
303,0.1739420155678449
304,0.17393992829227778
305,0.17393788738814847
306,0.17393589139100962
307,0.17393393889553715
308,0.17393202855265544
309,0.17393015906682052
310,0.1739283291934596
311,0.17392653773654987
312,0.1739247835463328
313,0.1739230655171507
314,0.17392138258540657
315,0.17391973372762687
316,0.1739181179586333
317,0.17391653432980872
318,0.17391498192745586
319,0.17391345987124146
320,0.17391196731272207
321,0.1739105034339432
322,0.17390906744611365
323,0.17390765858834384
324,0.17390627612645107
325,0.17390491935182173
326,0.1739035875803311
327,0.17390228015131787
328,0.17390099642660609
329,0.1738997357895759
330,0.17389849764428097
331,0.17389728141460592
332,0.17389608654346428
333,0.17389491249203448
334,0.17389375873903326
335,0.17389262478002052
336,0.17389151012673731
337,0.1738904143064757
338,0.1738893368614756
339,0.17388827734834825
340,0.17388723533752967
341,0.17388621041275365
342,0.17388520217055195
343,0.17388421021977413
344,0.17388323418112925
345,0.17388227368674955
346,0.17388132837976897
347,0.17388039791392385
348,0.1738794819531673
349,0.17387858017130356
350,0.1738776922516338
351,0.17387681788662052
352,0.1738759567775633
353,0.17387510863428934
354,0.173874273174856
355,0.17387345012526628
356,0.17387263921919532
357,0.17387184019772814
358,0.1738710528091072
359,0.17387027680849237
360,0.17386951195772649
361,0.1738687580251147
362,0.17386801478520908
363,0.17386728201860238
364,0.17386655951173127
365,0.17386584705668554
366,0.17386514445102477
367,0.17386445149760302
368,0.17386376800439907
369,0.17386309378435394
370,0.17386242865521315
371,0.17386177243937675
372,0.17386112496375364
373,0.17386048605962007
374,0.17385985556248734
375,0.17385923331196962
376,0.1738586191516595
377,0.17385801292900682
378,0.17385741449520273
379,0.17385682370506667
380,0.17385624041693873
381,0.17385566449257367
382,0.17385509579704234
383,0.1738545341986321
384,0.17385397956875392
385,0.17385343178185156
386,0.17385289071531376
387,0.1738523562493892
388,0.17385182826710502
389,0.17385130665418896
390,0.17385079129899023
391,0.17385028209240835
392,0.1738497789278203
393,0.17384928170101244
394,0.17384879031011222
395,0.17384830465552564
396,0.17384782463987328
397,0.17384735016793026
398,0.17384688114656832
399,0.1738464174846973
400,0.1738459590932143
401,0.1738455058849452
402,0.17384505777459802
403,0.17384461467871049
404,0.1738441765156024
405,0.17384374320532928
406,0.17384331466963712
407,0.17384289083191723
408,0.17384247161716648
409,0.17384205695194227
410,0.1738416467643254
411,0.17384124098388137
412,0.17384083954162038
413,0.17384044236996316
414,0.17384004940270428
415,0.17383966057497915
416,0.1738392758232286
417,0.17383889508516895
418,0.17383851829975816
419,0.17383814540716783
420,0.1738377763487517
421,0.17383741106701747
422,0.17383704950559936
423,0.17383669160923043
424,0.17383633732371617
425,0.17383598659590996
426,0.17383563937368593
427,0.17383529560591796
428,0.17383495524245318
429,0.17383461823409088
430,0.1738342845325596
431,0.17383395409049582
432,0.17383362686142306
433,0.1738333027997312
434,0.17383298186065627
435,0.1738326640002621
436,0.17383234917542031
437,0.17383203734379318
438,0.17383172846381506
439,0.17383142249467531
440,0.17383111939630125
441,0.17383081912934176
442,0.1738305216551513
443,0.17383022693577535
444,0.17382993493393287
445,0.17382964561300385
446,0.17382935893701343
447,0.17382907487061924
448,0.17382879337909657
449,0.17382851442832523
450,0.17382823798477692
451,0.17382796401550252
452,0.17382769248812005
453,0.17382742337080187
454,0.17382715663226356
455,0.17382689224175207
456,0.17382663016903582
457,0.17382637038439236
458,0.17382611285859817
459,0.17382585756291843
460,0.17382560446909745
461,0.17382535354934833
462,0.17382510477634353
463,0.17382485812320503
464,0.17382461356349588
465,0.17382437107121132
466,0.17382413062076946
467,0.173823892187003
468,0.1738236557451513
469,0.17382342127085224
470,0.1738231887401335
471,0.1738229581294062
472,0.17382272941545626
473,0.17382250257543766
474,0.17382227758686447
475,0.1738220544276055
476,0.17382183307587484
477,0.1738216135102279
478,0.1738213957095534
479,0.17382117965306632
480,0.17382096532030367
481,0.1738207526911163
482,0.17382054174566497
483,0.17382033246441175
484,0.17382012482811757
485,0.17381991881783412
486,0.17381971441489977
487,0.17381951160093304
488,0.17381931035782916
489,0.17381911066775355
490,0.1738189125131368
491,0.17381871587667014
492,0.17381852074130155
493,0.17381832709022985
494,0.1738181349069004
495,0.17381794417500088
496,0.1738177548784565
497,0.17381756700142686
498,0.1738173805283
499,0.17381719544369023
500,0.17381701173243194
501,0.17381682937957785
502,0.17381664837039384
503,0.17381646869035533
504,0.17381629032514434
505,0.17381611326064478
506,0.17381593748293928
507,0.17381576297830698
508,0.17381558973321776
509,0.17381541773433104
510,0.17381524696849196
511,0.1738150774227269
512,0.17381490908424277
