1,0.2085095537487585
2,0.1497971020396507
3,0.1498833924989588
4,0.14988131826327483
5,0.1498777404846646
6,0.14987421322903421
7,0.1498707615918059
8,0.14986738370250668
9,0.14986407730606405
10,0.14986084022859703
11,0.1498576703814139
12,0.1498545657570814
13,0.14985152442558114
14,0.1498485445306725
15,0.14984562428645976
16,0.14984276197414367
17,0.1498399559389513
18,0.14983720458722902
19,0.1498345063836914
20,0.14983185984881514
21,0.14982926355636988
22,0.1498267161310769
23,0.14982421624638875
24,0.14982176262238342
25,0.14981935402376406
26,0.1498169892579603
27,0.14981466717332473
28,0.14981238665741842
29,0.14981014663538073
30,0.14980794606837955
31,0.1498057839521358
32,0.14980365931551984
33,0.1498015712192144
34,0.14979951875444109
35,0.14979750104174713
36,0.1497955172298483
37,0.14979356649452583
38,0.14979164803757494
39,0.14978976108580003
40,0.1497879048900567
41,0.14978607872433636
42,0.14978428188489235
43,0.1497825136894043
44,0.14978077347618035
45,0.14977906060339347
46,0.14977737444835146
47,0.14977571440679854
48,0.14977407989224784
49,0.14977247033534005
50,0.14977088518323214
51,0.14976932389900988
52,0.14976778596112622
53,0.14976627086286134
54,0.1497647781118075
55,0.1497633072293727
56,0.14976185775030626
57,0.14976042922224242
58,0.1497590212052634
59,0.14975763327147923
60,0.14975626500462447
61,0.14975491599967125
62,0.14975358586245693
63,0.14975227420932685
64,0.14975098066679055
65,0.14974970487119166
66,0.14974844646838972
67,0.1497472051134557
68,0.1497459804703764
69,0.1497447722117733
70,0.14974358001862945
71,0.14974240358002683
72,0.14974124259289495
73,0.14974009676176694
74,0.14973896579854587
75,0.1497378494222788
76,0.14973674735893894
77,0.1497356593412164
78,0.14973458510831597
79,0.1497335244057615
80,0.14973247698520897
81,0.14973144260426333
82,0.1497304210263052
83,0.1497294120203203
84,0.14972841536073717
85,0.14972743082726894
86,0.14972645820476252
87,0.14972549728304937
88,0.14972454785680536
89,0.14972360972541254
90,0.1497226826928274
91,0.14972176656745173
92,0.14972086116200917
93,0.14971996629342474
94,0.14971908178271012
95,0.14971820745485062
96,0.14971734313869595
97,0.14971648866685733
98,0.14971564387560365
99,0.1497148086047644
100,0.1497139826976346
101,0.14971316600088067
102,0.149712358364454
103,0.14971155964150235
104,0.1497107696882857
105,0.14970998836409766
106,0.14970921553118333
107,0.14970845105466604
108,0.14970769480247148
109,0.1497069466452563
110,0.14970620645633925
111,0.1497054741116333
112,0.14970474948958035
113,0.14970403247108727
114,0.14970332293946503
115,0.149702620780369
116,0.14970192588174006
117,0.14970123813374916
118,0.1497005574287426
119,0.14969988366118822
120,0.14969921672762485
121,0.14969855652661188
122,0.14969790295868005
123,0.14969725592628536
124,0.14969661533376244
125,0.14969598108727994
126,0.14969535309479765
127,0.14969473126602378
128,0.1496941155123744
129,0.14969350574693377
130,0.1496929018844158
131,0.14969230384112492
132,0.14969171153492142
133,0.14969112488518496
134,0.14969054381277982
135,0.1496899682400213
136,0.14968939809064266
137,0.1496888332897642
138,0.14968827376386115
139,0.14968771944073325
140,0.14968717024947664
141,0.14968662612045394
142,0.14968608698526648
143,0.14968555277672788
144,0.14968502342883694
145,0.1496844988767517
146,0.1496839790567652
147,0.14968346390627962
148,0.14968295336378368
149,0.1496824473688292
150,0.14968194586200753
151,0.14968144878492842
152,0.14968095608019824
153,0.14968046769139867
154,0.14967998356306692
155,0.1496795036406751
156,0.14967902787061077
157,0.1496785562001589
158,0.14967808857748205
159,0.14967762495160306
160,0.1496771652723877
161,0.1496767094905265
162,0.14967625755751915
163,0.14967580942565717
164,0.14967536504800855
165,0.14967492437840194
166,0.1496744873714111
167,0.14967405398234074
168,0.14967362416721153
169,0.14967319788274608
170,0.14967277508635488
171,0.14967235573612328
172,0.1496719397907978
173,0.14967152720977372
174,0.14967111795308172
175,0.14967071198137658
176,0.1496703092559244
177,0.1496699097385914
178,0.14966951339183174
179,0.14966912017867712
180,0.1496687300627253
181,0.14966834300812967
182,0.14966795897958837
183,0.1496675779423346
184,0.14966719986212623
185,0.14966682470523576
186,0.14966645243844218
187,0.14966608302901946
188,0.14966571644472895
189,0.14966535265380967
190,0.14966499162497032
191,0.14966463332737995
192,0.14966427773066002
193,0.1496639248048757
194,0.1496635745205289
195,0.14966322684854896
196,0.14966288176028633
197,0.14966253922750408
198,0.14966219922237117
199,0.14966186171745466
200,0.14966152668571361
201,0.14966119410049109
202,0.14966086393550765
203,0.14966053616485575
204,0.14966021076299213
205,0.1496598877047313
206,0.14965956696524052
207,0.14965924852003284
208,0.1496589323449615
209,0.14965861841621353
210,0.14965830671030475
211,0.1496579972040739
212,0.1496576898746768
213,0.14965738469958165
214,0.14965708165656336
215,0.14965678072369826
216,0.1496564818793589
217,0.14965618510221013
218,0.14965589037120297
219,0.14965559766557027
220,0.1496553069648229
221,0.14965501824874336
222,0.1496547314973832
223,0.14965444669105757
224,0.14965416381034077
225,0.14965388283606268
226,0.14965360374930417
227,0.14965332653139324
228,0.1496530511639008
229,0.149652777628637
230,0.14965250590764725
231,0.1496522359832085
232,0.1496519678378255
233,0.14965170145422738
234,0.1496514368153637
235,0.14965117390440133
236,0.1496509127047207
237,0.14965065319991303
238,0.14965039537377628
239,0.14965013921031242
240,0.14964988469372403
241,0.1496496318084115
242,0.14964938053896926
243,0.14964913087018367
244,0.1496488827870295
245,0.14964863627466757
246,0.14964839131844063
247,0.1496481479038724
248,0.14964790601666372
249,0.14964766564268947
250,0.14964742676799725
251,0.14964718937880359
252,0.14964695346149237
253,0.14964671900261103
254,0.14964648598886973
255,0.1496462544071374
256,0.14964602424444073
257,0.1496457954879608
258,0.1496455681250311
259,0.14964534214313574
260,0.1496451175299068
261,0.1496448942731218
262,0.14964467236070297
263,0.1496444517807129
264,0.1496442325213549
265,0.14964401457096901
266,0.14964379791803184
267,0.14964358255115273
268,0.14964336845907295
269,0.14964315563066433
270,0.14964294405492554
271,0.14964273372098216
272,0.149642524618084
273,0.14964231673560327
274,0.14964211006303355
275,0.14964190458998694
276,0.1496417003061937
277,0.14964149720149916
278,0.1496412952658638
279,0.14964109448935992
280,0.14964089486217158
281,0.14964069637459176
282,0.14964049901702206
283,0.14964030277997026
284,0.14964010765404911
285,0.14963991362997536
286,0.14963972069856757
287,0.14963952885074575
288,0.14963933807752858
289,0.14963914837003328
290,0.14963895971947397
291,0.14963877211715984
292,0.1496385855544944
293,0.14963840002297432
294,0.14963821551418782
295,0.1496380320198134
296,0.14963784953161888
297,0.14963766804146056
298,0.1496374875412807
299,0.14963730802310843
300,0.1496371294790565
301,0.14963695190132187
302,0.14963677528218353
303,0.149636599614002
304,0.14963642488921772
305,0.14963625110035092
306,0.14963607823999975
307,0.14963590630083917
308,0.14963573527562082
309,0.14963556515717158
310,0.149635395938392
311,0.14963522761225653
312,0.1496350601718117
313,0.14963489361017526
314,0.14963472792053611
315,0.14963456309615183
316,0.1496343991303498
317,0.14963423601652434
318,0.14963407374813747
319,0.14963391231871678
320,0.1496337517218557
321,0.14963359195121195
322,0.14963343300050697
323,0.14963327486352515
324,0.14963311753411318
325,0.14963296100617882
326,0.14963280527369077
327,0.14963265033067735
328,0.14963249617122593
329,0.14963234278948262
330,0.14963219017965115
331,0.14963203833599198
332,0.1496318872528222
333,0.14963173692451387
334,0.14963158734549484
335,0.14963143851024685
336,0.14963129041330486
337,0.1496311430492577
338,0.1496309964127455
339,0.14963085049846103
340,0.14963070530114705
341,0.1496305608155982
342,0.14963041703665772
343,0.14963027395921893
344,0.1496301315782234
345,0.1496299898886611
346,0.14962984888556943
347,0.14962970856403274
348,0.1496295689191821
349,0.149629429946194
350,0.1496292916402908
351,0.1496291539967392
352,0.14962901701085068
353,0.14962888067798033
354,0.14962874499352635
355,0.14962860995292995
356,0.14962847555167458
357,0.14962834178528553
358,0.1496282086493296
359,0.14962807613941373
360,0.1496279442511861
361,0.14962781298033453
362,0.14962768232258614
363,0.14962755227370725
364,0.14962742282950278
365,0.14962729398581567
366,0.14962716573852639
367,0.14962703808355343
368,0.14962691101685144
369,0.14962678453441183
370,0.1496266586322621
371,0.14962653330646516
372,0.14962640855311946
373,0.14962628436835818
374,0.14962616074834886
375,0.14962603768929347
376,0.14962591518742732
377,0.14962579323901945
378,0.14962567184037168
379,0.1496255509878182
380,0.14962543067772593
381,0.14962531090649356
382,0.14962519167055108
383,0.14962507296635993
384,0.14962495479041257
385,0.14962483713923166
386,0.14962472000937035
387,0.14962460339741154
388,0.14962448729996808
389,0.14962437171368137
390,0.14962425663522227
391,0.14962414206129002
392,0.1496240279886124
393,0.1496239144139451
394,0.14962380133407163
395,0.14962368874580276
396,0.14962357664597636
397,0.1496234650314577
398,0.1496233538991379
399,0.14962324324593462
400,0.14962313306879196
401,0.14962302336467898
402,0.14962291413059098
403,0.1496228053635479
404,0.14962269706059517
405,0.14962258921880223
406,0.1496224818352636
407,0.14962237490709757
408,0.1496222684314467
409,0.1496221624054766
410,0.1496220568263774
411,0.14962195169136103
412,0.14962184699766373
413,0.14962174274254356
414,0.14962163892328162
415,0.1496215355371807
416,0.14962143258156643
417,0.14962133005378553
418,0.14962122795120653
419,0.14962112627121937
420,0.14962102501123542
421,0.14962092416868675
422,0.14962082374102584
423,0.14962072372572646
424,0.14962062412028196
425,0.14962052492220632
426,0.14962042612903312
427,0.14962032773831574
428,0.14962022974762754
429,0.14962013215456046
430,0.14962003495672616
431,0.14961993815175495
432,0.14961984173729598
433,0.14961974571101702
434,0.14961965007060438
435,0.14961955481376224
436,0.149619459938213
437,0.14961936544169724
438,0.14961927132197284
439,0.14961917757681492
440,0.14961908420401698
441,0.14961899120138852
442,0.14961889856675706
443,0.14961880629796606
444,0.14961871439287658
445,0.1496186228493654
446,0.14961853166532613
447,0.14961844083866863
448,0.14961835036731846
449,0.1496182602492176
450,0.1496181704823232
451,0.14961808106460847
452,0.14961799199406195
453,0.14961790326868735
454,0.14961781488650389
455,0.14961772684554514
456,0.14961763914386056
457,0.14961755177951347
458,0.14961746475058216
459,0.14961737805515948
460,0.149617291691352
461,0.1496172056572816
462,0.14961711995108332
463,0.14961703457090633
464,0.149616949514914
465,0.1496168647812825
466,0.14961678036820264
467,0.14961669627387794
468,0.14961661249652536
469,0.1496165290343752
470,0.14961644588567063
471,0.14961636304866796
472,0.14961628052163622
473,0.14961619830285708
474,0.1496161163906247
475,0.1496160347832464
476,0.14961595347904055
477,0.14961587247633937
478,0.14961579177348563
479,0.14961571136883547
480,0.1496156312607565
481,0.14961555144762742
482,0.1496154719278396
483,0.14961539269979562
484,0.14961531376190954
485,0.1496152351126069
486,0.14961515675032483
487,0.14961507867351087
488,0.1496150008806242
489,0.1496149233701351
490,0.1496148461405243
491,0.14961476919028383
492,0.14961469251791606
493,0.14961461612193416
494,0.14961454000086177
495,0.1496144641532327
496,0.14961438857759174
497,0.14961431327249314
498,0.14961423823650186
499,0.14961416346819287
500,0.14961408896615078
501,0.14961401472897048
502,0.14961394075525633
503,0.1496138670436228
504,0.14961379359269342
505,0.14961372040110205
506,0.14961364746749128
507,0.14961357479051354
508,0.1496135023688306
509,0.14961343020111295
510,0.14961335828604075
511,0.14961328662230314
512,0.149613215208598
513,0.1496131440436324
514,0.14961307312612226
515,0.14961300245479198
516,0.14961293202837497
517,0.14961286184561293
518,0.1496127919052564
519,0.14961272220606436
520,0.14961265274680413
521,0.14961258352625126
522,0.14961251454318963
523,0.14961244579641145
524,0.14961237728471688
525,0.1496123090069144
526,0.14961224096181985
527,0.14961217314825792
528,0.1496121055650602
529,0.14961203821106686
530,0.1496119710851254
531,0.14961190418609094
532,0.1496118375128262
533,0.14961177106420206
534,0.1496117048390957
535,0.14961163883639303
536,0.14961157305498618
537,0.14961150749377516
538,0.14961144215166722
539,0.14961137702757657
540,0.1496113121204247
541,0.14961124742914
542,0.1496111829526581
543,0.1496111186899213
544,0.14961105463987892
545,0.1496109908014872
546,0.14961092717370897
547,0.14961086375551377
548,0.14961080054587814
549,0.14961073754378482
550,0.14961067474822345
551,0.14961061215818997
552,0.14961054977268667
553,0.1496104875907227
554,0.14961042561131302
555,0.14961036383347906
556,0.14961030225624883
557,0.1496102408786563
558,0.14961017969974136
559,0.14961011871855046
560,0.14961005793413543
561,0.14960999734555527
562,0.1496099369518736
563,0.149609876752161
564,0.14960981674549337
565,0.14960975693095252
566,0.14960969730762605
567,0.14960963787460735
568,0.14960957863099558
569,0.1496095195758952
570,0.1496094607084168
571,0.14960940202767603
572,0.1496093435327944
573,0.14960928522289854
574,0.14960922709712077
575,0.14960916915459896
576,0.14960911139447575
577,0.14960905381589967
578,0.14960899641802408
579,0.14960893920000787
580,0.14960888216101506
581,0.14960882530021463
582,0.1496087686167809
583,0.14960871210989285
584,0.14960865577873525
585,0.1496085996224967
586,0.14960854364037202
587,0.14960848783155997
588,0.14960843219526507
589,0.1496083767306954
590,0.14960832143706523
591,0.14960826631359272
592,0.14960821135950084
593,0.14960815657401794
594,0.14960810195637597
595,0.14960804750581233
596,0.14960799322156848
597,0.14960793910289108
598,0.14960788514903056
599,0.1496078313592424
600,0.14960777773278594
601,0.14960772426892563
602,0.14960767096692998
603,0.14960761782607185
604,0.14960756484562834
605,0.14960751202488112
606,0.14960745936311567
607,0.14960740685962215
608,0.14960735451369467
609,0.14960730232463162
610,0.14960725029173552
611,0.14960719841431264
612,0.14960714669167396
613,0.14960709512313403
614,0.14960704370801173
615,0.14960699244562956
616,0.14960694133531424
617,0.14960689037639635
618,0.14960683956821033
619,0.14960678891009452
620,0.1496067384013912
621,0.1496066880414465
622,0.1496066378296101
623,0.14960658776523536
624,0.14960653784767974
625,0.14960648807630428
626,0.14960643845047386
627,0.14960638896955641
628,0.14960633963292427
629,0.1496062904399528
630,0.14960624139002104
631,0.1496061924825119
632,0.14960614371681163
633,0.14960609509230988
634,0.1496060466083997
635,0.14960599826447793
636,0.14960595005994481
637,0.14960590199420343
638,0.14960585406666085
639,0.1496058062767273
640,0.1496057586238163
641,0.14960571110734475
642,0.14960566372673284
643,0.14960561648140383
644,0.1496055693707845
645,0.1496055223943045
646,0.14960547555139703
647,0.14960542884149844
648,0.14960538226404782
649,0.14960533581848792
650,0.14960528950426433
651,0.14960524332082564
652,0.14960519726762345
653,0.1496051513441132
654,0.1496051055497518
655,0.14960505988400083
656,0.14960501434632373
657,0.1496049689361873
658,0.14960492365306138
659,0.14960487849641838
660,0.1496048334657339
661,0.14960478856048645
662,0.1496047437801574
663,0.14960469912423027
664,0.1496046545921925
665,0.14960461018353374
666,0.14960456589774632
667,0.14960452173432573
668,0.14960447769276963
669,0.14960443377257918
670,0.14960438997325765
671,0.14960434629431088
672,0.1496043027352482
673,0.1496042592955808
674,0.14960421597482265
675,0.1496041727724907
676,0.14960412968810413
677,0.14960408672118491
678,0.1496040438712575
679,0.14960400113784883
680,0.14960395852048844
681,0.14960391601870854
682,0.14960387363204342
683,0.14960383136003053
684,0.14960378920220904
685,0.1496037471581209
686,0.14960370522731065
687,0.14960366340932502
688,0.14960362170371316
689,0.1496035801100267
690,0.14960353862781986
691,0.14960349725664848
692,0.14960345599607155
693,0.14960341484564982
694,0.1496033738049466
695,0.14960333287352767
696,0.1496032920509609
697,0.14960325133681598
698,0.14960321073066565
699,0.1496031702320844
700,0.1496031298406488
701,0.14960308955593846
702,0.14960304937753405
703,0.14960300930501905
704,0.14960296933797926
705,0.14960292947600212
706,0.14960288971867758
707,0.1496028500655974
708,0.1496028105163558
709,0.14960277107054895
710,0.14960273172777516
711,0.14960269248763444
712,0.14960265334972947
713,0.14960261431366423
714,0.14960257537904562
715,0.14960253654548167
716,0.1496024978125831
717,0.14960245917996204
718,0.14960242064723314
719,0.1496023822140125
720,0.14960234387991872
721,0.14960230564457197
722,0.1496022675075943
723,0.14960222946860996
724,0.14960219152724483
725,0.14960215368312674
726,0.14960211593588568
727,0.14960207828515307
728,0.14960204073056246
729,0.14960200327174933
730,0.14960196590835048
731,0.14960192864000516
732,0.14960189146635425
733,0.14960185438703996
734,0.14960181740170692
735,0.14960178051000148
736,0.1496017437115712
737,0.14960170700606598
738,0.14960167039313685
739,0.14960163387243736
740,0.1496015974436225
741,0.14960156110634829
742,0.14960152486027342
743,0.14960148870505782
744,0.14960145264036304
745,0.1496014166658521
746,0.14960138078119062
747,0.14960134498604466
748,0.1496013092800827
749,0.1496012736629747
750,0.1496012381343921
751,0.14960120269400803
752,0.14960116734149692
753,0.14960113207653555
754,0.14960109689880155
755,0.14960106180797422
756,0.14960102680373488
757,0.14960099188576584
758,0.14960095705375143
759,0.14960092230737707
760,0.14960088764633003
761,0.149600853070299
762,0.1496008185789742
763,0.14960078417204709
764,0.14960074984921098
765,0.14960071561016047
766,0.14960068145459168
767,0.14960064738220233
768,0.14960061339269104
769,0.14960057948575858
770,0.14960054566110678
771,0.1496005119184391
772,0.14960047825746003
773,0.14960044467787584
774,0.14960041117939393
775,0.14960037776172336
776,0.14960034442457462
777,0.1496003111676591
778,0.1496002779906901
779,0.1496002448933819
780,0.14960021187545017
781,0.1496001789366123
782,0.14960014607658675
783,0.14960011329509287
784,0.14960008059185226
785,0.1496000479665872
786,0.1496000154190211
787,0.1495999829488793
788,0.1495999505558881
789,0.1495999182397748
790,0.1495998860002686
791,0.1495998538370995
792,0.14959982174999886
793,0.14959978973869947
794,0.14959975780293477
795,0.14959972594244045
796,0.14959969415695246
797,0.1495996624462086
798,0.14959963080994737
799,0.14959959924790914
800,0.14959956775983485
801,0.14959953634546716
802,0.14959950500454938
803,0.14959947373682642
804,0.14959944254204427
805,0.14959941141994987
806,0.14959938037029147
807,0.1495993493928188
808,0.1495993184872822
809,0.14959928765343372
810,0.14959925689102554
811,0.14959922619981214
812,0.14959919557954876
813,0.14959916502999104
814,0.14959913455089693
815,0.14959910414202462
816,0.14959907380313356
817,0.1495990435339845
818,0.14959901333433892
819,0.14959898320395992
820,0.14959895314261115
821,0.14959892315005754
822,0.14959889322606523
823,0.14959886337040113
824,0.14959883358283343
825,0.14959880386313126
826,0.14959877421106468
827,0.14959874462640485
828,0.14959871510892425
829,0.14959868565839593
830,0.14959865627459412
831,0.14959862695729417
832,0.1495985977062724
833,0.1495985685213061
834,0.1495985394021735
835,0.1495985103486537
836,0.1495984813605271
837,0.14959845243757477
838,0.14959842357957898
839,0.14959839478632286
840,0.14959836605759066
841,0.14959833739316714
842,0.14959830879283836
843,0.1495982802563914
844,0.14959825178361408
845,0.14959822337429518
846,0.1495981950282247
847,0.14959816674519294
848,0.14959813852499176
849,0.14959811036741333
850,0.14959808227225152
851,0.1495980542393003
852,0.149598026268355
853,0.14959799835921156
854,0.1495979705116672
855,0.1495979427255198
856,0.14959791500056796
857,0.14959788733661125
858,0.14959785973345033
859,0.14959783219088651
860,0.14959780470872214
861,0.14959777728676002
862,0.1495977499248044
863,0.14959772262265983
864,0.14959769538013185
865,0.14959766819702722
866,0.14959764107315301
867,0.14959761400831745
868,0.1495975870023293
869,0.1495975600549984
870,0.14959753316613547
871,0.14959750633555152
872,0.14959747956305938
873,0.14959745284847126
874,0.14959742619160168
875,0.14959739959226476
876,0.14959737305027612
877,0.14959734656545157
878,0.14959732013760865
879,0.14959729376656436
880,0.14959726745213764
881,0.14959724119414755
882,0.1495972149924144
883,0.14959718884675868
884,0.1495971627570021
885,0.1495971367229669
886,0.14959711074447601
887,0.14959708482135337
888,0.14959705895342343
889,0.1495970331405115
890,0.14959700738244364
891,0.14959698167904648
892,0.14959695603014733
893,0.14959693043557457
894,0.14959690489515698
895,0.14959687940872438
896,0.14959685397610703
897,0.14959682859713563
898,0.14959680327164215
899,0.1495967779994591
900,0.14959675278041948
901,0.14959672761435724
902,0.14959670250110668
903,0.14959667744050298
904,0.14959665243238218
905,0.14959662747658078
906,0.14959660257293603
907,0.14959657772128582
908,0.1495965529214685
909,0.14959652817332378
910,0.14959650347669107
911,0.14959647883141106
912,0.14959645423732507
913,0.14959642969427472
914,0.1495964052021028
915,0.14959638076065215
916,0.1495963563697668
917,0.1495963320292912
918,0.14959630773907015
919,0.1495962834989496
920,0.1495962593087756
921,0.14959623516839535
922,0.14959621107765622
923,0.14959618703640643
924,0.14959616304449486
925,0.14959613910177078
926,0.14959611520808447
927,0.14959609136328636
928,0.1495960675672276
929,0.14959604381976022
930,0.14959602012073644
931,0.1495959964700094
932,0.1495959728674327
933,0.1495959493128607
934,0.14959592580614786
935,0.14959590234714965
936,0.14959587893572213
937,0.14959585557172178
938,0.14959583225500572
939,0.14959580898543154
940,0.14959578576285731
941,0.1495957625871421
942,0.1495957394581455
943,0.149595716375727
944,0.14959569333974704
945,0.1495956703500669
946,0.14959564740654802
947,0.1495956245090529
948,0.14959560165744357
949,0.1495955788515836
950,0.14959555609133682
951,0.1495955333765675
952,0.14959551070714044
953,0.1495954880829209
954,0.1495954655037749
955,0.14959544296956895
956,0.14959542048016972
957,0.1495953980354449
958,0.14959537563526254
959,0.14959535327949094
960,0.1495953309679992
961,0.14959530870065693
962,0.1495952864773341
963,0.14959526429790124
964,0.14959524216222958
965,0.14959522007019035
966,0.14959519802165597
967,0.1495951760164989
968,0.1495951540545918
969,0.14959513213580883
970,0.14959511026002362
971,0.14959508842711083
972,0.14959506663694552
973,0.14959504488940292
974,0.1495950231843593
975,0.149595001521691
976,0.14959497990127485
977,0.1495949583229884
978,0.14959493678670943
979,0.1495949152923164
980,0.14959489383968785
981,0.14959487242870337
982,0.1495948510592425
983,0.14959482973118554
984,0.14959480844441295
985,0.14959478719880603
986,0.1495947659942465
987,0.149594744830616
988,0.14959472370779717
989,0.14959470262567298
990,0.1495946815841266
991,0.14959466058304205
992,0.1495946396223036
993,0.14959461870179555
994,0.14959459782140352
995,0.1495945769810128
996,0.14959455618050924
997,0.14959453541977955
998,0.14959451469871046
999,0.14959449401718916
1000,0.14959447337510348
1001,0.14959445277234162
1002,0.14959443220879176
1003,0.1495944116843432
1004,0.14959439119888512
1005,0.14959437075230755
1006,0.1495943503445004
1007,0.14959432997535463
1008,0.14959430964476078
1009,0.14959428935261082
1010,0.14959426909879617
1011,0.14959424888320932
1012,0.14959422870574285
1013,0.14959420856628977
1014,0.14959418846474354
1015,0.14959416840099798
1016,0.14959414837494733
1017,0.1495941283864863
1018,0.14959410843550985
1019,0.1495940885219132
1020,0.14959406864559244
1021,0.1495940488064435
1022,0.1495940290043632
1023,0.1495940092392484
1024,0.14959398951099614
1025,0.14959396981950443
1026,0.1495939501646712
1027,0.14959393054639492
1028,0.1495939109645745
1029,0.14959389141910914
1030,0.1495938719098983
1031,0.1495938524368419
1032,0.14959383299984028
1033,0.1495938135987942
1034,0.14959379423360455
1035,0.14959377490417286
1036,0.14959375561040078
1037,0.14959373635219042
1038,0.14959371712944416
1039,0.14959369794206492
1040,0.14959367878995591
1041,0.14959365967302043
1042,0.1495936405911626
1043,0.14959362154428657
1044,0.14959360253229695
1045,0.1495935835550985
1046,0.14959356461259665
1047,0.14959354570469688
1048,0.14959352683130506
1049,0.14959350799232782
1050,0.14959348918767137
1051,0.14959347041724277
1052,0.1495934516809494
1053,0.14959343297869873
1054,0.14959341431039905
1055,0.14959339567595825
1056,0.14959337707528506
1057,0.1495933585082884
1058,0.14959333997487756
1059,0.14959332147496243
1060,0.14959330300845222
1061,0.14959328457525783
1062,0.1495932661752894
1063,0.14959324780845804
1064,0.14959322947467485
1065,0.1495932111738513
1066,0.1495931929058992
1067,0.14959317467073066
1068,0.14959315646825824
1069,0.14959313829839463
1070,0.14959312016105283
1071,0.14959310205614626
1072,0.14959308398358867
1073,0.1495930659432938
1074,0.1495930479351761
1075,0.14959302995915025
1076,0.14959301201513084
1077,0.14959299410303337
1078,0.1495929762227732
1079,0.14959295837426592
1080,0.14959294055742792
1081,0.14959292277217517
1082,0.14959290501842482
1083,0.14959288729609366
1084,0.1495928696050986
1085,0.14959285194535749
1086,0.1495928343167882
1087,0.14959281671930877
1088,0.14959279915283719
1089,0.14959278161729278
1090,0.14959276411259395
1091,0.14959274663866043
1092,0.1495927291954113
1093,0.14959271178276679
1094,0.14959269440064651
1095,0.1495926770489712
1096,0.1495926597276613
1097,0.1495926424366377
1098,0.1495926251758216
1099,0.14959260794513465
1100,0.14959259074449816
1101,0.14959257357383463
1102,0.149592556433066
1103,0.1495925393221147
1104,0.1495925222409037
1105,0.14959250518935588
1106,0.14959248816739504
1107,0.14959247117494426
1108,0.14959245421192757
1109,0.14959243727826915
1110,0.14959242037389317
1111,0.14959240349872438
1112,0.14959238665268748
1113,0.1495923698357081
1114,0.1495923530477112
1115,0.14959233628862253
1116,0.1495923195583678
1117,0.14959230285687375
1118,0.14959228618406603
1119,0.14959226953987195
1120,0.1495922529242178
1121,0.14959223633703142
1122,0.14959221977823958
1123,0.1495922032477703
1124,0.14959218674555125
1125,0.1495921702715108
1126,0.14959215382557706
1127,0.14959213740767885
1128,0.1495921210177449
1129,0.14959210465570438
1130,0.1495920883214865
1131,0.14959207201502106
1132,0.14959205573623754
1133,0.14959203948506627
1134,0.14959202326143736
1135,0.14959200706528153
1136,0.1495919908965293
1137,0.1495919747551117
1138,0.14959195864096
1139,0.14959194255400549
1140,0.14959192649417996
1141,0.14959191046141546
1142,0.14959189445564378
1143,0.14959187847679742
1144,0.14959186252480888
1145,0.1495918465996111
1146,0.149591830701137
1147,0.14959181482931982
1148,0.1495917989840931
1149,0.14959178316539032
1150,0.1495917673731454
1151,0.1495917516072928
1152,0.14959173586776656
1153,0.14959172015450106
1154,0.14959170446743159
1155,0.14959168880649276
1156,0.1495916731716197
1157,0.14959165756274825
1158,0.14959164197981353
1159,0.14959162642275167
1160,0.1495916108914985
1161,0.14959159538599048
1162,0.14959157990616406
1163,0.14959156445195584
1164,0.14959154902330263
1165,0.14959153362014177
1166,0.14959151824241035
1167,0.1495915028900458
1168,0.14959148756298588
1169,0.14959147226116856
1170,0.149591456984532
1171,0.1495914417330141
1172,0.149591426506554
1173,0.1495914113050901
1174,0.14959139612856107
1175,0.1495913809769064
1176,0.1495913658500652
1177,0.149591350747977
1178,0.14959133567058122
1179,0.14959132061781832
1180,0.14959130558962783
1181,0.14959129058595044
1182,0.14959127560672633
1183,0.14959126065189637
1184,0.1495912457214012
1185,0.14959123081518197
1186,0.14959121593317984
1187,0.14959120107533636
1188,0.14959118624159318
1189,0.1495911714318917
1190,0.14959115664617442
1191,0.1495911418843831
1192,0.14959112714646036
1193,0.14959111243234868
1194,0.14959109774199073
1195,0.14959108307532926
1196,0.14959106843230757
1197,0.1495910538128689
1198,0.1495910392169565
1199,0.14959102464451435
1200,0.14959101009548592
1201,0.1495909955698153
1202,0.14959098106744684
1203,0.14959096658832452
1204,0.14959095213239337
1205,0.14959093769959753
1206,0.14959092328988222
1207,0.1495909089031921
1208,0.14959089453947275
1209,0.14959088019866948
1210,0.1495908658807279
1211,0.14959085158559357
1212,0.1495908373132124
1213,0.14959082306353064
1214,0.14959080883649442
1215,0.14959079463205002
1216,0.14959078045014434
1217,0.14959076629072382
1218,0.1495907521537355
1219,0.14959073803912654
1220,0.14959072394684392
1221,0.14959070987683534
1222,0.1495906958290482
1223,0.14959068180343027
1224,0.1495906677999297
1225,0.14959065381849398
1226,0.14959063985907198
1227,0.14959062592161168
1228,0.1495906120060617
1229,0.14959059811237072
