1,0.7935929665546523
2,0.6489151501624103
3,0.1657451680968621
4,0.1657128572957687
5,0.16571234424536893
6,0.1657118377753305
7,0.16571133776121955
8,0.16571084408707712
9,0.16571035663959158
10,0.16570987530802517
11,0.165709399984144
12,0.16570893056215028
13,0.16570846693861643
14,0.1657080090124216
15,0.16570755668468867
16,0.1657071098587267
17,0.16570666843997045
18,0.16570623233592618
19,0.1657058014561145
20,0.16570537571202168
21,0.16570495501704383
22,0.1657045392864407
23,0.16570412843728505
24,0.165703722388418
25,0.16570332106040142
26,0.1657029243754768
27,0.16570253225751938
28,0.16570214463199892
29,0.16570176142593832
30,0.16570138256787598
31,0.16570100798782614
32,0.16570063761724338
33,0.16570027138898566
34,0.1656999092372811
35,0.16569955109769363
36,0.16569919690708998
37,0.16569884660360715
38,0.16569850012662413
39,0.16569815741672902
40,0.16569781841569087
41,0.16569748306643176
42,0.16569715131299914
43,0.1656968231005385
44,0.16569649837526693
45,0.16569617708444953
46,0.16569585917637333
47,0.16569554460032296
48,0.1656952333065592
49,0.16569492524629417
50,0.16569462037166996
51,0.1656943186357392
52,0.16569401999244016
53,0.16569372439657984
54,0.16569343180381338
55,0.1656931421706234
56,0.16569285545430298
57,0.16569257161293638
58,0.16569229060538126
59,0.16569201239125286
60,0.16569173693090475
61,0.16569146418541403
62,0.16569119411656505
63,0.1656909266868337
64,0.16569066185937242
65,0.16569039959799503
66,0.16569013986716186
67,0.16568988263196796
68,0.1656896278581268
69,0.1656893755119576
70,0.16568912556037366
71,0.16568887797086812
72,0.16568863271150208
73,0.16568838975089317
74,0.1656881490582032
75,0.16568791060312582
76,0.1656876743558776
77,0.16568744028718516
78,0.1656872083682751
79,0.16568697857086392
80,0.16568675086714746
81,0.1656865252297915
82,0.1656863016319216
83,0.16568608004711438
84,0.16568586044938705
85,0.16568564281319012
86,0.16568542711339682
87,0.16568521332529693
88,0.16568500142458578
89,0.16568479138735817
90,0.16568458319009885
91,0.16568437680967613
92,0.16568417222333376
93,0.16568396940868216
94,0.16568376834369458
95,0.1656835690066958
96,0.16568337137635894
97,0.16568317543169578
98,0.16568298115205166
99,0.1656827885171
100,0.16568259750683337
101,0.16568240810155963
102,0.1656822202818949
103,0.16568203402875717
104,0.16568184932336255
105,0.16568166614721683
106,0.1656814844821125
107,0.16568130431012243
108,0.16568112561359286
109,0.16568094837514222
110,0.16568077257765204
111,0.16568059820426434
112,0.16568042523837692
113,0.1656802536636367
114,0.1656800834639374
115,0.16567991462341325
116,0.16567974712643627
117,0.16567958095761037
118,0.1656794161017678
119,0.16567925254396554
120,0.16567909026948024
121,0.16567892926380456
122,0.1656787695126442
123,0.16567861100191317
124,0.16567845371772968
125,0.16567829764641426
126,0.16567814277448403
127,0.16567798908865064
128,0.16567783657581617
129,0.16567768522307086
130,0.1656775350176884
131,0.1656773859471237
132,0.16567723799900855
133,0.16567709116115126
134,0.1656769454215301
135,0.16567680076829272
136,0.16567665718975266
137,0.16567651467438596
138,0.1656763732108299
139,0.16567623278787805
140,0.16567609339447933
141,0.16567595501973492
142,0.16567581765289596
143,0.16567568128336005
144,0.16567554590066993
145,0.16567541149450993
146,0.16567527805470528
147,0.16567514557121815
148,0.16567501403414595
149,0.1656748834337199
150,0.16567475376030055
151,0.16567462500437888
152,0.1656744971565716
153,0.16567437020762021
154,0.1656742441483885
155,0.16567411896986134
156,0.1656739946631415
157,0.16567387121944913
158,0.16567374863011905
159,0.1656736268865986
160,0.16567350598044658
161,0.16567338590333178
162,0.16567326664702992
163,0.16567314820342283
164,0.16567303056449698
165,0.1656729137223413
166,0.16567279766914583
167,0.16567268239719957
168,0.16567256789889045
169,0.16567245416670204
170,0.16567234119321309
171,0.1656722289710955
172,0.16567211749311403
173,0.16567200675212249
174,0.16567189674106558
175,0.16567178745297426
176,0.16567167888096762
177,0.16567157101824867
178,0.16567146385810463
179,0.1656713573939054
180,0.1656712516191023
181,0.1656711465272268
182,0.16567104211188932
183,0.165670938366778
184,0.16567083528565713
185,0.16567073286236741
186,0.16567063109082314
187,0.1656705299650123
188,0.16567042947899452
189,0.1656703296269012
190,0.1656702304029335
191,0.1656701318013608
192,0.16567003381652223
193,0.16566993644282246
194,0.16566983967473273
195,0.1656697435067897
196,0.16566964793359362
197,0.1656695529498084
198,0.16566945855016013
199,0.16566936472943633
200,0.1656692714824852
201,0.16566917880421453
202,0.16566908668959066
203,0.16566899513363875
204,0.16566890413144045
205,0.16566881367813396
206,0.1656687237689132
207,0.16566863439902665
208,0.16566854556377728
209,0.16566845725852122
210,0.1656683694786665
211,0.16566828221967406
212,0.16566819547705502
213,0.1656681092463714
214,0.16566802352323481
215,0.16566793830330578
216,0.16566785358229336
217,0.16566776935595406
218,0.16566768562009185
219,0.1656676023705565
220,0.1656675196032437
221,0.16566743731409495
222,0.16566735549909545
223,0.16566727415427487
224,0.1656671932757057
225,0.16566711285950375
226,0.1656670329018268
227,0.16566695339887408
228,0.1656668743468862
229,0.1656667957421442
230,0.16566671758096882
231,0.1656666398597211
232,0.16566656257479975
233,0.16566648572264295
234,0.16566640929972648
235,0.16566633330256372
236,0.16566625772770463
237,0.16566618257173574
238,0.16566610783128005
239,0.16566603350299525
240,0.16566595958357477
241,0.16566588606974647
242,0.16566581295827218
243,0.16566574024594785
244,0.16566566792960238
245,0.16566559600609748
246,0.16566552447232774
247,0.16566545332521967
248,0.16566538256173088
249,0.16566531217885117
250,0.1656652421736002
251,0.1656651725430287
252,0.16566510328421713
253,0.16566503439427602
254,0.16566496587034496
255,0.16566489770959242
256,0.16566482990921563
257,0.16566476246644013
258,0.1656646953785193
259,0.16566462864273399
260,0.165664562256392
261,0.16566449621682858
262,0.1656644305214051
263,0.1656643651675094
264,0.1656643001525547
265,0.16566423547398076
266,0.16566417112925153
267,0.16566410711585675
268,0.1656640434313104
269,0.16566398007315097
270,0.16566391703894076
271,0.1656638543262665
272,0.16566379193273734
273,0.16566372985598676
274,0.16566366809367059
275,0.16566360664346752
276,0.16566354550307827
277,0.16566348467022626
278,0.1656634241426564
279,0.16566336391813488
280,0.16566330399445017
281,0.16566324436941135
282,0.16566318504084784
283,0.1656631260066105
284,0.1656630672645701
285,0.1656630088126175
286,0.1656629506486639
287,0.16566289277063956
288,0.16566283517649477
289,0.16566277786419847
290,0.16566272083173897
291,0.16566266407712338
292,0.16566260759837712
293,0.16566255139354435
294,0.16566249546068626
295,0.16566243979788356
296,0.1656623844032337
297,0.16566232927485197
298,0.16566227441087106
299,0.16566221980943985
300,0.16566216546872575
301,0.1656621113869116
302,0.1656620575621973
303,0.16566200399279957
304,0.16566195067694997
305,0.16566189761289757
306,0.1656618447989065
307,0.16566179223325686
308,0.16566173991424354
309,0.16566168784017757
310,0.16566163600938522
311,0.16566158442020598
312,0.1656615330709968
313,0.1656614819601271
314,0.16566143108598183
315,0.1656613804469605
316,0.1656613300414756
317,0.16566127986795484
318,0.16566122992483887
319,0.16566118021058282
320,0.16566113072365518
321,0.1656610814625374
322,0.16566103242572439
323,0.16566098361172502
324,0.1656609350190595
325,0.16566088664626244
326,0.16566083849188035
327,0.16566079055447266
328,0.16566074283261076
329,0.16566069532487893
330,0.1656606480298732
331,0.1656606009462018
332,0.16566055407248542
333,0.16566050740735538
334,0.1656604609494555
335,0.16566041469744106
336,0.16566036864997832
337,0.1656603228057456
338,0.165660277163432
339,0.16566023172173705
340,0.1656601864793725
341,0.16566014143506008
342,0.1656600965875328
343,0.1656600519355333
344,0.16566000747781628
345,0.16565996321314516
346,0.16565991914029488
347,0.1656598752580499
348,0.16565983156520483
349,0.16565978806056522
350,0.1656597447429452
351,0.1656597016111689
352,0.16565965866407079
353,0.16565961590049458
354,0.16565957331929348
355,0.16565953091932956
356,0.1656594886994753
357,0.16565944665861115
358,0.16565940479562802
359,0.16565936310942428
360,0.1656593215989084
361,0.16565928026299734
362,0.16565923910061664
363,0.16565919811070048
364,0.16565915729219213
365,0.16565911664404268
366,0.1656590761652123
367,0.16565903585466876
368,0.16565899571138828
369,0.16565895573435624
370,0.16565891592256426
371,0.16565887627501338
372,0.1656588367907123
373,0.16565879746867682
374,0.16565875830793161
375,0.1656587193075081
376,0.16565868046644608
377,0.1656586417837924
378,0.16565860325860146
379,0.1656585648899352
380,0.16565852667686254
381,0.16565848861846041
382,0.16565845071381186
383,0.16565841296200812
384,0.16565837536214661
385,0.16565833791333234
386,0.16565830061467643
387,0.16565826346529833
388,0.16565822646432285
389,0.1656581896108822
390,0.1656581529041145
391,0.1656581163431657
392,0.1656580799271875
393,0.16565804365533757
394,0.16565800752678142
395,0.16565797154068945
396,0.16565793569623963
397,0.16565789999261502
398,0.16565786442900515
399,0.16565782900460674
400,0.16565779371862072
401,0.16565775857025544
402,0.16565772355872446
403,0.16565768868324804
404,0.16565765394305124
405,0.16565761933736575
406,0.16565758486542848
407,0.16565755052648204
408,0.16565751631977493
409,0.16565748224456125
410,0.16565744830010012
411,0.1656574144856565
412,0.16565738080050135
413,0.16565734724390963
414,0.16565731381516263
415,0.165657280513547
416,0.16565724733835396
417,0.16565721428888022
418,0.16565718136442803
419,0.16565714856430355
420,0.1656571158878195
421,0.16565708333429244
422,0.16565705090304472
423,0.16565701859340293
424,0.1656569864046983
425,0.1656569543362682
426,0.16565692238745372
427,0.1656568905576002
428,0.16565685884605913
429,0.16565682725218567
430,0.16565679577533948
431,0.16565676441488564
432,0.16565673317019286
433,0.1656567020406346
434,0.16565667102558923
435,0.16565664012443893
436,0.16565660933657028
437,0.1656565786613749
438,0.16565654809824817
439,0.16565651764658945
440,0.16565648730580285
441,0.1656564570752962
442,0.16565642695448177
443,0.16565639694277626
444,0.16565636703959985
445,0.16565633724437676
446,0.16565630755653607
447,0.16565627797550966
448,0.16565624850073393
449,0.16565621913164935
450,0.1656561898677003
451,0.16565616070833417
452,0.16565613165300302
453,0.16565610270116282
454,0.16565607385227227
455,0.16565604510579468
456,0.16565601646119696
457,0.16565598791794867
458,0.1656559594755244
459,0.16565593113340185
460,0.16565590289106155
461,0.16565587474798843
462,0.16565584670367073
463,0.1656558187575996
464,0.16565579090927035
465,0.1656557631581816
466,0.1656557355038347
467,0.16565570794573495
468,0.1656556804833909
469,0.16565565311631475
470,0.16565562584402044
471,0.1656555986660273
472,0.16565557158185626
473,0.16565554459103232
474,0.1656555176930832
475,0.16565549088753972
476,0.1656554641739366
477,0.16565543755181014
478,0.16565541102070108
479,0.16565538458015294
480,0.16565535822971136
481,0.16565533196892612
482,0.16565530579734924
483,0.16565527971453595
484,0.16565525372004442
485,0.1656552278134354
486,0.16565520199427286
487,0.16565517626212364
488,0.16565515061655717
489,0.16565512505714572
490,0.165655099583464
491,0.1656550741950904
492,0.16565504889160534
493,0.16565502367259177
494,0.16565499853763627
495,0.1656549734863269
496,0.16565494851825507
497,0.16565492363301487
498,0.16565489883020257
499,0.1656548741094174
500,0.16565484947026096
501,0.16565482491233713
502,0.16565480043525344
503,0.16565477603861828
504,0.16565475172204375
505,0.16565472748514387
506,0.16565470332753526
507,0.16565467924883684
508,0.16565465524867035
509,0.16565463132665914
510,0.16565460748242988
511,0.16565458371561056
512,0.16565456002583268
513,0.16565453641272915
514,0.1656545128759351
515,0.16565448941508884
516,0.16565446602983003
517,0.16565444271980098
518,0.1656544194846461
519,0.16565439632401213
520,0.16565437323754809
521,0.16565435022490516
522,0.1656543272857358
523,0.16565430441969636
524,0.16565428162644374
525,0.16565425890563748
