1,0.21912646258440938
2,0.1541538937536911
3,0.15432209807010075
4,0.15439610187090558
5,0.154397893758113
6,0.1543979345783474
7,0.15439793548406727
8,0.1543979354812523
9,0.15439793545775976
10,0.1543979354337985
11,0.15439793540982832
12,0.15439793538585986
13,0.15439793536189328
14,0.1543979353379287
15,0.1543979353139659
16,0.1543979352900051
17,0.1543979352660462
18,0.1543979352420892
19,0.15439793521813425
20,0.15439793519418105
21,0.15439793517022973
22,0.15439793514628028
23,0.1543979351223329
24,0.15439793509838737
25,0.1543979350744438
26,0.15439793505050212
27,0.15439793502656243
28,0.1543979350026245
29,0.15439793497868848
30,0.15439793495475435
31,0.15439793493082218
32,0.1543979349068921
33,0.15439793488296363
34,0.15439793485903727
35,0.15439793483511277
36,0.1543979348111901
37,0.15439793478726932
38,0.1543979347633504
39,0.1543979347394336
40,0.15439793471551874
41,0.1543979346916056
42,0.15439793466769447
43,0.15439793464378512
44,0.15439793461987775
45,0.15439793459597234
46,0.15439793457206877
47,0.15439793454816725
48,0.15439793452426737
49,0.1543979345003695
50,0.1543979344764736
51,0.15439793445257957
52,0.15439793442868738
53,0.15439793440479724
54,0.15439793438090887
55,0.15439793435702245
56,0.15439793433313795
57,0.15439793430925539
58,0.1543979342853746
59,0.15439793426149584
60,0.154397934237619
61,0.15439793421374398
62,0.15439793418987086
63,0.15439793416599967
64,0.15439793414213024
65,0.15439793411826294
66,0.1543979340943975
67,0.15439793407053387
68,0.15439793404667224
69,0.1543979340228124
70,0.15439793399895463
71,0.15439793397509843
72,0.15439793395124438
73,0.1543979339273921
74,0.15439793390354184
75,0.15439793387969344
76,0.15439793385584705
77,0.15439793383200245
78,0.15439793380815955
79,0.15439793378431896
80,0.1543979337604799
81,0.15439793373664298
82,0.15439793371280777
83,0.1543979336889747
84,0.15439793366514334
85,0.15439793364131388
86,0.15439793361748638
87,0.15439793359366072
88,0.15439793356983686
89,0.15439793354601516
90,0.1543979335221952
91,0.15439793349837716
92,0.1543979334745611
93,0.15439793345074676
94,0.1543979334269344
95,0.15439793340312385
96,0.15439793337931537
97,0.15439793335550867
98,0.15439793333170393
99,0.15439793330790103
100,0.15439793328410004
101,0.15439793326030093
102,0.15439793323650364
103,0.15439793321270828
104,0.15439793318891493
105,0.15439793316512357
106,0.15439793314133363
107,0.15439793311754596
108,0.1543979330937601
109,0.15439793306997604
110,0.15439793304619406
111,0.1543979330224138
112,0.1543979329986356
113,0.15439793297485915
114,0.15439793295108456
115,0.15439793292731196
116,0.15439793290354123
117,0.1543979328797724
118,0.15439793285600548
119,0.1543979328322403
120,0.15439793280847705
121,0.15439793278471586
122,0.1543979327609564
123,0.15439793273719893
124,0.15439793271344324
125,0.1543979326896896
126,0.15439793266593765
127,0.1543979326421878
128,0.15439793261843965
129,0.15439793259469345
130,0.15439793257094905
131,0.15439793254720666
132,0.15439793252346617
133,0.1543979324997276
134,0.15439793247599073
135,0.1543979324522558
136,0.15439793242852287
137,0.1543979324047916
138,0.15439793238106245
139,0.15439793235733515
140,0.15439793233360977
141,0.1543979323098861
142,0.1543979322861644
143,0.15439793226244458
144,0.1543979322387267
145,0.15439793221501058
146,0.15439793219129647
147,0.1543979321675843
148,0.1543979321438737
149,0.1543979321201652
150,0.15439793209645872
151,0.15439793207275385
152,0.15439793204905108
153,0.15439793202534996
154,0.15439793200165097
155,0.15439793197795373
156,0.15439793195425844
157,0.1543979319305648
158,0.1543979319068733
159,0.15439793188318363
160,0.15439793185949585
161,0.15439793183581
162,0.15439793181212577
163,0.15439793178844358
164,0.15439793176476332
165,0.15439793174108485
166,0.15439793171740832
167,0.1543979316937336
168,0.15439793167006077
169,0.15439793164638996
170,0.15439793162272086
171,0.15439793159905363
172,0.15439793157538848
173,0.15439793155172496
174,0.1543979315280634
175,0.15439793150440378
176,0.15439793148074613
177,0.1543979314570901
178,0.15439793143343614
179,0.15439793140978395
180,0.1543979313861336
181,0.15439793136248534
182,0.15439793133883875
183,0.15439793131519405
184,0.15439793129155127
185,0.15439793126791035
186,0.15439793124427129
187,0.15439793122063425
188,0.15439793119699888
189,0.15439793117336545
190,0.15439793114973396
191,0.15439793112610445
192,0.15439793110247646
193,0.15439793107885058
194,0.15439793105522656
195,0.15439793103160435
196,0.15439793100798407
197,0.1543979309843657
198,0.15439793096074908
199,0.15439793093713436
200,0.15439793091352164
201,0.15439793088991047
202,0.15439793086630152
203,0.15439793084269415
204,0.15439793081908906
205,0.1543979307954855
206,0.15439793077188388
207,0.1543979307482841
208,0.15439793072468638
209,0.1543979307010903
210,0.15439793067749616
211,0.15439793065390384
212,0.1543979306303135
213,0.15439793060672502
214,0.1543979305831383
215,0.15439793055955356
216,0.15439793053597062
217,0.15439793051238973
218,0.1543979304888105
219,0.1543979304652331
220,0.15439793044165775
221,0.15439793041808406
222,0.15439793039451236
223,0.1543979303709425
224,0.15439793034737453
225,0.15439793032380833
226,0.15439793030024412
227,0.15439793027668178
228,0.15439793025312118
229,0.15439793022956247
230,0.15439793020600567
231,0.15439793018245068
232,0.15439793015889774
233,0.15439793013534647
234,0.15439793011179714
235,0.1543979300882496
236,0.15439793006470406
237,0.15439793004116026
238,0.1543979300176184
239,0.15439792999407825
240,0.15439792997054014
241,0.1543979299470039
242,0.15439792992346935
243,0.15439792989993686
244,0.15439792987640608
245,0.15439792985287726
246,0.15439792982935022
247,0.1543979298058252
248,0.15439792978230185
249,0.1543979297587804
250,0.15439792973526087
251,0.15439792971174304
252,0.1543979296882272
253,0.15439792966471316
254,0.15439792964120125
255,0.1543979296176909
256,0.15439792959418247
257,0.15439792957067588
258,0.15439792954717121
259,0.1543979295236684
260,0.15439792950016745
261,0.15439792947666836
262,0.15439792945317107
263,0.1543979294296756
264,0.15439792940618208
265,0.15439792938269045
266,0.1543979293592004
267,0.15439792933571245
268,0.1543979293122264
269,0.15439792928874213
270,0.1543979292652597
271,0.15439792924177917
272,0.1543979292183005
273,0.15439792919482365
274,0.15439792917134854
275,0.15439792914787545
276,0.15439792912440423
277,0.1543979291009349
278,0.15439792907746716
279,0.15439792905400146
280,0.15439792903053756
281,0.15439792900707555
282,0.1543979289836154
283,0.15439792896015714
284,0.15439792893670048
285,0.15439792891324608
286,0.15439792888979317
287,0.15439792886634227
288,0.15439792884289325
289,0.154397928819446
290,0.15439792879600062
291,0.15439792877255729
292,0.1543979287491155
293,0.15439792872567562
294,0.15439792870223762
295,0.15439792867880167
296,0.15439792865536733
297,0.15439792863193497
298,0.1543979286085044
299,0.15439792858507576
300,0.1543979285616489
301,0.15439792853822396
302,0.15439792851480075
303,0.15439792849137932
304,0.1543979284679599
305,0.1543979284445424
306,0.15439792842112657
307,0.15439792839771263
308,0.15439792837430055
309,0.15439792835089036
310,0.15439792832748198
311,0.15439792830407537
312,0.15439792828067073
313,0.1543979282572679
314,0.1543979282338669
315,0.15439792821046774
316,0.15439792818707035
317,0.15439792816367495
318,0.1543979281402813
319,0.15439792811688954
320,0.15439792809349964
321,0.15439792807011152
322,0.15439792804672525
323,0.15439792802334099
324,0.15439792799995833
325,0.15439792797657764
326,0.1543979279531988
327,0.1543979279298218
328,0.15439792790644655
329,0.1543979278830731
330,0.15439792785970177
331,0.1543979278363321
332,0.15439792781296424
333,0.1543979277895983
334,0.15439792776623418
335,0.15439792774287184
336,0.15439792771951133
337,0.15439792769615285
338,0.15439792767279603
339,0.1543979276494411
340,0.154397927626088
341,0.15439792760273674
342,0.1543979275793874
343,0.1543979275560399
344,0.15439792753269407
345,0.1543979275093502
346,0.15439792748600809
347,0.15439792746266795
348,0.1543979274393295
349,0.15439792741599323
350,0.1543979273926584
351,0.15439792736932545
352,0.15439792734599445
353,0.15439792732266527
354,0.15439792729933804
355,0.15439792727601248
356,0.1543979272526887
357,0.15439792722936685
358,0.1543979272060469
359,0.15439792718272868
360,0.1543979271594124
361,0.15439792713609796
362,0.15439792711278527
363,0.15439792708947445
364,0.15439792706616545
365,0.15439792704285832
366,0.15439792701955285
367,0.1543979269962495
368,0.15439792697294785
369,0.1543979269496481
370,0.15439792692635004
371,0.15439792690305384
372,0.15439792687975956
373,0.1543979268564671
374,0.15439792683317652
375,0.1543979268098876
376,0.15439792678660066
377,0.1543979267633154
378,0.15439792674003214
379,0.15439792671675062
380,0.1543979266934709
381,0.15439792667019314
382,0.15439792664691712
383,0.15439792662364307
384,0.15439792660037058
385,0.15439792657710022
386,0.15439792655383144
387,0.15439792653056458
388,0.15439792650729958
389,0.1543979264840364
390,0.15439792646077505
391,0.15439792643751551
392,0.1543979264142579
393,0.15439792639100194
394,0.15439792636774793
395,0.1543979263444957
396,0.1543979263212453
397,0.15439792629799676
398,0.15439792627474996
399,0.15439792625150514
400,0.15439792622826204
401,0.15439792620502077
402,0.15439792618178133
403,0.15439792615854372
404,0.15439792613530803
405,0.15439792611207398
406,0.15439792608884198
407,0.15439792606561156
408,0.1543979260423831
409,0.15439792601915653
410,0.1543979259959317
411,0.1543979259727086
412,0.15439792594948767
413,0.15439792592626825
414,0.15439792590305065
415,0.15439792587983497
416,0.1543979258566211
417,0.15439792583340903
418,0.15439792581019873
419,0.15439792578699046
420,0.15439792576378392
421,0.15439792574057912
422,0.15439792571737615
423,0.154397925694175
424,0.15439792567097574
425,0.15439792564777824
426,0.1543979256245827
427,0.15439792560138899
428,0.1543979255781967
429,0.1543979255550067
430,0.15439792553181828
431,0.15439792550863166
432,0.15439792548544704
433,0.15439792546226397
434,0.154397925439083
435,0.15439792541590383
436,0.15439792539272632
437,0.1543979253695506
438,0.1543979253463769
439,0.1543979253232049
440,0.15439792530003474
441,0.15439792527686644
442,0.1543979252536998
443,0.15439792523053514
444,0.15439792520737214
445,0.15439792518421108
446,0.15439792516105189
447,0.15439792513789433
448,0.15439792511473885
449,0.154397925091585
450,0.15439792506843295
451,0.15439792504528274
452,0.1543979250221345
453,0.15439792499898788
454,0.15439792497584315
455,0.15439792495270022
456,0.15439792492955912
457,0.15439792490641982
458,0.1543979248832825
459,0.15439792486014667
460,0.154397924837013
461,0.1543979248138809
462,0.1543979247907507
463,0.15439792476762226
464,0.1543979247444956
465,0.15439792472137093
466,0.1543979246982479
467,0.15439792467512684
468,0.15439792465200736
469,0.15439792462888982
470,0.1543979246057743
471,0.15439792458266022
472,0.15439792455954812
473,0.15439792453643805
474,0.15439792451332945
475,0.1543979244902229
476,0.15439792446711803
477,0.1543979244440149
478,0.15439792442091368
479,0.15439792439781438
480,0.1543979243747168
481,0.15439792435162086
482,0.15439792432852684
483,0.1543979243054348
484,0.1543979242823443
485,0.15439792425925583
486,0.15439792423616913
487,0.15439792421308415
488,0.15439792419000103
489,0.1543979241669197
490,0.15439792414384015
491,0.15439792412076253
492,0.15439792409768666
493,0.15439792407461247
494,0.1543979240515403
495,0.1543979240284698
496,0.15439792400540103
497,0.15439792398233423
498,0.15439792395926924
499,0.15439792393620586
500,0.15439792391314444
501,0.15439792389008486
502,0.15439792386702705
503,0.15439792384397102
504,0.1543979238209167
505,0.15439792379786418
506,0.1543979237748136
507,0.15439792375176484
508,0.15439792372871783
509,0.15439792370567262
510,0.1543979236826293
511,0.15439792365958765
512,0.15439792363654783
513,0.1543979236135099
514,0.1543979235904737
515,0.15439792356743945
516,0.15439792354440673
517,0.15439792352137593
518,0.15439792349834694
519,0.15439792347531966
520,0.15439792345229442
521,0.15439792342927092
522,0.15439792340624905
523,0.1543979233832291
524,0.154397923360211
525,0.15439792333719443
526,0.15439792331417995
527,0.15439792329116717
528,0.15439792326815624
529,0.15439792324514703
530,0.1543979232221398
531,0.15439792319913412
532,0.15439792317613038
533,0.15439792315312836
534,0.1543979231301283
535,0.15439792310712983
536,0.1543979230841334
537,0.1543979230611385
538,0.15439792303814553
539,0.15439792301515434
540,0.15439792299216493
541,0.15439792296917743
542,0.15439792294619153
543,0.15439792292320748
544,0.15439792290022544
545,0.15439792287724496
546,0.1543979228542664
547,0.15439792283128942
548,0.15439792280831455
549,0.15439792278534137
550,0.15439792276236983
551,0.15439792273940023
552,0.15439792271643246
553,0.15439792269346644
554,0.1543979226705021
555,0.1543979226475397
556,0.15439792262457908
557,0.1543979226016201
558,0.15439792257866317
559,0.1543979225557078
560,0.15439792253275425
561,0.15439792250980267
562,0.1543979224868528
563,0.15439792246390466
564,0.15439792244095824
565,0.1543979224180138
566,0.15439792239507102
567,0.1543979223721301
568,0.15439792234919103
569,0.15439792232625363
570,0.15439792230331809
571,0.15439792228038426
572,0.1543979222574523
573,0.15439792223452206
574,0.1543979222115937
575,0.1543979221886671
576,0.1543979221657423
577,0.15439792214281925
578,0.15439792211989795
579,0.1543979220969784
580,0.15439792207406092
581,0.15439792205114505
582,0.15439792202823088
583,0.15439792200531868
584,0.15439792198240815
585,0.1543979219594995
586,0.1543979219365925
587,0.15439792191368717
588,0.15439792189078394
589,0.1543979218678824
590,0.15439792184498258
591,0.1543979218220845
592,0.15439792179918826
593,0.15439792177629397
594,0.1543979217534012
595,0.1543979217305104
596,0.15439792170762137
597,0.15439792168473412
598,0.15439792166184862
599,0.15439792163896493
600,0.15439792161608284
601,0.1543979215932027
602,0.15439792157032448
603,0.15439792154744789
604,0.15439792152457302
605,0.1543979215017
606,0.15439792147882878
607,0.15439792145595943
608,0.15439792143309178
609,0.15439792141022587
610,0.15439792138736186
611,0.15439792136449942
612,0.15439792134163885
613,0.1543979213187802
614,0.1543979212959232
615,0.15439792127306803
616,0.15439792125021468
617,0.15439792122736312
618,0.1543979212045132
619,0.15439792118166504
620,0.15439792115881892
621,0.15439792113597434
622,0.15439792111313164
623,0.1543979210902906
624,0.15439792106745145
625,0.15439792104461408
626,0.1543979210217786
627,0.15439792099894475
628,0.15439792097611277
629,0.15439792095328236
630,0.15439792093045385
631,0.1543979209076272
632,0.15439792088480228
633,0.15439792086197918
634,0.15439792083915777
635,0.15439792081633802
636,0.15439792079352035
637,0.15439792077070433
638,0.1543979207478901
639,0.15439792072507763
640,0.1543979207022669
641,0.1543979206794579
642,0.15439792065665084
643,0.1543979206338453
644,0.1543979206110417
645,0.15439792058823998
646,0.15439792056543986
647,0.15439792054264162
648,0.1543979205198452
649,0.1543979204970504
650,0.15439792047425743
651,0.15439792045146622
652,0.15439792042867698
653,0.1543979204058893
654,0.15439792038310338
655,0.1543979203603193
656,0.15439792033753696
657,0.15439792031475652
658,0.1543979202919777
659,0.15439792026920068
660,0.15439792024642549
661,0.154397920223652
662,0.15439792020088028
663,0.15439792017811055
664,0.1543979201553422
665,0.15439792013257586
666,0.1543979201098114
667,0.15439792008704847
668,0.15439792006428749
669,0.1543979200415282
670,0.1543979200187707
671,0.154397919996015
672,0.1543979199732609
673,0.15439791995050867
674,0.1543979199277584
675,0.15439791990500973
676,0.15439791988226287
677,0.15439791985951767
678,0.15439791983677434
679,0.1543979198140327
680,0.15439791979129303
681,0.1543979197685549
682,0.1543979197458186
683,0.15439791972308411
684,0.15439791970035133
685,0.1543979196776204
686,0.15439791965489122
687,0.15439791963216376
688,0.15439791960943794
689,0.15439791958671398
690,0.15439791956399196
691,0.15439791954127155
692,0.1543979195185529
693,0.15439791949583603
694,0.154397919473121
695,0.15439791945040782
696,0.1543979194276962
697,0.1543979194049863
698,0.15439791938227834
699,0.15439791935957212
700,0.15439791933686753
701,0.15439791931416488
702,0.15439791929146385
703,0.15439791926876456
704,0.1543979192460672
705,0.1543979192233715
706,0.15439791920067752
707,0.1543979191779854
708,0.15439791915529505
709,0.15439791913260645
710,0.1543979191099195
711,0.15439791908723455
712,0.15439791906455122
713,0.15439791904186959
714,0.15439791901918964
715,0.15439791899651176
716,0.1543979189738354
717,0.15439791895116087
718,0.15439791892848795
719,0.15439791890581692
720,0.15439791888314777
721,0.15439791886048035
722,0.1543979188378146
723,0.15439791881515064
724,0.15439791879248835
725,0.15439791876982792
726,0.1543979187471692
727,0.15439791872451217
728,0.15439791870185704
729,0.15439791867920363
730,0.15439791865655192
731,0.15439791863390212
732,0.154397918611254
733,0.15439791858860755
734,0.15439791856596294
735,0.15439791854331994
736,0.1543979185206788
737,0.15439791849803955
738,0.15439791847540188
739,0.1543979184527661
740,0.15439791843013195
741,0.15439791840749958
742,0.15439791838486913
743,0.15439791836224018
744,0.15439791833961306
745,0.1543979183169878
746,0.15439791829436417
747,0.15439791827174232
748,0.15439791824912238
749,0.15439791822650403
750,0.15439791820388757
751,0.15439791818127266
752,0.15439791815865964
753,0.15439791813604842
754,0.15439791811343878
755,0.1543979180908309
756,0.15439791806822498
757,0.15439791804562078
758,0.15439791802301814
759,0.1543979180004175
760,0.1543979179778183
761,0.1543979179552213
762,0.15439791793262572
763,0.15439791791003188
764,0.1543979178874398
765,0.15439791786484958
766,0.15439791784226106
767,0.15439791781967427
768,0.15439791779708933
769,0.15439791777450596
770,0.15439791775192452
771,0.1543979177293447
772,0.1543979177067666
773,0.15439791768419048
774,0.154397917661616
775,0.1543979176390432
776,0.15439791761647215
777,0.15439791759390287
778,0.1543979175713354
779,0.15439791754876953
780,0.1543979175262055
781,0.15439791750364334
782,0.15439791748108272
783,0.154397917458524
784,0.1543979174359669
785,0.15439791741341163
786,0.15439791739085806
787,0.1543979173683063
788,0.15439791734575622
789,0.15439791732320787
790,0.15439791730066135
791,0.15439791727811655
792,0.1543979172555735
793,0.1543979172330322
794,0.15439791721049254
795,0.1543979171879547
796,0.15439791716541862
797,0.15439791714288434
798,0.1543979171203517
799,0.15439791709782077
800,0.15439791707529174
801,0.15439791705276426
802,0.15439791703023867
803,0.15439791700771485
804,0.15439791698519267
805,0.15439791696267224
806,0.1543979169401536
807,0.15439791691763682
808,0.15439791689512153
809,0.15439791687260804
810,0.15439791685009638
811,0.15439791682758655
812,0.1543979168050783
813,0.15439791678257164
814,0.15439791676006706
815,0.154397916737564
816,0.15439791671506292
817,0.1543979166925633
818,0.1543979166700655
819,0.1543979166475696
820,0.1543979166250753
821,0.15439791660258267
822,0.15439791658009194
823,0.15439791655760296
824,0.15439791653511548
825,0.15439791651263002
826,0.15439791649014614
827,0.15439791646766404
828,0.15439791644518372
829,0.15439791642270498
830,0.15439791640022815
831,0.15439791637775294
832,0.1543979163552796
833,0.1543979163328078
834,0.15439791631033795
835,0.1543979162878697
836,0.15439791626540328
837,0.15439791624293853
838,0.15439791622047558
839,0.15439791619801427
840,0.15439791617555473
841,0.15439791615309692
842,0.15439791613064094
843,0.15439791610818646
844,0.154397916085734
845,0.154397916063283
846,0.15439791604083392
847,0.15439791601838668
848,0.15439791599594097
849,0.1543979159734971
850,0.15439791595105504
851,0.1543979159286144
852,0.15439791590617566
853,0.15439791588373877
854,0.15439791586130341
855,0.15439791583887
856,0.1543979158164383
857,0.1543979157940081
858,0.15439791577157977
859,0.15439791574915324
860,0.15439791572672837
861,0.1543979157043053
862,0.15439791568188396
863,0.15439791565946417
864,0.15439791563704625
865,0.15439791561463015
866,0.15439791559221563
867,0.15439791556980276
868,0.15439791554739188
869,0.15439791552498258
870,0.15439791550257498
871,0.15439791548016915
872,0.15439791545776524
873,0.15439791543536271
874,0.15439791541296208
875,0.15439791539056316
876,0.154397915368166
877,0.15439791534577055
878,0.15439791532337682
879,0.15439791530098487
880,0.1543979152785946
881,0.15439791525620603
882,0.15439791523381932
883,0.15439791521143417
884,0.15439791518905083
885,0.15439791516666926
886,0.15439791514428938
887,0.15439791512191112
888,0.1543979150995347
889,0.15439791507715986
890,0.15439791505478695
891,0.15439791503241573
892,0.1543979150100462
893,0.15439791498767827
894,0.15439791496531213
895,0.1543979149429479
896,0.15439791492058516
897,0.15439791489822435
898,0.15439791487586507
899,0.15439791485350762
900,0.15439791483115187
901,0.15439791480879783
902,0.15439791478644552
903,0.15439791476409492
904,0.15439791474174608
905,0.15439791471939893
906,0.15439791469705352
907,0.15439791467470984
908,0.1543979146523679
909,0.15439791463002764
910,0.15439791460768917
911,0.15439791458535237
912,0.1543979145630172
913,0.15439791454068397
914,0.15439791451835227
915,0.15439791449602228
916,0.1543979144736942
917,0.1543979144513677
918,0.15439791442904297
919,0.1543979144067198
920,0.15439791438439854
921,0.15439791436207895
922,0.15439791433976113
923,0.15439791431744487
924,0.15439791429513053
925,0.1543979142728178
926,0.1543979142505067
927,0.15439791422819762
928,0.15439791420588994
929,0.1543979141835841
930,0.15439791416127988
931,0.1543979141389775
932,0.15439791411667672
933,0.15439791409437784
934,0.15439791407208048
935,0.15439791404978512
936,0.1543979140274912
937,0.1543979140051991
938,0.15439791398290864
939,0.15439791396062003
940,0.15439791393833316
941,0.15439791391604776
942,0.15439791389376423
943,0.15439791387148244
944,0.15439791384920237
945,0.15439791382692403
946,0.15439791380464732
947,0.15439791378237233
948,0.1543979137600992
949,0.15439791373782757
950,0.15439791371555772
951,0.1543979136932895
952,0.15439791367102323
953,0.15439791364875857
954,0.15439791362649571
955,0.15439791360423424
956,0.15439791358197474
957,0.15439791355971694
958,0.15439791353746088
959,0.1543979135152065
960,0.15439791349295373
961,0.15439791347070286
962,0.15439791344845352
963,0.15439791342620607
964,0.1543979134039601
965,0.15439791338171602
966,0.15439791335947362
967,0.1543979133372328
968,0.1543979133149939
969,0.15439791329275654
970,0.154397913270521
971,0.15439791324828717
972,0.1543979132260549
973,0.1543979132038245
974,0.15439791318159587
975,0.15439791315936877
976,0.1543979131371435
977,0.15439791311491977
978,0.1543979130926978
979,0.15439791307047765
980,0.15439791304825914
981,0.15439791302604242
982,0.1543979130038274
983,0.15439791298161393
984,0.15439791295940225
985,0.15439791293719238
986,0.15439791291498406
987,0.15439791289277757
988,0.15439791287057272
989,0.15439791284836957
990,0.15439791282616816
991,0.15439791280396836
992,0.15439791278177056
993,0.1543979127595741
994,0.15439791273737954
995,0.15439791271518663
996,0.15439791269299544
997,0.15439791267080594
998,0.1543979126486181
999,0.15439791262643196
1000,0.15439791260424765
1001,0.15439791258206498
1002,0.15439791255988403
1003,0.15439791253770474
1004,0.15439791251552729
1005,0.15439791249335139
1006,0.15439791247117726
1007,0.15439791244900472
1008,0.15439791242683398
1009,0.15439791240466497
1010,0.15439791238249767
1011,0.15439791236033185
1012,0.15439791233816805
1013,0.1543979123160058
1014,0.1543979122938453
1015,0.15439791227168648
1016,0.15439791224952928
1017,0.1543979122273737
1018,0.15439791220522014
1019,0.15439791218306811
1020,0.15439791216091778
1021,0.154397912138769
1022,0.1543979121166221
1023,0.15439791209447695
1024,0.1543979120723334
1025,0.15439791205019143
1026,0.1543979120280513
1027,0.15439791200591296
1028,0.15439791198377617
1029,0.15439791196164118
1030,0.15439791193950764
1031,0.15439791191737623
1032,0.15439791189524624
1033,0.15439791187311797
1034,0.15439791185099142
1035,0.15439791182886642
1036,0.15439791180674342
1037,0.15439791178462187
1038,0.15439791176250212
1039,0.15439791174038398
1040,0.15439791171826778
1041,0.15439791169615297
1042,0.15439791167404007
1043,0.15439791165192876
1044,0.15439791162981914
1045,0.15439791160771119
1046,0.15439791158560512
1047,0.15439791156350047
1048,0.1543979115413977
1049,0.15439791151929663
1050,0.1543979114971971
1051,0.15439791147509957
1052,0.1543979114530034
1053,0.15439791143090906
1054,0.15439791140881645
1055,0.15439791138672554
1056,0.1543979113646363
1057,0.15439791134254854
1058,0.15439791132046282
1059,0.15439791129837852
1060,0.15439791127629612
1061,0.15439791125421531
1062,0.15439791123213623
1063,0.1543979112100588
1064,0.15439791118798316
1065,0.15439791116590895
1066,0.1543979111438366
1067,0.154397911121766
1068,0.15439791109969714
1069,0.15439791107762987
1070,0.15439791105556414
1071,0.15439791103350028
1072,0.15439791101143813
1073,0.1543979109893776
1074,0.1543979109673187
1075,0.1543979109452616
1076,0.15439791092320615
1077,0.15439791090115254
1078,0.15439791087910038
1079,0.15439791085704999
1080,0.15439791083500132
1081,0.15439791081295434
1082,0.15439791079090903
1083,0.15439791076886536
1084,0.15439791074682355
1085,0.15439791072478312
1086,0.1543979107027447
1087,0.15439791068070785
1088,0.15439791065867262
1089,0.15439791063663916
1090,0.15439791061460723
1091,0.15439791059257715
1092,0.1543979105705486
1093,0.154397910548522
1094,0.15439791052649698
1095,0.15439791050447352
1096,0.15439791048245172
1097,0.15439791046043178
1098,0.15439791043841342
1099,0.15439791041639683
1100,0.15439791039438183
1101,0.1543979103723686
1102,0.15439791035035702
1103,0.15439791032834707
1104,0.15439791030633884
1105,0.15439791028433236
1106,0.15439791026232755
1107,0.15439791024032423
1108,0.15439791021832275
1109,0.15439791019632296
1110,0.15439791017432491
1111,0.15439791015232848
1112,0.15439791013033372
1113,0.15439791010834059
1114,0.15439791008634918
1115,0.15439791006435957
1116,0.15439791004237147
1117,0.15439791002038505
1118,0.1543979099984004
1119,0.15439790997641742
1120,0.15439790995443606
1121,0.15439790993245656
1122,0.15439790991047855
1123,0.15439790988850235
1124,0.15439790986652768
1125,0.15439790984455468
1126,0.15439790982258356
1127,0.15439790980061396
1128,0.1543979097786462
1129,0.15439790975668002
1130,0.15439790973471548
1131,0.15439790971275266
1132,0.15439790969079145
1133,0.15439790966883193
1134,0.1543979096468741
1135,0.15439790962491806
1136,0.1543979096029636
1137,0.15439790958101085
1138,0.15439790955905983
1139,0.1543979095371104
1140,0.15439790951516266
1141,0.15439790949321647
1142,0.15439790947127216
1143,0.1543979094493295
1144,0.15439790942738837
1145,0.15439790940544904
1146,0.15439790938351142
1147,0.15439790936157544
1148,0.1543979093396411
1149,0.15439790931770844
1150,0.15439790929577743
1151,0.1543979092738481
1152,0.15439790925192054
1153,0.15439790922999463
1154,0.1543979092080704
1155,0.1543979091861477
1156,0.15439790916422685
1157,0.1543979091423075
1158,0.15439790912039
1159,0.15439790909847403
1160,0.15439790907655973
1161,0.1543979090546472
1162,0.1543979090327363
1163,0.15439790901082712
1164,0.1543979089889195
1165,0.1543979089670137
1166,0.15439790894510955
1167,0.15439790892320696
1168,0.15439790890130609
1169,0.1543979088794069
1170,0.1543979088575093
1171,0.15439790883561355
1172,0.1543979088137193
1173,0.15439790879182694
1174,0.15439790876993592
1175,0.15439790874804693
1176,0.1543979087261593
1177,0.15439790870427364
1178,0.15439790868238942
1179,0.1543979086605068
1180,0.1543979086386261
1181,0.1543979086167469
1182,0.15439790859486957
1183,0.1543979085729936
1184,0.1543979085511194
1185,0.1543979085292471
1186,0.15439790850737622
1187,0.15439790848550708
1188,0.15439790846363952
1189,0.15439790844177378
1190,0.1543979084199096
1191,0.15439790839804723
1192,0.1543979083761864
1193,0.15439790835432735
1194,0.15439790833246972
1195,0.15439790831061406
1196,0.15439790828876
1197,0.15439790826690733
1198,0.1543979082450565
1199,0.15439790822320748
1200,0.15439790820136
1201,0.15439790817951418
1202,0.15439790815767004
1203,0.15439790813582757
1204,0.15439790811398676
1205,0.15439790809214768
1206,0.15439790807031017
1207,0.15439790804847434
1208,0.15439790802664025
1209,0.1543979080048077
1210,0.15439790798297687
1211,0.15439790796114775
1212,0.1543979079393202
1213,0.15439790791749433
1214,0.1543979078956702
1215,0.15439790787384763
1216,0.1543979078520268
1217,0.15439790783020757
1218,0.1543979078083901
1219,0.15439790778657422
1220,0.1543979077647599
1221,0.15439790774294757
1222,0.15439790772113662
1223,0.1543979076993274
1224,0.1543979076775198
1225,0.154397907655714
1226,0.15439790763390965
1227,0.15439790761210706
1228,0.15439790759030628
1229,0.15439790756850694
1230,0.15439790754670932
1231,0.15439790752491336
1232,0.15439790750311908
1233,0.15439790748132656
1234,0.15439790745953552
1235,0.15439790743774628
1236,0.1543979074159586
1237,0.15439790739417267
1238,0.15439790737238832
1239,0.1543979073506057
1240,0.15439790732882452
