1,0.21111090135378935
2,0.16799087127065992
3,0.16764125380828734
4,0.1673166206488132
5,0.16701925301574447
6,0.16674959475618817
7,0.16650669950984545
8,0.16628872148050064
9,0.1660933360795711
10,0.16591805440734422
11,0.1657604328284742
12,0.16561819672333133
13,0.16548930194508907
14,0.16537195507065586
15,0.16526460868143286
16,0.16516594302418516
17,0.16507484142671774
18,0.1649903639545934
19,0.164911721847565
20,0.16483825403420985
21,0.16476940627263278
22,0.16470471303432713
23,0.16464378201716787
24,0.16458628106200474
25,0.16453192720445337
26,0.16448047758808607
27,0.16443172197885234
28,0.1643854766428302
29,0.1643415793746011
30,0.16429988548884422
31,0.16426026461174686
32,0.16422259813099613
33,0.16418677718329636
34,0.16415270107649477
35,0.16412027605962928
36,0.16408941436856778
37,0.16406003348750664
38,0.16403205557754677
39,0.1640054070329601
40,0.16398001813374266
41,0.16395582276973475
42,0.16393275821712475
43,0.1639107649526726
44,0.16388978649462724
45,0.16386976926220762
46,0.16385066244777585
47,0.1638324178975846
48,0.16381498999829242
49,0.16379833556743523
50,0.16378241374674862
51,0.16376718589775074
52,0.16375261549933798
53,0.16373866804737694
54,0.16372531095640983
55,0.16371251346367513
56,0.16370024653566292
57,0.16368848277743225
58,0.16367719634489708
59,0.1636663628602525
60,0.1636559593306772
61,0.16364596407041188
62,0.16363635662626888
63,0.1636271177066004
64,0.1636182291137122
65,0.16360967367969054
66,0.16360143520557766
67,0.16359349840382006
68,0.16358584884389143
69,0.16357847290098015
70,0.16357135770763112
71,0.1635644911082121
72,0.16355786161608143
73,0.1635514583733262
74,0.16354527111294462
75,0.16353929012334054
76,0.16353350621500912
77,0.163527910689287
78,0.1635224953090512
79,0.16351725227125233
80,0.1635121741811697
81,0.1635072540282857
82,0.16350248516368124
83,0.16349786127885207
84,0.16349337638586323
85,0.16348902479874924
86,0.1634848011160865
87,0.16348070020465957
88,0.1634767171841497
89,0.1634728474127822
90,0.1634690864738654
91,0.163465430163169
92,0.163461874477082
93,0.16345841560150173
94,0.1634550499014053
95,0.16345177391105814
96,0.1634485843248213
97,0.16344547798851203
98,0.16344245189129009
99,0.16343950315802747
100,0.1634366290421355
101,0.16343382691881736
102,0.16343109427871869
103,0.1634284287219524
104,0.16342582795247093
105,0.16342328977276627
106,0.16342081207887257
107,0.16341839285565785
108,0.16341603017237988
109,0.16341372217849065
110,0.16341146709967105
111,0.16340926323407312
112,0.1634071089487436
113,0.163405002676184
114,0.16340294291094126
115,0.16340092820594299
116,0.16339895716748465
117,0.1633970284433419
118,0.1633951406570176
119,0.16339329097668445
120,0.16612771608542126
121,0.1630552631101911
122,0.1631283602541195
123,0.1631271304189417
124,0.16312592411958687
125,0.16312474484807546
126,0.1631235917633269
127,0.16312246405686665
128,0.16312136095154367
129,0.16312028170009407
130,0.16311922558377742
131,0.16311819191108684
132,0.1631171800165241
133,0.16311618925943736
134,0.16311521902291895
135,0.1631142687127594
136,0.1631133377564529
137,0.16311242560225445
138,0.1631115317182818
139,0.16311065559166432
140,0.16310979672773154
141,0.16310895464924313
142,0.16310812889565546
143,0.1631073190224233
144,0.1631065246003369
145,0.16310574521488816
146,0.1631049804656684
147,0.16310422996579535
148,0.1631034933413648
149,0.16310277023092998
150,0.16310206028500324
151,0.1631013631655831
152,0.16310067854569987
153,0.16310000610898456
154,0.16309934554925604
155,0.16309869657012746
156,0.16309805888462897
157,0.16309743221484926
158,0.16309681629159112
159,0.16309621085404238
160,0.16309561564946362
161,0.16309503043288492
162,0.1630944549668204
163,0.16309388902099126
164,0.16309333237206397
165,0.16309278480339676
166,0.1630922461047975
167,0.1630917160722938
168,0.16309119450790974
169,0.16309068121945314
170,0.1630901760203125
171,0.1630896787292608
172,0.16308918917026768
173,0.1630887071723212
174,0.16308823256925142
175,0.16308776519956902
176,0.1630873049063025
177,0.16308685153684713
178,0.16308640494281787
179,0.16308596497990774
180,0.16308553150775235
181,0.1630851043897997
182,0.16308468349318506
183,0.1630842686886101
184,0.16308385985022647
185,0.16308345685552544
186,0.1630830595852297
187,0.16308266792319004
188,0.16308228175628686
189,0.16308190097433264
190,0.16308152546998161
191,0.16308115513863963
192,0.1630807898783793
193,0.16308042958985738
194,0.16308007417623446
195,0.16307972354309974
196,0.16307937759839589
197,0.1630790362523486
198,0.1630786994173971
199,0.16307836700812892
200,0.16307803894121495
201,0.16307771513534788
202,0.16307739551118247
203,0.16307707999127818
204,0.16307676850004477
205,0.1630764609636855
206,0.1630761573101485
207,0.1630758574690753
208,0.1630755613717518
209,0.16307526895106314
210,0.1630749801414464
211,0.16307469487884863
212,0.1630744131006837
213,0.16307413474579163
214,0.1630738597543987
215,0.16307358806807964
216,0.16307331962972052
217,0.16307305438348246
218,0.1630727922747677
219,0.16307253325018495
220,0.16307227725751766
221,0.16307202424569284
222,0.16307177416474905
223,0.16307152696580937
224,0.16307128260104964
225,0.16307104102367379
226,0.1630708021878839
227,0.16307056604885786
228,0.1630703325627202
229,0.16307010168652053
230,0.1630698733782079
231,0.16306964759660947
232,0.16306942430140636
233,0.16306920345311382
234,0.16306898501305836
235,0.16306876894335928
236,0.16306855520690716
237,0.16306834376734533
238,0.16306813458905217
239,0.16306792763712089
240,0.16306772287734383
241,0.16306752027619484
242,0.16306731980081252
243,0.1630671214189834
244,0.1630669250991279
245,0.16306673081028442
246,0.16306653852209357
247,0.16306634820478563
248,0.16306615982916442
249,0.1630659733665963
250,0.1630657887889949
251,0.16306560606880877
252,0.16306542517900977
253,0.16306524609307999
254,0.16306506878500052
255,0.16306489322923926
256,0.16306471940074108
257,0.16306454727491496
258,0.16306437682762537
259,0.16306420803518173
260,0.16306404087432635
261,0.16306387532222724
262,0.16306371135646758
263,0.16306354895503564
264,0.16306338809631765
265,0.1630632287590873
266,0.16306307092249794
267,0.16306291456607452
268,0.16306275966970527
269,0.163062606213633
270,0.16306245417844886
271,0.16306230354508394
272,0.16306215429480203
273,0.163062006409193
274,0.1630618598701644
275,0.16306171465993746
276,0.16306157076103778
277,0.16306142815628977
278,0.16306128682881135
279,0.16306114676200623
280,0.1630610079395592
281,0.16306087034542982
282,0.16306073396384693
283,0.16306059877930246
284,0.16306046477654698
285,0.163060331940584
286,0.16306020025666504
287,0.16306006971028353
288,0.16305994028717136
289,0.1630598119732938
290,0.1630596847548437
291,0.16305955861823868
292,0.16305943355011507
293,0.16305930953732434
294,0.16305918656692928
295,0.16305906462619862
296,0.16305894370260415
297,0.16305882378381628
298,0.16305870485769997
299,0.16305858691231148
300,0.16305846993589435
301,0.16305835391687523
302,0.16305823884386225
303,0.16305812470563857
304,0.1630580114911621
305,0.16305789918956057
306,0.16305778779012822
307,0.16305767728232273
308,0.16305756765576343
309,0.16305745890022666
310,0.16305735100564298
311,0.16305724396209612
312,0.16305713775981742
313,0.16305703238918554
314,0.1630569278407219
315,0.1630568241050893
316,0.1630567211730891
317,0.163056619035658
318,0.1630565176838663
319,0.16305641710891552
320,0.1630563173021354
321,0.16305621825498223
322,0.163056119959036
323,0.1630560224059993
324,0.16305592558769313
325,0.16305582949605738
326,0.16305573412314664
327,0.16305563946112894
328,0.16305554550228396
329,0.16305545223900048
330,0.16305535966377574
331,0.16305526776921186
332,0.16305517654801477
333,0.16305508599299307
334,0.16305499609705562
335,0.1630549068532093
336,0.1630548182545587
337,0.1630547302943029
338,0.16305464296573532
339,0.1630545562622408
340,0.16305447017729546
341,0.16305438470446357
342,0.16305429983739736
343,0.16305421556983526
344,0.16305413189559975
345,0.16305404880859722
346,0.16305396630281482
347,0.1630538843723211
348,0.1630538030112638
349,0.16305372221386774
350,0.16305364197443445
351,0.16305356228734177
352,0.16305348314704007
353,0.16305340454805414
354,0.16305332648497886
355,0.16305324895248158
356,0.1630531719452972
357,0.16305309545823024
358,0.1630530194861517
359,0.16305294402399895
360,0.16305286906677469
361,0.16305279460954533
362,0.16305272064744053
363,0.16305264717565207
364,0.16305257418943253
365,0.1630525016840948
366,0.16305242965501113
367,0.16305235809761176
368,0.16305228700738442
369,0.1630522163798732
370,0.1630521462106781
371,0.16305207649545342
372,0.1630520072299085
373,0.16305193840980348
374,0.1630518700309534
375,0.16305180208922337
376,0.1630517345805291
377,0.16305166750083708
378,0.16305160084616216
379,0.16305153461256802
380,0.16305146879616608
381,0.1630514033931149
382,0.16305133839961922
383,0.16305127381192921
384,0.16305120962633995
385,0.1630511458391914
386,0.16305108244686636
387,0.1630510194457917
388,0.163050956832435
389,0.16305089460330735
390,0.1630508327549597
391,0.16305077128398457
392,0.16305071018701336
393,0.16305064946071768
394,0.16305058910180756
395,0.16305052910703113
396,0.1630504694731745
397,0.16305041019706137
398,0.1630503512755509
399,0.16305029270553936
400,0.16305023448395836
401,0.1630501766077744
402,0.16305011907398903
403,0.1630500618796371
404,0.16305000502178799
405,0.1630499484975441
406,0.16304989230403957
407,0.16304983643844198
408,0.16304978089795022
409,0.1630497256797945
410,0.16304967078123597
411,0.16304961619956634
412,0.1630495619321076
413,0.16304950797621107
414,0.16304945432925722
415,0.16304940098865622
416,0.16304934795184547
417,0.16304929521629116
418,0.16304924277948782
419,0.16304919063895576
420,0.16304913879224378
421,0.1630490872369262
422,0.16304903597060438
423,0.16304898499090512
424,0.16304893429548056
425,0.16304888388200878
426,0.16304883374819198
427,0.16304878389175753
428,0.16304873431045666
429,0.16304868500206426
430,0.16304863596437963
431,0.1630485871952246
432,0.16304853869244465
433,0.1630484904539069
434,0.16304844247750183
435,0.16304839476114197
436,0.163048347302761
437,0.16304830010031432
438,0.16304825315177965
439,0.16304820645515392
440,0.1630481600084561
441,0.16304811380972495
442,0.16304806785701986
443,0.16304802214841985
444,0.16304797668202378
445,0.1630479314559497
446,0.16304788646833526
447,0.1630478417173365
448,0.16304779720112875
449,0.16304775291790535
450,0.16304770886587802
451,0.1630476650432766
452,0.16304762144834886
453,0.16304757807935974
454,0.16304753493459168
455,0.16304749201234434
456,0.16304744931093418
457,0.16304740682869448
458,0.16304736456397542
459,0.16304732251514242
460,0.16304728068057822
461,0.16304723905868038
462,0.16304719764786318
463,0.1630471564465558
464,0.16304711545320305
465,0.1630470746662646
466,0.1630470340842156
467,0.16304699370554532
468,0.16304695352875823
469,0.16304691355237305
470,0.1630468737749224
471,0.16304683419495378
472,0.16304679481102816
473,0.16304675562171997
474,0.16304671662561804
475,0.16304667782132373
476,0.16304663920745247
477,0.16304660078263222
478,0.1630465625455048
479,0.1630465244947235
480,0.16304648662895546
481,0.1630464489468802
482,0.16304641144718848
483,0.163046374128585
484,0.16304633698978535
485,0.16304630002951787
486,0.16304626324652166
487,0.1630462266395488
488,0.1630461902073619
489,0.1630461539487353
490,0.16304611786245526
491,0.16304608194731823
492,0.16304604620213192
493,0.16304601062571583
494,0.16304597521689876
495,0.16304593997452146
496,0.16304590489743445
497,0.16304586998449924
498,0.16304583523458732
499,0.16304580064658036
500,0.16304576621936998
501,0.1630457319518584
502,0.16304569784295694
503,0.16304566389158714
504,0.1630456300966797
505,0.1630455964571757
506,0.1630455629720247
507,0.16304552964018582
508,0.16304549646062846
509,0.16304546343232967
510,0.16304543055427606
511,0.16304539782546326
512,0.1630453652448956
513,0.16304533281158687
514,0.16304530052455826
515,0.16304526838284034
516,0.16304523638547166
517,0.16304520453149968
518,0.16304517281997935
519,0.16304514124997457
520,0.16304510982055725
521,0.16304507853080644
522,0.16304504737981057
523,0.16304501636666419
524,0.16304498549047092
525,0.16304495475034197
526,0.16304492414539512
527,0.16304489367475686
528,0.16304486333756013
