1,0.828538213030065
2,0.8285377087827843
3,0.8285371781131355
4,0.8285366497318518
5,0.8285361476759469
6,0.828535644712938
7,0.8285351404671603
8,0.828534634824697
9,0.8285341277351207
10,0.8285336191703128
11,0.8285331091117469
12,0.8285325975455963
13,0.8285320844605568
14,0.8285315698467685
15,0.8285310536952459
16,0.8285305359975469
17,0.828530016745578
18,0.8285294959314725
19,0.8285289735475106
20,0.8285284495860658
21,0.8285279240395719
22,0.8285273969004929
23,0.8285268681613074
24,0.8285263378144919
25,0.8285258058525181
26,0.8285252722678361
27,0.8285247370528742
28,0.8285242002000348
29,0.8285236617016849
30,0.8285231215501608
31,0.82852257973776
32,0.8285220362567409
33,0.8285214910993227
34,0.8285209442576823
35,0.8285203957239515
36,0.8285198454902191
37,0.8285192935485292
38,0.8285187398908791
39,0.8285181845092173
40,0.8285176273954469
41,0.8285170685414212
42,0.8285165079389456
43,0.8285159455797722
44,0.8285153814556077
45,0.8285148155581047
46,0.8285142478788634
47,0.8285136784094349
48,0.8285131071413159
49,0.8285125340659514
50,0.8285119591747304
51,0.8285113824589887
52,0.8285108039100105
53,0.8285102235190199
54,0.8285096412771897
55,0.8285090571756342
56,0.8285084712054115
57,0.8285078833575235
58,0.828507293622915
59,0.8285067019924703
60,0.8285061084570169
61,0.828505513007324
62,0.8285049156340997
63,0.8285043163279936
64,0.8285037150795936
65,0.8285031118794269
66,0.8285025067179592
67,0.828501899585595
68,0.828501290472674
69,0.8285006793694759
70,0.8285000662662145
71,0.8284994511530407
72,0.8284988340200392
73,0.8284982148572326
74,0.8284975936545731
75,0.8284969704019512
76,0.8284963450891891
77,0.8284957177060389
78,0.8284950882421888
79,0.8284944566872565
80,0.8284938230307901
81,0.8284931872622701
82,0.828492549371103
83,0.828491909346629
84,0.8284912671781145
85,0.8284906228547546
86,0.8284899763656695
87,0.8284893276999078
88,0.8284886768464466
89,0.8284880237941843
90,0.8284873685319482
91,0.8284867110484848
92,0.8284860513324693
93,0.8284853893724963
94,0.828484725157085
95,0.8284840586746746
96,0.8284833899136267
97,0.8284827188622202
98,0.8284820455086567
99,0.8284813698410557
100,0.8284806918474543
101,0.8284800115158064
102,0.8284793288339835
103,0.828478643789774
104,0.8284779563708804
105,0.8284772665649177
106,0.8284765743594188
107,0.8284758797418258
108,0.8284751826994946
109,0.8284744832196919
110,0.8284737812895966
111,0.8284730768962943
112,0.8284723700267834
113,0.8284716606679661
114,0.8284709488066562
115,0.8284702344295708
116,0.8284695175233336
117,0.8284687980744742
118,0.8284680760694243
119,0.8284673514945211
120,0.8284666243360026
121,0.828465894580007
122,0.8284651622125749
123,0.8284644272196457
124,0.8284636895870574
125,0.8284629493005469
126,0.8284622063457459
127,0.8284614607081834
128,0.828460712373283
129,0.8284599613263623
130,0.8284592075526337
131,0.8284584510371998
132,0.8284576917650528
133,0.8284569297210794
134,0.8284561648900519
135,0.8284553972566323
136,0.8284546268053699
137,0.8284538535206993
138,0.8284530773869412
139,0.8284522983882981
140,0.828451516508859
141,0.828450731732591
142,0.8284499440433462
143,0.8284491534248519
144,0.8284483598607185
145,0.8284475633344278
146,0.8284467638293451
147,0.828445961328705
148,0.8284451558156193
149,0.828444347273072
150,0.8284435356839176
151,0.8284427210308816
152,0.8284419032965591
153,0.8284410824634121
154,0.8284402585137707
155,0.8284394314298292
156,0.8284386011936464
157,0.828437767787144
158,0.8284369311921039
159,0.8284360913901703
160,0.8284352483628441
161,0.8284344020914848
162,0.8284335525573084
163,0.8284326997413863
164,0.8284318436246383
165,0.8284309841878413
166,0.8284301214116213
167,0.8284292552764515
168,0.8284283857626543
169,0.8284275128503978
170,0.8284266365196935
171,0.8284257567503951
172,0.8284248735222014
173,0.8284239868146466
174,0.8284230966071066
175,0.8284222028787908
176,0.828421305608746
177,0.8284204047758514
178,0.8284195003588167
179,0.8284185923361844
180,0.8284176806863228
181,0.8284167653874271
182,0.8284158464175184
183,0.8284149237544397
184,0.8284139973758552
185,0.8284130672592507
186,0.8284121333819265
187,0.8284111957210005
188,0.8284102542534055
189,0.8284093089558822
190,0.8284083598049872
191,0.8284074067770802
192,0.8284064498483292
193,0.8284054889947067
194,0.8284045241919866
195,0.8284035554157436
196,0.82840258264135
197,0.8284016058439727
198,0.8284006249985755
199,0.8283996400799121
200,0.8283986510625244
201,0.8283976579207446
202,0.8283966606286878
203,0.8283956591602527
204,0.8283946534891182
205,0.8283936435887422
206,0.828392629432358
207,0.8283916109929716
208,0.8283905882433623
209,0.8283895611560763
210,0.8283885297034265
211,0.8283874938574891
212,0.8283864535901021
213,0.8283854088728629
214,0.8283843596771241
215,0.8283833059739908
216,0.8283822477343213
217,0.8283811849287196
218,0.8283801175275355
219,0.8283790455008638
220,0.828377968818536
221,0.828376887450122
222,0.8283758013649258
223,0.8283747105319826
224,0.8283736149200557
225,0.8283725144976325
226,0.8283714092329258
227,0.8283702990938638
228,0.8283691840480933
229,0.8283680640629717
230,0.8283669391055698
231,0.8283658091426603
232,0.8283646741407225
233,0.8283635340659352
234,0.828362388884171
235,0.8283612385609985
236,0.8283600830616747
237,0.8283589223511434
238,0.8283577563940303
239,0.8283565851546401
240,0.8283554085969521
241,0.8283542266846198
242,0.8283530393809617
243,0.8283518466489606
244,0.8283506484512623
245,0.8283494447501644
246,0.8283482355076232
247,0.8283470206852352
248,0.8283458002442486
249,0.828344574145547
250,0.8283433423496517
251,0.828342104816715
252,0.8283408615065166
253,0.8283396123784611
254,0.8283383573915689
255,0.8283370965044752
256,0.828335829675427
257,0.8283345568622715
258,0.8283332780224625
259,0.8283319931130433
260,0.8283307020906507
261,0.8283294049115075
262,0.8283281015314158
263,0.8283267919057535
264,0.828325475989472
265,0.8283241537370848
266,0.8283228251026672
267,0.8283214900398497
268,0.8283201485018099
269,0.8283188004412733
270,0.8283174458105007
271,0.8283160845612871
272,0.8283147166449533
273,0.8283133420123435
274,0.828311960613815
275,0.828310572399236
276,0.8283091773179772
277,0.8283077753189076
278,0.8283063663503843
279,0.8283049503602512
280,0.8283035272958299
281,0.8283020971039142
282,0.8283006597307602
283,0.8282992151220854
284,0.8282977632230552
285,0.828296303978282
286,0.8282948373318146
287,0.828293363227131
288,0.8282918816071327
289,0.8282903924141366
290,0.8282888955898687
291,0.828287391075453
292,0.8282858788114074
293,0.8282843587376347
294,0.8282828307934125
295,0.8282812949173904
296,0.828279751047575
297,0.8282781991213273
298,0.8282766390753497
299,0.8282750708456826
300,0.828273494367689
301,0.8282719095760522
302,0.8282703164047621
303,0.828268714787107
304,0.8282671046556663
305,0.8282654859422998
306,0.8282638585781363
307,0.828262222493567
308,0.8282605776182325
309,0.8282589238810151
310,0.8282572612100274
311,0.8282555895326025
312,0.8282539087752828
313,0.8282522188638076
314,0.8282505197231059
315,0.8282488112772829
316,0.8282470934496081
317,0.8282453661625059
318,0.828243629337542
319,0.8282418828954129
320,0.8282401267559311
321,0.8282383608380176
322,0.8282365850596851
323,0.8282347993380262
324,0.8282330035892032
325,0.8282311977284303
326,0.8282293816699647
327,0.8282275553270895
328,0.8282257186121034
329,0.8282238714363029
330,0.8282220137099697
331,0.828220145342358
332,0.8282182662416763
333,0.8282163763150743
334,0.8282144754686269
335,0.8282125636073189
336,0.8282106406350305
337,0.828208706454519
338,0.8282067609674018
339,0.8282048040741431
340,0.8282028356740346
341,0.8282008556651764
342,0.828198863944464
343,0.8281968604075659
344,0.8281948449489085
345,0.828192817461657
346,0.828190777837692
347,0.8281887259675982
348,0.8281866617406394
349,0.828184585044738
350,0.8281824957664586
351,0.828180393790984
352,0.8281782790020954
353,0.8281761512821502
354,0.8281740105120629
355,0.828171856571278
356,0.8281696893377506
357,0.8281675086879249
358,0.8281653144967054
359,0.8281631066374378
360,0.8281608849818829
361,0.8281586494001907
362,0.828156399760876
363,0.8281541359307932
364,0.8281518577751095
365,0.8281495651572776
366,0.8281472579390073
367,0.8281449359802409
368,0.8281425991391229
369,0.8281402472719691
370,0.828137880233242
371,0.828135497875515
372,0.8281331000494463
373,0.8281306866037457
374,0.8281282573851421
375,0.8281258122383522
376,0.8281233510060471
377,0.8281208735288188
378,0.8281183796451446
379,0.8281158691913518
380,0.8281133420015839
381,0.8281107979077641
382,0.8281082367395525
383,0.8281056583243157
384,0.8281030624870841
385,0.8281004490505103
386,0.8280978178348326
387,0.8280951686578321
388,0.828092501334789
389,0.8280898156784434
390,0.8280871114989459
391,0.8280843886038199
392,0.828081646797908
393,0.82807888588333
394,0.8280761056594379
395,0.8280733059227582
396,0.8280704864669529
397,0.8280676470827598
398,0.8280647875579453
399,0.8280619076772524
400,0.8280590072223409
401,0.8280560859717401
402,0.828053143700785
403,0.8280501801815635
404,0.8280471951828537
405,0.8280441884700688
406,0.8280411598051907
407,0.8280381089467076
408,0.8280350356495515
409,0.8280319396650344
410,0.828028820740775
411,0.8280256786206371
412,0.8280225130446524
413,0.8280193237489539
414,0.8280161104657021
415,0.828012872923006
416,0.8280096108448494
417,0.8280063239510134
418,0.8280030119569928
419,0.8279996745739167
420,0.8279963115084609
421,0.8279929224627676
422,0.8279895071343506
423,0.8279860652160108
424,0.82798259639574
425,0.8279791003566281
426,0.8279755767767681
427,0.827972025329154
428,0.8279684456815807
429,0.8279648374965414
430,0.8279612004311201
431,0.8279575341368823
432,0.827953838259767
433,0.8279501124399675
434,0.8279463563118178
435,0.8279425695036714
436,0.8279387516377816
437,0.82793490233017
438,0.8279310211905031
439,0.8279271078219571
440,0.8279231618210829
441,0.8279191827776684
442,0.8279151702745952
443,0.8279111238876932
444,0.8279070431855895
445,0.8279029277295582
446,0.827898777073358
447,0.8278945907630756
448,0.8278903683369556
449,0.8278861093252372
450,0.8278818132499698
451,0.8278774796248434
452,0.8278731079549997
453,0.827868697736845
454,0.8278642484578557
455,0.8278597595963815
456,0.8278552306214393
457,0.827850660992505
458,0.8278460501592941
459,0.8278413975615492
460,0.8278367026288038
461,0.8278319647801553
462,0.8278271834240171
463,0.8278223579578853
464,0.8278174877680685
465,0.8278125722294449
466,0.8278076107051808
467,0.8278026025464609
468,0.8277975470922049
469,0.8277924436687777
470,0.827787291589686
471,0.8277820901552733
472,0.8277768386524013
473,0.8277715363541254
474,0.8277661825193573
475,0.8277607763925194
476,0.8277553172031888
477,0.8277498041657333
478,0.82774423647893
479,0.827738613325582
480,0.8277329338721138
481,0.8277271972681601
482,0.8277214026461417
483,0.827715549120829
484,0.8277096357888867
485,0.8277036617284137
486,0.8276976259984588
487,0.8276915276385299
488,0.8276853656680823
489,0.827679139085993
490,0.8276728468700195
491,0.8276664879762354
492,0.8276600613384584
493,0.8276535658676508
494,0.8276470004513038
495,0.8276403639528025
496,0.8276336552107686
497,0.8276268730383846
498,0.8276200162226899
499,0.8276130835238608
500,0.827606073674461
501,0.8275989853786682
502,0.827591817311474
503,0.8275845681178626
504,0.8275772364119501
505,0.8275698207761062
506,0.8275623197600344
507,0.8275547318798308
508,0.8275470556170043
509,0.827539289417458
510,0.8275314316904486
511,0.8275234808074902
512,0.8275154351012366
513,0.8275072928643092
514,0.8274990523480924
515,0.8274907117614801
516,0.8274822692695762
517,0.827473722992351
518,0.8274650710032412
519,0.8274563113277058
520,0.8274474419417198
521,0.8274384607702174
522,0.8274293656854717
523,0.8274201545054134
524,0.8274108249918851
525,0.8274013748488308
526,0.8273918017204066
527,0.827382103189027
528,0.8273722767733264
529,0.8273623199260445
530,0.8273522300318229
531,0.8273420044049155
532,0.8273316402868044
533,0.8273211348437187
534,0.8273104851640534
535,0.8272996882556776
536,0.8272887410431298
537,0.8272776403647036
538,0.8272663829693961
539,0.8272549655137376
540,0.8272433845584843
541,0.8272316365651599
542,0.8272197178924537
543,0.8272076247924571
544,0.8271953534067417
545,0.827182899762246
546,0.8271702597669952
547,0.8271574292056169
548,0.8271444037346588
549,0.8271311788776823
550,0.8271177500201431
551,0.8271041124040168
552,0.8270902611221904
553,0.8270761911125689
554,0.8270618971519151
555,0.82704737384939
556,0.8270326156397723
557,0.8270176167763583
558,0.8270023713235025
559,0.8269868731487905
560,0.8269711159148243
561,0.8269550930705828
562,0.8269387978423527
563,0.8269222232241846
564,0.8269053619678598
565,0.8268882065723328
566,0.8268707492726104
567,0.8268529820280487
568,0.8268348965100145
569,0.8268164840888799
570,0.82679773582031
571,0.8267786424307887
572,0.8267591943023418
573,0.8267393814564012
574,0.8267191935367578
575,0.8266986197915247
576,0.8266776490540794
577,0.8266562697228719
578,0.8266344697400587
579,0.8266122365688562
580,0.8265895571695355
581,0.8265664179739595
582,0.8265428048585581
583,0.8265187031156267
584,0.8264940974228303
585,0.8264689718107782
586,0.8264433096285195
587,0.8264170935068174
588,0.8263903053190116
589,0.8263629261393133
590,0.8263349361982922
591,0.8263063148353806
592,0.8262770404481147
593,0.8262470904378821
594,0.8262164411518669
595,0.8261850678209012
596,0.8261529444928627
597,0.8261200439612488
598,0.8260863376885219
599,0.8260517957237652
600,0.8260163866141497
601,0.8259800773096735
602,0.8259428330605563
603,0.8259046173066346
604,0.8258653915580029
605,0.8258251152661042
606,0.8257837456843485
607,0.8257412377172617
608,0.825697543757051
609,0.825652613506341
610,0.8256063937856991
611,0.8255588283244086
612,0.825509857532765
613,0.8254594182539535
614,0.8254074434933623
615,0.8253538621228833
616,0.8252985985574772
617,0.8252415724009099
618,0.8251826980571961
619,0.825121884303799
620,0.8250590338221439
621,0.8249940426803708
622,0.8249267997625751
623,0.8248571861379633
624,0.8247850743624274
625,0.8247103277039474
626,0.8246327992819501
627,0.8245523311092904
628,0.824468753023767
629,0.8243818814940227
630,0.8242915182822994
631,0.8241974489436349
632,0.8240994411377108
633,0.8239972427255143
634,0.8238905796181824
635,0.8237791533395873
636,0.8236626382572898
637,0.8235406784280787
638,0.8234128839941219
639,0.8232788270533611
640,0.8231380369125957
641,0.8229899946130446
642,0.8228341265951925
643,0.8226697973411493
644,0.8224963007972157
645,0.8223128503348452
646,0.8221185669523644
647,0.8219124653496771
648,0.8216934374211701
649,0.8214602326087702
650,0.8212114344613834
651,0.820945432839448
652,0.8206603932868572
653,0.820354196085919
654,0.8171158785957189
655,0.8155555044607264
656,0.8148764328998768
657,0.8141255265502862
658,0.8132908871188167
659,0.8123578617428935
660,0.8113082042707345
661,0.8101189129528767
662,0.808760590188659
663,0.8071950804542118
664,0.8053719906407405
665,0.8032234309414883
666,0.8006558313220214
667,0.797536775353374
668,0.7936729857892506
669,0.7887718274188406
670,0.7823703510157338
671,0.7736961492528824
672,0.761373917053873
673,0.7427534073198242
674,0.7122418695055319
675,0.6571256188971342
676,0.5515513638475849
677,0.38655942440636787
678,0.2492839228522747
679,0.18837857889276358
680,0.16549445603073434
681,0.15587675568586104
682,0.1512506933703306
683,0.14878202625609743
684,0.14736055199678008
685,0.14649448602736526
686,0.14594354791973912
687,0.1455809623561078
688,0.14533565199917048
689,0.1451657800621372
690,0.14504572921899442
691,0.1449592967861999
692,0.1448959556215196
693,0.14484871072132638
694,0.14481282542028384
695,0.144785040587233
696,0.1447630830433889
697,0.14474534880051063
698,0.1447306947748572
699,0.14471829938364592
700,0.14470756778545374
701,0.14469806658455145
702,0.14468947829658793
703,0.14468156925948153
704,0.1446741668095901
705,0.1446671429156071
706,0.14466040235905073
707,0.14465387414466235
708,0.14464750522368752
709,0.1446412558851222
710,0.14463509635737384
711,0.1446290042931793
712,0.14462296290219973
713,0.1446169595605951
714,0.14461098477320455
715,0.14460503139725833
716,0.14459909406063606
717,0.14459316872521957
718,0.14458725235869432
719,0.14458134268757467
720,0.14457543801115794
721,0.14456953706126063
722,0.1445636388963914
723,0.14455774282185938
724,0.14455184832943307
725,0.14454595505174864
726,0.1445400627278538
727,0.14453417117716075
728,0.1445282802797566
729,0.14452238996151845
730,0.14451650018286225
731,0.14451061093023854
732,0.14450472220970936
733,0.14449883404209637
734,0.14449294645931673
735,0.14448705950162247
736,0.14448117321551615
737,0.14447528765218282
738,0.14446940286630972
739,0.14446351891519968
740,0.1444576358581055
741,0.14445175375573158
742,0.14444587266986125
743,0.1444399926630783
744,0.1444341137985606
745,0.14442823613992561
746,0.14442235975111747
747,0.14441648469632262
748,0.1444106110399078
749,0.14440473884637536
750,0.14439886818033004
751,0.14439299910645473
752,0.14438713168949258
753,0.14438126599423476
754,0.1443754020855109
755,0.14436954002818148
756,0.14436367988713336
757,0.14435782172727432
758,0.14435196561353109
759,0.14434611161084485
760,0.1443402597841696
761,0.14433441019846868
762,0.14432856291871246
763,0.14432271800987584
764,0.14431687553693479
765,0.14431103556486424
766,0.1443051981586343
767,0.1442993633832075
768,0.1442935313035356
769,0.14428770198455554
770,0.1442818754911862
771,0.1442760518883249
772,0.14427023124084307
773,0.1442644136135828
774,0.1442585990713526
775,0.1442527876789234
776,0.1442469795010244
777,0.14424117460233848
778,0.14423537304749878
779,0.14422957490108312
780,0.14422378022761112
781,0.14421798909153857
782,0.14421220155725364
783,0.14420641768907208
784,0.14420063755123302
785,0.1441948612078943
786,0.14418908872312797
787,0.1441833201609161
788,0.14417755558514514
789,0.14417179505960315
790,0.14416603864797364
791,0.14416028641383183
792,0.1441545384206404
793,0.14414879473174405
794,0.14414305541036518
795,0.1441373205196006
796,0.14413159012241536
797,0.14412586428163882
798,0.1441201430599611
799,0.14411442651992704
800,0.1441087147239329
801,0.14410300773422136
802,0.14409730561287754
803,0.1440916084218243
804,0.14408591622281752
805,0.14408022907744242
806,0.144074547047109
807,0.1440688701930475
808,0.14406319857630417
809,0.14405753225773715
810,0.14405187129801206
811,0.14404621575759796
812,0.1440405656967628
813,0.1440349211755699
814,0.14402928225387315
815,0.14402364899131298
816,0.14401802144731293
817,0.14401239968107457
818,0.14400678375157439
819,0.14400117371755933
820,0.14399556963754287
821,0.1439899715698014
822,0.14398437957236968
823,0.14397879370303776
824,0.1439732140193467
825,0.1439676405785848
826,0.143962073437784
827,0.14395651265371578
828,0.1439509582828883
829,0.14394541038154185
830,0.1439398690056456
831,0.14393433421089427
832,0.14392880605270453
833,0.1439232845862107
834,0.14391776986626273
835,0.1439122619474216
836,0.1439067608839565
837,0.14390126672984133
838,0.14389577953875163
839,0.14389029936406114
840,0.14388482625883814
841,0.14387936027584364
842,0.14387390146752677
843,0.1438684498860225
844,0.14386300558314863
845,0.14385756861040253
846,0.14385213901895808
847,0.14384671685966358
848,0.14384130218303773
849,0.1438358950392677
850,0.14383049547820614
851,0.14382510354936823
852,0.14381971930192952
853,0.14381434278472294
854,0.14380897404623585
855,0.1438036131346087
856,0.1437982600976312
857,0.14379291498274083
858,0.14378757783702023
859,0.14378224870719444
860,0.14377692763962951
861,0.1437716146803292
862,0.14376630987493336
863,0.14376101326871626
864,0.1437557249065834
865,0.1437504448330703
866,0.14374517309234028
867,0.1437399097281827
868,0.14373465478401062
869,0.14372940830285935
870,0.14372417032738433
871,0.14371894089986
872,0.14371372006217736
873,0.14370850785584266
874,0.14370330432197606
875,0.14369810950130957
876,0.14369292343418608
877,0.14368774616055752
878,0.14368257771998344
879,0.14367741815163
880,0.14367226749426878
881,0.14366712578627477
882,0.1436619930656258
883,0.14365686936990127
884,0.14365175473628128
885,0.14364664920154496
886,0.14364155280207008
887,0.1436364655738317
888,0.14363138755240148
889,0.14362631877294676
890,0.14362125927022992
891,0.1436162090786074
892,0.14361116823202874
893,0.14360613676403655
894,0.14360111470776557
895,0.1435961020959418
896,0.14359109896088304
897,0.14358610533449667
898,0.143581121248281
899,0.1435761467333237
900,0.14357118182030204
901,0.14356622653948228
902,0.14356128092072004
903,0.143556344993459
904,0.14355141878673194
905,0.14354650232915994
906,0.14354159564895233
907,0.14353669877390707
908,0.14353181173141027
909,0.1435269345484369
910,0.14352206725155017
911,0.14351720986690225
912,0.14351236242023427
913,0.14350752493687646
914,0.14350269744174848
915,0.14349787995936045
916,0.14349307251381183
917,0.14348827512879309
918,0.14348348782758566
919,0.14347871063306292
920,0.1434739435676896
921,0.1434691866535239
922,0.14346443991221658
923,0.14345970336501282
924,0.14345497703275223
925,0.14345026093586974
926,0.14344555509439644
927,0.14344085952796032
928,0.1434361742557869
929,0.1434314992967006
930,0.14342683466912545
931,0.1434221803910854
932,0.14341753648020655
933,0.14341290295371714
934,0.14340827982844873
935,0.14340366712083802
936,0.14339906484692666
937,0.14339447302236416
938,0.14338989166240726
939,0.14338532078192245
940,0.14338076039538653
941,0.14337621051688795
942,0.14337167116012878
943,0.14336714233842512
944,0.1433626240647089
945,0.14335811635152929
946,0.1433536192110543
947,0.14334913265507182
948,0.14334465669499155
949,0.14334019134184586
950,0.1433357366062922
951,0.14333129249861376
952,0.14332685902872214
953,0.14332243620615745
954,0.14331802404009172
955,0.143313622539329
956,0.14330923171230822
957,0.143304851567104
958,0.14330048211142918
959,0.1432961233526358
960,0.14329177529771733
961,0.14328743795331098
962,0.14328311132569813
963,0.14327879542080763
964,0.1432744902442165
965,0.1432701958011529
966,0.14326591209649725
967,0.14326163913478432
968,0.14325737692020518
969,0.14325312545660931
970,0.14324888474750674
971,0.14324465479606927
972,0.1432404356051336
973,0.1432362271772022
974,0.14323202951444627
975,0.14322784261870747
976,0.1432236664914996
977,0.14321950113401138
978,0.14321534654710805
979,0.1432112027313342
980,0.1432070696869144
981,0.14320294741375703
982,0.14319883591145555
983,0.14319473517929066
984,0.14319064521623284
985,0.14318656602094412
986,0.14318249759178092
987,0.14317843992679516
988,0.1431743930237379
989,0.14317035688006038
990,0.14316633149291658
991,0.14316231685916597
992,0.1431583129753752
993,0.14315431983782054
994,0.14315033744249006
995,0.14314636578508622
996,0.1431424048610277
997,0.14313845466545208
998,0.14313451519321788
999,0.14313058643890708
1000,0.1431266683968268
1001,0.14312276106101304
1002,0.14311886442523108
1003,0.14311497848297947
1004,0.1431111032274913
1005,0.1431072386517369
1006,0.1431033847484262
1007,0.14309954151001128
1008,0.14309570892868786
1009,0.14309188699639874
1010,0.14308807570483528
1011,0.1430842750454403
1012,0.14308048500940973
1013,0.1430767055876958
1014,0.14307293677100905
1015,0.14306917854982018
1016,0.14306543091436305
1017,0.1430616938546367
1018,0.14305796736040796
1019,0.143054251421213
1020,0.1430505460263608
1021,0.1430468511649351
1022,0.14304316682579551
1023,0.1430394929975819
1024,0.14303582966871545
1025,0.14303217682740071
1026,0.1430285344616291
1027,0.14302490255918007
1028,0.14302128110762427
1029,0.14301767009432512
1030,0.14301406950644163
1031,0.14301047933093053
1032,0.14300689955454868
1033,0.14300333016385489
1034,0.14299977114521292
1035,0.14299622248479327
1036,0.14299268416857547
1037,0.14298915618235059
1038,0.14298563851172322
1039,0.14298213114211386
1040,0.1429786340587614
1041,0.14297514724672503
1042,0.1429716706908861
1043,0.14296820437595154
1044,0.1429647482864548
1045,0.1429613024067589
1046,0.14295786672105815
1047,0.1429544412133807
1048,0.1429510258675904
1049,0.14294762066738925
1050,0.14294422559631928
1051,0.14294084063776513
1052,0.1429374657749559
1053,0.1429341009909671
1054,0.14293074626872318
1055,0.14292740159099987
1056,0.1429240669404251
1057,0.14292074229948282
1058,0.14291742765051352
1059,0.14291412297571748
1060,0.14291082825715598
1061,0.14290754347675425
1062,0.14290426861630245
1063,0.1429010036574587
1064,0.14289774858175047
1065,0.14289450337057716
1066,0.14289126800521146
1067,0.1428880424668018
1068,0.1428848267363744
1069,0.14288162079483466
1070,0.14287842462297007
1071,0.1428752382014513
1072,0.14287206151083445
1073,0.14286889453156343
1074,0.14286573724397086
1075,0.1428625896282813
1076,0.14285945166461175
1077,0.14285632333297482
1078,0.14285320461328
1079,0.14285009548533492
1080,0.14284699592884859
1081,0.14284390592343207
1082,0.1428408254486006
1083,0.14283775448377614
1084,0.14283469300828794
1085,0.14283164100137538
1086,0.1428285984421887
1087,0.14282556530979248
1088,0.14282254158316526
1089,0.14281952724120273
1090,0.14281652226271938
1091,0.14281352662644942
1092,0.14281054031104926
1093,0.1428075632950987
1094,0.14280459555710306
1095,0.14280163707549456
1096,0.1427986878286338
1097,0.14279574779481186
1098,0.14279281695225166
1099,0.1427898952791096
1100,0.14278698275347715
1101,0.1427840793533824
1102,0.14278118505679205
1103,0.14277829984161197
1104,0.14277542368569024
1105,0.14277255656681745
1106,0.1427696984627284
1107,0.1427668493511043
1108,0.1427640092095736
1109,0.142761178015714
1110,0.1427583557470531
1111,0.14275554238107088
1112,0.14275273789520052
1113,0.1427499422668301
1114,0.14274715547330366
1115,0.14274437749192306
1116,0.1427416082999492
1117,0.1427388478746034
1118,0.1427360961930688
1119,0.14273335323249142
1120,0.1427306189699822
1121,0.14272789338261752
1122,0.1427251764474415
