1,0.17520419092880976
2,0.17228727379018632
3,0.1704196570201568
4,0.16937340178805216
5,0.1688624347345248
6,0.1686356554387727
7,0.16854000773220223
8,0.1684999835138906
9,0.1684826695136625
10,0.16847461917801654
11,0.16847045900888025
12,0.16846801787219448
13,0.16846638519736434
14,0.16846515717151586
15,0.16846414288717976
16,0.16846324640179003
17,0.1684624169973864
18,0.16846162684113325
19,0.16846086026406418
20,0.1684601082979129
21,0.16845936575563206
22,0.16845862961705085
23,0.16845789811564435
24,0.16845717021438114
25,0.16845644530219428
26,0.16845572301726
27,0.1684550031437767
28,0.16845428555156022
29,0.16845357016065532
30,0.16845285692058834
31,0.16845214579820025
32,0.16845143677051017
33,0.16845072982052683
34,0.16845002493479147
35,0.16844932210193753
36,0.16844862131184363
37,0.16844792255513613
38,0.1684472258229
39,0.16844653110650534
40,0.16844583839750843
41,0.1684451476875917
42,0.16844445896852953
43,0.16844377223216786
44,0.16844308747041098
45,0.1684424046752155
46,0.16844172383858533
47,0.16844104495256945
48,0.16844036800925966
49,0.1684396930007901
50,0.1684390199193358
51,0.16843834875711308
52,0.16843767950637858
53,0.16843701215942886
54,0.16843634670859978
55,0.16843568314626733
56,0.1684350214648463
57,0.16843436165679046
58,0.16843370371459251
59,0.1684330476307833
60,0.16843239339793162
61,0.1684317410086446
62,0.1684310904555673
63,0.1684304417313818
64,0.16842979482880768
65,0.16842914974060122
66,0.16842850645955618
67,0.1684278649785024
68,0.1684272252903059
69,0.1684265873878692
70,0.1684259512641308
71,0.16842531691206442
72,0.16842468432468
73,0.16842405349502163
74,0.16842342441616975
75,0.16842279708123847
76,0.16842217148337718
77,0.1684215476157694
78,0.16842092547163315
79,0.16842030504422023
80,0.16841968632681628
81,0.16841906931273998
82,0.16841845399534477
83,0.16841784036801555
84,0.16841722842417128
85,0.1684166181572637
86,0.1684160095607766
87,0.1684154026282267
88,0.16841479735316237
89,0.16841419372916427
90,0.16841359174984513
91,0.16841299140884874
92,0.16841239269985078
93,0.16841179561655756
94,0.16841120015270736
95,0.16841060630206853
96,0.1684100140584405
97,0.16840942341565313
98,0.16840883436756654
99,0.16840824690807102
100,0.16840766103108673
101,0.1684070767305639
102,0.16840649400048194
103,0.16840591283484987
104,0.16840533322770643
105,0.16840475517311865
106,0.16840417866518284
107,0.16840360369802415
108,0.16840303026579656
109,0.16840245836268145
110,0.16840188798288952
111,0.16840131912065925
112,0.16840075177025643
113,0.16840018592597564
114,0.16839962158213806
115,0.1683990587330929
116,0.16839849737321624
117,0.16839793749691154
118,0.16839737909860947
119,0.16839682217276652
120,0.16839626671386676
121,0.16839571271642023
122,0.16839516017496406
123,0.16839460908406018
124,0.16839405943829772
125,0.16839351123229113
126,0.16839296446068083
127,0.16839241911813285
128,0.1683918751993381
129,0.1683913326990134
130,0.16839079161190051
131,0.16839025193276602
132,0.16838971365640135
133,0.168389176777623
134,0.16838864129127162
135,0.1683881071922125
136,0.16838757447533495
137,0.1683870431355527
138,0.16838651316780331
139,0.16838598456704856
140,0.16838545732827326
141,0.1683849314464863
142,0.16838440691671994
143,0.16838388373402988
144,0.168383361893495
145,0.1683828413902166
146,0.16838232221932006
147,0.16838180437595263
148,0.16838128785528456
149,0.16838077265250836
150,0.16838025876283966
151,0.16837974618151594
152,0.16837923490379642
153,0.1683787249249628
154,0.1683782162403188
155,0.16837770884519013
156,0.16837720273492307
157,0.16837669790488682
158,0.16837619435047083
159,0.1683756920670868
160,0.16837519105016727
161,0.1683746912951656
162,0.16837419279755617
163,0.16837369555283457
164,0.16837319955651667
165,0.16837270480413902
166,0.16837221129125882
167,0.1683717190134538
168,0.16837122796632129
169,0.16837073814547981
170,0.1683702495465666
171,0.16836976216523997
172,0.1683692759971773
173,0.16836879103807634
174,0.1683683072836539
175,0.16836782472964582
176,0.16836734337180873
177,0.16836686320591734
178,0.16836638422776615
179,0.16836590643316823
180,0.16836542981795588
181,0.16836495437798046
182,0.1683644801091117
183,0.16836400700723803
184,0.16836353506826665
185,0.1683630642881229
186,0.1683625946627508
187,0.1683621261881122
188,0.16836165886018778
189,0.1683611926749753
190,0.16836072762849122
191,0.16836026371676951
192,0.16835980093586217
193,0.16835933928183838
194,0.16835887875078548
195,0.16835841933880766
196,0.16835796104202685
197,0.16835750385658202
198,0.16835704777862992
199,0.1683565928043435
200,0.1683561389299132
201,0.1683556861515464
202,0.16835523446546735
203,0.16835478386791664
204,0.16835433435515187
205,0.168353885923447
206,0.16835343856909227
207,0.1683529922883946
208,0.1683525470776776
209,0.16835210293327957
210,0.16835165985155692
211,0.1683512178288804
212,0.16835077686163744
213,0.16835033694623144
214,0.16834989807908107
215,0.16834946025662137
216,0.168349023475302
217,0.16834858773158953
218,0.16834815302196438
219,0.1683477193429233
220,0.1683472866909781
221,0.16834685506265606
222,0.16834642445449893
223,0.1683459948630637
224,0.1683455662849228
225,0.16834513871666293
226,0.16834471215488622
227,0.16834428659620843
228,0.16834386203726143
229,0.16834343847469005
230,0.16834301590515485
231,0.16834259432533039
232,0.1683421737319054
233,0.16834175412158323
234,0.1683413354910806
235,0.16834091783712937
236,0.16834050115647495
237,0.16834008544587692
238,0.168339670702108
239,0.1683392569219557
240,0.16833884410222094
241,0.16833843223971803
242,0.16833802133127493
243,0.16833761137373382
244,0.16833720236394933
245,0.16833679429879014
246,0.1683363871751379
247,0.168335980989888
248,0.1683355757399486
249,0.16833517142224086
250,0.16833476803369923
251,0.1683343655712716
252,0.16833396403191755
253,0.1683335634126109
254,0.16833316371033732
255,0.1683327649220953
256,0.16833236704489649
257,0.16833197007576456
258,0.16833157401173612
259,0.16833117884985982
260,0.16833078458719727
261,0.1683303912208218
262,0.1683299987478195
263,0.16832960716528822
264,0.16832921647033827
265,0.16832882666009213
266,0.16832843773168385
267,0.16832804968226006
268,0.1683276625089786
269,0.16832727620900959
270,0.16832689077953522
271,0.16832650621774828
272,0.16832612252085466
273,0.16832573968607056
274,0.16832535771062485
275,0.1683249765917572
276,0.1683245963267183
277,0.16832421691277138
278,0.16832383834719036
279,0.16832346062725997
280,0.1683230837502771
281,0.16832270771354851
282,0.1683223325143934
283,0.1683219581501416
284,0.16832158461813293
285,0.16832121191571955
286,0.16832084004026346
287,0.16832046898913822
288,0.1683200987597274
289,0.16831972934942596
290,0.16831936075563897
291,0.1683189929757826
292,0.16831862600728298
293,0.16831825984757737
294,0.16831789449411316
295,0.16831752994434762
296,0.16831716619574943
297,0.16831680324579687
298,0.1683164410919783
299,0.16831607973179255
300,0.16831571916274898
301,0.16831535938236644
302,0.16831500038817374
303,0.16831464217770997
304,0.1683142847485245
305,0.1683139280981759
306,0.16831357222423324
307,0.1683132171242746
308,0.16831286279588825
309,0.16831250923667235
310,0.1683121564442345
311,0.16831180441619153
312,0.1683114531501706
313,0.16831110264380789
314,0.16831075289474912
315,0.1683104039006493
316,0.16831005565917292
317,0.16830970816799382
318,0.16830936142479502
319,0.16830901542726906
320,0.16830867017311751
321,0.1683083256600507
322,0.16830798188578872
323,0.1683076388480601
324,0.16830729654460277
325,0.1683069549731636
326,0.16830661413149822
327,0.1683062740173712
328,0.16830593462855611
329,0.16830559596283498
330,0.16830525801799906
331,0.16830492079184767
332,0.16830458428218958
333,0.16830424848684167
334,0.1683039134036294
335,0.16830357903038715
336,0.16830324536495683
337,0.1683029124051904
338,0.16830258014894706
339,0.16830224859409473
340,0.16830191773850933
341,0.16830158758007593
342,0.16830125811668714
343,0.16830092934624374
344,0.1683006012666553
345,0.168300273875839
346,0.16829994717172053
347,0.16829962115223304
348,0.16829929581531838
349,0.1682989711589262
350,0.16829864718101387
351,0.16829832387954674
352,0.1682980012524981
353,0.1682976792978496
354,0.1682973580135897
355,0.1682970373977156
356,0.16829671744823113
357,0.16829639816314884
358,0.16829607954048853
359,0.16829576157827789
360,0.16829544427455143
361,0.1682951276273523
362,0.16829481163473023
363,0.16829449629474294
364,0.16829418160545542
365,0.16829386756494036
366,0.16829355417127706
367,0.16829324142255336
368,0.16829292931686327
369,0.16829261785230876
370,0.16829230702699882
371,0.1682919968390492
372,0.16829168728658403
373,0.16829137836773353
374,0.16829107008063504
375,0.16829076242343372
376,0.16829045539428097
377,0.16829014899133563
378,0.16828984321276375
379,0.1682895380567376
380,0.16828923352143688
381,0.16828892960504785
382,0.1682886263057644
383,0.16828832362178606
384,0.16828802155132036
385,0.16828772009258047
386,0.16828741924378687
387,0.16828711900316684
388,0.16828681936895393
389,0.16828652033938868
390,0.16828622191271825
391,0.1682859240871957
392,0.1682856268610816
393,0.16828533023264228
394,0.16828503420015098
395,0.16828473876188726
396,0.16828444391613664
397,0.16828414966119234
398,0.16828385599535242
399,0.16828356291692215
400,0.16828327042421276
401,0.16828297851554214
402,0.16828268718923392
403,0.16828239644361845
404,0.16828210627703208
405,0.16828181668781694
406,0.16828152767432208
407,0.16828123923490174
408,0.1682809513679171
409,0.16828066407173492
410,0.16828037734472787
411,0.16828009118527495
412,0.16827980559176153
413,0.1682795205625774
414,0.16827923609612025
415,0.16827895219079197
416,0.16827866884500153
417,0.1682783860571628
418,0.1682781038256964
419,0.16827782214902795
420,0.16827754102558903
421,0.1682772604538176
422,0.16827698043215625
423,0.16827670095905395
424,0.16827642203296528
425,0.1682761436523501
426,0.16827586581567436
427,0.16827558852140925
428,0.16827531176803148
429,0.16827503555402387
430,0.16827475987787413
431,0.16827448473807563
432,0.16827421013312702
433,0.16827393606153274
434,0.16827366252180276
435,0.1682733895124519
436,0.16827311703200062
437,0.16827284507897458
438,0.16827257365190534
439,0.1682723027493291
440,0.16827203236978744
441,0.16827176251182732
442,0.16827149317400084
443,0.1682712243548657
444,0.16827095605298423
445,0.1682706882669242
446,0.16827042099525838
447,0.16827015423656444
448,0.1682698879894258
449,0.1682696222524305
450,0.16826935702417176
451,0.16826909230324785
452,0.16826882808826155
453,0.168268564377821
454,0.16826830117053973
455,0.1682680384650356
456,0.16826777625993145
457,0.1682675145538553
458,0.16826725334543985
459,0.16826699263332262
460,0.1682667324161462
461,0.16826647269255757
462,0.16826621346120904
463,0.16826595472075678
464,0.1682656964698631
465,0.16826543870719368
466,0.16826518143141958
467,0.168264924641217
468,0.16826466833526554
469,0.1682644125122503
470,0.16826415717086096
471,0.168263902309792
472,0.16826364792774143
473,0.16826339402341323
474,0.16826314059551545
475,0.1682628876427599
476,0.16826263516386364
477,0.16826238315754838
478,0.16826213162253983
479,0.16826188055756805
480,0.16826162996136834
481,0.16826137983267966
482,0.16826113017024524
483,0.16826088097281347
484,0.16826063223913648
485,0.1682603839679708
486,0.16826013615807753
487,0.16825988880822204
488,0.16825964191717332
489,0.16825939548370566
490,0.16825914950659743
491,0.16825890398463006
492,0.1682586589165904
493,0.1682584143012691
494,0.1682581701374615
495,0.16825792642396614
496,0.16825768315958614
497,0.16825744034312898
498,0.1682571979734058
499,0.1682569560492325
500,0.1682567145694284
501,0.1682564735328165
502,0.1682562329382253
503,0.16825599278448602
504,0.16825575307043464
505,0.16825551379491052
506,0.1682552749567572
507,0.16825503655482255
508,0.16825479858795767
509,0.1682545610550182
510,0.16825432395486367
511,0.16825408728635702
512,0.16825385104836535
513,0.16825361523975974
514,0.16825337985941466
515,0.1682531449062088
516,0.16825291037902498
517,0.16825267627674914
518,0.16825244259827077
519,0.16825220934248464
520,0.1682519765082869
521,0.16825174409458005
522,0.16825151210026829
523,0.16825128052426014
524,0.1682510493654684
525,0.16825081862280863
526,0.1682505882952007
527,0.16825035838156754
528,0.16825012888083665
529,0.16824989979193777
530,0.1682496711138054
531,0.16824944284537716
532,0.16824921498559406
533,0.16824898753340126
534,0.1682487604877467
535,0.16824853384758243
536,0.16824830761186346
537,0.16824808177954897
538,0.16824785634960115
539,0.16824763132098564
540,0.1682474066926717
541,0.1682471824636322
542,0.1682469586328429
543,0.16824673519928332
544,0.16824651216193656
545,0.16824628951978837
546,0.16824606727182873
547,0.16824584541705062
548,0.16824562395445003
549,0.16824540288302703
550,0.16824518220178403
551,0.16824496190972762
552,0.16824474200586725
553,0.16824452248921556
554,0.16824430335878846
555,0.16824408461360577
556,0.16824386625268958
557,0.16824364827506566
558,0.16824343067976302
559,0.16824321346581345
560,0.16824299663225292
561,0.16824278017811933
562,0.16824256410245464
563,0.1682423484043035
564,0.16824213308271374
565,0.16824191813673622
566,0.1682417035654256
567,0.16824148936783861
568,0.16824127554303567
569,0.16824106209008
570,0.16824084900803843
571,0.16824063629598002
572,0.16824042395297714
573,0.16824021197810568
574,0.16824000037044418
575,0.16823978912907353
576,0.16823957825307884
577,0.16823936774154732
578,0.16823915759356908
579,0.16823894780823798
580,0.16823873838465012
581,0.16823852932190475
582,0.16823832061910385
583,0.16823811227535246
584,0.16823790428975854
585,0.16823769666143307
586,0.16823748938948935
587,0.16823728247304418
588,0.1682370759112168
589,0.16823686970312934
590,0.16823666384790703
591,0.1682364583446774
592,0.16823625319257132
593,0.16823604839072193
594,0.16823584393826546
595,0.16823563983434126
596,0.16823543607809066
597,0.16823523266865795
598,0.1682350296051907
599,0.16823482688683877
600,0.16823462451275464
601,0.1682344224820935
602,0.1682342207940134
603,0.1682340194476754
604,0.16823381844224242
605,0.1682336177768807
606,0.16823341745075904
607,0.16823321746304845
608,0.168233017812923
609,0.168232818499559
610,0.16823261952213617
611,0.168232420879836
612,0.1682322225718425
613,0.1682320245973433
614,0.16823182695552735
615,0.16823162964558683
616,0.16823143266671628
617,0.16823123601811307
618,0.16823103969897701
619,0.1682308437085096
620,0.1682306480459161
621,0.16823045271040363
622,0.16823025770118197
623,0.16823006301746307
624,0.16822986865846168
625,0.1682296746233948
626,0.1682294809114823
627,0.1682292875219459
628,0.1682290944540099
629,0.16822890170690136
630,0.16822870927984981
631,0.16822851717208662
632,0.1682283253828458
633,0.16822813391136396
634,0.16822794275687997
635,0.16822775191863495
636,0.16822756139587253
637,0.16822737118783865
638,0.16822718129378153
639,0.16822699171295147
640,0.16822680244460203
641,0.16822661348798784
642,0.1682264248423668
643,0.16822623650699847
644,0.16822604848114542
645,0.1682258607640718
646,0.168225673355044
647,0.16822548625333145
648,0.16822529945820505
649,0.16822511296893822
650,0.16822492678480697
651,0.16822474090508893
652,0.16822455532906427
653,0.16822437005601548
654,0.16822418508522652
655,0.16822400041598504
656,0.16822381604757955
657,0.16822363197930099
658,0.16822344821044277
659,0.16822326474030053
660,0.16822308156817173
661,0.16822289869335594
662,0.16822271611515535
663,0.16822253383287372
664,0.16822235184581716
665,0.1682221701532943
