1,0.42559891402529854
2,0.30048682602558985
3,0.21947343825456483
4,0.17935195917705765
5,0.5282069455974397
6,0.4856377961214791
7,0.32076304642172143
8,0.21663671500239723
9,0.17569377090209803
10,0.1599988549478934
11,0.15314513018773848
12,0.1497696202375777
13,0.14795164537365427
14,0.14690660342306652
15,0.14627619675808434
16,0.14588180188556685
17,0.14562803697528603
18,0.14546112821788834
19,0.14534941406707974
20,0.14527358640182367
21,0.14522152830648732
22,0.1451854544020833
23,0.1451602638806354
24,0.1451425601428912
25,0.1451300505663926
26,0.14512117003562983
27,0.14511483987130816
28,0.14511031068256688
29,0.14510705833934506
30,0.14510471419041474
31,0.14510301771608608
32,0.1451017840856267
33,0.14510088173876304
34,0.14510021678115725
35,0.14509972205497673
36,0.14509934944302752
37,0.14509906442509413
38,0.14509884221246033
39,0.1450986649940769
40,0.14509851996926781
41,0.14509839793908405
42,0.14509829229574364
43,0.14509819829653262
44,0.14509811254145277
45,0.14509803259708626
46,0.1450979567255703
47,0.1450978836892221
48,0.14509781260967694
49,0.14509774286633606
50,0.1450976740231759
51,0.14509760577603092
52,0.1450975379146551
53,0.1450974702954514
54,0.14509740282190067
55,0.14509733543054357
56,0.14509726808096418
57,0.14509720074865715
58,0.1450971334199652
59,0.14509706608850564
60,0.14509699875266238
61,0.14509693141383762
62,0.14509686407524916
63,0.1450967967411082
64,0.14509672941607232
65,0.14509666210488564
66,0.14509659481215437
67,0.1450965275422118
68,0.14509646029904497
69,0.1450963930862644
70,0.1450963259070996
71,0.14509625876441168
72,0.1450961916607156
73,0.14509612459820856
74,0.14509605757879995
75,0.14509599060414077
76,0.14509592367565394
77,0.14509585679456088
78,0.14509578996190597
79,0.14509572317857997
80,0.1450956564453398
81,0.14509558976282627
82,0.14509552313158028
83,0.14509545655205588
84,0.1450953900246333
85,0.14509532354962845
86,0.1450952571273025
87,0.14509519075786967
88,0.1450951244415034
89,0.14509505817834334
90,0.1450949919684988
91,0.14509492581205455
92,0.1450948597090732
93,0.14509479365959915
94,0.14509472766366147
95,0.14509466172127503
96,0.14509459583244372
97,0.1450945299971618
98,0.14509446421541464
99,0.14509439848718098
100,0.1450943328124335
101,0.14509426719113952
102,0.14509420162326225
103,0.14509413610876076
104,0.14509407064759153
105,0.14509400523970772
106,0.14509393988506086
107,0.14509387458360012
108,0.145093809335273
109,0.14509374414002615
110,0.14509367899780456
111,0.1450936139085522
112,0.14509354887221254
113,0.14509348388872823
114,0.1450934189580415
115,0.1450933540800934
116,0.1450932892548259
117,0.14509322448217926
118,0.14509315976209472
119,0.14509309509451213
120,0.1450930304793722
121,0.1450929659166144
122,0.14509290140617978
123,0.14509283694800756
124,0.14509277254203776
125,0.1450927081882106
126,0.14509264388646578
127,0.1450925796367431
128,0.14509251543898283
129,0.14509245129312448
130,0.14509238719910844
131,0.14509232315687468
132,0.14509225916636315
133,0.14509219522751388
134,0.14509213134026752
135,0.14509206750456408
136,0.1450920037203439
137,0.14509193998754744
138,0.14509187630611514
139,0.14509181267598786
140,0.14509174909710582
141,0.14509168556941027
142,0.1450916220928415
143,0.14509155866734064
144,0.14509149529284887
145,0.1450914319693069
146,0.14509136869665598
147,0.14509130547483753
148,0.14509124230379286
149,0.14509117918346295
150,0.14509111611378983
151,0.14509105309471468
152,0.14509099012617957
153,0.1450909272081258
154,0.14509086434049545
155,0.14509080152323034
156,0.1450907387562725
157,0.14509067603956416
158,0.1450906133730472
159,0.14509055075666422
160,0.14509048819035733
161,0.14509042567406893
162,0.1450903632077417
163,0.14509030079131827
164,0.14509023842474097
165,0.14509017610795322
166,0.1450901138408972
167,0.14509005162351632
168,0.14508998945575316
169,0.14508992733755116
170,0.14508986526885354
171,0.14508980324960355
172,0.14508974127974447
173,0.1450896793592196
174,0.14508961748797272
175,0.14508955566594747
176,0.14508949389308726
177,0.14508943216933612
178,0.14508937049463777
179,0.14508930886893626
180,0.1450892472921756
181,0.14508918576429997
182,0.14508912428525336
183,0.14508906285498013
184,0.14508900147342474
185,0.14508894014053172
186,0.14508887885624527
187,0.1450888176205101
188,0.14508875643327102
189,0.14508869529447277
190,0.1450886342040602
191,0.1450885731619782
192,0.14508851216817162
193,0.14508845122258576
194,0.14508839032516585
195,0.1450883294758571
196,0.14508826867460478
197,0.1450882079213541
198,0.14508814721605104
199,0.1450880865586409
200,0.14508802594906928
201,0.14508796538728191
202,0.14508790487322473
203,0.14508784440684355
204,0.14508778398808447
205,0.1450877236168934
206,0.14508766329321648
207,0.145087603017
208,0.14508754278819014
209,0.14508748260673346
210,0.14508742247257622
211,0.14508736238566503
212,0.14508730234594644
213,0.14508724235336717
214,0.14508718240787416
215,0.1450871225094139
216,0.1450870626579334
217,0.14508700285337978
218,0.1450869430957
219,0.14508688338484146
220,0.14508682372075102
221,0.1450867641033763
222,0.14508670453266437
223,0.14508664500856294
224,0.14508658553101927
225,0.14508652609998124
226,0.14508646671539652
227,0.14508640737721273
228,0.14508634808537774
229,0.14508628883983965
230,0.14508622964054596
231,0.14508617048744532
232,0.14508611138048563
233,0.14508605231961483
234,0.14508599330478167
235,0.1450859343359341
236,0.14508587541302106
237,0.14508581653599054
238,0.1450857577047916
239,0.14508569891937242
240,0.1450856401796822
241,0.1450855814856693
242,0.1450855228372829
243,0.14508546423447202
244,0.1450854056771856
245,0.1450853471653727
246,0.14508528869898243
247,0.14508523027796438
248,0.1450851719022673
249,0.14508511357184128
250,0.1450850552866354
251,0.1450849970465991
252,0.14508493885168233
253,0.1450848807018345
254,0.14508482259700545
255,0.14508476453714522
256,0.14508470652220343
257,0.1450846485521304
258,0.14508459062687581
259,0.14508453274639027
260,0.14508447491062335
261,0.1450844171195257
262,0.14508435937304778
263,0.1450843016711398
264,0.14508424401375217
265,0.1450841864008356
266,0.14508412883234073
267,0.14508407130821824
268,0.1450840138284188
269,0.14508395639289348
270,0.1450838990015928
271,0.14508384165446817
272,0.1450837843514704
273,0.14508372709255077
274,0.1450836698776602
275,0.1450836127067501
276,0.14508355557977204
277,0.14508349849667704
278,0.14508344145741672
279,0.1450833844619426
280,0.14508332751020644
281,0.1450832706021598
282,0.14508321373775446
283,0.14508315691694224
284,0.1450831001396749
285,0.1450830434059044
286,0.14508298671558312
287,0.14508293006866277
288,0.1450828734650957
289,0.1450828169048341
290,0.14508276038783033
291,0.14508270391403646
292,0.1450826474834051
293,0.14508259109588903
294,0.1450825347514405
295,0.1450824784500123
296,0.14508242219155687
297,0.1450823659760273
298,0.14508230980337622
299,0.14508225367355684
300,0.1450821975865217
301,0.14508214154222415
302,0.14508208554061705
303,0.1450820295816539
304,0.14508197366528772
305,0.14508191779147175
306,0.1450818619601597
307,0.14508180617130462
308,0.14508175042486027
309,0.14508169472077995
310,0.14508163905901764
311,0.1450815834395269
312,0.1450815278622613
313,0.1450814723271751
314,0.1450814168342217
315,0.14508136138335548
316,0.1450813059745304
317,0.14508125060770025
318,0.14508119528281943
319,0.1450811399998421
320,0.14508108475872278
321,0.14508102955941535
322,0.14508097440187478
323,0.1450809192860551
324,0.145080864211911
325,0.1450808091793973
326,0.14508075418846827
327,0.1450806992390791
328,0.14508064433118417
329,0.14508058946473865
330,0.14508053463969747
331,0.14508047985601538
332,0.14508042511364772
333,0.14508037041254934
334,0.14508031575267546
335,0.14508026113398156
336,0.14508020655642279
337,0.14508015201995458
338,0.1450800975245323
339,0.14508004307011127
340,0.14507998865664742
341,0.1450799342840963
342,0.14507987995241328
343,0.14507982566155447
344,0.1450797714114755
345,0.1450797172021321
346,0.14507966303348063
347,0.1450796089054768
348,0.14507955481807655
349,0.14507950077123627
350,0.145079446764912
351,0.14507939279906004
352,0.1450793388736366
353,0.1450792849885981
354,0.1450792311439008
355,0.1450791773395015
356,0.14507912357535668
357,0.14507906985142258
358,0.14507901616765637
359,0.14507896252401445
360,0.14507890892045364
361,0.14507885535693096
362,0.14507880183340327
363,0.14507874834982737
364,0.14507869490616032
365,0.14507864150235944
366,0.14507858813838165
367,0.1450785348141843
368,0.14507848152972452
369,0.14507842828495968
370,0.1450783750798473
371,0.14507832191434455
372,0.14507826878840924
373,0.14507821570199889
374,0.14507816265507087
375,0.14507810964758322
376,0.14507805667949328
377,0.1450780037507591
378,0.1450779508613386
379,0.14507789801118948
380,0.14507784520026984
381,0.14507779242853752
382,0.14507773969595114
383,0.14507768700246837
384,0.14507763434804752
385,0.1450775817326469
386,0.14507752915622474
387,0.14507747661873951
388,0.14507742412014962
389,0.1450773716604137
390,0.14507731923949008
391,0.1450772668573376
392,0.14507721451391464
393,0.14507716220918024
394,0.14507710994309297
395,0.14507705771561152
396,0.14507700552669525
397,0.14507695337630283
398,0.14507690126439318
399,0.14507684919092553
400,0.145076797155859
401,0.14507674515915267
402,0.14507669320076594
403,0.1450766412806579
404,0.14507658939878793
405,0.14507653755511557
406,0.1450764857496001
407,0.14507643398220108
408,0.14507638225287825
409,0.14507633056159108
410,0.1450762789082994
411,0.14507622729296274
412,0.1450761757155409
413,0.14507612417599391
414,0.1450760726742816
415,0.1450760212103639
416,0.1450759697842008
417,0.14507591839575243
418,0.1450758670449788
419,0.1450758157318401
420,0.1450757644562968
421,0.14507571321830875
422,0.1450756620178369
423,0.14507561085484105
424,0.14507555972928207
425,0.1450755086411202
426,0.14507545759031584
427,0.14507540657682996
428,0.14507535560062337
429,0.1450753046616563
430,0.1450752537598899
431,0.14507520289528464
432,0.14507515206780183
433,0.14507510127740203
434,0.14507505052404632
435,0.1450749998076959
436,0.14507494912831165
437,0.14507489848585473
438,0.14507484788028657
439,0.14507479731156828
440,0.14507474677966115
441,0.14507469628452654
442,0.145074645826126
443,0.14507459540442055
444,0.14507454501937223
445,0.14507449467094222
446,0.14507444435909242
447,0.14507439408378434
448,0.14507434384497983
449,0.14507429364264057
450,0.1450742434767284
451,0.1450741933472052
452,0.1450741432540328
453,0.14507409319717335
454,0.14507404317658884
455,0.14507399319224126
456,0.14507394324409284
457,0.14507389333210566
458,0.1450738434562422
459,0.14507379361646455
460,0.14507374381273508
461,0.14507369404501616
462,0.14507364431327036
463,0.14507359461745986
464,0.14507354495754765
465,0.14507349533349592
466,0.14507344574526784
467,0.1450733961928254
468,0.1450733466761319
469,0.14507329719514991
470,0.1450732477498422
471,0.14507319834017182
472,0.14507314896610177
473,0.14507309962759493
474,0.14507305032461437
475,0.1450730010571232
476,0.1450729518250845
477,0.14507290262846156
478,0.1450728534672176
479,0.14507280434131584
480,0.14507275525071978
481,0.14507270619539273
482,0.14507265717529802
483,0.14507260819039924
484,0.1450725592406601
485,0.14507251032604393
486,0.1450724614465144
487,0.1450724126020354
488,0.14507236379257044
489,0.14507231501808338
490,0.14507226627853823
491,0.14507221757389846
492,0.1450721689041285
493,0.14507212026919203
494,0.14507207166905314
495,0.14507202310367587
496,0.1450719745730243
497,0.14507192607706285
498,0.14507187761575538
499,0.14507182918906641
500,0.14507178079696026
501,0.14507173243940116
502,0.14507168411635366
503,0.145071635827782
504,0.14507158757365088
505,0.14507153935392483
506,0.1450714911685685
507,0.1450714430175465
508,0.14507139490082324
509,0.145071346818364
510,0.14507129877013306
511,0.14507125075609537
512,0.14507120277621632
513,0.14507115483046015
514,0.1450711069187921
515,0.1450710590411774
516,0.14507101119758076
517,0.14507096338796752
518,0.14507091561230298
519,0.14507086787055207
520,0.14507082016267997
521,0.14507077248865224
522,0.14507072484843422
523,0.1450706772419912
524,0.14507062966928874
525,0.14507058213029211
526,0.14507053462496694
527,0.14507048715327894
528,0.14507043971519357
529,0.1450703923106765
530,0.14507034493969356
531,0.14507029760221038
532,0.14507025029819282
533,0.1450702030276068
534,0.14507015579041813
535,0.14507010858659283
536,0.14507006141609674
537,0.14507001427889593
538,0.14506996717495668
539,0.14506992010424502
540,0.14506987306672697
541,0.14506982606236868
542,0.14506977909113664
543,0.14506973215299704
544,0.14506968524791636
545,0.14506963837586076
546,0.14506959153679677
547,0.14506954473069072
548,0.14506949795750942
549,0.1450694512172195
550,0.1450694045097872
551,0.14506935783517927
552,0.14506931119336247
553,0.14506926458430378
554,0.14506921800796954
555,0.1450691714643268
556,0.14506912495334262
557,0.14506907847498346
558,0.1450690320292168
559,0.14506898561600912
560,0.14506893923532788
561,0.14506889288714
562,0.14506884657141259
563,0.1450688002881128
564,0.145068754037208
565,0.14506870781866546
566,0.14506866163245227
567,0.14506861547853583
568,0.1450685693568837
569,0.14506852326746308
570,0.14506847721024158
571,0.14506843118518697
572,0.14506838519226634
573,0.14506833923144755
574,0.1450682933026982
575,0.14506824740598595
576,0.1450682015412786
577,0.14506815570854384
578,0.14506810990774943
579,0.14506806413886342
580,0.14506801840185368
581,0.145067972696688
582,0.1450679270233345
583,0.14506788138176102
584,0.1450678357719358
585,0.145067790193827
586,0.14506774464740255
587,0.14506769913263082
588,0.14506765364948002
589,0.14506760819791828
590,0.14506756277791405
591,0.14506751738943569
592,0.14506747203245157
593,0.1450674267069301
594,0.14506738141283962
595,0.14506733615014883
596,0.14506729091882659
597,0.14506724571884091
598,0.1450672005501607
599,0.1450671554127548
600,0.1450671103065917
601,0.14506706523164006
602,0.14506702018786924
603,0.14506697517524764
604,0.14506693019374403
605,0.14506688524332753
606,0.14506684032396727
607,0.1450667954356319
608,0.14506675057829085
609,0.145066705751913
610,0.1450666609564675
611,0.14506661619192338
612,0.14506657145825003
613,0.14506652675541684
614,0.1450664820833926
615,0.14506643744214723
616,0.14506639283164965
617,0.1450663482518694
618,0.14506630370277607
619,0.14506625918433894
620,0.14506621469652764
621,0.14506617023931162
622,0.1450661258126607
623,0.1450660814165443
624,0.14506603705093227
625,0.14506599271579426
626,0.14506594841110004
627,0.1450659041368194
628,0.14506585989292203
629,0.14506581567937818
630,0.14506577149615743
631,0.14506572734322984
632,0.1450656832205654
633,0.14506563912813408
634,0.1450655950659062
635,0.14506555103385146
636,0.14506550703194027
637,0.14506546306014279
638,0.14506541911842924
639,0.14506537520676985
640,0.1450653313251351
641,0.14506528747349481
642,0.14506524365182
643,0.14506519986008068
644,0.14506515609824738
645,0.1450651123662908
646,0.14506506866418106
647,0.14506502499188909
648,0.1450649813493853
649,0.1450649377366404
650,0.14506489415362514
651,0.14506485060031005
652,0.14506480707666597
653,0.1450647635826637
654,0.14506472011827412
655,0.145064676683468
656,0.1450646332782164
657,0.14506458990248997
658,0.14506454655625992
659,0.1450645032394973
660,0.14506445995217288
661,0.14506441669425818
662,0.1450643734657238
663,0.1450643302665414
664,0.14506428709668187
665,0.1450642439561166
666,0.14506420084481672
667,0.14506415776275355
668,0.14506411470989872
669,0.1450640716862232
670,0.1450640286916986
671,0.14506398572629634
672,0.14506394278998816
673,0.14506389988274518
674,0.14506385700453905
675,0.14506381415534156
676,0.1450637713351243
677,0.14506372854385882
678,0.14506368578151696
679,0.14506364304807035
680,0.14506360034349078
681,0.1450635576677502
682,0.14506351502082035
683,0.14506347240267295
684,0.14506342981328033
685,0.14506338725261408
686,0.14506334472064628
687,0.14506330221734906
688,0.14506325974269454
689,0.1450632172966545
690,0.14506317487920145
691,0.14506313249030736
692,0.1450630901299444
693,0.1450630477980849
694,0.14506300549470108
695,0.14506296321976533
696,0.14506292097324996
697,0.14506287875512727
698,0.14506283656536972
699,0.14506279440394984
700,0.14506275227084
701,0.1450627101660127
702,0.1450626680894408
703,0.1450626260410963
704,0.14506258402095243
705,0.14506254202898153
706,0.14506250006515645
707,0.1450624581294497
708,0.14506241622183405
709,0.14506237434228253
710,0.14506233249076772
711,0.14506229066726276
712,0.14506224887174032
713,0.1450622071041735
714,0.14506216536453495
715,0.14506212365279797
716,0.1450620819689356
717,0.14506204031292066
718,0.14506199868472655
719,0.14506195708432626
720,0.14506191551169273
721,0.14506187396679987
722,0.14506183244961995
723,0.14506179096012695
724,0.14506174949829384
725,0.1450617080640941
726,0.14506166665750106
727,0.14506162527848823
728,0.14506158392702878
729,0.1450615426030964
730,0.14506150130666454
731,0.14506146003770665
732,0.14506141879619644
733,0.14506137758210746
734,0.14506133639541344
735,0.1450612952360878
736,0.1450612541041043
737,0.1450612129994369
738,0.14506117192205917
739,0.1450611308719449
740,0.14506108984906815
741,0.14506104885340249
742,0.14506100788492196
743,0.1450609669436006
744,0.145060926029412
745,0.14506088514233037
746,0.14506084428232993
747,0.14506080344938446
748,0.14506076264346832
749,0.1450607218645554
750,0.14506068111261988
751,0.14506064038763603
752,0.14506059968957824
753,0.14506055901842027
754,0.1450605183741367
755,0.14506047775670192
756,0.14506043716609032
757,0.1450603966022761
758,0.14506035606523368
759,0.14506031555493748
760,0.14506027507136215
761,0.1450602346144821
762,0.1450601941842719
763,0.14506015378070594
764,0.14506011340375916
765,0.14506007305340582
766,0.14506003272962079
767,0.1450599924323788
768,0.14505995216165457
769,0.14505991191742265
770,0.14505987169965798
771,0.14505983150833557
772,0.1450597913434299
773,0.1450597512049161
774,0.14505971109276905
775,0.14505967100696354
776,0.1450596309474749
777,0.14505959091427773
778,0.14505955090734746
779,0.14505951092665856
780,0.1450594709721868
781,0.14505943104390703
782,0.1450593911417944
783,0.14505935126582398
784,0.14505931141597123
785,0.14505927159221121
786,0.14505923179451927
787,0.14505919202287076
788,0.14505915227724098
789,0.1450591125576054
790,0.14505907286393926
791,0.1450590331962181
792,0.14505899355441731
793,0.14505895393851265
794,0.1450589143484793
795,0.14505887478429283
796,0.1450588352459292
797,0.14505879573336367
798,0.14505875624657177
799,0.14505871678552956
800,0.14505867735021266
801,0.1450586379405966
802,0.1450585985566574
803,0.1450585591983705
804,0.14505851986571194
805,0.1450584805586578
806,0.14505844127718368
807,0.14505840202126552
808,0.1450583627908792
809,0.1450583235860008
810,0.14505828440660642
811,0.14505824525267194
812,0.14505820612417342
813,0.14505816702108687
814,0.14505812794338868
815,0.14505808889105476
816,0.14505804986406132
817,0.14505801086238473
818,0.14505797188600095
819,0.14505793293488647
820,0.14505789400901753
821,0.14505785510837035
822,0.14505781623292144
823,0.1450577773826472
824,0.14505773855752374
825,0.1450576997575278
826,0.14505766098263562
827,0.14505762223282406
828,0.14505758350806902
829,0.14505754480834768
830,0.14505750613363616
831,0.14505746748391143
832,0.1450574288591501
833,0.1450573902593285
834,0.14505735168442346
835,0.145057313134412
836,0.14505727460927031
837,0.14505723610897586
838,0.14505719763350491
839,0.14505715918283443
840,0.14505712075694135
841,0.1450570823558027
842,0.14505704397939492
843,0.14505700562769552
844,0.1450569673006812
845,0.1450569289983289
846,0.14505689072061578
847,0.14505685246751884
848,0.14505681423901534
849,0.1450567760350821
850,0.1450567378556963
851,0.1450566997008354
852,0.1450566615704762
853,0.1450566234645962
854,0.1450565853831727
855,0.14505654732618287
856,0.1450565092936038
857,0.14505647128541316
858,0.14505643330158816
859,0.14505639534210635
860,0.14505635740694478
861,0.14505631949608122
862,0.14505628160949302
863,0.14505624374715767
864,0.14505620590905285
865,0.14505616809515592
866,0.14505613030544431
867,0.1450560925398961
868,0.14505605479848857
869,0.14505601708119945
870,0.1450559793880066
871,0.1450559417188873
872,0.1450559040738197
873,0.14505586645278148
874,0.14505582885575047
875,0.14505579128270427
876,0.14505575373362095
877,0.14505571620847818
878,0.1450556787072541
879,0.14505564122992656
880,0.14505560377647345
881,0.14505556634687275
882,0.14505552894110252
883,0.1450554915591405
884,0.1450554542009654
885,0.14505541686655468
886,0.14505537955588665
887,0.14505534226893976
888,0.14505530500569172
889,0.14505526776612096
890,0.14505523055020544
891,0.1450551933579238
892,0.14505515618925413
893,0.14505511904417465
894,0.14505508192266367
895,0.14505504482469958
896,0.14505500775026092
897,0.1450549706993258
898,0.14505493367187278
899,0.14505489666788027
900,0.14505485968732693
901,0.1450548227301912
902,0.14505478579645126
903,0.14505474888608597
904,0.14505471199907405
905,0.1450546751353938
906,0.14505463829502396
907,0.1450546014779433
908,0.1450545646841302
909,0.14505452791356366
910,0.1450544911662223
911,0.14505445444208478
912,0.1450544177411302
913,0.14505438106333698
914,0.1450543444086841
915,0.1450543077771506
916,0.14505427116871492
917,0.1450542345833564
918,0.14505419802105393
919,0.1450541614817861
920,0.14505412496553233
921,0.14505408847227141
922,0.14505405200198235
923,0.14505401555464426
924,0.14505397913023624
925,0.1450539427287375
926,0.14505390635012697
927,0.14505386999438388
928,0.14505383366148716
929,0.1450537973514166
930,0.14505376106415102
931,0.14505372479966966
932,0.14505368855795214
933,0.1450536523389773
934,0.14505361614272466
935,0.14505357996917356
936,0.1450535438183035
937,0.14505350769009384
938,0.14505347158452395
939,0.1450534355015732
940,0.1450533994412213
941,0.14505336340344746
942,0.14505332738823137
943,0.14505329139555248
944,0.1450532554253906
945,0.14505321947772515
946,0.1450531835525356
947,0.14505314764980184
948,0.14505311176950336
949,0.14505307591162017
950,0.14505304007613143
951,0.14505300426301748
952,0.14505296847225757
953,0.14505293270383177
954,0.14505289695772003
955,0.14505286123390188
956,0.14505282553235724
957,0.145052789853066
958,0.14505275419600808
959,0.14505271856116358
960,0.14505268294851226
961,0.14505264735803405
962,0.14505261178970913
963,0.14505257624351742
964,0.14505254071943893
965,0.14505250521745386
966,0.14505246973754204
967,0.14505243427968412
968,0.14505239884385956
969,0.14505236343004893
970,0.14505232803823248
971,0.14505229266839012
972,0.14505225732050234
973,0.14505222199454915
974,0.1450521866905111
975,0.14505215140836827
976,0.1450521161481012
977,0.14505208090968996
978,0.14505204569311525
979,0.1450520104983572
980,0.14505197532539627
981,0.145051940174213
982,0.14505190504478788
983,0.1450518699371012
984,0.1450518348511334
985,0.14505179978686555
986,0.14505176474427767
987,0.14505172972335054
988,0.1450516947240647
989,0.14505165974640083
990,0.1450516247903395
991,0.1450515898558616
992,0.14505155494294733
993,0.1450515200515779
994,0.14505148518173394
995,0.145051450333396
996,0.14505141550654502
997,0.14505138070116178
998,0.14505134591722707
999,0.14505131115472167
1000,0.1450512764136266
1001,0.1450512416939227
1002,0.14505120699559082
1003,0.14505117231861211
1004,0.14505113766296718
1005,0.1450511030286372
1006,0.14505106841560297
1007,0.14505103382384607
1008,0.14505099925334697
1009,0.14505096470408688
1010,0.14505093017604706
1011,0.14505089566920842
1012,0.14505086118355212
1013,0.14505082671905964
1014,0.14505079227571152
1015,0.1450507578534897
1016,0.1450507234523748
1017,0.1450506890723484
1018,0.14505065471339168
1019,0.14505062037548577
1020,0.1450505860586122
1021,0.14505055176275203
1022,0.14505051748788705
1023,0.14505048323399825
1024,0.14505044900106712
1025,0.14505041478907515
1026,0.1450503805980038
1027,0.14505034642783413
1028,0.14505031227854823
1029,0.1450502781501271
1030,0.14505024404255248
1031,0.14505020995580611
1032,0.14505017588986918
1033,0.14505014184472342
1034,0.1450501078203505
1035,0.14505007381673202
1036,0.14505003983384962
1037,0.14505000587168485
1038,0.14504997193021948
1039,0.14504993800943547
1040,0.1450499041093142
1041,0.14504987022983765
1042,0.1450498363709874
1043,0.14504980253274552
1044,0.14504976871509337
1045,0.1450497349180133
1046,0.14504970114148677
1047,0.1450496673854959
1048,0.1450496336500226
1049,0.1450495999350487
1050,0.14504956624055607
1051,0.1450495325665269
1052,0.14504949891294297
1053,0.14504946527978624
1054,0.14504943166703899
1055,0.145049398074683
1056,0.14504936450270048
1057,0.14504933095107356
1058,0.14504929741978423
1059,0.14504926390881467
1060,0.14504923041814696
1061,0.14504919694776322
1062,0.14504916349764588
1063,0.14504913006777703
1064,0.14504909665813895
1065,0.14504906326871359
1066,0.14504902989948376
1067,0.14504899655043124
1068,0.14504896322153846
1069,0.14504892991278803
1070,0.14504889662416184
1071,0.14504886335564277
1072,0.14504883010721303
1073,0.14504879687885475
1074,0.1450487636705507
1075,0.14504873048228317
1076,0.14504869731403464
1077,0.14504866416578763
1078,0.14504863103752466
1079,0.1450485979292282
1080,0.14504856484088083
1081,0.14504853177246516
1082,0.14504849872396383
1083,0.14504846569535926
1084,0.14504843268663437
1085,0.1450483996977715
1086,0.1450483667287535
1087,0.145048333779563
1088,0.14504830085018267
1089,0.14504826794059528
1090,0.14504823505078382
1091,0.1450482021807307
1092,0.14504816933041878
1093,0.1450481364998309
1094,0.14504810368895005
1095,0.14504807089775887
1096,0.1450480381262403
1097,0.14504800537437715
1098,0.14504797264215238
1099,0.1450479399295489
1100,0.14504790723654973
1101,0.14504787456313775
1102,0.14504784190929615
1103,0.14504780927500752
1104,0.14504777666025512
1105,0.1450477440650219
1106,0.14504771148929133
1107,0.1450476789330458
1108,0.14504764639626894
1109,0.14504761387894355
1110,0.1450475813810529
1111,0.1450475489025804
1112,0.1450475164435087
1113,0.14504748400382128
1114,0.14504745158350144
