1,0.7613465723069955
2,0.7386777367305268
3,0.5952367645896004
4,0.2075074136760096
5,0.1704098197102401
6,0.16920768580517465
7,0.1690860404122971
8,0.16906699337594455
9,0.16906282445867638
10,0.16906165642781404
11,0.16906128250540234
12,0.1690611558084495
13,0.16906111194775544
14,0.1690610966458934
15,0.16906109129283686
16,0.1690610894183721
17,0.16906108876177448
18,0.1690610885317507
19,0.1690610884511638
20,0.16906108842293055
21,0.169061088413039
22,0.16906108840957346
23,0.16906108840835943
24,0.16906108840793405
25,0.16906108840778486
26,0.16906108840773276
27,0.16906108840771447
28,0.16906108840770806
29,0.1690610884077058
30,0.16906108840770515
31,0.16906108840770476
32,0.16906108840770454
33,0.1690610884077047
34,0.16906108840770456
35,0.16906108840770465
36,0.16906108840770465
37,0.16906108840770465
38,0.16906108840770465
39,0.16906108840770465
40,0.16906108840770465
41,0.16906108840770465
42,0.16906108840770465
43,0.16906108840770465
44,0.16906108840770465
45,0.16906108840770465
46,0.16906108840770465
47,0.16906108840770465
48,0.16906108840770465
49,0.16906108840770465
50,0.16906108840770465
51,0.16906108840770465
52,0.16906108840770465
53,0.16906108840770465
54,0.16906108840770465
55,0.16906108840770465
56,0.16906108840770465
57,0.16906108840770465
58,0.16906108840770465
59,0.16906108840770465
60,0.16906108840770465
61,0.16906108840770465
62,0.16906108840770465
63,0.16906108840770465
64,0.16906108840770465
65,0.16906108840770465
66,0.16906108840770465
67,0.16906108840770465
68,0.16906108840770465
69,0.16906108840770465
70,0.16906108840770465
71,0.16906108840770465
72,0.16906108840770465
73,0.16906108840770465
74,0.16906108840770465
75,0.16906108840770465
76,0.16906108840770465
77,0.16906108840770465
78,0.16906108840770465
79,0.16906108840770465
80,0.16906108840770465
81,0.16906108840770465
82,0.16906108840770465
83,0.16906108840770465
84,0.16906108840770465
85,0.16906108840770465
86,0.16906108840770465
87,0.16906108840770465
88,0.16906108840770465
89,0.16906108840770465
90,0.16906108840770465
91,0.16906108840770465
92,0.16906108840770465
93,0.16906108840770465
94,0.16906108840770465
95,0.16906108840770465
96,0.16906108840770465
97,0.16906108840770465
98,0.16906108840770465
99,0.16906108840770465
100,0.16906108840770465
101,0.16906108840770465
102,0.16906108840770465
103,0.16906108840770465
104,0.16906108840770465
105,0.16906108840770465
106,0.16906108840770465
107,0.16906108840770465
108,0.16906108840770465
109,0.16906108840770465
110,0.16906108840770465
111,0.16906108840770465
112,0.16906108840770465
113,0.16906108840770465
114,0.16906108840770465
115,0.16906108840770465
116,0.16906108840770465
117,0.16906108840770465
118,0.16906108840770465
119,0.16906108840770465
120,0.16906108840770465
121,0.16906108840770465
122,0.16906108840770465
123,0.16906108840770465
124,0.16906108840770465
125,0.16906108840770465
126,0.16906108840770465
127,0.16906108840770465
128,0.16906108840770465
129,0.16906108840770465
130,0.16906108840770465
131,0.16906108840770465
132,0.16906108840770465
133,0.16906108840770465
134,0.16906108840770465
135,0.16906108840770465
136,0.16906108840770465
137,0.16906108840770465
138,0.16906108840770465
139,0.16906108840770465
140,0.16906108840770465
141,0.16906108840770465
142,0.16906108840770465
143,0.16906108840770465
144,0.16906108840770465
145,0.16906108840770465
146,0.16906108840770465
147,0.16906108840770465
148,0.16906108840770465
149,0.16906108840770465
150,0.16906108840770465
151,0.16906108840770465
152,0.16906108840770465
153,0.16906108840770465
154,0.16906108840770465
155,0.16906108840770465
156,0.16906108840770465
157,0.16906108840770465
158,0.16906108840770465
159,0.16906108840770465
160,0.16906108840770465
161,0.16906108840770465
162,0.16906108840770465
163,0.16906108840770465
164,0.16906108840770465
165,0.16906108840770465
166,0.16906108840770465
167,0.16906108840770465
168,0.16906108840770465
169,0.16906108840770465
170,0.16906108840770465
171,0.16906108840770465
172,0.16906108840770465
173,0.16906108840770465
174,0.16906108840770465
175,0.16906108840770465
176,0.16906108840770465
177,0.16906108840770465
178,0.16906108840770465
179,0.16906108840770465
180,0.16906108840770465
181,0.16906108840770465
182,0.16906108840770465
183,0.16906108840770465
184,0.16906108840770465
185,0.16906108840770465
186,0.16906108840770465
187,0.16906108840770465
188,0.16906108840770465
189,0.16906108840770465
190,0.16906108840770465
191,0.16906108840770465
192,0.16906108840770465
193,0.16906108840770465
194,0.16906108840770465
195,0.16906108840770465
196,0.16906108840770465
197,0.16906108840770465
198,0.16906108840770465
199,0.16906108840770465
200,0.16906108840770465
201,0.16906108840770465
202,0.16906108840770465
203,0.16906108840770465
204,0.16906108840770465
205,0.16906108840770465
206,0.16906108840770465
207,0.16906108840770465
208,0.16906108840770465
209,0.16906108840770465
210,0.16906108840770465
211,0.16906108840770465
212,0.16906108840770465
213,0.16906108840770465
214,0.16906108840770465
215,0.16906108840770465
216,0.16906108840770465
217,0.16906108840770465
218,0.16906108840770465
219,0.16906108840770465
220,0.16906108840770465
221,0.16906108840770465
222,0.16906108840770465
223,0.16906108840770465
224,0.16906108840770465
225,0.16906108840770465
226,0.16906108840770465
227,0.16906108840770465
228,0.16906108840770465
229,0.16906108840770465
230,0.16906108840770465
231,0.16906108840770465
232,0.16906108840770465
233,0.16906108840770465
234,0.16906108840770465
235,0.16906108840770465
236,0.16906108840770465
237,0.16906108840770465
238,0.16906108840770465
239,0.16906108840770465
240,0.16906108840770465
241,0.16906108840770465
242,0.16906108840770465
243,0.16906108840770465
244,0.16906108840770465
245,0.16906108840770465
246,0.16906108840770465
247,0.16906108840770465
248,0.16906108840770465
249,0.16906108840770465
250,0.16906108840770465
251,0.16906108840770465
252,0.16906108840770465
253,0.16906108840770465
254,0.16906108840770465
255,0.16906108840770465
256,0.16906108840770465
257,0.16906108840770465
258,0.16906108840770465
259,0.16906108840770465
260,0.16906108840770465
261,0.16906108840770465
262,0.16906108840770465
263,0.16906108840770465
264,0.16906108840770465
265,0.16906108840770465
266,0.16906108840770465
267,0.16906108840770465
268,0.16906108840770465
269,0.16906108840770465
270,0.16906108840770465
271,0.16906108840770465
272,0.16906108840770465
273,0.16906108840770465
274,0.16906108840770465
275,0.16906108840770465
276,0.16906108840770465
277,0.16906108840770465
278,0.16906108840770465
279,0.16906108840770465
280,0.16906108840770465
281,0.16906108840770465
282,0.16906108840770465
283,0.16906108840770465
284,0.16906108840770465
285,0.16906108840770465
286,0.16906108840770465
287,0.16906108840770465
288,0.16906108840770465
289,0.16906108840770465
290,0.16906108840770465
291,0.16906108840770465
292,0.16906108840770465
293,0.16906108840770465
294,0.16906108840770465
295,0.16906108840770465
296,0.16906108840770465
297,0.16906108840770465
298,0.16906108840770465
299,0.16906108840770465
300,0.16906108840770465
301,0.16906108840770465
302,0.16906108840770465
303,0.16906108840770465
304,0.16906108840770465
305,0.16906108840770465
306,0.16906108840770465
307,0.16906108840770465
308,0.16906108840770465
309,0.16906108840770465
310,0.16906108840770465
311,0.16906108840770465
312,0.16906108840770465
313,0.16906108840770465
314,0.16906108840770465
315,0.16906108840770465
316,0.16906108840770465
317,0.16906108840770465
318,0.16906108840770465
319,0.16906108840770465
320,0.16906108840770465
321,0.16906108840770465
322,0.16906108840770465
323,0.16906108840770465
324,0.16906108840770465
325,0.16906108840770465
326,0.16906108840770465
327,0.16906108840770465
328,0.16906108840770465
329,0.16906108840770465
330,0.16906108840770465
331,0.16906108840770465
332,0.16906108840770465
333,0.16906108840770465
334,0.16906108840770465
335,0.16906108840770465
336,0.16906108840770465
337,0.16906108840770465
338,0.16906108840770465
339,0.16906108840770465
340,0.16906108840770465
341,0.16906108840770465
342,0.16906108840770465
343,0.16906108840770465
344,0.16906108840770465
345,0.16906108840770465
346,0.16906108840770465
347,0.16906108840770465
348,0.16906108840770465
349,0.16906108840770465
350,0.16906108840770465
351,0.16906108840770465
352,0.16906108840770465
353,0.16906108840770465
354,0.16906108840770465
355,0.16906108840770465
356,0.16906108840770465
357,0.16906108840770465
358,0.16906108840770465
359,0.16906108840770465
360,0.16906108840770465
361,0.16906108840770465
362,0.16906108840770465
363,0.16906108840770465
364,0.16906108840770465
365,0.16906108840770465
366,0.16906108840770465
367,0.16906108840770465
368,0.16906108840770465
369,0.16906108840770465
370,0.16906108840770465
371,0.16906108840770465
372,0.16906108840770465
373,0.16906108840770465
374,0.16906108840770465
375,0.16906108840770465
376,0.16906108840770465
377,0.16906108840770465
378,0.16906108840770465
379,0.16906108840770465
380,0.16906108840770465
381,0.16906108840770465
382,0.16906108840770465
383,0.16906108840770465
384,0.16906108840770465
385,0.16906108840770465
386,0.16906108840770465
387,0.16906108840770465
388,0.16906108840770465
389,0.16906108840770465
390,0.16906108840770465
391,0.16906108840770465
392,0.16906108840770465
393,0.16906108840770465
394,0.16906108840770465
395,0.16906108840770465
396,0.16906108840770465
397,0.16906108840770465
398,0.16906108840770465
399,0.16906108840770465
400,0.16906108840770465
401,0.16906108840770465
402,0.16906108840770465
403,0.16906108840770465
404,0.16906108840770465
405,0.16906108840770465
406,0.16906108840770465
407,0.16906108840770465
408,0.16906108840770465
409,0.16906108840770465
410,0.16906108840770465
411,0.16906108840770465
412,0.16906108840770465
413,0.16906108840770465
414,0.16906108840770465
415,0.16906108840770465
416,0.16906108840770465
417,0.16906108840770465
418,0.16906108840770465
419,0.16906108840770465
420,0.16906108840770465
421,0.16906108840770465
422,0.16906108840770465
423,0.16906108840770465
424,0.16906108840770465
425,0.16906108840770465
426,0.16906108840770465
427,0.16906108840770465
428,0.16906108840770465
429,0.16906108840770465
430,0.16906108840770465
431,0.16906108840770465
432,0.16906108840770465
433,0.16906108840770465
434,0.16906108840770465
435,0.16906108840770465
436,0.16906108840770465
437,0.16906108840770465
438,0.16906108840770465
439,0.16906108840770465
440,0.16906108840770465
441,0.16906108840770465
442,0.16906108840770465
443,0.16906108840770465
444,0.16906108840770465
445,0.16906108840770465
446,0.16906108840770465
447,0.16906108840770465
448,0.16906108840770465
449,0.16906108840770465
450,0.16906108840770465
451,0.16906108840770465
452,0.16906108840770465
453,0.16906108840770465
454,0.16906108840770465
455,0.16906108840770465
456,0.16906108840770465
457,0.16906108840770465
458,0.16906108840770465
459,0.16906108840770465
460,0.16906108840770465
461,0.16906108840770465
462,0.16906108840770465
463,0.16906108840770465
464,0.16906108840770465
465,0.16906108840770465
466,0.16906108840770465
467,0.16906108840770465
468,0.16906108840770465
469,0.16906108840770465
470,0.16906108840770465
471,0.16906108840770465
472,0.16906108840770465
473,0.16906108840770465
474,0.16906108840770465
475,0.16906108840770465
476,0.16906108840770465
477,0.16906108840770465
478,0.16906108840770465
479,0.16906108840770465
480,0.16906108840770465
481,0.16906108840770465
482,0.16906108840770465
483,0.16906108840770465
484,0.16906108840770465
485,0.16906108840770465
486,0.16906108840770465
487,0.16906108840770465
488,0.16906108840770465
489,0.16906108840770465
490,0.16906108840770465
491,0.16906108840770465
492,0.16906108840770465
493,0.16906108840770465
494,0.16906108840770465
495,0.16906108840770465
496,0.16906108840770465
497,0.16906108840770465
498,0.16906108840770465
499,0.16906108840770465
500,0.16906108840770465
501,0.16906108840770465
502,0.16906108840770465
503,0.16906108840770465
504,0.16906108840770465
505,0.16906108840770465
506,0.16906108840770465
507,0.16906108840770465
508,0.16906108840770465
509,0.16906108840770465
510,0.16906108840770465
511,0.16906108840770465
512,0.16906108840770465
513,0.16906108840770465
514,0.16906108840770465
515,0.16906108840770465
516,0.16906108840770465
517,0.16906108840770465
518,0.16906108840770465
519,0.16906108840770465
520,0.16906108840770465
521,0.16906108840770465
522,0.16906108840770465
523,0.16906108840770465
524,0.16906108840770465
525,0.16906108840770465
526,0.16906108840770465
527,0.16906108840770465
528,0.16906108840770465
529,0.16906108840770465
530,0.16906108840770465
531,0.16906108840770465
532,0.16906108840770465
533,0.16906108840770465
534,0.16906108840770465
535,0.16906108840770465
536,0.16906108840770465
537,0.16906108840770465
538,0.16906108840770465
539,0.16906108840770465
540,0.16906108840770465
541,0.16906108840770465
542,0.16906108840770465
543,0.16906108840770465
544,0.16906108840770465
545,0.16906108840770465
546,0.16906108840770465
547,0.16906108840770465
548,0.16906108840770465
549,0.16906108840770465
550,0.16906108840770465
551,0.16906108840770465
552,0.16906108840770465
553,0.16906108840770465
554,0.16906108840770465
555,0.16906108840770465
556,0.16906108840770465
557,0.16906108840770465
558,0.16906108840770465
559,0.16906108840770465
560,0.16906108840770465
561,0.16906108840770465
562,0.16906108840770465
563,0.16906108840770465
564,0.16906108840770465
565,0.16906108840770465
566,0.16906108840770465
567,0.16906108840770465
568,0.16906108840770465
569,0.16906108840770465
570,0.16906108840770465
571,0.16906108840770465
572,0.16906108840770465
573,0.16906108840770465
574,0.16906108840770465
575,0.16906108840770465
576,0.16906108840770465
577,0.16906108840770465
578,0.16906108840770465
579,0.16906108840770465
580,0.16906108840770465
581,0.16906108840770465
582,0.16906108840770465
583,0.16906108840770465
584,0.16906108840770465
585,0.16906108840770465
586,0.16906108840770465
587,0.16906108840770465
588,0.16906108840770465
589,0.16906108840770465
590,0.16906108840770465
591,0.16906108840770465
592,0.16906108840770465
593,0.16906108840770465
594,0.16906108840770465
595,0.16906108840770465
596,0.16906108840770465
597,0.16906108840770465
598,0.16906108840770465
599,0.16906108840770465
600,0.16906108840770465
601,0.16906108840770465
602,0.16906108840770465
603,0.16906108840770465
604,0.16906108840770465
605,0.16906108840770465
606,0.16906108840770465
607,0.16906108840770465
608,0.16906108840770465
609,0.16906108840770465
610,0.16906108840770465
611,0.16906108840770465
612,0.16906108840770465
613,0.16906108840770465
614,0.16906108840770465
615,0.16906108840770465
616,0.16906108840770465
617,0.16906108840770465
618,0.16906108840770465
619,0.16906108840770465
620,0.16906108840770465
621,0.16906108840770465
622,0.16906108840770465
623,0.16906108840770465
624,0.16906108840770465
625,0.16906108840770465
626,0.16906108840770465
627,0.16906108840770465
628,0.16906108840770465
629,0.16906108840770465
630,0.16906108840770465
631,0.16906108840770465
632,0.16906108840770465
633,0.16906108840770465
634,0.16906108840770465
635,0.16906108840770465
636,0.16906108840770465
637,0.16906108840770465
638,0.16906108840770465
639,0.16906108840770465
640,0.16906108840770465
641,0.16906108840770465
642,0.16906108840770465
643,0.16906108840770465
644,0.16906108840770465
645,0.16906108840770465
646,0.16906108840770465
647,0.16906108840770465
648,0.16906108840770465
649,0.16906108840770465
650,0.16906108840770465
651,0.16906108840770465
652,0.16906108840770465
653,0.16906108840770465
654,0.16906108840770465
655,0.16906108840770465
656,0.16906108840770465
657,0.16906108840770465
658,0.16906108840770465
659,0.16906108840770465
660,0.16906108840770465
661,0.16906108840770465
662,0.16906108840770465
663,0.16906108840770465
664,0.16906108840770465
665,0.16906108840770465
666,0.16906108840770465
667,0.16906108840770465
668,0.16906108840770465
669,0.16906108840770465
670,0.16906108840770465
671,0.16906108840770465
672,0.16906108840770465
673,0.16906108840770465
674,0.16906108840770465
675,0.16906108840770465
676,0.16906108840770465
677,0.16906108840770465
678,0.16906108840770465
679,0.16906108840770465
680,0.16906108840770465
681,0.16906108840770465
682,0.16906108840770465
683,0.16906108840770465
684,0.16906108840770465
685,0.16906108840770465
686,0.16906108840770465
687,0.16906108840770465
688,0.16906108840770465
689,0.16906108840770465
690,0.16906108840770465
691,0.16906108840770465
692,0.16906108840770465
693,0.16906108840770465
694,0.16906108840770465
695,0.16906108840770465
696,0.16906108840770465
697,0.16906108840770465
698,0.16906108840770465
699,0.16906108840770465
700,0.16906108840770465
701,0.16906108840770465
702,0.16906108840770465
703,0.16906108840770465
704,0.16906108840770465
705,0.16906108840770465
706,0.16906108840770465
707,0.16906108840770465
708,0.16906108840770465
709,0.16906108840770465
710,0.16906108840770465
711,0.16906108840770465
712,0.16906108840770465
713,0.16906108840770465
714,0.16906108840770465
715,0.16906108840770465
716,0.16906108840770465
717,0.16906108840770465
718,0.16906108840770465
719,0.16906108840770465
720,0.16906108840770465
721,0.16906108840770465
722,0.16906108840770465
723,0.16906108840770465
724,0.16906108840770465
725,0.16906108840770465
726,0.16906108840770465
727,0.16906108840770465
728,0.16906108840770465
729,0.16906108840770465
730,0.16906108840770465
731,0.16906108840770465
732,0.16906108840770465
733,0.16906108840770465
734,0.16906108840770465
735,0.16906108840770465
736,0.16906108840770465
737,0.16906108840770465
738,0.16906108840770465
739,0.16906108840770465
740,0.16906108840770465
741,0.16906108840770465
742,0.16906108840770465
743,0.16906108840770465
744,0.16906108840770465
745,0.16906108840770465
746,0.16906108840770465
747,0.16906108840770465
748,0.16906108840770465
749,0.16906108840770465
750,0.16906108840770465
751,0.16906108840770465
752,0.16906108840770465
753,0.16906108840770465
754,0.16906108840770465
755,0.16906108840770465
756,0.16906108840770465
757,0.16906108840770465
758,0.16906108840770465
759,0.16906108840770465
760,0.16906108840770465
761,0.16906108840770465
762,0.16906108840770465
763,0.16906108840770465
764,0.16906108840770465
765,0.16906108840770465
766,0.16906108840770465
767,0.16906108840770465
768,0.16906108840770465
769,0.16906108840770465
770,0.16906108840770465
771,0.16906108840770465
772,0.16906108840770465
773,0.16906108840770465
774,0.16906108840770465
775,0.16906108840770465
776,0.16906108840770465
777,0.16906108840770465
778,0.16906108840770465
779,0.16906108840770465
780,0.16906108840770465
781,0.16906108840770465
782,0.16906108840770465
783,0.16906108840770465
784,0.16906108840770465
785,0.16906108840770465
786,0.16906108840770465
787,0.16906108840770465
788,0.16906108840770465
789,0.16906108840770465
790,0.16906108840770465
791,0.16906108840770465
792,0.16906108840770465
793,0.16906108840770465
794,0.16906108840770465
795,0.16906108840770465
796,0.16906108840770465
797,0.16906108840770465
798,0.16906108840770465
799,0.16906108840770465
800,0.16906108840770465
801,0.16906108840770465
802,0.16906108840770465
803,0.16906108840770465
804,0.16906108840770465
805,0.16906108840770465
806,0.16906108840770465
807,0.16906108840770465
808,0.16906108840770465
809,0.16906108840770465
810,0.16906108840770465
811,0.16906108840770465
812,0.16906108840770465
813,0.16906108840770465
814,0.16906108840770465
815,0.16906108840770465
816,0.16906108840770465
817,0.16906108840770465
818,0.16906108840770465
819,0.16906108840770465
820,0.16906108840770465
821,0.16906108840770465
822,0.16906108840770465
823,0.16906108840770465
824,0.16906108840770465
825,0.16906108840770465
826,0.16906108840770465
827,0.16906108840770465
828,0.16906108840770465
829,0.16906108840770465
830,0.16906108840770465
831,0.16906108840770465
832,0.16906108840770465
833,0.16906108840770465
834,0.16906108840770465
835,0.16906108840770465
836,0.16906108840770465
837,0.16906108840770465
838,0.16906108840770465
839,0.16906108840770465
840,0.16906108840770465
841,0.16906108840770465
842,0.16906108840770465
843,0.16906108840770465
844,0.16906108840770465
845,0.16906108840770465
846,0.16906108840770465
847,0.16906108840770465
848,0.16906108840770465
849,0.16906108840770465
850,0.16906108840770465
851,0.16906108840770465
852,0.16906108840770465
853,0.16906108840770465
854,0.16906108840770465
855,0.16906108840770465
856,0.16906108840770465
857,0.16906108840770465
858,0.16906108840770465
859,0.16906108840770465
860,0.16906108840770465
861,0.16906108840770465
862,0.16906108840770465
863,0.16906108840770465
864,0.16906108840770465
865,0.16906108840770465
866,0.16906108840770465
867,0.16906108840770465
868,0.16906108840770465
869,0.16906108840770465
870,0.16906108840770465
871,0.16906108840770465
872,0.16906108840770465
873,0.16906108840770465
874,0.16906108840770465
875,0.16906108840770465
876,0.16906108840770465
877,0.16906108840770465
878,0.16906108840770465
879,0.16906108840770465
880,0.16906108840770465
881,0.16906108840770465
882,0.16906108840770465
883,0.16906108840770465
884,0.16906108840770465
885,0.16906108840770465
886,0.16906108840770465
887,0.16906108840770465
888,0.16906108840770465
889,0.16906108840770465
890,0.16906108840770465
891,0.16906108840770465
892,0.16906108840770465
893,0.16906108840770465
894,0.16906108840770465
895,0.16906108840770465
896,0.16906108840770465
897,0.16906108840770465
898,0.16906108840770465
899,0.16906108840770465
900,0.16906108840770465
901,0.16906108840770465
902,0.16906108840770465
903,0.16906108840770465
904,0.16906108840770465
905,0.16906108840770465
906,0.16906108840770465
907,0.16906108840770465
908,0.16906108840770465
909,0.16906108840770465
910,0.16906108840770465
911,0.16906108840770465
912,0.16906108840770465
913,0.16906108840770465
914,0.16906108840770465
915,0.16906108840770465
916,0.16906108840770465
917,0.16906108840770465
918,0.16906108840770465
919,0.16906108840770465
920,0.16906108840770465
921,0.16906108840770465
922,0.16906108840770465
923,0.16906108840770465
924,0.16906108840770465
925,0.16906108840770465
926,0.16906108840770465
927,0.16906108840770465
928,0.16906108840770465
929,0.16906108840770465
930,0.16906108840770465
931,0.16906108840770465
932,0.16906108840770465
933,0.16906108840770465
934,0.16906108840770465
935,0.16906108840770465
936,0.16906108840770465
937,0.16906108840770465
938,0.16906108840770465
939,0.16906108840770465
940,0.16906108840770465
941,0.16906108840770465
942,0.16906108840770465
943,0.16906108840770465
944,0.16906108840770465
945,0.16906108840770465
946,0.16906108840770465
947,0.16906108840770465
948,0.16906108840770465
949,0.16906108840770465
950,0.16906108840770465
951,0.16906108840770465
952,0.16906108840770465
953,0.16906108840770465
954,0.16906108840770465
955,0.16906108840770465
956,0.16906108840770465
957,0.16906108840770465
958,0.16906108840770465
959,0.16906108840770465
960,0.16906108840770465
961,0.16906108840770465
962,0.16906108840770465
963,0.16906108840770465
964,0.16906108840770465
965,0.16906108840770465
966,0.16906108840770465
967,0.16906108840770465
968,0.16906108840770465
969,0.16906108840770465
970,0.16906108840770465
971,0.16906108840770465
972,0.16906108840770465
973,0.16906108840770465
974,0.16906108840770465
975,0.16906108840770465
976,0.16906108840770465
977,0.16906108840770465
978,0.16906108840770465
979,0.16906108840770465
980,0.16906108840770465
981,0.16906108840770465
982,0.16906108840770465
983,0.16906108840770465
984,0.16906108840770465
985,0.16906108840770465
986,0.16906108840770465
987,0.16906108840770465
988,0.16906108840770465
989,0.16906108840770465
990,0.16906108840770465
991,0.16906108840770465
992,0.16906108840770465
993,0.16906108840770465
994,0.16906108840770465
995,0.16906108840770465
996,0.16906108840770465
997,0.16906108840770465
998,0.16906108840770465
999,0.16906108840770465
1000,0.16906108840770465
1001,0.16906108840770465
1002,0.16906108840770465
1003,0.16906108840770465
1004,0.16906108840770465
1005,0.16906108840770465
1006,0.16906108840770465
1007,0.16906108840770465
1008,0.16906108840770465
1009,0.16906108840770465
1010,0.16906108840770465
1011,0.16906108840770465
1012,0.16906108840770465
1013,0.16906108840770465
1014,0.16906108840770465
1015,0.16906108840770465
1016,0.16906108840770465
1017,0.16906108840770465
1018,0.16906108840770465
1019,0.16906108840770465
1020,0.16906108840770465
1021,0.16906108840770465
1022,0.16906108840770465
1023,0.16906108840770465
1024,0.16906108840770465
1025,0.16906108840770465
1026,0.16906108840770465
1027,0.16906108840770465
1028,0.16906108840770465
1029,0.16906108840770465
1030,0.16906108840770465
1031,0.16906108840770465
1032,0.16906108840770465
1033,0.16906108840770465
1034,0.16906108840770465
1035,0.16906108840770465
1036,0.16906108840770465
1037,0.16906108840770465
1038,0.16906108840770465
1039,0.16906108840770465
1040,0.16906108840770465
1041,0.16906108840770465
1042,0.16906108840770465
1043,0.16906108840770465
1044,0.16906108840770465
1045,0.16906108840770465
1046,0.16906108840770465
1047,0.16906108840770465
1048,0.16906108840770465
1049,0.16906108840770465
1050,0.16906108840770465
1051,0.16906108840770465
1052,0.16906108840770465
1053,0.16906108840770465
1054,0.16906108840770465
1055,0.16906108840770465
1056,0.16906108840770465
1057,0.16906108840770465
1058,0.16906108840770465
1059,0.16906108840770465
1060,0.16906108840770465
1061,0.16906108840770465
1062,0.16906108840770465
1063,0.16906108840770465
1064,0.16906108840770465
1065,0.16906108840770465
1066,0.16906108840770465
1067,0.16906108840770465
1068,0.16906108840770465
1069,0.16906108840770465
1070,0.16906108840770465
1071,0.16906108840770465
1072,0.16906108840770465
1073,0.16906108840770465
1074,0.16906108840770465
1075,0.16906108840770465
1076,0.16906108840770465
1077,0.16906108840770465
1078,0.16906108840770465
1079,0.16906108840770465
1080,0.16906108840770465
1081,0.16906108840770465
1082,0.16906108840770465
1083,0.16906108840770465
1084,0.16906108840770465
1085,0.16906108840770465
1086,0.16906108840770465
1087,0.16906108840770465
1088,0.16906108840770465
1089,0.16906108840770465
1090,0.16906108840770465
1091,0.16906108840770465
1092,0.16906108840770465
1093,0.16906108840770465
1094,0.16906108840770465
1095,0.16906108840770465
1096,0.16906108840770465
1097,0.16906108840770465
1098,0.16906108840770465
1099,0.16906108840770465
1100,0.16906108840770465
1101,0.16906108840770465
1102,0.16906108840770465
1103,0.16906108840770465
1104,0.16906108840770465
1105,0.16906108840770465
1106,0.16906108840770465
1107,0.16906108840770465
1108,0.16906108840770465
1109,0.16906108840770465
1110,0.16906108840770465
1111,0.16906108840770465
1112,0.16906108840770465
1113,0.16906108840770465
1114,0.16906108840770465
1115,0.16906108840770465
