1,0.25511164187040036
2,0.16456492140668214
3,0.18619512387739595
4,0.1682125277902042
5,0.16178218563676086
6,0.1617889315592275
7,0.16179038720994054
8,0.1617901415107924
9,0.16178986217129757
10,0.16178958354589887
11,0.16178930631604074
12,0.16178903048553492
13,0.16178875604465337
14,0.16178848298348503
15,0.1617882112922029
16,0.16178794096107058
17,0.16178767198043922
18,0.16178740434074781
19,0.1617871380325215
20,0.16178687304637213
21,0.1617866093729945
22,0.16178634700316835
23,0.16178608592775576
24,0.16178582613770115
25,0.16178556762402924
26,0.16178531037784555
27,0.16178505439033497
28,0.16178479965276
29,0.16178454615646184
30,0.16178429389285728
31,0.1617840428534401
32,0.16178379302977866
33,0.16178354441351567
34,0.16178329699636743
35,0.16178305077012312
36,0.16178280572664355
37,0.16178256185786136
38,0.16178231915577898
39,0.16178207761246874
40,0.16178183722007256
41,0.16178159797079997
42,0.16178135985692793
43,0.1617811228708004
44,0.16178088700482804
45,0.1617806522514865
46,0.16178041860331563
47,0.1617801860529205
48,0.16177995459296843
49,0.1617797242161906
50,0.1617794949153794
51,0.16177926668338943
52,0.16177903951313535
53,0.1617788133975927
54,0.16177858832979633
55,0.1617783643028402
56,0.16177814130987603
57,0.16177791934411428
58,0.16177769839882178
59,0.16177747846732277
60,0.1617772595429967
61,0.1617770416192784
62,0.16177682468965873
63,0.1617766087476817
64,0.16177639378694575
65,0.16177617980110212
66,0.16177596678385506
67,0.16177575472896116
68,0.1617755436302282
69,0.16177533348151535
70,0.16177512427673235
71,0.16177491600983906
72,0.16177470867484497
73,0.16177450226580836
74,0.16177429677683683
75,0.16177409220208563
76,0.16177388853575747
77,0.16177368577210285
78,0.16177348390541846
79,0.16177328293004806
80,0.16177308284037972
81,0.1617728836308484
82,0.16177268529593317
83,0.1617724878301574
84,0.16177229122808942
85,0.16177209548434007
86,0.161771900593564
87,0.16177170655045828
88,0.16177151334976278
89,0.16177132098625865
90,0.16177112945476868
91,0.1617709387501569
92,0.1617707488673284
93,0.16177055980122762
94,0.1617703715468402
95,0.1617701840991894
96,0.16176999745333936
97,0.16176981160439202
98,0.16176962654748792
99,0.16176944227780551
100,0.16176925879056087
101,0.16176907608100682
102,0.16176889414443352
103,0.1617687129761669
104,0.16176853257156995
105,0.16176835292604005
106,0.16176817403501054
107,0.16176799589395002
108,0.1617678184983599
109,0.16176764184377737
110,0.16176746592577193
111,0.1617672907399466
112,0.16176711628193702
113,0.16176694254741075
114,0.16176676953206653
115,0.16176659723163372
116,0.1617664256418724
117,0.16176625475857012
118,0.16176608457754338
119,0.16176591509463414
120,0.1617657463057097
121,0.16176557820665885
122,0.16176541079338871
123,0.16176524406182088
124,0.16176507800788417
125,0.16176491262750453
126,0.16176474791659065
127,0.16176458387100828
128,0.161764420486541
129,0.16176425775881928
130,0.16176409568318909
131,0.1617639342544511
132,0.16176377346629242
133,0.16176361330988465
134,0.16176345376981793
135,0.161763294808857
136,0.1617631362763338
137,0.16176297461428146
138,0.16310511296160493
139,0.16177264503915287
140,0.1617709127565246
141,0.16177365536291194
142,0.1617737558233878
143,0.16177375935073324
144,0.16177375947440364
145,0.1617737594787394
146,0.16177375947889153
147,0.16177375947889686
148,0.16177375947889683
149,0.16177375947889683
150,0.16177375947889683
151,0.16177375947889683
152,0.16177375947889683
153,0.16177375947889683
154,0.16177375947889683
155,0.16177375947889683
156,0.16177375947889683
157,0.16177375947889683
158,0.16177375947889683
159,0.16177375947889683
160,0.16177375947889683
161,0.16177375947889683
162,0.16177375947889683
163,0.16177375947889683
164,0.16177375947889683
165,0.16177375947889683
166,0.16177375947889683
167,0.16177375947889683
168,0.16177375947889683
169,0.16177375947889683
170,0.16177375947889683
171,0.16177375947889683
172,0.16177375947889683
173,0.16177375947889683
174,0.16177375947889683
175,0.16177375947889683
176,0.16177375947889683
177,0.16177375947889683
178,0.16177375947889683
179,0.16177375947889683
180,0.16177375947889683
181,0.16177375947889683
182,0.16177375947889683
183,0.16177375947889683
184,0.16177375947889683
185,0.16177375947889683
186,0.16177375947889683
187,0.16177375947889683
188,0.16177375947889683
189,0.16177375947889683
190,0.16177375947889683
191,0.16177375947889683
192,0.16177375947889683
193,0.16177375947889683
194,0.16177375947889683
195,0.16177375947889683
196,0.16177375947889683
197,0.16177375947889683
198,0.16177375947889683
199,0.16177375947889683
200,0.16177375947889683
201,0.16177375947889683
202,0.16177375947889683
203,0.16177375947889683
204,0.16177375947889683
205,0.16177375947889683
206,0.16177375947889683
207,0.16177375947889683
208,0.16177375947889683
209,0.16177375947889683
210,0.16177375947889683
211,0.16177375947889683
212,0.16177375947889683
213,0.16177375947889683
214,0.16177375947889683
215,0.16177375947889683
216,0.16177375947889683
217,0.16177375947889683
218,0.16177375947889683
219,0.16177375947889683
220,0.16177375947889683
221,0.16177375947889683
222,0.16177375947889683
223,0.16177375947889683
224,0.16177375947889683
225,0.16177375947889683
226,0.16177375947889683
227,0.16177375947889683
228,0.16177375947889683
229,0.16177375947889683
230,0.16177375947889683
231,0.16177375947889683
232,0.16177375947889683
233,0.16177375947889683
234,0.16177375947889683
235,0.16177375947889683
236,0.16177375947889683
237,0.16177375947889683
238,0.16177375947889683
239,0.16177375947889683
240,0.16177375947889683
241,0.16177375947889683
242,0.16177375947889683
243,0.16177375947889683
244,0.16177375947889683
245,0.16177375947889683
246,0.16177375947889683
247,0.16177375947889683
248,0.16177375947889683
249,0.16177375947889683
250,0.16177375947889683
251,0.16177375947889683
252,0.16177375947889683
253,0.16177375947889683
254,0.16177375947889683
255,0.16177375947889683
256,0.16177375947889683
257,0.16177375947889683
258,0.16177375947889683
259,0.16177375947889683
260,0.16177375947889683
261,0.16177375947889683
262,0.16177375947889683
263,0.16177375947889683
264,0.16177375947889683
265,0.16177375947889683
266,0.16177375947889683
267,0.16177375947889683
268,0.16177375947889683
269,0.16177375947889683
270,0.16177375947889683
271,0.16177375947889683
272,0.16177375947889683
273,0.16177375947889683
274,0.16177375947889683
275,0.16177375947889683
276,0.16177375947889683
277,0.16177375947889683
278,0.16177375947889683
279,0.16177375947889683
280,0.16177375947889683
281,0.16177375947889683
282,0.16177375947889683
283,0.16177375947889683
284,0.16177375947889683
285,0.16177375947889683
286,0.16177375947889683
287,0.16177375947889683
288,0.16177375947889683
289,0.16177375947889683
290,0.16177375947889683
291,0.16177375947889683
292,0.16177375947889683
293,0.16177375947889683
294,0.16177375947889683
295,0.16177375947889683
296,0.16177375947889683
297,0.16177375947889683
298,0.16177375947889683
299,0.16177375947889683
300,0.16177375947889683
301,0.16177375947889683
302,0.16177375947889683
303,0.16177375947889683
304,0.16177375947889683
305,0.16177375947889683
306,0.16177375947889683
307,0.16177375947889683
308,0.16177375947889683
309,0.16177375947889683
310,0.16177375947889683
311,0.16177375947889683
312,0.16177375947889683
313,0.16177375947889683
314,0.16177375947889683
315,0.16177375947889683
316,0.16177375947889683
317,0.16177375947889683
318,0.16177375947889683
319,0.16177375947889683
320,0.16177375947889683
321,0.16177375947889683
322,0.16177375947889683
323,0.16177375947889683
324,0.16177375947889683
325,0.16177375947889683
326,0.16177375947889683
327,0.16177375947889683
328,0.16177375947889683
329,0.16177375947889683
330,0.16177375947889683
331,0.16177375947889683
332,0.16177375947889683
333,0.16177375947889683
334,0.16177375947889683
335,0.16177375947889683
336,0.16177375947889683
337,0.16177375947889683
338,0.16177375947889683
339,0.16177375947889683
340,0.16177375947889683
341,0.16177375947889683
342,0.16177375947889683
343,0.16177375947889683
344,0.16177375947889683
345,0.16177375947889683
346,0.16177375947889683
347,0.16177375947889683
348,0.16177375947889683
349,0.16177375947889683
350,0.16177375947889683
351,0.16177375947889683
352,0.16177375947889683
353,0.16177375947889683
354,0.16177375947889683
355,0.16177375947889683
356,0.16177375947889683
357,0.16177375947889683
358,0.16177375947889683
359,0.16177375947889683
360,0.16177375947889683
361,0.16177375947889683
362,0.16177375947889683
363,0.16177375947889683
364,0.16177375947889683
365,0.16177375947889683
366,0.16177375947889683
367,0.16177375947889683
368,0.16177375947889683
369,0.16177375947889683
370,0.16177375947889683
371,0.16177375947889683
372,0.16177375947889683
373,0.16177375947889683
374,0.16177375947889683
375,0.16177375947889683
376,0.16177375947889683
377,0.16177375947889683
378,0.16177375947889683
379,0.16177375947889683
380,0.16177375947889683
381,0.16177375947889683
382,0.16177375947889683
383,0.16177375947889683
384,0.16177375947889683
385,0.16177375947889683
386,0.16177375947889683
387,0.16177375947889683
388,0.16177375947889683
389,0.16177375947889683
390,0.16177375947889683
391,0.16177375947889683
392,0.16177375947889683
393,0.16177375947889683
394,0.16177375947889683
395,0.16177375947889683
396,0.16177375947889683
397,0.16177375947889683
398,0.16177375947889683
399,0.16177375947889683
400,0.16177375947889683
401,0.16177375947889683
402,0.16177375947889683
403,0.16177375947889683
404,0.16177375947889683
405,0.16177375947889683
406,0.16177375947889683
407,0.16177375947889683
408,0.16177375947889683
409,0.16177375947889683
410,0.16177375947889683
411,0.16177375947889683
412,0.16177375947889683
413,0.16177375947889683
414,0.16177375947889683
415,0.16177375947889683
416,0.16177375947889683
417,0.16177375947889683
418,0.16177375947889683
419,0.16177375947889683
420,0.16177375947889683
421,0.16177375947889683
422,0.16177375947889683
423,0.16177375947889683
424,0.16177375947889683
425,0.16177375947889683
426,0.16177375947889683
427,0.16177375947889683
428,0.16177375947889683
429,0.16177375947889683
430,0.16177375947889683
431,0.16177375947889683
432,0.16177375947889683
433,0.16177375947889683
434,0.16177375947889683
435,0.16177375947889683
436,0.16177375947889683
437,0.16177375947889683
438,0.16177375947889683
439,0.16177375947889683
440,0.16177375947889683
441,0.16177375947889683
442,0.16177375947889683
443,0.16177375947889683
444,0.16177375947889683
445,0.16177375947889683
446,0.16177375947889683
447,0.16177375947889683
448,0.16177375947889683
449,0.16177375947889683
450,0.16177375947889683
451,0.16177375947889683
452,0.16177375947889683
453,0.16177375947889683
454,0.16177375947889683
455,0.16177375947889683
456,0.16177375947889683
457,0.16177375947889683
458,0.16177375947889683
459,0.16177375947889683
460,0.16177375947889683
461,0.16177375947889683
462,0.16177375947889683
463,0.16177375947889683
464,0.16177375947889683
465,0.16177375947889683
466,0.16177375947889683
467,0.16177375947889683
468,0.16177375947889683
469,0.16177375947889683
470,0.16177375947889683
471,0.16177375947889683
472,0.16177375947889683
473,0.16177375947889683
