1,0.17526501287355759
2,0.17522362173981434
3,0.17521673516366346
4,0.17513330243298045
5,0.1750830881884756
6,0.17507208932209098
7,0.17497337442185618
8,0.17491005862478845
9,0.17484126096533956
10,0.17476624829888812
11,0.17468415238097257
12,0.17459393762839187
13,0.17449435929730717
14,0.17438390862294226
15,0.17426073998299912
16,0.1741225729187567
17,0.17396655843961042
18,0.17378909372411644
19,0.17358556087947688
20,0.17334995168284945
21,0.17307431737308773
22,0.1727479436133685
23,0.17235608272497355
24,0.17187795369427786
25,0.17128349897230136
26,0.17052798135178074
27,0.16954278294249606
28,0.16821966381905282
29,0.166385152799659
30,0.16376885692666035
31,0.16002227129717886
32,0.15505512643909689
33,0.150017720715451
34,0.1470121378914762
35,0.14608822790352424
36,0.14591584140947622
37,0.14588726671144114
38,0.14588153877139975
39,0.1458800831213598
40,0.14587965417302934
41,0.14587951318982925
42,0.1458794582102388
43,0.1458794294780922
44,0.14587940882064926
45,0.1458793906624849
46,0.1458793732883369
47,0.14587935617004455
48,0.14587933914491777
49,0.1458793221628198
50,0.14587930520828293
51,0.14587928827651653
52,0.14587927136601925
53,0.1458792544763032
54,0.14587923760719268
55,0.1458792207586077
56,0.14587920393049833
57,0.14587918712282374
58,0.14587917033554615
59,0.14587915356862854
60,0.1458791368220342
61,0.14587912009572696
62,0.14587910338967025
63,0.14587908670382788
64,0.14587907003816392
65,0.14587905339264207
66,0.14587903676722655
67,0.14587902016188128
68,0.14587900357657066
69,0.14587898701125893
70,0.14587897046591033
71,0.1458789539404895
72,0.14587893743496078
73,0.14587892094928903
74,0.14587890448343874
75,0.14587888803737487
76,0.14587887161106214
77,0.14587885520446553
78,0.14587883881755012
79,0.1458788224502811
80,0.14587880610262366
81,0.1458787897745428
82,0.14587877346600425
83,0.14587875717697327
84,0.14587874090741546
85,0.14587872465729632
86,0.14587870842658152
87,0.14587869221523692
88,0.14587867602322835
89,0.14587865985052156
90,0.14587864369708284
91,0.14587862756287812
92,0.1458786114478736
93,0.14587859535203548
94,0.14587857927533016
95,0.14587856321772386
96,0.1458785471791831
97,0.14587853115967475
98,0.14587851515916478
99,0.14587849917762064
100,0.14587848321500854
101,0.14587846727129566
102,0.1458784513464488
103,0.14587843544043494
104,0.1458784195532213
105,0.14587840368477517
106,0.14587838783506332
107,0.14587837200405337
108,0.1458783561917128
109,0.14587834039800884
110,0.14587832462290923
111,0.14587830886638145
112,0.14587829312839323
113,0.1458782774089124
114,0.14587826170790677
115,0.14587824602534416
116,0.14587823036119257
117,0.14587821471542023
118,0.1458781990879951
119,0.14587818347888545
120,0.14587816788805963
121,0.14587815231548576
122,0.14587813676113234
123,0.14587812122496802
124,0.14587810570696122
125,0.14587809020708065
126,0.14587807472529515
127,0.14587805926157324
128,0.14587804381588373
129,0.145878028388196
130,0.1458780129784785
131,0.1458779975867006
132,0.14587798221283135
133,0.14587796685684012
134,0.14587795151869587
135,0.1458779361983681
136,0.1458779208958262
137,0.14587790561103972
138,0.14587789034397833
139,0.14587787509461134
140,0.1458778598629085
141,0.14587784464884
142,0.14587782945237507
143,0.1458778142734838
144,0.14587779911213644
145,0.14587778396830267
146,0.14587776884195278
147,0.1458777537330568
148,0.14587773864158496
149,0.14587772356750775
150,0.14587770851079543
151,0.14587769347141835
152,0.14587767844934724
153,0.14587766344455225
154,0.14587764845700457
155,0.14587763348667424
156,0.1458776185335327
157,0.14587760359755028
158,0.14587758867869807
159,0.14587757377694704
160,0.14587755889226822
161,0.14587754402463265
162,0.14587752917401148
163,0.14587751434037607
164,0.14587749952369744
165,0.14587748472394724
166,0.1458774699410966
167,0.14587745517511708
168,0.1458774404259803
169,0.1458774256936578
170,0.1458774109781213
171,0.1458773962793425
172,0.1458773815972933
173,0.1458773669319452
174,0.14587735228327045
175,0.1458773376512408
176,0.14587732303582854
177,0.14587730843700575
178,0.14587729385474435
179,0.14587727928901684
180,0.14587726473979526
181,0.1458772502070521
182,0.14587723569075972
183,0.14587722119089064
184,0.14587720670741747
185,0.14587719224031265
186,0.14587717778954873
187,0.14587716335509884
188,0.14587714893693532
189,0.14587713453503123
190,0.14587712014935947
191,0.14587710577989288
192,0.14587709142660454
193,0.14587707708946743
194,0.14587706276845483
195,0.14587704846354008
196,0.14587703417469589
197,0.14587701990189594
198,0.1458770056451136
199,0.14587699140432228
200,0.14587697717949522
201,0.14587696297060648
202,0.14587694877762908
203,0.14587693460053705
204,0.14587692043930392
205,0.1458769062939036
206,0.14587689216430985
207,0.1458768780504966
208,0.14587686395243768
209,0.14587684987010716
210,0.14587683580347915
211,0.14587682175252772
212,0.14587680771722708
213,0.1458767936975513
214,0.14587677969347476
215,0.14587676570497182
216,0.1458767517320169
217,0.14587673777458432
218,0.1458767238326487
219,0.14587670990618473
220,0.14587669599516673
221,0.1458766820995695
222,0.1458766682193677
223,0.14587665435453626
224,0.14587664050505
225,0.14587662667088375
226,0.14587661285201245
227,0.145876599048411
228,0.1458765852600546
229,0.14587657148691827
230,0.1458765577289771
231,0.14587654398620659
232,0.14587653025858177
233,0.1458765165460779
234,0.14587650284867057
235,0.14587648916633494
236,0.14587647549904675
237,0.1458764618467815
238,0.1458764482095145
239,0.1458764345872216
240,0.14587642097987857
241,0.14587640738746102
242,0.14587639380994463
243,0.1458763802473055
244,0.14587636669951948
245,0.14587635316656225
246,0.14587633964841015
247,0.14587632614503895
248,0.14587631265642495
249,0.14587629918254422
250,0.145876285723373
251,0.14587627227888744
252,0.145876258849064
253,0.14587624543387884
254,0.1458762320333086
255,0.14587621864732953
256,0.1458762052759181
257,0.14587619191905124
258,0.14587617857670512
259,0.14587616524885672
260,0.14587615193548262
261,0.1458761386365593
262,0.1458761253520639
263,0.14587611208197324
264,0.14587609882626423
265,0.1458760855849135
266,0.1458760723578986
267,0.1458760591451962
268,0.1458760459467834
269,0.14587603276263744
270,0.14587601959273555
271,0.14587600643705495
272,0.14587599329557285
273,0.14587598016826656
274,0.1458759670551137
275,0.14587595395609124
276,0.14587594087117733
277,0.14587592780034894
278,0.14587591474358388
279,0.14587590170085965
280,0.145875888672154
281,0.14587587565744473
282,0.14587586265670943
283,0.14587584966992606
284,0.14587583669707246
285,0.1458758237381262
286,0.14587581079306572
287,0.14587579786186888
288,0.14587578494451345
289,0.14587577204097782
290,0.14587575915123988
291,0.1458757462752781
292,0.14587573341307047
293,0.14587572056459536
294,0.14587570772983102
295,0.14587569490875588
296,0.14587568210134835
297,0.14587566930758672
298,0.1458756565274496
299,0.1458756437609157
300,0.14587563100796327
301,0.1458756182685712
302,0.14587560554271808
303,0.14587559283038265
304,0.14587558013154364
305,0.14587556744617974
306,0.14587555477427
307,0.14587554211579323
308,0.14587552947072832
309,0.14587551683905442
310,0.14587550422075024
311,0.1458754916157951
312,0.14587547902416806
313,0.14587546644584826
314,0.1458754538808151
315,0.14587544132904728
316,0.14587542879052473
317,0.14587541626522624
318,0.14587540375313185
319,0.14587539125422
320,0.14587537876847093
321,0.14587536629586387
322,0.14587535383637817
323,0.1458753413899939
324,0.1458753289566903
325,0.14587531653644703
326,0.14587530412924404
327,0.1458752917350609
328,0.14587527935387737
329,0.1458752669856732
330,0.1458752546304286
331,0.14587524228812326
332,0.14587522995873717
333,0.14587521764225025
334,0.14587520533864265
335,0.14587519304789434
336,0.14587518076998562
337,0.14587516850489626
338,0.14587515625260689
339,0.1458751440130976
340,0.14587513178634867
341,0.14587511957234026
342,0.1458751073710531
343,0.14587509518246722
344,0.14587508300656307
345,0.14587507084332144
346,0.14587505869272263
347,0.14587504655474715
348,0.14587503442937577
349,0.14587502231658908
350,0.14587501021636773
351,0.14587499812869226
352,0.1458749860535438
353,0.14587497399090277
354,0.14587496194075023
355,0.14587494990306688
356,0.14587493787783384
357,0.145874925865032
358,0.1458749138646423
359,0.14587490187664573
360,0.14587488990102332
361,0.14587487793775633
362,0.1458748659868257
363,0.14587485404821288
364,0.14587484212189897
365,0.14587483020786512
366,0.14587481830609267
367,0.14587480641656297
368,0.14587479453925747
369,0.14587478267415746
370,0.14587477082124437
371,0.14587475898049976
372,0.14587474715190518
373,0.14587473533544196
374,0.14587472353109213
375,0.1458747117388367
376,0.14587469995865793
377,0.1458746881905371
378,0.1458746764344562
379,0.14587466469039684
380,0.14587465295834082
381,0.14587464123827037
382,0.14587462953016686
383,0.14587461783401254
384,0.14587460614978912
385,0.1458745944774789
386,0.14587458281706367
387,0.1458745711685255
388,0.14587455953184647
389,0.145874547907009
390,0.14587453629399494
391,0.14587452469278658
392,0.14587451310336635
393,0.14587450152571624
394,0.14587448995981867
395,0.14587447840565607
396,0.14587446686321068
397,0.14587445533246512
398,0.14587444381340176
399,0.14587443230600283
400,0.1458744208102513
401,0.1458744093261293
402,0.1458743978536197
403,0.14587438639270484
404,0.14587437494336788
405,0.14587436350559116
406,0.1458743520793574
407,0.14587434066464935
408,0.14587432926145
409,0.14587431786974203
410,0.14587430648950822
411,0.14587429512073175
412,0.1458742837633952
413,0.1458742724174819
414,0.14587426108297455
415,0.14587424975985636
416,0.14587423844811026
417,0.14587422714771944
418,0.14587421585866708
419,0.1458742045809362
420,0.1458741933145101
421,0.145874182059372
422,0.1458741708155051
423,0.14587415958289282
424,0.14587414836151827
425,0.14587413715136505
426,0.14587412595241644
427,0.1458741147646559
428,0.14587410358806688
429,0.1458740924226329
430,0.1458740812683374
431,0.145874070125164
432,0.14587405899309625
433,0.14587404787211775
434,0.14587403676221233
435,0.1458740256633635
436,0.145874014575555
437,0.14587400349877042
438,0.14587399243299404
439,0.14587398137820892
440,0.1458739703343996
441,0.14587395930154973
442,0.14587394827964306
443,0.14587393726866366
444,0.1458739262685954
445,0.14587391527942242
446,0.14587390430112865
447,0.14587389333369813
448,0.145873882377115
449,0.14587387143136338
450,0.14587386049642737
451,0.14587384957229133
452,0.14587383865893913
453,0.14587382775635538
454,0.14587381686452414
455,0.14587380598342986
456,0.1458737951130566
457,0.14587378425338918
458,0.1458737734044115
459,0.1458737625661082
460,0.1458737517384639
461,0.14587374092146285
462,0.14587373011508972
463,0.1458737193193289
464,0.14587370853416506
465,0.14587369775958292
466,0.1458736869955669
467,0.14587367624210182
468,0.14587366549917224
469,0.14587365476676284
470,0.1458736440448587
471,0.14587363333344425
472,0.1458736226325044
473,0.14587361194202408
474,0.14587360126198806
475,0.14587359059238128
476,0.14587357993318867
477,0.1458735692843952
478,0.1458735586459858
479,0.14587354801794544
480,0.14587353740025935
481,0.14587352679291243
482,0.14587351619588984
483,0.1458735056091766
484,0.1458734950327581
485,0.14587348446661924
486,0.14587347391074534
487,0.14587346336512175
488,0.14587345282973374
489,0.14587344230456628
490,0.14587343178960507
491,0.14587342128483533
492,0.14587341079024246
493,0.14587340030581172
494,0.14587338983152878
495,0.1458733793673789
496,0.14587336891334768
497,0.1458733584694206
498,0.14587334803558322
499,0.1458733376118211
500,0.14587332719811977
501,0.14587331679446489
502,0.14587330640084228
503,0.14587329601723742
504,0.14587328564363605
505,0.14587327528002386
506,0.1458732649263869
507,0.1458732545827107
508,0.145873244248981
509,0.14587323392518378
510,0.14587322361130492
511,0.14587321330733033
512,0.14587320301324586
513,0.14587319272903743
514,0.14587318245469105
515,0.14587317219019283
516,0.14587316193552857
517,0.14587315169068443
518,0.14587314145564667
519,0.14587313123040108
520,0.14587312101493402
521,0.14587311080923152
522,0.14587310061327985
523,0.14587309042706523
524,0.14587308025057372
525,0.14587307008379172
526,0.14587305992670563
527,0.14587304977930157
528,0.14587303964156578
529,0.14587302951348494
530,0.14587301939504532
531,0.14587300928623312
532,0.145872999187035
533,0.14587298909743748
534,0.1458729790174269
535,0.14587296894698973
536,0.1458729588861127
537,0.1458729488347821
538,0.14587293879298488
539,0.14587292876070726
540,0.14587291873793623
541,0.1458729087246583
542,0.14587289872086
543,0.1458728887265283
544,0.14587287874164992
545,0.14587286876621144
546,0.14587285880019973
547,0.14587284884360166
548,0.14587283889640407
549,0.14587282895859355
550,0.1458728190301575
551,0.14587280911108236
552,0.14587279920135537
553,0.14587278930096326
554,0.14587277940989302
555,0.14587276952813186
556,0.14587275965566657
557,0.14587274979248452
558,0.14587273993857242
559,0.1458727300939175
560,0.14587272025850692
561,0.14587271043232786
562,0.14587270061536758
563,0.14587269080761306
564,0.14587268100905154
565,0.14587267121967037
566,0.14587266143945682
567,0.14587265166839813
568,0.14587264190648172
569,0.1458726321536946
570,0.1458726224100245
571,0.1458726126754585
572,0.14587260294998408
573,0.14587259323358895
574,0.14587258352626026
575,0.1458725738279857
576,0.14587256413875252
577,0.1458725544585484
578,0.1458725447873607
579,0.14587253512517728
580,0.1458725254719856
581,0.1458725158277731
582,0.14587250619252767
583,0.14587249656623674
584,0.14587248694888827
585,0.14587247734046957
586,0.14587246774096882
587,0.14587245815037317
588,0.14587244856867115
589,0.14587243899584978
590,0.14587242943189754
591,0.14587241987680172
592,0.1458724103305505
593,0.14587240079313166
594,0.14587239126453294
595,0.1458723817447426
596,0.14587237223374838
597,0.14587236273153828
598,0.14587235323810027
599,0.14587234375342226
600,0.14587233427749258
601,0.14587232481029885
602,0.1458723153518296
603,0.14587230590207262
604,0.1458722964610161
605,0.1458722870286482
606,0.14587227760495716
607,0.1458722681899308
608,0.14587225878355778
609,0.1458722493858261
610,0.14587223999672402
611,0.14587223061623988
612,0.1458722212443619
613,0.14587221188107835
614,0.14587220252637764
615,0.14587219318024808
616,0.14587218384267803
617,0.1458721745136558
618,0.14587216519316998
619,0.14587215588120886
620,0.1458721465777611
621,0.14587213728281498
622,0.14587212799635887
623,0.1458721187183817
624,0.14587210944887152
625,0.14587210018781718
626,0.14587209093520737
627,0.14587208169103036
628,0.14587207245527498
629,0.1458720632279298
630,0.14587205400898345
631,0.14587204479842472
632,0.1458720355962423
633,0.14587202640242475
634,0.145872017216961
635,0.1458720080398396
636,0.1458719988710495
637,0.14587198971057944
638,0.14587198055841824
639,0.1458719714145548
640,0.14587196227897786
641,0.14587195315167636
642,0.14587194403263914
643,0.14587193492185516
644,0.14587192581931352
645,0.14587191672500283
646,0.14587190763891256
647,0.14587189856103114
648,0.14587188949134794
649,0.1458718804298518
650,0.14587187137653201
651,0.1458718623313775
652,0.14587185329437743
653,0.14587184426552072
654,0.1458718352447968
655,0.14587182623219452
656,0.14587181722770318
657,0.14587180823131213
658,0.1458717992430103
659,0.14587179026278727
660,0.14587178129063172
661,0.14587177232653356
662,0.1458717633704816
663,0.14587175442246533
664,0.14587174548247395
665,0.14587173655049715
666,0.14587172762652392
667,0.14587171871054366
668,0.14587170980254605
669,0.14587170090252022
670,0.14587169201045566
671,0.14587168312634183
672,0.1458716742501684
673,0.14587166538192461
674,0.1458716565216
675,0.14587164766918426
676,0.14587163882466667
677,0.145871629988037
678,0.14587162115928481
679,0.14587161233839965
680,0.14587160352537099
681,0.14587159472018896
682,0.14587158592284252
683,0.14587157713332183
684,0.14587156835161658
685,0.145871559577716
686,0.14587155081161055
687,0.1458715420532893
688,0.1458715333027425
689,0.14587152455995958
690,0.1458715158249305
691,0.145871507097645
692,0.14587149837809302
693,0.14587148966626418
694,0.14587148096214875
695,0.1458714722657364
696,0.14587146357701672
697,0.1458714548959802
698,0.14587144622261614
699,0.14587143755691526
700,0.14587142889886703
701,0.14587142024846148
702,0.14587141160568842
703,0.1458714029705384
704,0.145871394343001
705,0.14587138572306663
706,0.1458713771107251
707,0.14587136850596658
708,0.14587135990878142
709,0.14587135131915935
710,0.1458713427370905
711,0.14587133416256562
712,0.14587132559557414
713,0.14587131703610662
714,0.1458713084841535
715,0.14587129993970457
716,0.1458712914027501
717,0.14587128287328077
718,0.14587127435128658
719,0.14587126583675786
720,0.14587125732968484
721,0.14587124883005795
722,0.14587124033786747
723,0.14587123185310386
724,0.14587122337575725
725,0.1458712149058184
726,0.14587120644327742
727,0.14587119798812495
728,0.14587118954035114
729,0.14587118109994704
730,0.14587117266690242
731,0.14587116424120816
732,0.14587115582285468
733,0.14587114741183266
734,0.14587113900813228
735,0.14587113061174445
736,0.14587112222265947
737,0.14587111384086826
738,0.14587110546636123
739,0.14587109709912904
740,0.1458710887391621
741,0.14587108038645144
742,0.14587107204098748
743,0.145871063702761
744,0.1458710553717626
745,0.14587104704798315
746,0.14587103873141327
747,0.1458710304220438
748,0.1458710221198653
749,0.14587101382486894
750,0.1458710055370452
751,0.14587099725638483
752,0.1458709889828789
753,0.14587098071651802
754,0.14587097245729339
755,0.1458709642051956
756,0.14587095596021551
757,0.14587094772234424
758,0.1458709394915725
759,0.14587093126789133
760,0.14587092305129162
761,0.1458709148417645
762,0.14587090663930083
763,0.14587089844389145
764,0.14587089025552752
765,0.14587088207420024
766,0.1458708738999004
767,0.14587086573261912
768,0.14587085757234752
769,0.1458708494190766
770,0.14587084127279773
771,0.1458708331335015
772,0.1458708250011795
773,0.14587081687582273
774,0.14587080875742237
775,0.14587080064596952
776,0.14587079254145563
777,0.14587078444387153
778,0.1458707763532086
779,0.14587076826945805
780,0.14587076019261136
781,0.14587075212265938
782,0.14587074405959377
783,0.14587073600340558
784,0.1458707279540863
785,0.1458707199116271
786,0.1458707118760193
787,0.14587070384725448
788,0.1458706958253237
789,0.14587068781021859
790,0.14587067980193033
791,0.1458706718004505
792,0.14587066380577057
793,0.14587065581788183
794,0.14587064783677567
795,0.1458706398624438
796,0.14587063189487742
797,0.14587062393406824
798,0.1458706159800077
799,0.1458706080326874
800,0.1458706000920986
801,0.14587059215823328
802,0.14587058423108265
803,0.1458705763106384
804,0.14587056839689214
805,0.14587056048983546
806,0.14587055258945997
807,0.14587054469575741
808,0.14587053680871934
809,0.14587052892833752
810,0.1458705210546032
811,0.14587051318750868
812,0.14587050532704532
813,0.14587049747320496
814,0.14587048962597926
815,0.1458704817853599
816,0.14587047395133873
817,0.14587046612390753
818,0.14587045830305814
819,0.1458704504887821
820,0.14587044268107155
821,0.14587043487991821
822,0.14587042708531378
823,0.14587041929725034
824,0.14587041151571942
825,0.14587040374071336
826,0.14587039597222365
827,0.14587038821024226
828,0.1458703804547614
829,0.1458703727057727
830,0.1458703649632683
831,0.14587035722724007
832,0.14587034949767982
833,0.14587034177457975
834,0.1458703340579319
835,0.1458703263477281
836,0.14587031864396044
837,0.14587031094662115
838,0.14587030325570186
839,0.14587029557119513
840,0.1458702878930927
841,0.14587028022138665
842,0.1458702725560694
843,0.14587026489713267
844,0.14587025724456887
845,0.1458702495983701
846,0.1458702419585282
847,0.1458702343250358
848,0.1458702266978848
849,0.14587021907706763
850,0.1458702114625761
851,0.14587020385440283
852,0.14587019625253972
853,0.14587018865697934
854,0.14587018106771368
855,0.1458701734847351
856,0.145870165908036
857,0.1458701583376083
858,0.14587015077344498
859,0.1458701432155376
860,0.14587013566387902
861,0.14587012811846134
862,0.14587012057927695
863,0.14587011304631822
864,0.14587010551957774
865,0.14587009799904763
866,0.14587009048472047
867,0.14587008297658827
868,0.14587007547464403
869,0.14587006797888002
870,0.14587006048928844
871,0.1458700530058621
872,0.14587004552859326
873,0.1458700380574744
874,0.14587003059249812
875,0.14587002313365705
876,0.1458700156809434
877,0.14587000823434995
878,0.14587000079386914
879,0.14586999335949352
880,0.14586998593121592
881,0.14586997850902855
882,0.14586997109292424
883,0.1458699636828955
884,0.14586995627893515
885,0.14586994888103552
886,0.14586994148918953
887,0.14586993410338966
888,0.14586992672362864
889,0.14586991934989918
890,0.14586991198219393
891,0.14586990462050559
892,0.1458698972648269
893,0.14586988991515062
894,0.14586988257146946
895,0.14586987523377615
896,0.14586986790206335
897,0.14586986057632415
898,0.14586985325655114
899,0.14586984594273703
900,0.1458698386348747
901,0.14586983133295708
902,0.14586982403697682
903,0.14586981674692703
904,0.14586980946280023
905,0.14586980218458942
906,0.14586979491228763
907,0.14586978764588762
908,0.1458697803853823
909,0.14586977313076452
910,0.14586976588202732
911,0.14586975863916346
912,0.14586975140216615
913,0.14586974417102816
914,0.14586973694574248
915,0.14586972972630224
916,0.14586972251270017
917,0.14586971530492931
918,0.145869708102983
919,0.1458697009068537
920,0.14586969371653505
921,0.14586968653201982
922,0.14586967935330097
923,0.14586967218037153
924,0.14586966501322501
925,0.145869657851854
926,0.1458696506962519
927,0.14586964354641166
928,0.14586963640232653
929,0.1458696292639896
930,0.14586962213139384
931,0.14586961500453277
932,0.14586960788339917
933,0.14586960076798658
934,0.14586959365828778
935,0.1458695865542964
936,0.14586957945600515
937,0.14586957236340775
938,0.14586956527649725
939,0.14586955819526662
940,0.1458695511197096
941,0.1458695440498193
942,0.1458695369855887
943,0.14586952992701122
944,0.14586952287408025
945,0.14586951582678903
946,0.14586950878513102
947,0.14586950174909935
948,0.14586949471868732
949,0.14586948769388863
950,0.14586948067469638
951,0.1458694736611037
952,0.14586946665310446
953,0.1458694596506917
954,0.1458694526538591
955,0.14586944566259957
956,0.14586943867690705
957,0.1458694316967746
958,0.145869424722196
959,0.1458694177531645
960,0.1458694107896736
961,0.1458694038317168
962,0.14586939687928743
963,0.14586938993237913
964,0.14586938299098542
965,0.14586937605509967
966,0.1458693691247155
967,0.14586936219982624
968,0.14586935528042594
969,0.14586934836650767
970,0.1458693414580651
971,0.14586933455509207
972,0.1458693276575816
973,0.14586932076552778
974,0.14586931387892407
975,0.14586930699776404
976,0.14586930012204136
977,0.14586929325174955
978,0.14586928638688235
979,0.14586927952743342
980,0.14586927267339633
981,0.14586926582476503
982,0.1458692589815327
983,0.14586925214369337
984,0.14586924531124074
985,0.14586923848416847
986,0.14586923166247015
987,0.14586922484613973
988,0.14586921803517083
989,0.14586921122955712
990,0.14586920442929263
991,0.14586919763437076
992,0.14586919084478558
993,0.14586918406053073
994,0.14586917728160004
995,0.14586917050798728
996,0.1458691637396863
997,0.1458691569766911
998,0.14586915021899524
999,0.14586914346659258
1000,0.14586913671947715
1001,0.1458691299776426
1002,0.14586912324108317
1003,0.14586911650979223
1004,0.14586910978376397
1005,0.1458691030629923
1006,0.1458690963474711
1007,0.14586908963719428
1008,0.14586908293215584
1009,0.14586907623234943
1010,0.14586906953776932
1011,0.1458690628484094
1012,0.14586905616426343
1013,0.14586904948532572
1014,0.14586904281158988
1015,0.1458690361430502
1016,0.14586902947970048
1017,0.14586902282153497
1018,0.14586901616854747
1019,0.1458690095207321
1020,0.14586900287808297
1021,0.14586899624059393
1022,0.14586898960825911
1023,0.14586898298107268
1024,0.1458689763590287
1025,0.14586896974212116
1026,0.14586896313034411
1027,0.14586895652369178
1028,0.14586894992215818
1029,0.1458689433257377
1030,0.14586893673442397
1031,0.1458689301482116
1032,0.14586892356709447
1033,0.14586891699106683
1034,0.14586891042012293
1035,0.14586890385425666
1036,0.14586889729346256
1037,0.1458688907377346
1038,0.14586888418706692
1039,0.14586887764145381
1040,0.14586887110088956
1041,0.14586886456536843
1042,0.1458688580348845
1043,0.14586885150943216
1044,0.14586884498900551
1045,0.14586883847359874
1046,0.14586883196320646
1047,0.14586882545782273
1048,0.1458688189574418
1049,0.14586881246205805
1050,0.14586880597166574
1051,0.14586879948625922
1052,0.14586879300583272
1053,0.14586878653038074
1054,0.14586878005989745
1055,0.14586877359437728
1056,0.1458687671338145
1057,0.14586876067820356
1058,0.14586875422753892
1059,0.14586874778181483
1060,0.14586874134102568
1061,0.14586873490516594
1062,0.14586872847422985
1063,0.14586872204821208
1064,0.1458687156271066
1065,0.14586870921090847
1066,0.1458687027996119
1067,0.145868696393211
1068,0.14586868999170038
1069,0.14586868359507493
1070,0.1458686772033286
1071,0.14586867081645616
1072,0.1458686644344519
1073,0.14586865805731045
1074,0.14586865168502627
1075,0.14586864531759405
1076,0.14586863895500787
1077,0.14586863259726268
1078,0.145868626244353
1079,0.1458686198962733
1080,0.14586861355301795
1081,0.14586860721458156
1082,0.14586860088095888
1083,0.14586859455214451
1084,0.1458685882281328
1085,0.14586858190891858
1086,0.14586857559449623
1087,0.14586856928486056
1088,0.14586856298000622
1089,0.1458685566799276
1090,0.14586855038461943
1091,0.14586854409407646
1092,0.14586853780829323
1093,0.14586853152726445
1094,0.1458685252509848
1095,0.14586851897944889
1096,0.14586851271265142
1097,0.1458685064505872
1098,0.1458685001932508
1099,0.14586849394063695
1100,0.14586848769274025
1101,0.14586848144955566
