1,0.16452812056894806
2,0.16357650874303897
3,0.16350800721640898
4,0.163503970227472
5,0.16350285386225677
6,0.16350193137066
7,0.1635010366688189
8,0.16350015141290833
9,0.16349927252556984
10,0.1634983993888603
11,0.16349753184326607
12,0.16349666981785949
13,0.1634958132593044
14,0.16349496211811848
15,0.16349411634601016
16,0.16349327589535387
17,0.16349244071908534
18,0.1634916107706728
19,0.16349078600410816
20,0.16348996637389784
21,0.16348915183505547
22,0.163488342343097
23,0.16348753785403147
24,0.16348673832435628
25,0.16348594371104996
26,0.1634851539715658
27,0.1634843690638252
28,0.1634835889462124
29,0.1634828135775674
30,0.1634820429171803
31,0.16348127692478595
32,0.16348051556055695
33,0.16347975878509885
34,0.16347900655944456
35,0.16347825884504721
36,0.1634775156037772
37,0.16347677679791475
38,0.16347604239014535
39,0.16347531234355397
40,0.1634745866216216
41,0.16347386518821772
42,0.163473148007597
43,0.16347243504439385
44,0.16347172626361708
45,0.16347102163064656
46,0.1634703211112267
47,0.16346962467146248
48,0.16346893227781611
49,0.16346824389710018
50,0.16346755949647515
51,0.163466879043444
52,0.1634662025058482
53,0.16346552985186347
54,0.1634648610499959
55,0.16346419606907664
56,0.16346353487825938
57,0.16346287744701518
58,0.16346222374512923
59,0.16346157374269643
60,0.1634609274101177
61,0.16346028471809618
62,0.16345964563763393
63,0.1634590101400282
64,0.16345837819686596
65,0.1634577497800231
66,0.16345712486165948
67,0.16345650341421517
68,0.16345588541040768
69,0.1634552708232279
70,0.16345465962593778
71,0.16345405179206557
72,0.16345344729540395
73,0.16345284611000577
74,0.16345224821018162
75,0.16345165357049582
76,0.16345106216576386
77,0.16345047397104923
78,0.1634498889616611
79,0.16344930711314876
80,0.16344872840130106
81,0.16344815280214314
82,0.1634475802919311
83,0.16344701084715196
84,0.16344644444451806
85,0.16344588106096497
86,0.16344532067364825
87,0.1634447632599391
88,0.16344420879742125
89,0.1634436572638872
90,0.16344310863733197
91,0.1634425628959506
92,0.16344202001812932
93,0.1634414799824385
94,0.1634409427676235
95,0.1634404083525904
96,0.1634398767163864
97,0.16343934783817307
98,0.1634388216971814
99,0.16343829827264217
100,0.16343777754366565
101,0.16343725948902424
102,0.16343674408672723
103,0.16343623131312404
104,0.16343572114078936
105,0.16343521353276455
106,0.16343470842337204
107,0.16343420563071576
108,0.16343370414830447
109,0.16343317329373064
110,0.16337955486013847
111,0.16337842828840118
112,0.16337738548401765
113,0.16337636295337335
114,0.16337535006622486
115,0.16337434477705579
116,0.16337334663658218
117,0.16337235550176094
118,0.16337137128921783
119,0.16337039392778463
120,0.16336942334934174
121,0.16336845948704262
122,0.16336750227496266
123,0.16336655164801916
124,0.163365607541947
125,0.1633646698932842
126,0.16336373863935902
127,0.16336281371827738
128,0.16336189506891272
129,0.16336098263089302
130,0.16336007634458982
131,0.16335917615110815
132,0.16335828199227434
133,0.16335739381062594
134,0.16335651154940165
135,0.1633556351525299
136,0.16335476456461948
137,0.16335389973094996
138,0.16335304059746034
139,0.16335218711074107
140,0.16335133921802375
141,0.16335049686717165
142,0.1633496600066713
143,0.16334882858562283
144,0.16334800255373116
145,0.1633471818612975
146,0.16334636645921125
147,0.16334555629894063
148,0.16334475133252474
149,0.1633439515125662
150,0.16334315679222167
151,0.16334236712519543
152,0.16334158246573088
153,0.1633408027686032
154,0.1633400279891114
155,0.16333925808307154
156,0.16333849300680947
157,0.16333773271715318
158,0.1633369771714264
159,0.1633362263274409
160,0.16333548014349103
161,0.1633347385783454
162,0.16333400159124198
163,0.16333326914188018
164,0.16333254119041585
165,0.1633318176974536
166,0.1633310986240418
167,0.16333038393166588
168,0.16332967358224312
169,0.16332896753811582
170,0.16332826576204604
171,0.16332756821721023
172,0.16332687486719286
173,0.16332618567598117
174,0.16332550060796075
175,0.16332481962790893
176,0.1633241427009901
177,0.1633234697927504
178,0.16332280086911258
179,0.16332213589637132
180,0.16332147484118822
181,0.16332081767058673
182,0.16332016435194724
183,0.16331951485300333
184,0.16331886914183522
185,0.1633182271868679
186,0.1633175889568644
187,0.16331695442092176
188,0.16331632354846817
189,0.16331569630925682
190,0.1633150726733624
191,0.16331445261117764
192,0.16331383609340805
193,0.1633132230910687
194,0.16331261357547952
195,0.1633120075182627
196,0.163311404891337
197,0.16331080566691591
198,0.16331020981750186
199,0.16330961731588478
200,0.16330902813513629
201,0.163308442248608
202,0.16330785962992664
203,0.16330728025299138
204,0.16330670409196993
205,0.16330613112129544
206,0.16330556131566307
207,0.16330499465002699
208,0.163304431099597
209,0.1633038706398346
210,0.16330331324645145
211,0.16330275889540508
212,0.1633022075628957
213,0.1633016592253649
214,0.1633011138594899
215,0.16330057144218366
216,0.16330003195058937
217,0.16329949536207972
218,0.1632989616542532
219,0.16329843080493084
220,0.16329790279215411
221,0.16329737759418295
222,0.1632968551894918
223,0.16329633555676717
224,0.1632958186749064
225,0.16329530452301388
226,0.16329479308039896
227,0.1632942843265734
228,0.1632937782412488
229,0.16329327480433528
230,0.1632927739959373
231,0.16329227579635322
232,0.16329178018607166
233,0.16329128714576976
234,0.1632907966563113
235,0.16329030869874345
236,0.1632898232542961
237,0.1632893403043786
238,0.16328885983057814
239,0.16328838181465716
240,0.16328790623855202
241,0.16328743308437063
242,0.1632869623343907
243,0.1632864939710574
244,0.16328602797698105
245,0.16328556433493688
246,0.16328510302786084
247,0.16328464403884996
248,0.16328418735115902
249,0.16328373294819906
250,0.16328328081353619
251,0.16328283093088905
252,0.16328238328412742
253,0.16328193785727085
254,0.16328149463448613
255,0.1632810536000868
256,0.16328061473853026
257,0.163280178034417
258,0.16327974347248836
259,0.16327931103762575
260,0.16327888071484845
261,0.16327845248931247
262,0.16327802634630834
263,0.16327760227126104
264,0.1632771802497261
265,0.16327676026739119
266,0.16327634231007196
267,0.16327592636371252
268,0.16327551241438268
269,0.16327510044827795
270,0.16327469045171653
271,0.16327428241113948
272,0.16327387631310833
273,0.16327347214430438
274,0.1632730698915269
275,0.16327266954169267
276,0.16327227108183376
277,0.1632718744990968
278,0.16327147978074147
279,0.16327108691413994
280,0.16327069588677445
281,0.16327030668623746
282,0.16326991930022994
283,0.16326953371655936
284,0.16326914992314073
285,0.16326876790799214
286,0.16326838765923735
287,0.16326800916510206
288,0.16326763241391365
289,0.16326725739410056
290,0.16326688409419046
291,0.1632665125028095
292,0.16326614260868147
293,0.16326577440062703
294,0.16326540786756158
295,0.16326504299849534
296,0.16326467978253212
297,0.1632643182088676
298,0.16326395826679024
299,0.16326359994567796
300,0.16326324323499922
301,0.16326288812430986
302,0.1632625346032552
303,0.16326218266156653
304,0.1632618322890614
305,0.16326148347564232
306,0.16326113621129654
307,0.1632607904860942
308,0.1632604462901883
309,0.16326010361381357
310,0.16325976244728518
311,0.16325942278099936
312,0.16325908460543082
313,0.16325874791113282
314,0.1632584126887365
315,0.16325807892894956
316,0.1632577466225565
317,0.1632574157604163
318,0.16325708633346347
319,0.16325675833270556
320,0.16325643174922388
321,0.1632561065741717
322,0.16325578279877412
323,0.16325546041432706
324,0.16325513941219733
325,0.16325481978382045
326,0.1632545015207013
327,0.16325418461441282
328,0.1632538690565958
329,0.16325355483895745
330,0.16325324195327143
331,0.16325293039137706
332,0.1632526201451782
333,0.16325231120664366
334,0.16325200356780528
335,0.16325169722075855
336,0.1632513921576606
337,0.16325108837073138
338,0.1632507858522512
339,0.1632504845945617
340,0.16325018459006418
341,0.1632498858312194
342,0.16324958831054787
343,0.16324929202062696
344,0.16324899695409306
345,0.16324870310363948
346,0.163248410462016
347,0.16324811902202888
348,0.16324782877653984
349,0.16324753971846598
350,0.16324725184077835
351,0.16324696513650241
352,0.16324667959871783
353,0.16324639522055637
354,0.1632461119952027
355,0.16324582991589381
356,0.16324554897591773
357,0.1632452691686139
358,0.1632449904873727
359,0.16324471292563406
360,0.1632444364768879
361,0.16324416113467372
362,0.1632438868925787
363,0.16324361374423954
364,0.16324334168334032
365,0.16324307070361183
366,0.1632428007988332
367,0.16324253196282953
368,0.16324226418947171
369,0.16324199747267631
370,0.16324173180640608
371,0.1632414671846678
372,0.16324120360151287
373,0.16324094105103673
374,0.1632406795273792
375,0.1632404190247225
376,0.1632401595372914
377,0.16323990105935454
378,0.16323964358522175
379,0.16323938710924435
380,0.16323913162581574
381,0.16323887712936985
382,0.16323862361438127
383,0.1632383710753649
384,0.16323811950687547
385,0.1632378689035076
386,0.16323761925989438
387,0.1632373705707084
388,0.1632371228306604
389,0.16323687603449918
390,0.1632366301770118
391,0.1632363852530224
392,0.16323614125739255
393,0.16323589818501988
394,0.16323565603083978
395,0.16323541478982265
396,0.16323517445697577
397,0.163234935027341
398,0.16323469649599573
399,0.16323445885805316
400,0.16323422210865937
401,0.16323398624299656
402,0.16323375125627979
403,0.1632335171437584
404,0.16323328390071462
405,0.1632330515224648
406,0.16323282000435702
407,0.16323258934177273
408,0.1632323595301253
409,0.16323213056486027
410,0.1632319024414546
411,0.1632316751554175
412,0.16323144870228884
413,0.16323122307763954
414,0.16323099827707047
415,0.16323077429621466
416,0.16323055113073354
417,0.16323032877631938
418,0.16323010722869385
419,0.16322988648360806
420,0.16322966653684218
421,0.16322944738420544
422,0.16322922902153603
423,0.16322901144469948
424,0.16322879464959056
425,0.16322857863213197
426,0.16322836338827298
427,0.16322814891399212
428,0.16322793520529344
429,0.1632277222582091
430,0.16322751006879802
431,0.16322729863314528
432,0.1632270879473623
433,0.1632268780075868
434,0.16322666880998282
435,0.16322646035073962
436,0.1632262526260717
437,0.1632260456322197
438,0.16322583936544888
439,0.1632256338220493
440,0.16322542899833561
441,0.16322522489064742
442,0.16322502149534776
443,0.16322481880882514
444,0.16322461682749043
445,0.16322441554777894
446,0.16322421496614964
447,0.1632240150790844
448,0.16322381588308799
449,0.1632236173746893
450,0.1632234195504384
451,0.16322322240690917
452,0.16322302594069701
453,0.1632228301484202
454,0.1632226350267182
455,0.16322244057225355
456,0.16322224678170927
457,0.1632220536517905
458,0.1632218611792234
459,0.16322166936075555
460,0.16322147819315577
461,0.1632212876732128
462,0.16322109779773697
463,0.16322090856355875
464,0.16322071996752863
465,0.1632205320065179
466,0.1632203446774173
467,0.16322015797713796
468,0.16321997190261006
469,0.16321978645078414
470,0.16321960161862897
471,0.16321941740313398
472,0.16321923380130704
473,0.1632190508101742
474,0.16321886842678163
475,0.16321868664819325
476,0.16321850547149186
477,0.1632183248937788
478,0.163218144912173
479,0.16321796552381174
480,0.16321778672585083
481,0.163217608515463
482,0.16321743088983923
483,0.16321725384618768
484,0.16321707738173422
485,0.16321690149372167
486,0.1632167261794104
487,0.1632165514360771
488,0.16321637726101612
489,0.16321620365153786
490,0.16321603060496995
491,0.1632158581186559
492,0.1632156861899562
493,0.16321551481624685
494,0.16321534399492074
495,0.16321517372338626
496,0.1632150039990677
497,0.1632148348194055
498,0.16321466618185507
499,0.16321449808388802
500,0.1632143305229907
501,0.16321416349666545
502,0.16321399700242903
503,0.16321383103781406
504,0.16321366560036762
505,0.16321350068765142
506,0.16321333629724252
507,0.16321317242673186
508,0.1632130090737259
509,0.16321284623584392
510,0.16321268391072133
511,0.16321252209600662
512,0.16321236078936233
513,0.16321219998846553
514,0.16321203969100664
515,0.16321187989469002
516,0.16321172059723404
517,0.16321156179637009
518,0.1632114034898439
519,0.16321124567541317
520,0.1632110883508501
521,0.1632109315139396
522,0.16321077516247995
523,0.16321061929428174
524,0.16321046390716937
525,0.16321030899897948
526,0.16321015456756088
527,0.16321000061077676
528,0.16320984712650075
529,0.16320969411262057
530,0.16320954156703496
531,0.1632093894876559
532,0.16320923787240726
533,0.1632090867192249
534,0.16320893602605635
535,0.16320878579086198
536,0.16320863601161284
537,0.1632084866862924
538,0.1632083378128958
539,0.1632081893894299
540,0.16320804141391215
541,0.16320789388437243
542,0.1632077467988516
543,0.16320760015540156
544,0.1632074539520855
545,0.163207308186978
546,0.16320716285816378
547,0.16320701796373976
548,0.1632068735018127
549,0.1632067294705008
550,0.16320658586793257
551,0.16320644269224704
552,0.16320629994159416
553,0.16320615761413435
554,0.16320601570803805
555,0.16320587422148664
556,0.16320573315267067
557,0.1632055924997924
558,0.1632054522610635
559,0.1632053124347051
560,0.163205173018949
561,0.1632050340120368
562,0.16320489541222
563,0.16320475721775998
564,0.16320461942692724
565,0.16320448203800234
566,0.1632043450492758
567,0.1632042084590467
568,0.16320407226562486
569,0.16320393646732811
570,0.16320380106248447
571,0.16320366604943076
572,0.16320353142651375
573,0.16320339719208807
574,0.16320326334451885
575,0.16320312988217905
576,0.1632029968034513
577,0.16320286410672682
578,0.16320273179040556
579,0.16320259985289637
580,0.163202468292617
581,0.16320233710799356
582,0.1632022062974608
583,0.16320207585946186
584,0.16320194579244898
585,0.16320181609488207
586,0.16320168676522964
587,0.16320155780196888
588,0.1632014292035845
589,0.16320130096857016
590,0.16320117309542723
591,0.16320104558266488
592,0.1632009184288013
593,0.1632007916323619
594,0.16320066519187978
595,0.16320053910589657
596,0.16320041337296132
597,0.16320028799163108
598,0.16320016296047046
599,0.16320003827805196
600,0.16319991394295497
601,0.16319978995376758
602,0.16319966630908486
603,0.16319954300750858
604,0.16319942004764942
605,0.16319929742812425
606,0.16319917514755758
607,0.16319905320458158
608,0.16319893159783533
609,0.16319881032596487
610,0.163198689387624
611,0.16319856878147265
612,0.16319844850617884
613,0.16319832856041705
614,0.16319820894286857
615,0.163198089652222
616,0.16319797068717212
617,0.16319785204642165
618,0.16319773372867905
619,0.16319761573265998
620,0.16319749805708633
621,0.16319738070068807
622,0.16319726366219944
623,0.16319714694036305
624,0.16319703053392756
625,0.16319691444164788
626,0.16319679866228542
627,0.16319668319460814
628,0.16319656803739027
629,0.1631964531894125
630,0.16319633864946112
631,0.16319622441632972
632,0.16319611048881713
633,0.1631959968657289
634,0.1631958835458765
635,0.16319577052807765
636,0.16319565781115566
637,0.16319554539394038
638,0.16319543327526734
639,0.16319532145397778
640,0.1631952099289192
641,0.16319509869894508
642,0.16319498776291416
643,0.16319487711969122
644,0.1631947667681472
645,0.16319465670715794
646,0.1631945469356057
647,0.16319443745237763
648,0.16319432825636723
649,0.1631942193464731
650,0.16319411072159953
651,0.1631940023806565
652,0.16319389432255868
653,0.1631937865462272
654,0.16319367905058785
655,0.1631935718345723
656,0.16319346489711678
657,0.1631933582371639
658,0.1631932518536604
659,0.16319314574555918
660,0.16319303991181772
661,0.16319293435139925
662,0.1631928290632713
663,0.16319272404640722
664,0.16319261929978546
