1,0.24681433938904848
2,0.17984060879393307
3,0.17277384502474039
4,0.1715069758299798
5,0.1712190692199953
6,0.1711515186656965
7,0.17113877436967492
8,0.17113912471531878
9,0.17114171981379908
10,0.17114398537618888
11,0.1711455443101743
12,0.1711465274842333
13,0.17114712294370063
14,0.17114747614656192
15,0.17114768329898544
16,0.1711478040304984
17,0.17114787414412508
18,0.17114791477902483
19,0.1711479383017307
20,0.17114795190932788
21,0.1711479597780506
22,0.17114796432714474
23,0.1711479669566922
24,0.1711479684765053
25,0.17114796935483062
26,0.1711479698623663
27,0.17114797015558794
28,0.17114797032494067
29,0.17114797042270033
30,0.17114797047908176
31,0.1711479705115479
32,0.1711479705301919
33,0.17114797054084727
34,0.1711479705468856
35,0.17114797055025507
36,0.17114797055208245
37,0.17114797055301828
38,0.17114797055343892
39,0.17114797055356198
40,0.1711479705535129
41,0.17114797055336428
42,0.17114797055315803
43,0.17114797055291886
44,0.1711479705526603
45,0.17114797055239078
46,0.17114797055211467
47,0.17114797055183498
48,0.1711479705515531
49,0.17114797055126993
50,0.17114797055098627
51,0.1711479705507019
52,0.17114797055041742
53,0.1711479705501328
54,0.1711479705498483
55,0.1711479705495634
56,0.17114797054927858
57,0.17114797054899403
58,0.17114797054870923
59,0.1711479705484244
60,0.17114797054813957
61,0.17114797054785494
62,0.1711479705475701
63,0.1711479705472853
64,0.1711479705470006
65,0.17114797054671582
66,0.171147970546431
67,0.17114797054614633
68,0.17114797054586142
69,0.1711479705455767
70,0.17114797054529196
71,0.17114797054500722
72,0.17114797054472242
73,0.1711479705444377
74,0.1711479705441529
75,0.17114797054386818
76,0.17114797054358338
77,0.17114797054329853
78,0.17114797054301387
79,0.17114797054272923
80,0.17114797054244454
81,0.17114797054215977
82,0.17114797054187517
83,0.17114797054159014
84,0.17114797054130562
85,0.17114797054102077
86,0.17114797054073594
87,0.1711479705404513
88,0.17114797054016662
89,0.1711479705398819
90,0.1711479705395971
91,0.17114797053931244
92,0.17114797053902764
93,0.17114797053874292
94,0.17114797053845807
95,0.1711479705381735
96,0.17114797053788888
97,0.1711479705376041
98,0.17114797053731942
99,0.17114797053703457
100,0.1711479705367499
101,0.1711479705364653
102,0.1711479705361804
103,0.17114797053589592
104,0.17114797053561115
105,0.1711479705353265
106,0.17114797053504183
107,0.17114797053475708
108,0.1711479705344723
109,0.1711479705341877
110,0.17114797053390296
111,0.1711479705336183
112,0.17114797053333364
113,0.171147970533049
114,0.17114797053276426
115,0.17114797053247957
116,0.171147970532195
117,0.17114797053191028
118,0.17114797053162578
119,0.17114797053134095
120,0.17114797053105624
121,0.1711479705307715
122,0.17114797053048694
123,0.17114797053020228
124,0.17114797052991765
125,0.17114797052963276
126,0.17114797052934833
127,0.1711479705290636
128,0.17114797052877906
129,0.17114797052849431
130,0.17114797052820974
131,0.171147970527925
132,0.17114797052764028
133,0.17114797052735575
134,0.17114797052707087
135,0.1711479705267863
136,0.17114797052650182
137,0.17114797052621708
138,0.1711479705259324
139,0.17114797052564784
140,0.17114797052536312
141,0.17114797052507844
142,0.17114797052479397
143,0.17114797052450942
144,0.17114797052422479
145,0.1711479705239401
146,0.17114797052365546
147,0.17114797052337083
148,0.17114797052308622
149,0.1711479705228017
150,0.1711479705225171
151,0.17114797052223238
152,0.17114797052194777
153,0.17114797052166308
154,0.1711479705213785
155,0.171147970521094
156,0.1711479705208094
157,0.17114797052052466
158,0.1711479705202401
159,0.1711479705199555
160,0.17114797051967098
161,0.17114797051938638
162,0.1711479705191017
163,0.17114797051881714
164,0.17114797051853264
165,0.17114797051824807
166,0.17114797051796352
167,0.17114797051767894
168,0.17114797051739428
169,0.1711479705171097
170,0.17114797051682515
171,0.1711479705165406
172,0.1711479705162558
173,0.17114797051597144
174,0.1711479705156868
175,0.17114797051540223
176,0.17114797051511768
177,0.17114797051483308
178,0.1711479705145484
179,0.17114797051426395
180,0.17114797051397934
181,0.17114797051369474
182,0.17114797051341032
183,0.1711479705131258
184,0.1711479705128411
185,0.1711479705125567
186,0.17114797051227207
187,0.1711479705119875
188,0.17114797051170302
189,0.17114797051141845
190,0.1711479705111339
191,0.17114797051084932
192,0.1711479705105648
193,0.17114797051028027
194,0.17114797050999583
195,0.17114797050971128
196,0.1711479705094266
197,0.1711479705091421
198,0.17114797050885758
199,0.1711479705085732
200,0.1711479705082885
201,0.1711479705080039
202,0.17114797050771946
203,0.17114797050743513
204,0.17114797050715047
205,0.17114797050686606
206,0.17114797050658143
207,0.17114797050629701
208,0.1711479705060125
209,0.171147970505728
210,0.17114797050544353
211,0.17114797050515898
212,0.1711479705048744
213,0.17114797050458996
214,0.17114797050430539
215,0.1711479705040209
216,0.1711479705037366
217,0.17114797050345198
218,0.17114797050316735
219,0.17114797050288302
220,0.17114797050259847
221,0.17114797050231406
222,0.17114797050202943
223,0.17114797050174504
224,0.17114797050146052
225,0.17114797050117608
226,0.17114797050089156
227,0.1711479705006071
228,0.17114797050032263
229,0.17114797050003802
230,0.1711479704997537
231,0.17114797049946914
232,0.17114797049918476
233,0.17114797049890018
234,0.17114797049861583
235,0.17114797049833153
236,0.17114797049804692
237,0.17114797049776248
238,0.17114797049747799
239,0.17114797049719363
240,0.1711479704969091
241,0.17114797049662467
242,0.1711479704963402
243,0.17114797049605576
244,0.1711479704957713
245,0.17114797049548677
246,0.17114797049520244
247,0.17114797049491803
248,0.17114797049463354
249,0.17114797049434916
250,0.17114797049406472
251,0.17114797049378025
252,0.17114797049349584
253,0.17114797049321132
254,0.17114797049292702
255,0.17114797049264252
256,0.1711479704923582
257,0.1711479704920738
258,0.1711479704917893
259,0.17114797049150504
260,0.1711479704912204
261,0.17114797049093602
262,0.1711479704906517
263,0.17114797049036728
264,0.1711479704900829
265,0.17114797048979857
266,0.17114797048951402
267,0.17114797048922956
268,0.1711479704889453
269,0.1711479704886609
270,0.17114797048837638
271,0.17114797048809188
272,0.1711479704878076
273,0.17114797048752328
274,0.17114797048723893
275,0.17114797048695457
276,0.1711479704866701
277,0.1711479704863857
278,0.17114797048610134
279,0.17114797048581695
280,0.17114797048553257
281,0.1711479704852482
282,0.17114797048496375
283,0.17114797048467933
284,0.17114797048439503
285,0.1711479704841108
286,0.17114797048382652
287,0.17114797048354202
288,0.17114797048325772
289,0.17114797048297334
290,0.17114797048268907
291,0.17114797048240463
292,0.17114797048212022
293,0.17114797048183586
294,0.17114797048155156
295,0.17114797048126715
296,0.17114797048098288
297,0.17114797048069832
298,0.1711479704804141
299,0.17114797048012972
300,0.17114797047984548
301,0.1711479704795611
302,0.17114797047927674
303,0.17114797047899247
304,0.1711479704787081
305,0.1711479704784238
306,0.17114797047813946
307,0.17114797047785504
308,0.1711479704775708
309,0.17114797047728633
310,0.17114797047700211
311,0.17114797047671768
312,0.1711479704764334
313,0.17114797047614924
314,0.1711479704758648
315,0.1711479704755805
316,0.17114797047529623
317,0.17114797047501196
318,0.17114797047472766
319,0.17114797047444325
320,0.17114797047415892
321,0.17114797047387464
322,0.1711479704735904
323,0.17114797047330607
324,0.17114797047302174
325,0.17114797047273742
326,0.17114797047245314
327,0.17114797047216904
328,0.1711479704718844
329,0.1711479704716004
330,0.17114797047131594
331,0.17114797047103172
332,0.17114797047074734
333,0.1711479704704632
334,0.1711479704701789
335,0.17114797046989474
336,0.17114797046961042
337,0.17114797046932598
338,0.1711479704690417
339,0.1711479704687575
340,0.17114797046847322
341,0.17114797046818891
342,0.17114797046790475
343,0.1711479704676203
344,0.17114797046733615
345,0.17114797046705188
346,0.1711479704667676
347,0.1711479704664834
348,0.17114797046619923
349,0.17114797046591484
350,0.17114797046563057
351,0.17114797046534644
352,0.17114797046506217
353,0.17114797046477787
354,0.17114797046449368
355,0.17114797046420935
356,0.1711479704639251
357,0.171147970463641
358,0.17114797046335678
359,0.1711479704630724
360,0.17114797046278823
361,0.17114797046250405
362,0.17114797046221972
363,0.17114797046193553
364,0.17114797046165123
365,0.17114797046136715
366,0.1711479704610828
367,0.17114797046079863
368,0.17114797046051458
369,0.17114797046023025
370,0.17114797045994604
371,0.17114797045966176
372,0.1711479704593776
373,0.17114797045909344
374,0.1711479704588091
375,0.1711479704585249
376,0.17114797045824073
377,0.17114797045795646
378,0.1711479704576724
379,0.171147970457388
380,0.171147970457104
381,0.1711479704568198
382,0.17114797045653554
383,0.17114797045625138
384,0.17114797045596725
385,0.17114797045568297
386,0.17114797045539878
387,0.17114797045511462
388,0.1711479704548305
389,0.17114797045454622
390,0.17114797045426222
391,0.17114797045397784
392,0.1711479704536939
393,0.17114797045340954
394,0.17114797045312538
395,0.17114797045284116
396,0.17114797045255722
397,0.17114797045227284
398,0.17114797045198873
399,0.17114797045170466
400,0.17114797045142038
401,0.17114797045113625
402,0.17114797045085212
403,0.17114797045056787
404,0.17114797045028385
405,0.1711479704499996
406,0.17114797044971541
407,0.1711479704494313
408,0.17114797044914726
409,0.17114797044886312
410,0.17114797044857896
411,0.1711479704482946
412,0.1711479704480107
413,0.17114797044772634
414,0.17114797044744237
415,0.17114797044715824
416,0.1711479704468742
417,0.17114797044659
418,0.17114797044630595
419,0.1711479704460217
420,0.17114797044573773
421,0.1711479704454534
422,0.17114797044516933
423,0.1711479704448851
424,0.17114797044460112
425,0.17114797044431695
426,0.17114797044403296
427,0.17114797044374863
428,0.1711479704434646
429,0.17114797044318056
430,0.17114797044289645
431,0.17114797044261235
432,0.17114797044232816
433,0.17114797044204405
434,0.17114797044175997
435,0.17114797044147603
436,0.17114797044119193
437,0.17114797044090777
438,0.17114797044062363
439,0.17114797044033958
440,0.1711479704400555
441,0.1711479704397715
442,0.1711479704394874
443,0.17114797043920316
444,0.1711479704389192
445,0.17114797043863506
446,0.17114797043835106
447,0.17114797043806693
448,0.17114797043778288
449,0.17114797043749888
450,0.17114797043721483
451,0.17114797043693064
452,0.17114797043664678
453,0.17114797043636248
454,0.17114797043607843
455,0.17114797043579438
456,0.1711479704355104
457,0.1711479704352262
458,0.17114797043494226
459,0.1711479704346582
460,0.17114797043437424
461,0.1711479704340901
462,0.1711479704338061
463,0.17114797043352212
464,0.171147970433238
465,0.17114797043295393
466,0.17114797043266988
467,0.17114797043238592
468,0.17114797043210178
469,0.1711479704318178
470,0.17114797043153374
471,0.17114797043124966
472,0.17114797043096575
473,0.17114797043068167
474,0.17114797043039773
475,0.17114797043011348
476,0.1711479704298295
477,0.17114797042954558
478,0.1711479704292615
479,0.1711479704289775
480,0.17114797042869348
481,0.17114797042840962
482,0.1711479704281255
483,0.1711479704278414
484,0.17114797042755747
485,0.17114797042727356
486,0.17114797042698937
487,0.1711479704267054
488,0.17114797042642146
489,0.1711479704261374
490,0.1711479704258535
491,0.1711479704255694
492,0.1711479704252855
493,0.17114797042500143
494,0.17114797042471744
495,0.17114797042443355
496,0.1711479704241496
497,0.17114797042386556
498,0.17114797042358157
499,0.17114797042329769
500,0.17114797042301352
501,0.17114797042272953
502,0.1711479704224457
503,0.1711479704221617
504,0.1711479704218778
505,0.17114797042159363
506,0.17114797042130978
507,0.1711479704210258
508,0.17114797042074187
509,0.17114797042045793
510,0.1711479704201739
511,0.17114797041988994
512,0.17114797041960592
513,0.17114797041932206
514,0.1711479704190381
515,0.1711479704187542
516,0.17114797041847027
517,0.17114797041818636
518,0.17114797041790233
519,0.17114797041761845
520,0.1711479704173345
521,0.17114797041705052
522,0.17114797041676655
523,0.17114797041648264
524,0.17114797041619872
525,0.17114797041591479
526,0.17114797041563076
527,0.171147970415347
528,0.17114797041506297
529,0.17114797041477903
530,0.17114797041449514
531,0.17114797041421118
532,0.17114797041392726
533,0.17114797041364338
534,0.17114797041335947
535,0.17114797041307547
536,0.17114797041279184
537,0.17114797041250768
538,0.17114797041222377
539,0.17114797041193988
540,0.171147970411656
541,0.17114797041137217
542,0.17114797041108804
543,0.17114797041080432
544,0.1711479704105204
545,0.17114797041023652
546,0.17114797040995258
547,0.17114797040966864
548,0.17114797040938487
549,0.17114797040910093
550,0.17114797040881702
551,0.17114797040853313
552,0.17114797040824936
553,0.1711479704079654
554,0.17114797040768157
555,0.17114797040739765
556,0.17114797040711377
557,0.1711479704068299
558,0.17114797040654592
559,0.17114797040626206
560,0.17114797040597832
561,0.17114797040569427
562,0.17114797040541052
563,0.17114797040512655
564,0.17114797040484295
565,0.17114797040455895
566,0.17114797040427498
567,0.17114797040399132
568,0.17114797040370747
569,0.17114797040342355
570,0.17114797040313962
571,0.17114797040285581
572,0.17114797040257196
573,0.1711479704022881
574,0.17114797040200425
575,0.17114797040172042
576,0.17114797040143662
577,0.17114797040115276
578,0.171147970400869
579,0.17114797040058502
580,0.17114797040030136
581,0.1711479704000174
582,0.17114797039973345
583,0.17114797039944973
584,0.171147970399166
585,0.17114797039888227
586,0.17114797039859836
587,0.1711479703983144
588,0.17114797039803065
589,0.17114797039774682
590,0.17114797039746316
591,0.1711479703971792
592,0.1711479703968955
593,0.17114797039661167
594,0.17114797039632773
595,0.17114797039604396
596,0.17114797039576027
597,0.17114797039547638
598,0.17114797039519267
599,0.17114797039490867
600,0.17114797039462504
601,0.17114797039434118
602,0.17114797039405735
603,0.17114797039377355
604,0.17114797039348995
605,0.171147970393206
606,0.17114797039292223
607,0.17114797039263846
608,0.17114797039235466
609,0.17114797039207086
610,0.17114797039178703
611,0.17114797039150328
612,0.1711479703912196
613,0.17114797039093596
614,0.1711479703906521
615,0.17114797039036828
616,0.17114797039008445
617,0.17114797038980084
618,0.17114797038951693
619,0.17114797038923332
620,0.1711479703889493
621,0.17114797038866564
622,0.17114797038838203
623,0.17114797038809826
624,0.17114797038781446
625,0.17114797038753066
626,0.17114797038724702
627,0.17114797038696317
628,0.17114797038667948
629,0.17114797038639568
630,0.17114797038611193
631,0.17114797038582816
632,0.17114797038554438
633,0.17114797038526064
634,0.1711479703849771
635,0.1711479703846932
636,0.17114797038440946
637,0.17114797038412582
638,0.17114797038384208
639,0.1711479703835585
640,0.17114797038327467
641,0.17114797038299098
642,0.17114797038270707
643,0.17114797038242352
644,0.1711479703821398
645,0.1711479703818561
646,0.17114797038157253
647,0.1711479703812884
648,0.1711479703810049
649,0.1711479703807213
650,0.17114797038043744
651,0.1711479703801537
652,0.17114797037987003
653,0.17114797037958643
654,0.17114797037930277
655,0.17114797037901894
656,0.17114797037873536
657,0.17114797037845167
658,0.17114797037816798
659,0.1711479703778842
660,0.17114797037760043
661,0.1711479703773168
662,0.17114797037703305
663,0.17114797037674945
664,0.17114797037646584
665,0.1711479703761821
666,0.17114797037589838
667,0.1711479703756147
668,0.17114797037533114
669,0.17114797037504736
670,0.17114797037476373
671,0.17114797037448018
672,0.17114797037419643
673,0.17114797037391283
674,0.17114797037362914
675,0.1711479703733454
676,0.1711479703730618
677,0.17114797037277815
678,0.1711479703724946
679,0.17114797037221083
680,0.17114797037192708
681,0.17114797037164356
682,0.17114797037135993
683,0.1711479703710761
684,0.17114797037079252
685,0.17114797037050897
686,0.17114797037022528
687,0.17114797036994173
688,0.1711479703696579
689,0.17114797036937432
690,0.17114797036909077
691,0.17114797036880708
692,0.1711479703685235
693,0.17114797036823987
694,0.17114797036795615
695,0.17114797036767257
696,0.17114797036738896
697,0.17114797036710536
698,0.17114797036682175
699,0.1711479703665383
700,0.1711479703662545
701,0.17114797036597093
702,0.17114797036568724
703,0.17114797036540363
704,0.17114797036512008
705,0.1711479703648365
706,0.1711479703645528
707,0.17114797036426915
708,0.1711479703639857
709,0.1711479703637021
710,0.17114797036341844
711,0.17114797036313484
712,0.17114797036285143
713,0.17114797036256774
714,0.17114797036228419
715,0.17114797036200055
716,0.17114797036171694
717,0.17114797036143328
718,0.17114797036114968
719,0.17114797036086618
720,0.17114797036058266
721,0.171147970360299
722,0.1711479703600154
723,0.17114797035973173
724,0.1711479703594483
725,0.17114797035916474
726,0.17114797035888127
727,0.17114797035859758
728,0.17114797035831406
729,0.1711479703580304
730,0.1711479703577469
731,0.17114797035746332
732,0.1711479703571799
733,0.1711479703568963
734,0.1711479703566128
735,0.17114797035632917
736,0.17114797035604565
737,0.17114797035576196
738,0.17114797035547843
739,0.17114797035519508
740,0.17114797035491142
741,0.17114797035462778
742,0.17114797035434423
743,0.17114797035406085
744,0.17114797035377718
745,0.1711479703534938
746,0.1711479703532103
747,0.17114797035292673
748,0.17114797035264318
749,0.17114797035235965
750,0.1711479703520761
751,0.17114797035179258
752,0.17114797035150914
753,0.1711479703512256
754,0.17114797035094195
755,0.1711479703506585
756,0.17114797035037488
757,0.17114797035009152
758,0.1711479703498078
759,0.1711479703495245
760,0.17114797034924095
761,0.17114797034895746
762,0.1711479703486739
763,0.1711479703483904
764,0.17114797034810686
765,0.1711479703478234
766,0.1711479703475399
767,0.1711479703472565
768,0.17114797034697302
769,0.17114797034668952
770,0.17114797034640605
771,0.17114797034612256
772,0.171147970345839
773,0.17114797034555562
774,0.17114797034527202
775,0.17114797034498852
776,0.17114797034470502
777,0.17114797034442147
778,0.17114797034413815
779,0.17114797034385476
780,0.17114797034357118
781,0.17114797034328771
782,0.17114797034300425
783,0.17114797034272075
784,0.17114797034243753
785,0.17114797034215387
786,0.17114797034187032
787,0.17114797034158696
788,0.17114797034130358
789,0.17114797034102003
790,0.17114797034073673
791,0.17114797034045312
792,0.17114797034016957
793,0.17114797033988619
794,0.1711479703396028
795,0.17114797033931922
796,0.17114797033903587
797,0.17114797033875248
798,0.171147970338469
799,0.17114797033818568
800,0.17114797033790213
801,0.17114797033761872
802,0.17114797033733542
803,0.1711479703370519
804,0.17114797033676846
805,0.1711479703364851
806,0.17114797033620152
807,0.1711479703359183
808,0.17114797033563486
809,0.17114797033535126
810,0.17114797033506804
811,0.17114797033478463
812,0.1711479703345011
813,0.17114797033421764
814,0.17114797033393425
815,0.17114797033365095
816,0.17114797033336748
817,0.1711479703330841
818,0.17114797033280066
819,0.17114797033251736
820,0.17114797033223375
821,0.1711479703319504
822,0.17114797033166712
823,0.17114797033138374
824,0.17114797033110032
825,0.17114797033081697
826,0.17114797033053358
827,0.17114797033025012
828,0.17114797032996684
829,0.17114797032968343
830,0.17114797032940002
831,0.17114797032911663
832,0.1711479703288333
833,0.17114797032854995
834,0.17114797032826634
835,0.17114797032798304
836,0.1711479703276997
837,0.17114797032741638
838,0.17114797032713316
839,0.17114797032684967
840,0.17114797032656642
841,0.17114797032628287
842,0.17114797032599946
843,0.17114797032571624
844,0.17114797032543286
845,0.17114797032514956
846,0.17114797032486626
847,0.1711479703245827
848,0.1711479703242995
849,0.17114797032401624
850,0.17114797032373286
851,0.17114797032344944
852,0.17114797032316598
853,0.17114797032288281
854,0.17114797032259949
855,0.17114797032231618
856,0.17114797032203286
857,0.17114797032174933
858,0.17114797032146603
859,0.17114797032118276
860,0.17114797032089948
861,0.1711479703206161
862,0.17114797032033277
863,0.17114797032004947
864,0.17114797031976617
865,0.17114797031948284
866,0.1711479703191996
867,0.17114797031891618
868,0.17114797031863282
869,0.17114797031834958
870,0.17114797031806625
871,0.17114797031778306
872,0.17114797031749981
873,0.17114797031721635
874,0.17114797031693307
875,0.17114797031664988
876,0.17114797031636658
877,0.17114797031608303
878,0.17114797031580006
879,0.17114797031551668
880,0.17114797031523338
881,0.1711479703149501
882,0.1711479703146668
883,0.1711479703143835
884,0.17114797031410015
885,0.17114797031381698
886,0.17114797031353368
887,0.17114797031325035
888,0.17114797031296705
889,0.1711479703126838
890,0.17114797031240062
891,0.1711479703121172
892,0.171147970311834
893,0.17114797031155074
894,0.1711479703112676
895,0.17114797031098428
896,0.17114797031070103
897,0.17114797031041779
898,0.17114797031013448
899,0.17114797030985118
900,0.171147970309568
901,0.17114797030928472
902,0.1711479703090015
903,0.17114797030871823
904,0.17114797030843504
905,0.17114797030815163
906,0.17114797030786846
907,0.17114797030758525
908,0.17114797030730203
909,0.1711479703070188
910,0.17114797030673554
911,0.17114797030645224
912,0.17114797030616902
913,0.1711479703058858
914,0.1711479703056027
915,0.1711479703053194
916,0.17114797030503612
917,0.17114797030475293
918,0.17114797030446982
919,0.1711479703041865
920,0.17114797030390322
921,0.17114797030362
922,0.17114797030333687
923,0.17114797030305376
924,0.17114797030277035
925,0.17114797030248727
926,0.17114797030220394
927,0.1711479703019209
928,0.17114797030163761
929,0.17114797030135448
930,0.17114797030107123
931,0.17114797030078813
932,0.17114797030050485
933,0.1711479703002216
934,0.17114797029993836
935,0.17114797029965514
936,0.17114797029937218
937,0.17114797029908882
938,0.17114797029880582
939,0.17114797029852252
940,0.17114797029823944
941,0.17114797029795617
942,0.17114797029767295
943,0.17114797029738976
944,0.17114797029710666
945,0.17114797029682347
946,0.17114797029654027
947,0.17114797029625717
948,0.17114797029597406
949,0.17114797029569073
950,0.17114797029540768
951,0.17114797029512457
952,0.17114797029484138
953,0.1711479702945581
954,0.17114797029427503
955,0.17114797029399173
956,0.17114797029370876
957,0.1711479702934256
958,0.17114797029314255
959,0.17114797029285925
960,0.17114797029257614
961,0.1711479702922929
962,0.17114797029200982
963,0.1711479702917268
964,0.1711479702914436
965,0.17114797029116036
966,0.1711479702908773
967,0.17114797029059398
968,0.17114797029031087
969,0.17114797029002796
970,0.17114797028974474
971,0.17114797028946152
972,0.17114797028917855
973,0.17114797028889553
974,0.17114797028861223
975,0.17114797028832915
976,0.17114797028804613
977,0.171147970287763
978,0.17114797028747986
979,0.17114797028719675
980,0.17114797028691367
981,0.17114797028663048
982,0.17114797028634735
983,0.1711479702860643
984,0.17114797028578121
985,0.17114797028549805
986,0.17114797028521517
987,0.17114797028493192
988,0.17114797028464881
989,0.17114797028436574
990,0.17114797028408257
991,0.17114797028379963
992,0.17114797028351647
993,0.17114797028323328
994,0.17114797028295042
995,0.1711479702826672
996,0.1711479702823842
997,0.17114797028210116
998,0.17114797028181797
999,0.17114797028153486
1000,0.17114797028125187
1001,0.17114797028096887
1002,0.17114797028068568
1003,0.1711479702804026
1004,0.17114797028011958
1005,0.17114797027983647
1006,0.17114797027955342
1007,0.17114797027927045
1008,0.17114797027898737
1009,0.17114797027870435
1010,0.1711479702784212
1011,0.17114797027813825
1012,0.17114797027785505
1013,0.17114797027757214
1014,0.17114797027728906
1015,0.17114797027700607
1016,0.17114797027672293
1017,0.17114797027643988
1018,0.17114797027615683
1019,0.17114797027587386
1020,0.17114797027559073
1021,0.1711479702753077
1022,0.17114797027502462
1023,0.17114797027474174
1024,0.17114797027445866
1025,0.17114797027417553
1026,0.17114797027389267
1027,0.1711479702736095
1028,0.17114797027332657
1029,0.17114797027304365
1030,0.17114797027276044
1031,0.1711479702724775
1032,0.17114797027219444
1033,0.1711479702719116
1034,0.17114797027162842
1035,0.17114797027134546
1036,0.17114797027106252
1037,0.1711479702707794
1038,0.17114797027049647
1039,0.17114797027021345
1040,0.17114797026993042
1041,0.17114797026964745
1042,0.17114797026936443
1043,0.1711479702690814
1044,0.17114797026879852
1045,0.17114797026851553
1046,0.17114797026823259
1047,0.17114797026794948
1048,0.17114797026766665
1049,0.17114797026738363
1050,0.17114797026710052
1051,0.17114797026681758
1052,0.17114797026653458
1053,0.17114797026625173
1054,0.17114797026596862
1055,0.17114797026568565
1056,0.17114797026540277
1057,0.17114797026511977
1058,0.1711479702648367
1059,0.17114797026455378
1060,0.17114797026427078
1061,0.1711479702639878
1062,0.17114797026370496
1063,0.17114797026342188
1064,0.171147970263139
1065,0.17114797026285608
1066,0.171147970262573
1067,0.17114797026228998
1068,0.17114797026200718
1069,0.1711479702617243
1070,0.1711479702614413
1071,0.17114797026115836
1072,0.17114797026087553
1073,0.17114797026059247
1074,0.17114797026030953
1075,0.17114797026002665
1076,0.1711479702597436
1077,0.17114797025946074
1078,0.17114797025917775
1079,0.17114797025889483
1080,0.17114797025861192
1081,0.1711479702583289
1082,0.1711479702580462
1083,0.1711479702577632
1084,0.17114797025748021
1085,0.17114797025719738
1086,0.17114797025691447
1087,0.17114797025663148
1088,0.17114797025634856
1089,0.17114797025606568
1090,0.17114797025578268
1091,0.17114797025549983
1092,0.17114797025521689
1093,0.17114797025493397
1094,0.1711479702546512
1095,0.1711479702543682
1096,0.17114797025408537
1097,0.17114797025380243
1098,0.1711479702535197
1099,0.1711479702532366
1100,0.1711479702529538
1101,0.17114797025267084
1102,0.17114797025238815
1103,0.17114797025210504
1104,0.17114797025182224
1105,0.17114797025153944
1106,0.17114797025125644
1107,0.17114797025097356
1108,0.17114797025069078
1109,0.17114797025040784
1110,0.17114797025012485
1111,0.17114797024984207
1112,0.17114797024955936
1113,0.17114797024927636
1114,0.17114797024899361
1115,0.1711479702487106
1116,0.17114797024842782
