1,0.2018935738602659
2,0.20189348129806844
3,0.20189338938766577
4,0.2018932969093314
5,0.2018932038555853
6,0.2018931102199268
7,0.20189301599624707
8,0.2018929211786032
9,0.20189282576110923
10,0.2018927297378847
11,0.20189263310302327
12,0.20189253585057204
13,0.2018924379745287
14,0.20189233946882387
15,0.20189224032732342
16,0.20189214054382087
17,0.20189204011203393
18,0.20189193902560543
19,0.20189183727809412
20,0.20189173486298123
21,0.20189163177366218
22,0.2018915280034473
23,0.2018914235455589
24,0.20189131839313096
25,0.20189121253920708
26,0.20189110597673696
27,0.20189099869857766
28,0.20189089069749044
29,0.20189078196613766
30,0.20189067249708426
31,0.20189056228279345
32,0.20189045131562525
33,0.20189033958783606
34,0.20189022709157567
35,0.20189011381888539
36,0.2018899997616963
37,0.2018898849118283
38,0.20188976926098715
39,0.2018896528007612
40,0.2018895355226224
41,0.2018894174179216
42,0.2018892984778883
43,0.20188917869362633
44,0.20188905805611332
45,0.2018889365561992
46,0.20188881418460025
47,0.2018886909319018
48,0.20188856678855
49,0.2018884417448548
50,0.2018883157909852
51,0.20188818891696533
52,0.20188806111267335
53,0.20188793236783933
54,0.20188780267203948
55,0.2018876720146986
56,0.20188754038508208
57,0.20188740777229455
58,0.20188727416527952
59,0.20188713955281123
60,0.20188700392349612
61,0.20188686726576807
62,0.2018867295678836
63,0.20188659081792087
64,0.20188645100377442
65,0.2018863101131533
66,0.2018861681335751
67,0.201886025052366
68,0.20188588085665204
69,0.20188573553336012
70,0.2018855890692103
71,0.20188544145071427
72,0.20188529266416955
73,0.20188514269565777
74,0.20188499153103578
75,0.2018848391559359
76,0.20188468555575853
77,0.20188453071566903
78,0.2018843746205913
79,0.20188421725520572
80,0.20188405860393954
81,0.20188389865096687
82,0.2018837373802001
83,0.20188357477528515
84,0.20188341081959713
85,0.2018832454962326
86,0.201883078788007
87,0.20188291067744354
88,0.2018827411467726
89,0.20188257017792272
90,0.20188239775251368
91,0.20188222385185212
92,0.20188204845692126
93,0.20188187154837856
94,0.20188169310654394
95,0.201881513111397
96,0.20188133154256552
97,0.20188114837931956
98,0.20188096360056498
99,0.20188077718483274
100,0.2018805891102717
101,0.20188039935464036
102,0.2018802078952982
103,0.2018800147091957
104,0.20187981977286593
105,0.20187962306241525
106,0.20187942455351252
107,0.20187922422138038
108,0.20187902204078365
109,0.20187881798601914
110,0.20187861203090615
111,0.20187840414877262
112,0.20187819431244605
113,0.2018779824942407
114,0.20187776866594467
115,0.2018775527988088
116,0.20187733486353274
117,0.20187711483025206
118,0.201876892668525
119,0.20187666834731824
120,0.2018764418349908
121,0.20187621309928272
122,0.20187598210729568
123,0.20187574882548104
124,0.20187551321961963
125,0.2018752752548101
126,0.20187503489544573
127,0.20187479210520137
128,0.20187454684701314
129,0.2018742990830606
130,0.2018740487747446
131,0.2018737958826712
132,0.20187354036662905
133,0.20187328218556694
134,0.20187302129757387
135,0.20187275765985532
136,0.20187249122870957
137,0.20187222195950516
138,0.20187194980665302
139,0.20187167472358442
140,0.20187139666272222
141,0.20187111557545226
142,0.2018708314120986
143,0.20187054412189162
144,0.20187025365293731
145,0.20186995995218845
146,0.20186966296541128
147,0.20186936263715072
148,0.2018690589106978
149,0.20186875172805255
150,0.20186844102988835
151,0.20186812675551347
152,0.20186780884283015
153,0.20186748722829598
154,0.20186716184687964
155,0.2018668326320187
156,0.20186649951557206
157,0.20186616242777605
158,0.20186582129719266
159,0.20186547605066119
160,0.2018651266132446
161,0.20186477290817745
162,0.20186441485680623
163,0.20186405237853458
164,0.20186368539076094
165,0.20186331380881578
166,0.2018629375458976
167,0.2018625565130045
168,0.20186217061886466
169,0.20186177976986322
170,0.20186138386996516
171,0.20186098282064077
172,0.2018605765207781
173,0.20186016486660385
174,0.2018597477515912
175,0.20185932506636955
176,0.201858896698628
177,0.2018584625330177
178,0.2018580224510468
179,0.2018575763309726
180,0.2018571240476905
181,0.20185666547261705
182,0.2018562004735671
183,0.20185572891462725
184,0.2018552506560241
185,0.20185476555398604
186,0.20185427346059923
187,0.20185377422365705
188,0.2018532676865032
189,0.20185275368786898
190,0.20185223206170133
191,0.20185170263698407
192,0.20185116523755206
193,0.20185061968189455
194,0.2018500657829526
195,0.20184950334790433
196,0.20184893217794186
197,0.20184835206803653
198,0.201847762806695
199,0.2018471641757012
200,0.20184655594984827
201,0.20184593789665561
202,0.20184530977607304
203,0.20184467134017078
204,0.20184402233281304
205,0.20184336248931614
206,0.20184269153608808
207,0.20184200919025308
208,0.20184131515925116
209,0.2018406091404232
210,0.20183989082056997
211,0.20183915987549025
212,0.2018384159694921
213,0.20183765875488135
214,0.20183688787141962
215,0.2018361029457534
216,0.2018353035908125
217,0.20183448940517343
218,0.20183365997238972
219,0.20183281486028126
220,0.2018319536201856
221,0.20183107578616424
222,0.20183018087416285
223,0.20182926838112367
224,0.2018283377840434
225,0.20182738853897528
226,0.20182642007997087
227,0.20182543181795545
228,0.2018244231395366
229,0.20182339340573605
230,0.20182234195064208
231,0.20182126807997594
232,0.2018201710695662
233,0.20181905016372184
234,0.2018179045735009
235,0.2018167334748609
236,0.20181553600668603
237,0.20181431126867982
238,0.20181305831911106
239,0.2018117761724052
240,0.20181046379656192
241,0.20180912011039187
242,0.2018077439805514
243,0.20180633421836042
244,0.2018048895763862
245,0.201803408744769
246,0.20180189034726942
247,0.20180033293701138
248,0.20179873499189543
249,0.20179709490964587
250,0.201795411002466
251,0.20179368149125784
252,0.20179190449936588
253,0.20179007804580273
254,0.20178820003790018
255,0.20178626826333046
256,0.20178428038143525
257,0.20178223391378877
258,0.20178012623391764
259,0.20177795455608402
260,0.20177571592303742
261,0.20177340719261644
262,0.20177102502307578
263,0.20176856585699574
264,0.20176602590360868
265,0.20176340111936097
266,0.20176068718649884
267,0.20175787948944274
268,0.2017549730886764
269,0.20175196269184262
270,0.20174884262168916
271,0.20174560678045833
272,0.2017422486102511
273,0.20173876104882527
274,0.20173513648020108
275,0.20173136667935343
276,0.20172744275013907
277,0.20172335505548591
278,0.20171909313868575
279,0.20171464563444788
280,0.2017100001681188
281,0.2017051432411965
282,0.2017000601009143
283,0.20169473459124837
284,0.20168914898218962
285,0.2016832837734902
286,0.20167711746832492
287,0.2016706263113497
288,0.20166378398444904
289,0.20165656125199388
290,0.20164892554556063
291,0.20164084047571393
292,0.20163226525548358
293,0.20162315401632977
294,0.20161345499249034
295,0.20160310954321237
296,0.2015920509740355
297,0.20158020310729632
298,0.2015674785373938
299,0.20155377648672781
300,0.20153898015159832
301,0.20152295339087722
302,0.20150553655969197
303,0.20148654121940326
304,0.20146574335423814
305,0.20144287457935406
306,0.20141761061175403
307,0.2013895559574943
308,0.20135822328573744
309,0.20132300521183275
310,0.20128313502524772
311,0.2012376309698069
312,0.20118521546032955
313,0.20112419505947557
314,0.2010522770993748
315,0.2009662803277751
316,0.2008616608489608
317,0.20073170018540729
318,0.2005660384753342
319,0.2003478461833372
320,0.20002318386648296
321,0.19953434023773844
322,0.19880640780818729
323,0.1974818084134503
324,0.1944503406216836
325,0.18466427645291494
326,0.16942332262973994
327,0.1673357892882345
328,0.16700735453403232
329,0.16672605690657588
330,0.1664736786353111
331,0.16624646469788867
332,0.16604125966928482
333,0.16585533635096472
334,0.1656863419796361
335,0.1655322486013845
336,0.16539130805050709
337,0.16526201203310564
338,0.16514305729663364
339,0.16503331557434342
340,0.16493180785089198
341,0.1648376824448182
342,0.16475019640689906
343,0.16466869976593998
344,0.16459262219993628
345,0.1645214617614837
346,0.1644547753364983
347,0.1643921705619282
348,0.16433329896988969
349,0.16427785016220386
350,0.16422554685075114
351,0.16417614062581942
352,0.1641294083372132
353,0.16408514899184223
354,0.1640431810873541
355,0.1640033403145917
356,0.16396547757264346
357,0.16392945724940478
358,0.16389515572816613
359,0.16386246008706887
360,0.16383126696352115
361,0.16380148156006186
362,0.16377301677179218
363,0.1637457924185669
364,0.16371973456766775
365,0.16369477493483683
366,0.16367085035332282
367,0.16364790230212184
368,0.16362587648584245
369,0.16360472245971955
370,0.16358439329419175
371,0.1635648452742383
372,0.1635460376293184
373,0.16352793229031623
374,0.1635104936703687
375,0.1634936884668601
376,0.16347748548221414
377,0.16346185546141556
378,0.16344677094444918
379,0.16343220613206627
380,0.16341813676348144
381,0.16340454000476853
382,0.16339139434686653
383,0.16337867951223675
384,0.16336637636931803
385,0.1633544668540206
386,0.16334293389759105
387,0.16333176136024288
388,0.1633209339700209
389,0.16331043726641978
390,0.1633002575483261
391,0.16329038182590344
392,0.16328079777606946
393,0.1632714937012576
394,0.16326245849118207
395,0.16325368158735273
396,0.16324515295011033
397,0.16323686302797602
398,0.16322880272912932
399,0.163220963394837
400,0.16321333677469055
401,0.1632059150034952
402,0.16319869057969869
403,0.16319165634522953
404,0.16318480546664657
405,0.1631781314174966
406,0.1631716279617941
407,0.16316528913853948
408,0.16315910924720164
409,0.16315308283409513
410,0.16314720467958893
411,0.16314146978608818
412,0.1631358733667367
413,0.1631304108347879
414,0.16312507779360294
415,0.16311987002722864
416,0.1631147834915211
417,0.16310981430577673
418,0.1631049587448372
419,0.16310021323163917
420,0.16309557433017807
421,0.16309103873886183
422,0.16308660328422786
423,0.16308226491500227
424,0.1630780206964786
425,0.1630738678051977
426,0.1630698035239098
427,0.16306582523680055
428,0.163061930424968
429,0.16305811666213219
430,0.16305438161056654
431,0.16305072301723653
432,0.1630471387101333
433,0.16304362659479177
434,0.16304018465098322
435,0.16303681092956984
436,0.16303350354951615
437,0.16303026069504492
438,0.16302708061293011
439,0.16302396160992264
440,0.16302090205029648
441,0.16301790035351296
442,0.1630149549919937
443,0.16301206448899924
444,0.16300922741660537
445,0.16300644239377285
446,0.16300370808450676
447,0.16300102319609772
448,0.16299838647744408
449,0.16299579671745015
450,0.1629932527434945
451,0.1629907534199672
452,0.16298829764687078
453,0.1629858843584837
454,0.16298351252208132
455,0.16298118113671153
456,0.16297888923202508
457,0.1629766358671536
458,0.1629744201296363
459,0.16297224113439315
460,0.16297009802273824
461,0.16296798996143844
462,0.16296591614180658
463,0.16296387577883564
464,0.1629618681103661
465,0.16295989239628936
466,0.16295794791778093
467,0.16295603397656677
468,0.16295414989421714
469,0.1629522950114709
470,0.16295046868758384
471,0.1629486702997039
472,0.16294689924227318
473,0.16294515492644798
474,0.16294343677954617
475,0.162941744244514
476,0.16294007677941263
477,0.1629384338569254
478,0.16293681496388362
479,0.1629352196008089
480,0.16293364728147525
481,0.16293209753248433
482,0.1629305698928591
483,0.16292906391365083
484,0.162927579157562
485,0.16292611519858133
486,0.1629246716216329
487,0.16292324802223782
488,0.1629218440061894
489,0.16292045918923673
490,0.1629190931967825
491,0.16291774566359124
492,0.16291641623350586
493,0.1629151045591755
494,0.16291381030179353
495,0.16291253313084345
496,0.16291127272385308
497,0.1629100287661606
498,0.16290880095068316
499,0.16290758897769794
500,0.16290639255462913
501,0.16290521139584116
502,0.1629040452224392
503,0.16290289376207945
504,0.16290175674877963
505,0.16290063392274123
506,0.1628995250301755
507,0.16289842982313402
508,0.16289734805934775
509,0.16289627950206761
510,0.16289522391991396
511,0.1628941810867273
512,0.16289315078142727
513,0.16289213278787346
514,0.1628911268947311
515,0.16289013289534376
516,0.16288915058760406
517,0.1628881797738361
518,0.16288722026067476
519,0.16288627185895335
520,0.16288533438359118
521,0.16288440765348888
522,0.1628834914914216
523,0.16288258572394007
524,0.16288169018127263
525,0.1628808046972298
526,0.1628799291091129
527,0.16287906325762447
528,0.16287820698678185
529,0.1628773601438331
530,0.16287652257917534
531,0.1628756941462762
532,0.1628748747015954
533,0.1628740641045105
534,0.16287326221724574
535,0.1628724689047986
536,0.16287168403487237
537,0.16287090747780866
538,0.16287013910652157
539,0.16286937879643243
540,0.16286862642540673
541,0.16286788187369064
542,0.16286714502384717
543,0.16286641576069016
544,0.16286569397121517
545,0.16286497954452023
546,0.16286427237171153
547,0.16286357234577437
548,0.16286287936137367
549,0.16286219331449356
550,0.16286151410167396
551,0.1628608416180931
552,0.1628601757516269
553,0.16285951635808846
554,0.16285886308011377
555,0.16292395554594652
556,0.162959751014579
557,0.16295682775013956
558,0.16295620125302385
559,0.16295558965992504
560,0.16295498403709646
561,0.16295438426679512
562,0.16295379026707427
563,0.16295320195760588
564,0.16295261925951562
565,0.1629520420953497
566,0.16295147038904373
567,0.16295090406589252
568,0.1629503430525193
569,0.16294978727684808
570,0.16294923666807454
571,0.1629486911566383
572,0.1629481506741978
573,0.16294761515360157
574,0.16294708452886514
575,0.16294655873514519
576,0.16294603770871505
577,0.16294552138694188
578,0.16294500970826284
579,0.16294450261216373
580,0.16294400003915632
581,0.1629435019307563
582,0.16294300822946514
583,0.1629425188787465
584,0.16294203382300873
585,0.1629415530075845
586,0.16294107637871202
587,0.1629406038835174
588,0.16294013546999553
589,0.16293967108699334
590,0.1629392106841925
591,0.16293875421209283
592,0.16293830162199538
593,0.1629378528659877
594,0.16293740789692657
595,0.1629369666684243
596,0.16293652913483359
597,0.16293609525123273
598,0.16293566497341114
599,0.16293523825785622
600,0.16293481506173924
601,0.16293439534290294
602,0.16293397905984794
603,0.16293356617172006
604,0.1629331566382984
605,0.16293275041998298
606,0.16293234747778407
607,0.16293194777330827
608,0.16293155126874953
609,0.16293115792687718
610,0.16293076771102577
611,0.16293038058508358
612,0.1629299965134822
613,0.16292961546118923
614,0.16292923739369386
615,0.16292886227700137
616,0.16292849007762175
617,0.16292812076255983
618,0.16292775429930867
619,0.1629273906558378
620,0.1629270298005874
621,0.16292667170245761
622,0.1629263163308016
623,0.16292596365541676
624,0.1629256136465373
625,0.162925266274826
626,0.1629249215113674
627,0.162924579327659
628,0.16292423969560557
629,0.16292390258751083
630,0.1629235679760711
631,0.16292323583436813
632,0.1629229061358627
633,0.1629225788543877
634,0.16292225396414245
635,0.16292193143968536
636,0.16292161125592822
637,0.16292129338813063
638,0.16292097781189346
639,0.16292066450315332
640,0.16292035343817657
641,0.162920044593555
642,0.16291973794619793
643,0.16291943347332943
644,0.16291913115248166
645,0.1629188309614895
646,0.1629185328784873
647,0.16291823688190155
648,0.1629179429504475
649,0.16291765106312492
650,0.16291736119921135
651,0.16291707333825933
652,0.16291678746009203
653,0.1629165035447978
654,0.16291622157272576
655,0.16291594152448285
656,0.16291566338092925
657,0.1629153871231729
658,0.16291511273256806
659,0.16291484019070876
660,0.16291456947942706
661,0.16291430058078804
662,0.16291403347708655
663,0.16291376815084388
664,0.16291350458480355
665,0.1629132427619278
666,0.16291298266539547
667,0.16291272427859688
