1,0.1666689906895687
2,0.15846696670798352
3,0.15848093299896845
4,0.15847981762957716
5,0.1583429057628509
6,0.1582075987276823
7,0.15820673494014698
8,0.15820562177991682
9,0.15820452043987868
10,0.15820343122313762
11,0.15820235395932128
12,0.15820128847994208
13,0.15820023461922
14,0.1581991922140369
15,0.1581981611038954
16,0.15819714113087371
17,0.15819613213958356
18,0.15819513397712753
19,0.15819414649305805
20,0.1581931695393366
21,0.1581922029702933
22,0.15819124664258596
23,0.15819030041516347
24,0.15818936414922438
25,0.15818843770818145
26,0.15818752095762276
27,0.15818661376527549
28,0.15818571600096867
29,0.15818482753660026
30,0.15818394824609866
31,0.1581830780053905
32,0.15818221669236548
33,0.1581813641868446
34,0.15818052037054445
35,0.1581796851270483
36,0.15817885834177087
37,0.15817803990193005
38,0.15817722969651454
39,0.15817642761625342
40,0.1581756335535873
41,0.15817484740263887
42,0.15817406905918377
43,0.15817329842062175
44,0.1581725353859508
45,0.15817177985573874
46,0.15817103173209454
47,0.1581702909186458
48,0.1581695573205091
49,0.15816883084426703
50,0.15816811139794068
51,0.15816739889096795
52,0.15816669323417648
53,0.158165994339761
54,0.158165302121259
55,0.15816461649352903
56,0.15816393737272583
57,0.15816326467627814
58,0.15816259832286647
59,0.1581619382324001
60,0.15816128432599416
61,0.15816063652594614
62,0.15815999475571157
63,0.15815935893987812
64,0.15815872900413452
65,0.1581581048752359
66,0.1581574864809549
67,0.15815687375000861
68,0.1581562666119384
69,0.15815566499687114
70,0.15815506883498867
71,0.15815447805513075
72,0.15815389258026843
73,0.15815331230758076
74,0.15815273695782991
75,0.1581521613392478
76,0.15807044853886304
77,0.1580705003559168
78,0.15806993644122694
79,0.15806937638341642
80,0.15806882123983754
81,0.15806827095371184
82,0.15806772546712322
83,0.1580671847229966
84,0.1580666486650864
85,0.1580661172379627
86,0.15806559038699727
87,0.15806506805835024
88,0.15806455019895582
89,0.15806403675651065
90,0.15806352767946089
91,0.15806302291698876
92,0.15806252241900168
93,0.15806202613611994
94,0.1580615340196645
95,0.15806104602164653
96,0.15806056209475455
97,0.15806008219234488
98,0.1580596062684307
99,0.15805913427766988
100,0.15805866617535672
101,0.15805820191740955
102,0.1580577414603617
103,0.1580572847613516
104,0.15805683177811355
105,0.1580563824689668
106,0.15805593679280688
107,0.15805549470909663
108,0.15805505617785687
109,0.15805462115965707
110,0.15805418961560805
111,0.15805376150735106
112,0.1580533367970518
113,0.15805291544738992
114,0.1580524974215535
115,0.15805208268322796
116,0.1580516711965901
117,0.15805126292630087
118,0.15805085783749603
119,0.15805045589577948
120,0.15805005706721706
121,0.15804966131832734
122,0.1580492686160761
123,0.15804887892786845
124,0.15804849222154302
125,0.15804810846536366
126,0.15804772762801472
127,0.15804734967859305
128,0.15804697458660247
129,0.15804660232194706
130,0.15804623285492572
131,0.15804586615622532
132,0.1580455021969148
133,0.15804514094844008
134,0.15804478238261746
135,0.15804442647162853
136,0.15804407318801486
137,0.15804372250467125
138,0.15804337439484184
139,0.15804302883211466
140,0.15804268579041506
141,0.15804234524400246
142,0.1580420071674646
143,0.15804167153571144
144,0.15804133832397288
145,0.15804100750779154
146,0.15804067906301936
147,0.158040352965813
148,0.15804002919262902
149,0.1580397077202191
150,0.1580393885256268
151,0.1580390715861812
152,0.15803875687949578
153,0.1580384443834613
154,0.15803813407624284
155,0.15803782593627652
156,0.15803751994226448
157,0.15803721607317137
158,0.1580369143082209
159,0.15803661462689175
160,0.15803631700891288
161,0.1580360214342626
162,0.15803572788316161
163,0.15803543633607203
164,0.15803514677369299
165,0.1580348591769572
166,0.1580345735270277
167,0.1580342898052949
168,0.15803400799337206
169,0.15803372807309427
170,0.1580334500265133
171,0.15803317383589585
172,0.1580328994837193
173,0.15803262695267004
174,0.1580323562256399
175,0.15803208728572277
176,0.1580318201162124
177,0.15803155470059999
178,0.15803129102257008
179,0.15803102906599928
180,0.1580307688149527
181,0.15803051025368198
182,0.1580302533666214
183,0.15802999813838756
184,0.15802974455377466
185,0.15802949259775326
186,0.15802924225546724
187,0.15802899351223257
188,0.15802874635353356
189,0.15802850076502062
190,0.1580282567325096
191,0.15802801424197796
192,0.1580277732795626
193,0.15802753383155865
194,0.15802729588441689
195,0.1580270594247409
196,0.1580268244392866
197,0.15802659091495863
198,0.15802635883880892
199,0.15802612819803533
200,0.15802589897997896
201,0.15802567117212177
202,0.15802544476208638
203,0.15802521973763256
204,0.15802499608665613
205,0.15802477379718746
206,0.1580245528573884
207,0.1580243332555524
208,0.15802411498010083
209,0.15802389801958341
210,0.15802368236267458
211,0.15802346799817257
212,0.1580232549149988
213,0.15802304310219412
214,0.1580228325489197
215,0.15802262324445351
216,0.15802241517818952
217,0.15802220833963668
218,0.158022002718417
219,0.15802179830426366
220,0.15802159508702016
221,0.15802139305663906
222,0.1580211922031796
223,0.158020992516808
224,0.1580207939877942
225,0.15802059660651177
226,0.15802040036343643
227,0.1580202052491442
228,0.15802001125431078
229,0.15801981836971024
230,0.15801962658621305
231,0.1580194358947858
232,0.15801924628648928
233,0.1580190577524779
234,0.1580188702839982
235,0.15801868387238732
236,0.15801849850907232
237,0.15801831418556958
238,0.1580181308934822
239,0.1580179486245008
240,0.158017767370401
241,0.15801758712304267
242,0.15801740787436921
243,0.15801722961640668
244,0.15801705234126215
245,0.15801687604112302
246,0.15801670070825638
247,0.1580165263350073
248,0.15801635291379876
249,0.15801618043712942
250,0.15801600889757447
251,0.1580158382877838
252,0.15801566860047997
253,0.1580154998284593
254,0.15801533196458983
255,0.1580151650018108
256,0.15801499893313162
257,0.15801483375163136
258,0.15801466945045733
259,0.15801450602282482
260,0.15801434346201593
261,0.15801418176137957
262,0.15801402091432898
263,0.15801386091434289
264,0.1580137017549639
265,0.15801354342979707
266,0.15801338593251016
267,0.1580132292568326
268,0.15801307339655488
269,0.15801291834552733
270,0.15801276409765974
271,0.15801261064692115
272,0.15801245798733857
273,0.15801230611299621
274,0.15801215501803498
275,0.15801200469665247
276,0.1580118551431008
277,0.1580117063516879
278,0.15801155831677563
279,0.15801141103277894
280,0.15801126449416616
281,0.1580111186954578
282,0.15801097363122635
283,0.15801082929609547
284,0.15801068568473894
285,0.15801054279188081
286,0.15801040061229496
287,0.15801025914080358
288,0.1580101183722776
289,0.1580099783016355
290,0.158009838923843
291,0.15800970023391267
292,0.15800956222690296
293,0.15800942489791892
294,0.15800928824210939
295,0.15800915225466913
296,0.15800901693083608
297,0.1580088822658924
298,0.15800874825516356
299,0.15800861489401735
300,0.1580084821778637
301,0.15800835010215494
302,0.15800821866238446
303,0.15800808785408602
304,0.15800795767283443
305,0.15800782811424416
306,0.15800769917396906
307,0.15800757084770276
308,0.1580074431311768
309,0.15800731602016105
310,0.15800718951046414
311,0.15800706359793049
312,0.1580069382784436
313,0.15800681354792181
314,0.15800668940232016
315,0.15800656583763045
316,0.15800644284987872
317,0.15800632043512666
318,0.1580061985894708
319,0.15800607730904181
320,0.1580059565900043
321,0.15800583642855645
322,0.1580057168209297
323,0.15800559776338877
324,0.15800547925223013
325,0.15800536128378348
326,0.1580052438544096
327,0.15800512696050045
328,0.15800501059848054
329,0.15800489476480445
330,0.15800477945595717
331,0.1580046646684539
332,0.1580045503988401
333,0.15800443664369068
334,0.15800432339961
335,0.15800421066323117
336,0.1580040984312158
337,0.15800398670025464
338,0.15800387546706593
339,0.15800376472839536
340,0.15800365448101764
341,0.15800354472173245
342,0.15800343544736903
343,0.15800332665478117
344,0.1580032183408499
345,0.1580031105024828
346,0.15800300313661275
347,0.15800289624019845
348,0.15800278981022356
349,0.15800268384369756
350,0.15800257833765446
351,0.1580024732891528
352,0.15800236869527537
353,0.15800226455312935
354,0.15800216085984514
355,0.1580020576125778
356,0.15800195480850487
357,0.1580018524448276
358,0.1580017505187698
359,0.1580016490275782
360,0.15800154796852167
361,0.1580014473388918
362,0.15800134713600208
363,0.15800124735718735
364,0.15800114799980472
365,0.15800104906123202
366,0.15800095053886895
367,0.15800085243013523
368,0.15800075473247224
369,0.1580006574433419
370,0.15800056056022535
371,0.15800046408062537
372,0.1580003680020635
373,0.15800027232208189
374,0.15800017703824173
375,0.15800008214812378
376,0.15799998764932807
377,0.1579998935394736
378,0.1579997998161979
379,0.15799970647715744
380,0.1579996135200274
381,0.15799952094250047
382,0.1579994287422884
383,0.15799933691711987
384,0.15799924546474228
385,0.15799915438292017
386,0.15799906366943547
387,0.15799897332208732
388,0.15799888333869197
389,0.15799879371708325
390,0.15799870445511074
391,0.15799861555064143
392,0.15799852700155842
393,0.1579984388057611
394,0.15799835096116518
395,0.15799826346570253
396,0.15799817631732008
397,0.15799808951398167
398,0.15799800305366546
399,0.15799791693436605
400,0.15799783115409274
401,0.1579977457108702
402,0.15799766060273748
403,0.15799757582774984
404,0.15799749138397565
405,0.1579974072694992
406,0.15799732348241805
407,0.1579972400208451
408,0.157997156882907
409,0.1579970740667441
410,0.1579969915705113
411,0.1579969093923768
412,0.15799682753052255
413,0.15799674598314478
414,0.15799666474845192
415,0.1579965838246664
416,0.15799650321002398
417,0.157996422902773
418,0.1579963429011748
419,0.157996263203504
420,0.15799618380804764
421,0.15799610471310505
422,0.15799602591698866
423,0.157995947418023
424,0.15799586921454453
425,0.15799579130490202
426,0.15799571368745702
427,0.15799563636058164
428,0.15799555932266077
429,0.15799548257209126
430,0.1579954061072808
431,0.15799532992664864
432,0.15799525402862646
433,0.15799517841165586
434,0.15799510307419046
435,0.15799502801469498
436,0.15799495323164497
437,0.1579948787235273
438,0.15799480448883835
439,0.15799473052608742
440,0.15799465683379232
441,0.1579945834104828
442,0.15799451025469854
443,0.15799443736498922
444,0.15799436473991546
445,0.15799429237804777
446,0.1579942202779668
447,0.15799414843826318
448,0.15799407685753708
449,0.15799400553439943
450,0.15799393446747012
451,0.15799386365537896
452,0.15799379309676526
453,0.15799372279027793
454,0.15799365273457544
455,0.1579935829283252
456,0.15799351337020423
457,0.15799344405889848
458,0.15799337499310354
459,0.1579933061715228
460,0.15799323759287
461,0.15799316925586737
462,0.15799310115924547
463,0.1579930333017437
464,0.15799296568211052
465,0.1579928982991026
466,0.15799283115148552
467,0.15799276423803257
468,0.15799269755752623
469,0.1579926311087565
470,0.15799256489052246
471,0.1579924989016304
472,0.15799243314089575
473,0.15799236760714092
474,0.15799230229919686
475,0.15799223721590236
