1,0.15339337763427927
2,0.15365370522166133
3,0.15363890363962246
4,0.15363555968140552
5,0.15363465314958658
6,0.15363429931391187
7,0.15363407324420533
8,0.15363387721675337
9,0.15363368864908453
10,0.15363350231488163
11,0.15363331700219632
12,0.1536331324278902
13,0.15363294852375942
14,0.1536327652713572
15,0.15363258266377325
16,0.15363240069678766
17,0.15363221936682497
18,0.15363203867047825
19,0.15363185860439932
20,0.153631679165273
21,0.15363150034980996
22,0.153631322154745
23,0.1536311445768375
24,0.1536309676128689
25,0.15363079125964396
26,0.15363061551398943
27,0.15363044037275464
28,0.15363026583281028
29,0.1536300918910482
30,0.15362991854438166
31,0.15362974578974434
32,0.1536295736240897
33,0.1536294020443917
34,0.1536292310476426
35,0.1536290606308534
36,0.1536288907910532
37,0.15362872152528723
38,0.1536285528306161
39,0.15362838470411397
40,0.15362821714286692
41,0.15362805014396844
42,0.1536278837045149
43,0.15362771782159923
44,0.15362755249229879
45,0.1536273877136583
46,0.15362722348265861
47,0.15362705979616606
48,0.153626896650832
49,0.1536267340428949
50,0.15362657196774504
51,0.1536264104188394
52,0.1536262493845503
53,0.15362608883652515
54,0.15362592866663707
55,0.15362576793766478
56,0.15912938881350014
57,0.1561899028147867
58,0.15429695951866051
59,0.15415096065571265
60,0.1541373984598181
61,0.15413559759017484
62,0.15413507948270216
63,0.15413470778657304
64,0.15413435455532815
65,0.154134005303955
66,0.15413365837719448
67,0.1541333135714883
68,0.1541329708477095
69,0.15413263018551562
70,0.15413229156686659
71,0.1541319549741578
72,0.15413162039000636
73,0.15413128779722532
74,0.15413095717881772
75,0.15413062851797335
76,0.15413030179806717
77,0.1541299770026566
78,0.15412965411547816
79,0.15412933312044674
80,0.1541290140016512
81,0.15412869674335436
82,0.15412838132998855
83,0.15412806774615476
84,0.15412775597661937
85,0.15412744600631362
86,0.15412713782032977
87,0.15412683140391925
88,0.15412652674249208
89,0.15412622382161248
90,0.15412592262699906
91,0.15412562314452144
92,0.1541253253601984
93,0.15412502926019647
94,0.15412473483082845
95,0.15412444205855003
96,0.1541241509299594
97,0.15412386143179418
98,0.15412357355093134
99,0.1541232872743838
100,0.15412300258929917
101,0.15412271948295828
102,0.1541224379427738
103,0.15412215795628775
104,0.1541218795111708
105,0.15412160259521937
106,0.1541213271963557
107,0.15412105330262502
108,0.15412078090219453
109,0.15412050998335147
110,0.15412024053450238
111,0.15411997254417112
112,0.15411970600099725
113,0.15411944089373464
114,0.1541191772112509
115,0.15411891494252533
116,0.1541186540766467
117,0.15411839460281357
118,0.15411813651033224
119,0.15411787978861435
120,0.15411762442717775
121,0.15411737041564383
122,0.15411711774373588
123,0.15411686640127908
124,0.15411661637819882
125,0.15411636766451883
126,0.15411612025036056
127,0.1541158741259428
128,0.15411562928157857
129,0.15411538570767616
130,0.15411514339473587
131,0.1541149023333511
132,0.15411466251420583
133,0.15411442392807337
134,0.1541141865658166
135,0.15411395041838538
136,0.15411371547681685
137,0.1541134817322338
138,0.15411324917584343
139,0.15411301779893685
140,0.1541127875928877
141,0.15411255854915176
142,0.15411233065926563
143,0.15411210391484553
144,0.15411187830758658
145,0.15411165382926198
146,0.15411143047172263
147,0.15411120822689514
148,0.1541109870867818
149,0.1541107670434594
150,0.15411054808907837
151,0.15411033021586193
152,0.15411011341610564
153,0.15410989768217576
154,0.1541096830065094
155,0.15410946938161338
156,0.15410925680006296
157,0.15410904525450164
158,0.1541088347376403
159,0.154108625242256
160,0.15410841676119227
161,0.15410820928735713
162,0.15410800281372308
163,0.15410779733332639
164,0.1541075928392662
165,0.15410738932470366
166,0.15410718678286173
167,0.1541069852070246
168,0.15410678459053542
169,0.15410658492679816
170,0.15410638620927533
171,0.15410618843148702
172,0.15410599158701194
173,0.15410579566948507
174,0.15410560067259776
175,0.15410540659009778
176,0.15410521341578715
177,0.154105021143523
178,0.15410482976721668
179,0.1541046392808315
180,0.15410444967838563
181,0.15410426095394825
182,0.15410407310164026
183,0.15410388611563386
184,0.1541036999901523
185,0.15410351471946765
186,0.15410333029790296
187,0.15410314671982922
188,0.15410296397966675
189,0.1541027820718826
190,0.154102600990993
191,0.1541024207315594
192,0.15410224128819086
193,0.1541020626555422
194,0.1541018848283133
195,0.15410170780124988
196,0.15410153156914114
197,0.1541013561268216
198,0.15410118146916815
199,0.15410100759110193
200,0.15410083448758655
201,0.15410066215362742
202,0.15410049058427208
203,0.15410031977461008
204,0.15410014971977115
205,0.15409998041492617
206,0.15409981185528596
207,0.1540996440361009
208,0.15409947695266132
209,0.154099310600296
210,0.15409914497437208
211,0.15409898007029596
212,0.15409881588351063
213,0.15409865240949722
214,0.1540984896437735
215,0.15409832758189446
216,0.1540981662194504
217,0.15409800555206837
218,0.15409784557541115
219,0.1540976862851757
220,0.15409752767709503
221,0.1540973697469357
222,0.15409721249049915
223,0.15409705590362027
224,0.15409689998216797
225,0.1540967447220432
226,0.15409659011918123
227,0.15409643616954882
228,0.15409628286914492
229,0.15409613021400154
230,0.15409597820018073
231,0.15409582682377662
232,0.1540956760809142
233,0.15409552596774934
234,0.1540953764804677
235,0.15409522761528552
236,0.15409507936844888
237,0.15409493173623287
238,0.15409478471494228
239,0.15409463830091047
240,0.15409449249049956
241,0.1540943472801002
242,0.1540942026661308
243,0.1540940586450381
244,0.15409391521329593
245,0.15409377236740593
246,0.15409363010389618
247,0.15409348841932233
248,0.15409334731026522
249,0.15409320677333382
250,0.1540930668051617
251,0.1540929274024089
252,0.15409278856176079
253,0.1540926502799279
254,0.15409251255364642
255,0.15409237537967643
256,0.15409223875480343
257,0.1540921026758373
258,0.15409196713961165
259,0.15409183214298391
260,0.15409169768283557
261,0.1540915637560718
262,0.1540914303596207
263,0.15409129749043304
264,0.1540911651454834
265,0.15409103332176832
266,0.15409090201630662
267,0.15409077122613993
268,0.1540906409483315
269,0.15409051117996644
270,0.15409038191815155
271,0.154090253160015
272,0.15409012490270613
273,0.15408999714339544
274,0.15408986987927437
275,0.15408974310755452
276,0.1540896168254682
277,0.15408949103026878
278,0.1540893657192284
279,0.1540892408896398
280,0.1540891165388155
281,0.15408899266408738
282,0.154088869262807
283,0.15408874633234493
284,0.1540886238700905
285,0.15408850187345266
286,0.15408838033985836
287,0.15408825926675337
288,0.1540881386516018
289,0.15408801849188583
290,0.15408789878510618
291,0.15408777952878083
292,0.15408766072044586
293,0.15408754235765493
294,0.15408742443797913
295,0.15408730695900652
296,0.15408718991834286
297,0.15408707331361007
298,0.15408695714244783
299,0.1540868414025117
300,0.1540867260914742
301,0.1540866112070243
302,0.1540864967468668
303,0.15408638270872324
304,0.15408626909033035
305,0.15408615588944133
306,0.15408604310382473
307,0.15408593073126503
308,0.15408581876956154
309,0.15408570721652973
310,0.15408559606999925
311,0.15408548532781532
312,0.15408537498783817
313,0.1540852650479423
314,0.15408515550601753
315,0.15408504635996811
316,0.15408493760771194
317,0.15408482924718195
318,0.1540847212763253
319,0.1540846136931027
320,0.154084506495489
321,0.15408439968147267
322,0.15408429324905648
323,0.1540841871962563
324,0.1540840815211015
325,0.15408397622163444
326,0.15408387129591197
327,0.15408376674200255
328,0.15408366255798855
329,0.15408355874196497
330,0.15408345529203993
331,0.15408335220633415
332,0.15408324948298038
333,0.15408314712012477
334,0.15408304511592508
335,0.15408294346855178
336,0.15408284217618756
337,0.15408274123702675
338,0.15408264064927635
339,0.15408254041115468
340,0.15408244052089226
341,0.15408234097673093
342,0.15408224177692445
343,0.15408214291973796
344,0.15408204440344783
345,0.15408194622634203
346,0.15408184838672007
347,0.15408175088289164
348,0.1540816537131784
349,0.15408155687591246
350,0.1540814603694371
351,0.15408136419210627
352,0.15408126834228442
353,0.15408117281834674
354,0.15408107761867945
355,0.1540809827416784
356,0.15408088818575025
357,0.15408079394931182
358,0.15408070003079066
359,0.15408060642862323
360,0.1540805131412573
361,0.15408042016714996
362,0.15408032750476808
363,0.1540802351525888
364,0.1540801431090985
365,0.1540800513727936
366,0.1540799599421798
367,0.15407986881577238
368,0.15407977799209635
369,0.15407968746968548
370,0.15407959724708348
371,0.15407950732284248
372,0.15407941769552458
373,0.15407932836370083
374,0.1540792393259502
375,0.15407915058086177
376,0.15407906212703357
377,0.1540789739630711
378,0.15407888608758988
379,0.15407879849921358
380,0.1540787111965743
381,0.15407862417831314
382,0.15407853744307912
383,0.15407845098953005
384,0.15407836481633153
385,0.1540782789221583
386,0.1540781933056926
387,0.15407810796562488
388,0.15407802290065367
389,0.15407793810948592
390,0.1540778535908359
391,0.1540777693434265
392,0.15407768536598787
393,0.15407760165725778
394,0.15407751821598265
395,0.15407743504091534
396,0.15407735213081725
397,0.15407726948445674
398,0.15407718710061036
399,0.15407710497806115
400,0.15407702311560015
401,0.15407694151202564
402,0.154076860166143
403,0.1540767790767649
404,0.15407669824271134
405,0.15407661766280897
406,0.1540765373358919
407,0.15407645726080152
408,0.15407637743638483
409,0.15407629786149749
410,0.15407621853500092
411,0.15407613945576346
412,0.1540760606226605
413,0.15407598203457362
414,0.15407590369039176
415,0.15407582558900973
416,0.15407574772932944
417,0.15407567011025905
418,0.15407559273071317
419,0.1540755155896128
420,0.15407543868588539
421,0.1540753620184646
422,0.1540752855862906
423,0.15407520938830907
424,0.1540751334234732
425,0.15407505769074106
426,0.15407498218907736
427,0.15407490691745251
428,0.15407483187484342
429,0.15407475706023252
430,0.1540746824726086
431,0.1540746081109658
432,0.15407453397430435
433,0.15407446006163072
434,0.1540743863719559
435,0.154074312904298
436,0.15407423965768
437,0.15407416663113052
438,0.15407409382368392
439,0.15407402123438016
440,0.15407394886226486
441,0.1540738767063885
442,0.15407380476580765
443,0.15407373303958394
444,0.15407366152678456
445,0.15407359022648132
446,0.15407351913775238
447,0.15407344825968042
448,0.15407337759135378
449,0.15407330713186534
450,0.1540732368803139
451,0.15407316683580255
452,0.15407309699744
453,0.1540730273643399
454,0.15407295793562073
455,0.15407288871040611
456,0.15407281968782402
457,0.15407275086700814
458,0.1540726822470969
459,0.15407261382723286
460,0.154072545606564
461,0.15407247758424303
462,0.15407240975942682
463,0.15407234213127755
464,0.15407227469896187
465,0.15407220746165082
466,0.15407214041852063
467,0.1540720735687511
468,0.15407200691152784
469,0.15407194044603947
470,0.1540718741714804
471,0.15407180808704876
472,0.15407174219194755
473,0.15407167648538359
474,0.15407161096656852
475,0.15407154563471795
476,0.15407148048905212
477,0.15407141552879525
478,0.15407135075317593
479,0.15407128616142735
480,0.15407122175278565
481,0.15407115752649236
482,0.15407109348179293
483,0.1540710296179361
484,0.15407096593417588
485,0.1540709024297691
486,0.15407083910397762
487,0.15407077595606658
488,0.15407071298530567
489,0.1540706501909678
490,0.1540705875723303
491,0.15407052512867436
492,0.1540704628592847
493,0.15407040076345058
494,0.15407033884046395
495,0.15407027708962148
496,0.15407021551022332
497,0.1540701541015731
498,0.15407009286297849
499,0.15407003179375103
500,0.15406997089320476
501,0.1540699101606588
502,0.15406984959543524
503,0.15406978919685987
504,0.15406972896426138
505,0.15406966889697282
506,0.1540696089943309
507,0.15406954925567495
508,0.1540694896803485
509,0.15406943026769823
510,0.1540693710170741
511,0.15406931192782972
512,0.15406925299932225
513,0.15406919423091175
514,0.15406913562196187
515,0.15406907717183974
516,0.15406901887991506
517,0.15406896074556195
518,0.1540689027681568
519,0.1540688449470797
520,0.15406878728171394
521,0.15406872977144573
522,0.15406867241566455
523,0.1540686152137635
524,0.15406855816513843
525,0.15406850126918775
526,0.15406844452531368
527,0.15406838793292157
528,0.15406833149141935
529,0.15406827520021832
530,0.1540682190587328
531,0.15406816306637966
532,0.15406810722257944
533,0.15406805152675493
534,0.1540679959783323
535,0.15406794057674056
536,0.15406788532141164
537,0.15406783021178022
538,0.15406777524728418
539,0.1540677204273635
540,0.15406766575146183
541,0.15406761121902499
542,0.15406755682950243
543,0.15406750258234528
544,0.15406744847700832
545,0.1540673945129486
546,0.15406734068962596
547,0.154067287006503
548,0.1540672334630454
549,0.15406718005872075
550,0.1540671267929996
551,0.15406707366535552
552,0.1540670206752643
553,0.1540669678222042
554,0.15406691510565695
555,0.15406686252510562
556,0.15406681008003686
557,0.15406675776993917
558,0.154066705594304
559,0.1540666535526251
560,0.15406660164439884
561,0.15406654986912396
562,0.15406649822630206
563,0.15406644671543676
564,0.1540663953360339
565,0.15406634408760234
566,0.15406629296965313
567,0.1540662419816997
568,0.15406619112325745
569,0.1540661403938451
570,0.1540660897929827
571,0.15406603932019333
572,0.15406598897500226
573,0.1540659387569365
574,0.1540658886655263
575,0.15406583870030344
576,0.15406578886080227
577,0.15406573914655958
578,0.15406568955711386
579,0.15406564009200646
580,0.15406559075078025
581,0.15406554153298088
582,0.15406549243815637
583,0.15406544346585613
584,0.15406539461563196
585,0.15406534588703852
586,0.15406529727963164
587,0.1540652487929699
588,0.1540652004266139
589,0.15406515218012606
590,0.15406510405307106
591,0.15406505604501589
592,0.15406500815552923
593,0.15406496038418196
594,0.15406491273054682
595,0.15406486519419924
596,0.15406481777471562
597,0.1540647704716752
598,0.15406472328465898
599,0.15406467621324957
600,0.15406462925703243
601,0.15406458241559384
602,0.1540645356885226
603,0.15406448907541015
604,0.1540644425758483
605,0.15406439618943218
606,0.1540643499157579
607,0.15406430375442395
608,0.15406425770503046
609,0.15406421176717994
610,0.15406416594047592
611,0.15406412022452395
612,0.15406407461893243
613,0.15406402912331027
614,0.15406398373726893
615,0.1540639384604213
616,0.15406389329238251
617,0.15406384823276914
618,0.1540638032811993
619,0.1540637584372936
620,0.1540637137006735
621,0.15406366907096325
622,0.1540636245477882
623,0.15406358013077523
624,0.15406353581955304
625,0.15406349161375246
626,0.15406344751300574
627,0.15406340351694656
628,0.15406335962521087
629,0.15406331583743585
630,0.15406327215326013
631,0.15406322857232466
632,0.1540631850942716
633,0.15406314171874447
634,0.15406309844538915
635,0.1540630552738525
636,0.15406301220378318
637,0.1540629692348315
638,0.15406292636664898
639,0.15406288359888984
640,0.15406284093120812
641,0.15406279836326092
642,0.15406275589470597
643,0.1540627135252036
644,0.15406267125441445
645,0.1540626290820008
646,0.1540625870076275
647,0.15406254503095992
648,0.15406250315166553
649,0.1540624613694127
650,0.1540624196838718
651,0.15406237809471424
652,0.1540623366016133
653,0.15406229520424355
654,0.15406225390228093
655,0.15406221269540296
656,0.15406217158328825
657,0.1540621305656175
658,0.15406208964207216
659,0.15406204881233526
660,0.15406200807609177
661,0.15406196743302691
662,0.1540619268828286
663,0.15406188642518528
664,0.1540618460597872
665,0.15406180578632545
666,0.1540617656044928
667,0.15406172551398392
668,0.15406168551449367
669,0.15406164560571883
670,0.15406160578735814
671,0.1540615660591104
672,0.15406152642067658
673,0.15406148687175883
674,0.15406144741206054
675,0.1540614080412861
676,0.15406136875914175
677,0.1540613295653345
678,0.15406129045957276
679,0.15406125144156646
680,0.1540612125110267
681,0.1540611736676653
682,0.1540611349111964
683,0.15406109624133404
684,0.15406105765779454
685,0.1540610191602951
686,0.15406098074855396
687,0.15406094242229101
688,0.15406090418122678
689,0.1540608660250833
690,0.15406082795358414
691,0.15406078996645325
692,0.15406075206341643
693,0.15406071424420048
694,0.15406067650853314
695,0.15406063885614338
696,0.1540606012867619
697,0.15406056380011948
698,0.15406052639594905
699,0.154060489073984
700,0.1540604518339594
701,0.15406041467561107
702,0.15406037759867597
703,0.15406034060289203
704,0.15406030368799878
705,0.15406026685373633
706,0.1540602300998466
707,0.1540601934260718
708,0.15406015683215532
709,0.15406012031784203
710,0.1540600838828778
711,0.15406004752700975
712,0.15406001124998475
713,0.15405997505155308
714,0.15405993893146355
715,0.15405990288946791
716,0.1540598669253182
717,0.15405983103876736
718,0.15405979522956967
719,0.1540597594974798
720,0.15405972384225458
721,0.154059688263651
722,0.15405965276142713
723,0.15405961733534246
724,0.15405958198515704
725,0.15405954671063196
726,0.15405951151152966
727,0.15405947638761297
728,0.15405944133864627
729,0.15405940636439489
730,0.15405937146462448
731,0.15405933663910243
732,0.15405930188759648
733,0.15405926720987573
734,0.1540592326057101
735,0.1540591980748705
736,0.1540591636171286
737,0.1540591292322573
738,0.15405909492002998
739,0.15405906068022135
740,0.15405902651260683
741,0.15405899241696328
742,0.15405895839306732
743,0.15405892444069771
744,0.15405889055963337
745,0.1540588567496543
746,0.15405882301054163
747,0.15405878934207662
748,0.15405875574404287
749,0.15405872221622288
750,0.15405868875840215
751,0.15405865537036514
752,0.1540586220518984
753,0.154058588802789
754,0.1540585556228246
755,0.15405852251179433
756,0.1540584894694874
757,0.1540584564956946
758,0.15405842359020677
759,0.15405839075281655
760,0.1540583579833164
761,0.15405832528150037
762,0.1540582926471632
763,0.1540582600801001
764,0.15405822758010698
765,0.15405819514698157
766,0.15405816278052112
767,0.15405813048052475
768,0.15405809824679143
769,0.1540580660791222
770,0.1540580339773172
771,0.15405800194117875
772,0.15405796997050936
773,0.1540579380651124
774,0.15405790622479215
775,0.15405787444935362
776,0.15405784273860232
777,0.1540578110923446
778,0.15405777951038807
779,0.15405774799254063
780,0.15405771653861072
781,0.1540576851484084
782,0.1540576538217434
783,0.15405762255842667
784,0.15405759135827057
785,0.15405756022108721
786,0.15405752914668933
787,0.15405749813489156
788,0.15405746718550825
789,0.1540574362983547
790,0.15405740547324714
791,0.1540573747100024
792,0.1540573440084378
793,0.15405731336837172
794,0.1540572827896232
795,0.15405725227201164
796,0.15405722181535753
797,0.15405719141948188
798,0.15405716108420622
799,0.15405713080935315
800,0.15405710059474556
801,0.15405707044020742
802,0.15405704034556303
803,0.1540570103106377
804,0.15405698033525714
805,0.15405695041924755
806,0.1540569205624366
807,0.1540568907646514
808,0.1540568610257211
809,0.15405683134547438
810,0.1540568017237411
811,0.15405677216035166
812,0.15405674265513702
813,0.154056713207929
814,0.15405668381855955
815,0.1540566544868625
816,0.15405662521267072
817,0.15405659599581858
818,0.15405656683614116
819,0.15405653773347383
820,0.15405650868765275
821,0.1540564796985145
822,0.15405645076589658
823,0.15405642188963686
824,0.154056393069574
825,0.1540563643055472
826,0.15405633559739618
827,0.15405630694496117
828,0.15405627834808375
829,0.154056249806605
830,0.154056221320367
831,0.15405619288921296
832,0.15405616451298584
833,0.15405613619153005
834,0.15405610792468974
835,0.1540560797123101
836,0.15405605155423682
837,0.1540560234503163
838,0.15405599540039522
839,0.15405596740432106
840,0.1540559394619419
841,0.15405591157310602
842,0.15405588373766288
843,0.15405585595546195
844,0.15405582822635325
845,0.15405580055018775
846,0.1540557729268168
847,0.15405574535609232
848,0.15405571783786673
849,0.15405569037199282
850,0.15405566295832424
851,0.15405563559671506
852,0.15405560828701956
853,0.1540555810290934
854,0.15405555382279193
855,0.15405552666797107
856,0.15405549956448802
857,0.15405547251219992
858,0.15405544551096415
859,0.1540554185606392
860,0.15405539166108406
861,0.1540553648121579
862,0.1540553380137203
863,0.154055311265632
864,0.15405528456775366
865,0.15405525791994676
866,0.1540552313220725
867,0.15405520477399423
868,0.15405517827557394
869,0.1540551518266756
870,0.1540551254271627
871,0.1540550990768996
872,0.15405507277575145
873,0.15405504652358323
874,0.15405502032026064
875,0.15405499416565036
876,0.15405496805961905
877,0.1540549420020333
878,0.15405491599276208
879,0.15405489003167258
880,0.15405486411863373
881,0.15405483825351468
882,0.15405481243618527
883,0.15405478666651531
884,0.15405476094437565
885,0.15405473526963695
886,0.1540547096421705
887,0.15405468406184902
888,0.15405465852854408
889,0.15405463304212896
890,0.15405460760247702
891,0.15405458220946136
892,0.154054556862957
893,0.15405453156283813
894,0.15405450630897985
895,0.15405448110125786
896,0.15405445593954784
897,0.15405443082372636
898,0.15405440575367033
899,0.1540543807292568
900,0.15405435575036394
901,0.15405433081686942
902,0.15405430592865194
903,0.15405428108559052
904,0.1540542562875646
905,0.15405423153445402
906,0.1540542068261391
907,0.15405418216250033
908,0.1540541575434191
909,0.15405413296877662
910,0.15405410843845518
911,0.1540540839523369
912,0.15405405951030463
913,0.1540540351122413
914,0.15405401075803074
915,0.15405398644755702
916,0.1540539621807043
917,0.15405393795735775
918,0.15405391377740174
919,0.15405388964072286
920,0.15405386554720638
921,0.15405384149673915
922,0.15405381748920746
923,0.15405379352449877
924,0.15405376960250095
925,0.1540537457231016
926,0.15405372188618888
927,0.1540536980916516
928,0.15405367433937903
929,0.15405365062926074
930,0.15405362696118632
931,0.15405360333504628
932,0.1540535797507307
933,0.15405355620813144
934,0.1540535327071394
935,0.15405350924764627
936,0.15405348582954423
937,0.1540534624527256
938,0.1540534391170836
939,0.15405341582251122
940,0.15405339256890202
941,0.15405336935615005
942,0.15405334618414954
943,0.15405332305279518
944,0.154053299961982
945,0.15405327691160545
946,0.15405325390156102
947,0.15405323093174522
948,0.15405320800205424
949,0.15405318511238483
950,0.15405316226263413
951,0.15405313945270002
952,0.15405311668247956
953,0.15405309395187172
954,0.15405307126077467
955,0.15405304860908722
956,0.15405302599670873
957,0.15405300342353867
958,0.15405298088947705
959,0.1540529583944239
960,0.1540529359382799
961,0.15405291352094624
962,0.15405289114232357
963,0.1540528688023137
964,0.15405284650081852
965,0.15405282423774042
966,0.1540528020129818
967,0.1540527798264455
968,0.15405275767803459
969,0.15405273556765292
970,0.15405271349520394
971,0.15405269146059222
972,0.15405266946372181
973,0.15405264750449785
974,0.15405262558282518
975,0.1540526036986095
976,0.15405258185175644
977,0.15405256004217205
978,0.15405253826976253
979,0.1540525165344348
980,0.1540524948360957
981,0.15405247317465257
982,0.154052451550013
983,0.1540524299620849
984,0.15405240841077628
985,0.15405238689599585
986,0.1540523654176525
987,0.15405234397565498
988,0.1540523225699133
989,0.1540523012003366
990,0.15405227986683512
991,0.15405225856931906
992,0.1540522373076991
993,0.15405221608188596
994,0.15405219489179106
995,0.15405217373732585
996,0.15405215261840152
997,0.15405213153493083
998,0.15405211048682577
999,0.15405208947399904
1000,0.1540520684963637
1001,0.15405204755383234
1002,0.15405202664631892
1003,0.1540520057737371
1004,0.15405198493600092
1005,0.15405196413302474
1006,0.15405194336472267
1007,0.15405192263101036
1008,0.15405190193180218
1009,0.15405188126701408
1010,0.1540518606365614
1011,0.15405184004036013
1012,0.15405181947832683
1013,0.15405179895037752
1014,0.15405177845642917
1015,0.15405175799639895
1016,0.15405173757020377
1017,0.15405171717776162
1018,0.1540516968189898
1019,0.15405167649380722
1020,0.15405165620213152
1021,0.15405163594388158
1022,0.15405161571897638
1023,0.1540515955273344
1024,0.15405157536887581
1025,0.15405155524352
1026,0.15405153515118686
1027,0.15405151509179654
1028,0.15405149506526947
1029,0.15405147507152633
1030,0.15405145511048776
1031,0.15405143518207537
1032,0.15405141528621027
1033,0.15405139542281435
1034,0.15405137559180962
1035,0.15405135579311774
1036,0.15405133602666163
1037,0.15405131629236352
1038,0.154051296590147
1039,0.15405127691993437
1040,0.1540512572816495
1041,0.15405123767521592
1042,0.15405121810055739
1043,0.1540511985575983
1044,0.15405117904626295
1045,0.1540511595664755
1046,0.15405114011816143
1047,0.15405112070124527
1048,0.15405110131565253
1049,0.1540510819613086
1050,0.1540510626381395
1051,0.15405104334607103
1052,0.15405102408502935
1053,0.1540510048549414
1054,0.15405098565573316
1055,0.154050966487332
1056,0.15405094734966474
1057,0.15405092824265956
1058,0.15405090916624284
1059,0.15405089012034312
1060,0.1540508711048885
1061,0.154050852119807
1062,0.15405083316502724
1063,0.15405081424047784
1064,0.15405079534608787
1065,0.15405077648178664
1066,0.15405075764750312
1067,0.15405073884316697
1068,0.15405072006870815
1069,0.15405070132405677
1070,0.15405068260914287
1071,0.15405066392389694
1072,0.15405064526824983
1073,0.15405062664213226
1074,0.15405060804547535
1075,0.15405058947821026
1076,0.15405057094026892
1077,0.1540505524315827
1078,0.15405053395208382
1079,0.15405051550170415
1080,0.15405049708037621
1081,0.15405047868803243
1082,0.15405046032460598
1083,0.15405044199002926
1084,0.15405042368423585
1085,0.1540504054071588
1086,0.15405038715873215
1087,0.15405036893888951
1088,0.15405035074756473
1089,0.15405033258469203
1090,0.15405031445020587
1091,0.15405029634404097
