1,0.21601719550243284
2,0.18885734251993438
3,0.18808127167363592
4,0.18721897879836652
5,0.18630060664930997
6,0.18537550376768092
7,0.18449847216425705
8,0.18371284466699253
9,0.18303998620839101
10,0.18248026845196877
11,0.18202103031807898
12,0.18164475353582138
13,0.1813342274797781
14,0.18107478837655644
15,0.18085480017497454
16,0.1806653590423939
17,0.18049976964984824
18,0.180353031529017
19,0.1802214130949935
20,0.18010212264822045
21,0.17999306238881937
22,0.17989264692924042
23,0.17979966980195053
24,0.1797132050389078
25,0.17963253426827086
26,0.179557092450596
27,0.17948642735252746
28,0.17942016925991736
29,0.1793580084099054
30,0.17929967829625174
31,0.17924494346855466
32,0.17919359077226582
33,0.1791454232102004
34,0.17910025577955074
35,0.1790579127718989
36,0.17901822613032728
37,0.1789810345450327
38,0.17894618304132467
39,0.17891352287405554
40,0.17888291159201877
41,0.17885421317581934
42,0.17882729818431772
43,0.17880204386899146
44,0.1787783342336021
45,0.17875606002946803
46,0.1787351186854264
47,0.17871541417720588
48,0.17869685684414316
49,0.17867936316271524
50,0.17866285548668967
51,0.1786472617632756
52,0.17863251523378387
53,0.17861855412618552
54,0.17860532134578044
55,0.17859276416901868
56,0.17858083394443838
57,0.17856948580371895
58,0.17855867838502976
59,0.17854837357013323
60,0.17853853623615404
61,0.1785291340224377
62,0.17852013711257908
63,0.17851151803141033
64,0.17850325145653498
65,0.1784953140438501
66,0.17848768426638462
67,0.17848034226573406
68,0.17847326971532593
69,0.17846644969474185
70,0.17845986657433652
71,0.17845350590939374
72,0.17844735434311224
73,0.17844139951772436
74,0.17843562999310164
75,0.17843003517224063
76,0.17842460523305478
77,0.17841933106594549
78,0.17841420421666454
79,0.17840921683401037
80,0.1784043616219467
81,0.17839963179575954
82,0.1783950210419
83,0.17839052348119686
84,0.1783861336351392
85,0.17838184639496676
86,0.17837765699332148
87,0.178373560978235
88,0.1783695541892537
89,0.17836563273551279
90,0.1783617929755912
91,0.17835803149899576
92,0.1783543451091321
93,0.178350730807638
94,0.17834718577996053
95,0.17834370738207317
96,0.17834029312823704
97,0.17833694067971723
98,0.17833364783437447
99,0.17833041251706203
100,0.17832723277075715
101,0.17832410674837004
102,0.17832103270517513
103,0.17831800899180889
104,0.17831503404779683
105,0.17831210639555975
106,0.17830922463486523
107,0.17830638743768673
108,0.17830359354344033
109,0.17830084175456692
110,0.17829813093243438
111,0.1782954599935362
112,0.17829282790596063
113,0.17829023368611055
114,0.17828767639565954
115,0.17828515513871612
116,0.17828266905919318
117,0.1782802173383556
118,0.17827779919254122
119,0.17827541387103682
120,0.17827306065410067
121,0.17827073885112146
122,0.1782684477988989
123,0.1782661868600443
124,0.17826395542148593
125,0.17826175289307564
126,0.17825957870628817
127,0.17825743231300645
128,0.1782553131843863
129,0.17825322080979783
130,0.17825115469583305
131,0.17824911436537882
132,0.17824709935675281
133,0.17824510922288958
134,0.17824314353058315
135,0.1782412018597757
136,0.17823928380289245
137,0.17823738896421698
138,0.1782355169593078
139,0.17823366741444854
140,0.17823183996613567
141,0.17823003426059417
142,0.17822824995332626
143,0.1782264867086853
144,0.17822474419947598
145,0.17822302210658006
146,0.17822132011860256
147,0.1782196379315399
148,0.17821797524846816
149,0.17821633177924892
150,0.17821470724025215
151,0.17821310135409565
152,0.17821151384940026
153,0.1782099444605562
154,0.17820839292750623
155,0.17820685899553823
156,0.17820534241509148
157,0.17820384294157104
158,0.1782023603351754
159,0.178200894360731
160,0.17819944478753652
161,0.17819801138921548
162,0.17819659394357718
163,0.1781951922324838
164,0.17819380604172444
165,0.17819243516089645
166,0.17819107938329265
167,0.17818973850579267
168,0.17818841232876148
169,0.17818710065595242
170,0.17818580329441283
171,0.1781845200543978
172,0.17818325074928468
173,0.1781819951954932
174,0.17818075321240898
175,0.17817952462230968
176,0.17817830925029463
177,0.17817710692421945
178,0.17817591747462938
179,0.17817474073469985
180,0.17817357654017565
181,0.1781724247293157
182,0.17817128514283825
183,0.17817015762386676
184,0.17816904201788228
185,0.17816793817267343
186,0.17816684593828927
187,0.17816576516699523
188,0.17816469571322902
189,0.17816363743355934
190,0.17816259018664357
191,0.17816155383319054
192,0.17816052823592146
193,0.178159513259533
194,0.1781585087706623
195,0.1781575146378515
196,0.1781565307315152
197,0.1781555569239067
198,0.1781545930890874
199,0.17815363910289503
200,0.17815269484291424
201,0.17815176018844736
202,0.17815083502048612
203,0.17814991922168277
204,0.17814901267632516
205,0.1781481152703082
206,0.17814722689111012
207,0.17814634742776528
208,0.1781454767708409
209,0.17814461481241362
210,0.17814376144604413
211,0.1781429165667558
212,0.17814208007101123
213,0.17814125185669133
214,0.17814043182307224
215,0.17813961987080548
216,0.17813881590189623
217,0.1781380198196843
218,0.17813723152882296
219,0.17813645093525937
220,0.17813567794621696
221,0.17813491247017407
222,0.1781341544168484
223,0.17813340369717595
224,0.17813266022329552
225,0.17813192390852925
226,0.1781311946673671
227,0.17813047241544874
228,0.1781297570695471
229,0.17812904854755235
230,0.1781283467684552
231,0.17812765165233213
232,0.17812696312032839
233,0.17812628109464324
234,0.1781256054985159
235,0.17812493625620804
236,0.17812427329299305
237,0.17812361653513745
238,0.17812296590988952
239,0.17812232134546435
240,0.17812168277103044
241,0.1781210501166956
242,0.17812042331349434
243,0.17811980229337412
244,0.1781191869891828
245,0.17811857733465533
246,0.17811797326440248
247,0.17811737471389666
248,0.17811678161946123
249,0.17811619391825803
250,0.178115611548275
251,0.17811503444831558
252,0.17811446255798613
253,0.1781138958176853
254,0.1781133341685932
255,0.17811277755265906
256,0.17811222591259177
257,0.17811167919184873
258,0.17811113733462516
259,0.17811060028584377
260,0.17811006799114482
261,0.17810954039687588
262,0.17810901745008176
263,0.1781084990984952
264,0.17810798529052652
265,0.17810747597525475
266,0.17810697110241794
267,0.17810647062240392
268,0.17810597448624146
269,0.17810548264559115
270,0.17810499505273616
271,0.17810451166057467
272,0.17810403242260991
273,0.17810355729294253
274,0.17810308622626214
275,0.17810261917783912
276,0.17810215610351576
277,0.17810169695969968
278,0.17810124170335495
279,0.1781007902919945
280,0.17810034268367256
281,0.17809989883697733
282,0.17809945871102315
283,0.17809902226544327
284,0.17809858946038307
285,0.1780981602564924
286,0.17809773461491885
287,0.1780973124973008
288,0.17809689386576066
289,0.17809647868289807
290,0.17809606691178287
291,0.17809565851594977
292,0.17809525345939078
293,0.17809485170654918
294,0.17809445322231396
295,0.17809405797201225
296,0.17809366592140477
297,0.17809327703667857
298,0.17809289128444233
299,0.17809250863171988
300,0.1780921290459444
301,0.1780917524949531
302,0.17809137894698165
303,0.17809100837065797
304,0.17809064073499814
305,0.1780902760094004
306,0.17808991416363948
307,0.17808955516786226
308,0.1780891989925819
309,0.17808884560867344
310,0.17808849498736914
311,0.17808814710025153
312,0.17808780191925208
313,0.1780874594166437
314,0.1780871195650362
315,0.17808678233737388
316,0.17808644770692836
317,0.17808611564729612
318,0.17808578613239295
319,0.17808545913644958
320,0.17808513463400866
321,0.17808481259991862
322,0.1780844930093315
323,0.17808417583769762
324,0.17808386106076152
325,0.17808354865455867
326,0.1780832385954112
327,0.17808293085992377
328,0.17808262542498024
329,0.17808232226773982
330,0.17808202136563336
331,0.17808172269635905
332,0.17808142623787998
333,0.17808113196841996
334,0.1780808398664598
335,0.17808054991073483
336,0.17808026208022967
337,0.17807997635417758
338,0.1780796927120545
339,0.17807941113357753
340,0.1780791315987011
341,0.17807885408761373
342,0.1780785785807355
343,0.17807830505871433
344,0.17807803350242307
345,0.17807776389295704
346,0.17807749621163044
347,0.17807723043997395
348,0.17807696655973163
349,0.1780767045528584
350,0.1780764444015167
351,0.178076186088074
352,0.1780759295951012
353,0.17807567490536763
354,0.17807542200184115
355,0.17807517086768312
356,0.17807492148624807
357,0.17807467384107878
358,0.17807442791590672
359,0.17807418369464656
360,0.17807394116139671
361,0.17807370030043435
362,0.17807346109621447
363,0.17807322353336819
364,0.17807298759669896
365,0.17807275327118083
366,0.17807252054195705
367,0.17807228939433714
368,0.17807205981379481
369,0.17807183178596603
370,0.17807160529664706
371,0.17807138033179198
372,0.17807115687751146
373,0.17807093492006934
374,0.17807071444588213
375,0.17807049544151682
376,0.1780702778936881
377,0.17807006178925705
378,0.17806984711522952
379,0.17806963385875402
380,0.1780694220071203
381,0.17806921154775662
382,0.1780690024682284
383,0.17806879475623766
384,0.17806858839961962
385,0.17806838338634204
386,0.17806817970450298
387,0.17806797734232985
388,0.17806777628817708
389,0.1780675765305248
390,0.17806737805797754
391,0.17806718085926254
392,0.178066984923228
393,0.17806679023884164
394,0.17806659679518927
395,0.17806640458147355
396,0.17806621358701247
397,0.17806602380123762
398,0.17806583521369262
399,0.17806564781403278
400,0.17806546159202252
401,0.1780652765375351
402,0.17806509264055026
403,0.17806490989115334
404,0.17806472827953457
405,0.17806454779598668
406,0.17806436843090478
407,0.1780641901747841
408,0.1780640130182196
409,0.17806383695190436
410,0.17806366196662832
411,0.1780634880532767
412,0.17806331520283034
413,0.17806314340636334
414,0.17806297265504156
415,0.17806280294012283
416,0.17806263425295463
417,0.1780624665849739
418,0.17806229992770528
419,0.1780621342727607
420,0.17806196961183782
421,0.178061805936719
422,0.17806164323927118
423,0.17806148151144333
424,0.1780613207452668
425,0.17806116093285376
426,0.17806100206639652
427,0.1780608441381661
428,0.17806068714051207
429,0.17806053106586067
430,0.17806037590671453
431,0.17806022165565205
432,0.17806006830532595
433,0.17805991584846215
434,0.1780597642778597
435,0.17805961358638905
436,0.17805946376699255
437,0.17805931481268258
438,0.17805916671653993
439,0.1780590194717156
440,0.17805887307142726
441,0.17805872750895968
442,0.17805858277766423
443,0.17805843887095796
444,0.178058295782322
445,0.17805815350530196
446,0.17805801203350657
447,0.17805787136060697
448,0.17805773148033643
449,0.17805759238648916
450,0.17805745407291898
451,0.1780573165335411
452,0.17805717976232824
453,0.17805704375331224
454,0.17805690850058217
455,0.17805677399828504
456,0.1780566402406231
457,0.1780565072218554
458,0.17805637493629473
459,0.1780562433783102
460,0.17805611254232365
461,0.17805598242280984
462,0.1780558530142973
463,0.1780557243113664
464,0.17805559630864873
465,0.17805546900082656
466,0.17805534238263296
467,0.17805521644885097
468,0.17805509119431231
469,0.17805496661389794
470,0.1780548427025366
471,0.17805471945520499
472,0.17805459686692696
473,0.17805447493277227
474,0.17805435364785757
475,0.1780542330073448
476,0.1780541130064406
477,0.17805399364039678
478,0.17805387490450875
479,0.1780537567941162
480,0.17805363930460064
481,0.17805352243138764
482,0.17805340616994414
483,0.17805329051577912
484,0.1780531754644428
485,0.17805306101152615
486,0.1780529471526606
487,0.17805283388351745
488,0.17805272119980747
489,0.17805260909728074
490,0.17805249757172595
491,0.17805238661896966
492,0.17805227623487693
493,0.1780521664153498
494,0.17805205715632721
495,0.17805194845378533
496,0.1780518403037365
497,0.17805173270222818
498,0.17805162564534385
499,0.17805151912920236
500,0.17805141314995712
501,0.17805130770379526
502,0.17805120278693895
503,0.17805109839564306
504,0.17805099452619633
505,0.17805089117492068
506,0.17805078833816979
507,0.17805068601233032
508,0.17805058419382036
509,0.17805048287909003
510,0.1780503820646202
511,0.1780502817469231
512,0.17805018192254135
513,0.1780500825880479
514,0.17804998374004574
515,0.1780498853751673
516,0.17804978749007447
517,0.17804969008145854
518,0.17804959314603894
519,0.17804949668056388
520,0.1780494006818096
521,0.1780493051465807
522,0.17804921007170874
523,0.1780491154540526
524,0.1780490212904985
525,0.17804892757795962
526,0.1780488343133749
527,0.17804874149370997
528,0.1780486491159562
529,0.17804855717713108
530,0.17804846567427685
531,0.17804837460446135
532,0.17804828396477712
533,0.17804819375234152
534,0.17804810396429635
535,0.17804801459780709
536,0.17804792565006358
537,0.17804783711827915
538,0.17804774899969095
539,0.17804766129155875
540,0.17804757399116575
541,0.17804748709581755
542,0.17804740060284255
543,0.1780473145095911
544,0.17804722881343615
545,0.17804714351177175
546,0.17804705860201453
547,0.17804697408160153
548,0.17804688994799175
549,0.17804680619866473
550,0.17804672283112147
551,0.17804663984288266
552,0.1780465572314896
553,0.17804647499450454
554,0.17804639312950887
555,0.17804631163410367
556,0.17804623050591087
557,0.1780461497425702
558,0.17804606934174172
559,0.1780459893011041
560,0.1780459096183548
561,0.1780458302912102
562,0.1780457513174049
563,0.178045672694692
564,0.17804559442084256
565,0.17804551649364592
566,0.17804543891090885
567,0.17804536167045598
568,0.1780452847701291
569,0.17804520820778733
570,0.1780451319813071
571,0.17804505608858198
572,0.17804498052752163
573,0.17804490529605296
574,0.17804483039211924
575,0.1780447558136796
576,0.17804468155871003
577,0.17804460762520197
578,0.17804453401116316
579,0.1780444607146163
580,0.17804438773360048
581,0.17804431506617
582,0.17804424271039382
583,0.17804417066435682
584,0.1780440989261586
585,0.17804402749391326
586,0.17804395636574993
587,0.1780438855398121
588,0.17804381501425806
589,0.17804374478726043
590,0.1780436748570048
591,0.1780436052216926
592,0.1780435358795376
593,0.17804346682876845
594,0.17804339806762678
595,0.17804332959436794
596,0.17804326140726054
597,0.1780431935045871
598,0.1780431258846421
599,0.17804305854573432
600,0.17804299148618466
601,0.17804292470432664
602,0.1780428581985073
603,0.17804279196708553
604,0.17804272600843313
605,0.17804266032093363
606,0.17804259490298335
607,0.17804252975299045
608,0.17804246486937517
609,0.17804240025056947
610,0.17804233589501742
611,0.17804227180117443
612,0.17804220796750764
613,0.17804214439249577
614,0.17804208107462835
615,0.1780420180124069
616,0.17804195520434385
617,0.17804189264896295
618,0.17804183034479754
619,0.1780417682903939
620,0.17804170648430742
621,0.17804164492510519
622,0.17804158361136396
623,0.17804152254167205
624,0.17804146171462723
625,0.17804140112883807
626,0.17804134078292305
627,0.17804128067551095
628,0.17804122080524076
629,0.178041161170761
630,0.17804110177073
631,0.1780410426038165
632,0.17804098366869833
633,0.1780409249640629
634,0.17804086648860767
635,0.17804080824103888
636,0.1780407502200725
637,0.1780406924244335
638,0.17804063485285637
639,0.1780405775040845
640,0.17804052037687024
641,0.17804046346997499
642,0.17804040678216876
643,0.17804035031223098
644,0.17804029405894897
645,0.17804023802111943
646,0.1780401821975469
647,0.17804012658704535
648,0.1780400711884358
649,0.17804001600054883
650,0.17803996102222294
651,0.17803990625230437
652,0.17803985168964823
653,0.17803979733311687
654,0.17803974318158122
655,0.1780396892339196
656,0.17803963548901855
657,0.1780395819457727
658,0.1780395286030834
659,0.17803947545985999
660,0.1780394225150198
661,0.17803936976748747
662,0.17803931721619404
663,0.1780392648600794
664,0.17803921269808953
665,0.17803916072917786
666,0.17803910895230501
667,0.17803905736643857
