1,0.19712745954333716
2,0.16118810359847496
3,0.1611497940012996
4,0.16111072239608895
5,0.16107108670277456
6,0.16103105131376294
7,0.16099079348299425
8,0.1609504995618628
9,0.16091036060197225
10,0.16087056756675586
11,0.16083130642973278
12,0.16079275345750194
13,0.16075507096344993
14,0.1607184037746297
15,0.16068287658589545
16,0.1606485922925765
17,0.16061563130786713
18,0.1605840517949446
19,0.16055389068497206
20,0.1605251653149486
21,0.1604978755042446
22,0.1604720058927459
23,0.16044752838201368
24,0.16042440454830523
25,0.16040258792752998
26,0.16038202610316082
27,0.16036266255593443
28,0.16034443825727457
29,0.1603272930061849
30,0.1603111665220591
31,0.16029599931405095
32,0.16028173335218526
33,0.16026831256711174
34,0.16025568320514136
35,0.1602437940636224
36,0.16023259662935688
37,0.16022204514002805
38,0.16021209658580163
39,0.16020271066555047
40,0.1601938497096505
41,0.160185478579077
42,0.16017756454859203
43,0.16017007718017415
44,0.16016298819146071
45,0.16015627132284524
46,0.16014990220594738
47,0.16014385823543537
48,0.16013811844559064
49,0.16013266339254534
50,0.1601274750427686
51,0.16012253666810075
52,0.16011783274742958
53,0.16011334887496
54,0.16010907167490354
55,0.1601049887223584
56,0.1601010884700796
57,0.16009736018082665
58,0.16009379386494796
59,0.16009038022286123
60,0.16008711059209377
61,0.16008397689854872
62,0.1600809716116872
63,0.16007808770332005
64,0.1600753186097278
65,0.1600726581968416
66,0.16007010072823763
67,0.1600676408357123
68,0.16006527349222952
69,0.16006299398703383
70,0.16006079790275957
71,0.16005868109435997
72,0.16005663966970657
73,0.16005466997172002
74,0.16005276856190054
75,0.16005093220514482
76,0.16004915785573623
77,0.1600474426444175
78,0.16004578386644744
79,0.16004417897056833
80,0.1600426255488048
81,0.16004112132702344
82,0.16003966415619758
83,0.16003825200431387
84,0.16003688294887192
85,0.16003555516992846
86,0.16003426694364287
87,0.16003301663628372
88,0.1600318026986609
89,0.16003062366094842
90,0.16002947812786883
91,0.16002836477421223
92,0.1600272823406602
93,0.16002622962989696
94,0.16002520550298077
95,0.16002420887596
96,0.16002323871671345
97,0.16002229404199764
98,0.16002137391468976
99,0.1600204774412076
100,0.16001960376909322
101,0.1600187520847563
102,0.16001792161135445
103,0.16001711160680948
104,0.16001632136194668
105,0.1600155501987485
106,0.1600147974687152
107,0.16001406255132558
108,0.16001334485258947
109,0.16001264380368768
110,0.16001195885969133
111,0.1600112894983593
112,0.16001063521900055
113,0.1600099955414082
114,0.16000937000485208
115,0.16000875816712637
116,0.1600081596036564
117,0.16000757390665107
118,0.16000700068430315
119,0.1600064395600377
120,0.16000589017179465
121,0.1600053521713574
122,0.16000482522371237
123,0.16000430900644758
124,0.1600038032091782
125,0.16000330753300604
126,0.16000282169000712
127,0.1600023454027435
128,0.16000187840380214
129,0.16000142043535787
130,0.1600009712487578
131,0.1600005306041249
132,0.160000098269986
133,0.15999967402291357
134,0.1599992576471877
135,0.15999884893447425
136,0.15999844768351945
137,0.15999805369985642
138,0.15999766679553007
139,0.15999728678883124
140,0.15999691350404613
141,0.15999654677121514
142,0.1599961864259065
143,0.1599958323089956
144,0.15999548426645865
145,0.15999514214917426
146,0.1599948058127332
147,0.15999447511725876
148,0.1599941499272326
149,0.15999383011133075
150,0.15999351554226582
151,0.1599932060966356
152,0.15999290165477967
153,0.15999260210064087
154,0.1599923073216341
155,0.1599920172085185
156,0.15999173165527872
157,0.15999145055900735
158,0.15999117381979483
159,0.15999090134062263
160,0.15999063302726238
161,0.15999036878817696
162,0.15999010853442766
163,0.15998985217958428
164,0.1599895996396384
165,0.15998935083292232
166,0.15998910568002678
167,0.1599888641037276
168,0.15998862602891062
169,0.15998839138250254
170,0.15998816009340286
171,0.15998793209241802
172,0.15998770731220088
173,0.15998748568718932
174,0.15998726715354863
175,0.15998705164911625
176,0.1599868391133483
177,0.1599866294872679
178,0.15998642271341632
179,0.15998621873580415
180,0.15998601749986643
181,0.15998581895241792
182,0.15998562304161032
183,0.15998542971689222
184,0.15998523892896804
185,0.15998505062976076
186,0.15998486477237495
187,0.15998468131106156
188,0.15998450020118313
189,0.1599843213991812
190,0.15998414486254406
191,0.15998397054977595
192,0.1599837984203689
193,0.15998362843477099
194,0.15998346055436147
195,0.15998329474142264
196,0.15998313095911423
197,0.15998296917144947
198,0.1599828093432678
199,0.15998265144021617
200,0.15998249542872217
201,0.1599823412759751
202,0.15998218894990338
203,0.15998203841915495
204,0.15998188965307653
205,0.15998174262169607
206,0.15998159729570247
207,0.15998145364642935
208,0.15998131164583604
209,0.15998117126649236
210,0.1599810324815617
211,0.1599808952647849
212,0.15998075959046543
213,0.1599806254334553
214,0.15998049276913884
215,0.1599803615734209
216,0.15998023182271265
217,0.1599801034939175
218,0.15997997656442034
219,0.1599798510120737
220,0.15997972681518646
221,0.1599796039525129
222,0.15997948240324086
223,0.15997936214697983
224,0.1599792431637534
225,0.1599791254339855
226,0.1599790089384936
227,0.15997889365847653
228,0.15997877957550682
229,0.1599786666715207
230,0.15997855492881025
231,0.1599784443300132
232,0.1599783348581068
233,0.15997822649639723
234,0.15997811922851365
235,0.15997801303840023
236,0.15997790791030825
237,0.15997780382878854
238,0.15997770077868545
239,0.15997759874512957
240,0.15997749771353095
241,0.15997739766957264
242,0.1599772985992048
243,0.15997720048863823
244,0.1599771033243384
245,0.15997700709301974
246,0.15997691178164064
247,0.15997681737739658
248,0.15997672386771625
249,0.15997663124025513
250,0.1599765394828917
251,0.15997644858372148
252,0.1599763585310526
253,0.1599762693134009
254,0.1599761809194864
255,0.15997609333822738
256,0.15997600655873664
257,0.15997592057031823
258,0.15997583536246204
259,0.15997575092484057
260,0.15997566724730417
261,0.15997558431987863
262,0.15997550213276054
263,0.15997542067631387
264,0.15997533994106589
265,0.15997525991770523
266,0.15997518059707666
267,0.1599751019701801
268,0.15997502402816455
269,0.15997494676232776
270,0.15997487016411152
271,0.15997479422509936
272,0.15997471893701307
273,0.15997464429171113
274,0.1599745702811844
275,0.15997449689755472
276,0.15997442413307156
277,0.15997435198010912
278,0.15997428043116568
279,0.15997420947885838
280,0.1599741391159243
281,0.15997406933521408
282,0.15997400012969262
283,0.1599739314924366
284,0.15997386341663114
285,0.159973795895568
286,0.159973728922644
287,0.15997366249135958
288,0.15997359659531477
289,0.1599735312282095
290,0.1599734663838399
291,0.15997340205609828
292,0.15997333823896914
293,0.15997327492652968
294,0.15997321211294707
295,0.15997314979247576
296,0.15997308795945722
297,0.15997302660831852
298,0.1599729657335695
299,0.15997290532980213
300,0.15997284539168846
301,0.15997278591397965
302,0.15997272689150466
303,0.15997266831916782
304,0.15997261019194864
305,0.15997255250489995
306,0.15997249525314636
307,0.15997243843188294
308,0.15997238203637512
309,0.1599723260619558
310,0.159972270504025
311,0.15997221535804884
312,0.1599721606195575
313,0.15997210628414532
314,0.15997205234746872
315,0.15997199880524562
316,0.1599719456532539
317,0.1599718928873313
318,0.1599718405033729
319,0.15997178849733146
320,0.1599717368652158
321,0.15997168560308986
322,0.15997163470707232
323,0.15997158417333454
324,0.159971533998101
325,0.1599714841776476
326,0.1599714347083007
327,0.15997138558643662
328,0.1599713368084806
329,0.15997128837090643
330,0.15997124027023496
331,0.15997119250303404
332,0.15997114506591684
333,0.15997109795554226
334,0.1599710511686128
335,0.15997100470187517
336,0.15997095855211887
337,0.15997091271617545
338,0.15997086719091835
339,0.15997082197326096
340,0.1599707770601581
341,0.1599707324486034
342,0.15997068813562954
343,0.15997064411830766
344,0.15997060039374655
345,0.1599705569590916
346,0.15997051381152497
347,0.15997047094826566
348,0.15997042836656675
349,0.15997038606371647
350,0.1599703440370383
351,0.15997030228388723
352,0.159970260801654
353,0.1599702195877604
354,0.15997017863966112
355,0.15997013795484205
356,0.15997009753082034
357,0.15997005736514458
358,0.15997001745539288
359,0.15996997779917302
360,0.15996993839412296
361,0.15996989923790877
362,0.15996986032822555
363,0.15996982166279522
364,0.15996978323936917
365,0.15996974505572498
366,0.15996970710966651
367,0.15996966939902488
368,0.15996963192165709
369,0.15996959467544516
370,0.159969557658297
371,0.15996952086814548
372,0.15996948430294686
373,0.15996944796068302
374,0.15996941183935864
375,0.15996937593700197
376,0.15996934025166487
377,0.15996930478142135
378,0.1599692695243683
379,0.15996923447862454
380,0.15996919964233058
381,0.15996916501364863
382,0.15996913059076215
383,0.159969096371875
384,0.15996906235521233
385,0.15996902853901881
386,0.15996899492155991
387,0.15996896150111992
388,0.15996892827600367
389,0.15996889524453436
390,0.1599688624050538
391,0.15996882975592355
392,0.15996879729552305
393,0.15996876502224927
394,0.15996873293451788
395,0.15996870103076155
396,0.15996866930943118
397,0.1599686377689938
398,0.15996860640793387
399,0.15996857522475277
400,0.15996854421796816
401,0.1599685133861134
402,0.15996848272773886
403,0.1599684522414097
404,0.15996842192570745
405,0.15996839177922856
406,0.1599683618005851
407,0.15996833198840305
408,0.1599683023413248
409,0.15996827285800594
410,0.15996824353711708
411,0.15996821437734246
412,0.1599681853773814
413,0.15996815653594593
414,0.15996812785176226
415,0.1599680993235699
416,0.15996807095012167
417,0.15996804273018372
418,0.15996801466253474
419,0.15996798674596657
420,0.15996795897928306
421,0.15996793136130122
422,0.15996790389085036
423,0.1599678765667709
424,0.1599678493879163
425,0.15996782235315163
426,0.1599677954613533
427,0.1599677687114092
428,0.15996774210221903
429,0.15996771563269324
430,0.15996768930175387
431,0.15996766310833369
432,0.159967637051376
433,0.15996761112983507
434,0.15996758534267544
435,0.15996755968887308
436,0.15996753416741238
437,0.15996750877728952
438,0.1599674835175101
439,0.15996745838708956
440,0.15996743338505295
441,0.15996740851043573
442,0.159967383762282
443,0.1599673591396461
444,0.1599673346415905
445,0.15996731026718855
446,0.15996728601552115
447,0.1599672618856792
448,0.15996723787676176
449,0.15996721398787733
450,0.15996719021814224
451,0.15996716656668208
452,0.15996714303263068
453,0.1599671196151301
454,0.15996709631333056
455,0.15996707312639086
456,0.15996705005347728
457,0.1599670270937647
458,0.15996700424643537
459,0.15996698151067962
460,0.15996695888569493
461,0.159966936370687
462,0.15996691396486873
463,0.15996689166746045
464,0.15996686947769034
465,0.159966847394792
466,0.15996682541800894
467,0.15996680354658963
468,0.15996678177979048
469,0.15996676011687397
470,0.15996673855711094
471,0.15996671709977728
