1,0.15046189230888363
2,0.14851251519439107
3,0.1485352447658196
4,0.14853298658475095
5,0.14853070537030286
6,0.14852848600928867
7,0.14852632637838292
8,0.1485242241771351
9,0.148522177218212
10,0.14852018342154658
11,0.14851824080795367
12,0.14851634749318607
13,0.1485145016824019
14,0.14851270166500957
15,0.14851094580985857
16,0.1485092325607545
17,0.14850756043226915
18,0.14850592800582504
19,0.1485043339260346
20,0.14850277689727356
21,0.1485012556804728
22,0.14849976909011198
23,0.14849831599140004
24,0.1484968952976312
25,0.1484955059677012
26,0.14849414700377545
27,0.14849281744909598
28,0.14849151638591945
29,0.1484902429335774
30,0.14848899624664808
31,0.14848777551323591
32,0.14848657995334902
33,0.14848540881736838
34,0.14848426138460388
35,0.1484831369619321
36,0.14848203488250702
37,0.14848095450454443
38,0.14847989521017008
39,0.14847885640433237
40,0.1484778375137707
41,0.14847683798604128
42,0.1484758572885919
43,0.14847489490788732
44,0.14847395034857758
45,0.14847302313271102
46,0.148472112798987
47,0.1484712189020449
48,0.1484703410117918
49,0.14846947871276056
50,0.14846863160350154
51,0.1484677992960038
52,0.14846698141514372
53,0.14846617759816166
54,0.14846538749416202
55,0.1484646107636385
56,0.14846384707802085
57,0.14846309611924402
58,0.14846235757933576
59,0.14846163116002414
60,0.14846091657236402
61,0.14846021353637842
62,0.14845952178071803
63,0.1484588410423348
64,0.14845817106617062
65,0.14845751160485976
66,0.14845686241844464
67,0.1484562232741032
68,0.14845559394588825
69,0.14845497421447967
70,0.14845436386694463
71,0.14845376269650995
72,0.14845317050234308
73,0.1484525870893432
74,0.14845201226793964
75,0.1484514458538999
76,0.1484508876681448
77,0.14845033753657202
78,0.14844979528988567
79,0.14844926076343345
80,0.14844873379705054
81,0.14844821423490878
82,0.14844770192537302
83,0.14844719672086187
84,0.14844669847771558
85,0.1484462070560664
86,0.14844572231971725
87,0.14844524413602192
88,0.14844477237577233
89,0.14844430691308852
90,0.14844384762531299
91,0.1484433943929097
92,0.1484429470993665
93,0.1484425056311007
94,0.14844206987736844
95,0.14844163973017785
96,0.1484412150842047
97,0.14844079583671116
98,0.1484403818874683
99,0.14843997313867963
100,0.1484395694949094
101,0.14843917086301253
102,0.14843877715206624
103,0.14843838827330527
104,0.14843800414005867
105,0.1484376246676894
106,0.14843724977353503
107,0.14843687937685118
108,0.1484365133987574
109,0.14843615176218275
110,0.14843579439181662
111,0.1484354412140573
112,0.14843509215696524
113,0.14843474715021726
114,0.148434406125061
115,0.1484340690142714
116,0.14843373575211025
117,0.14843340627428453
118,0.1484330805179078
119,0.1484327584214619
120,0.14843243992476102
121,0.14843212496891497
122,0.1484318134962962
123,0.148431505450505
124,0.1484312007763387
125,0.14843089941975907
126,0.14843060132786307
127,0.1484303064488527
128,0.14843001473200731
129,0.14842972612765512
130,0.14842944058714685
131,0.14842915806283044
132,0.14842887850802447
133,0.14842860187699514
134,0.14842832812493165
135,0.1484280572079237
136,0.14842778908293877
137,0.14842752370780138
138,0.1484272610411705
139,0.14842700104252068
140,0.14842674367212155
141,0.14842648889101856
142,0.14842623666101432
143,0.14842598694465062
144,0.14842573970519046
145,0.1484254949066015
146,0.14842525251353866
147,0.14842501249132825
148,0.1484247748059528
149,0.14842453942403466
150,0.14842430631282202
151,0.148424075440174
152,0.1484238467745467
153,0.1484236202849796
154,0.14842339594108223
155,0.14842317371302097
156,0.1484229535715066
157,0.14842273548778245
158,0.14842251943361173
159,0.14842230538126638
160,0.14842209330351563
161,0.14842188317361502
162,0.1484216749652958
163,0.1484214686527541
164,0.14842126421064133
165,0.14842106161405358
166,0.14842086083852263
167,0.14842066186000638
168,0.1484204646548791
169,0.1484202691999236
170,0.1484200754723215
171,0.1484198834496452
172,0.14841969310984982
173,0.14841950443126464
174,0.14841931739258593
175,0.14841913197286824
176,0.14841894815151832
177,0.1484187659082862
178,0.14841858522325996
179,0.1484184060768569
180,0.14841822844981825
181,0.14841805232320188
182,0.14841787767837608
183,0.14841770449701264
184,0.14841753276108213
185,0.1484173624528466
186,0.14841719355485383
187,0.14841702604993265
188,0.14841685992118647
189,0.14841669515198783
190,0.14841653172597397
191,0.1484163696270402
192,0.14841620883933626
193,0.14841604934726066
194,0.148415891135456
195,0.14841573418880394
196,0.14841557849242132
197,0.1484154240316547
198,0.1484152707920768
199,0.14841511875948182
200,0.14841496791988124
201,0.14841481825949973
202,0.1484146697647711
203,0.14841452242233447
204,0.14841437621903045
205,0.14841423114189703
206,0.1484140871781669
207,0.14841394431526211
208,0.1484138025407925
209,0.14841366184255084
210,0.14841352220851026
211,0.14841338362682063
212,0.14841324608580547
213,0.14841310957395862
214,0.14841297407994122
215,0.14841283959257925
216,0.14841270610085977
217,0.14841257359392795
218,0.14841244206108564
219,0.14841231149178674
220,0.14841218187563593
221,0.14841205320238546
222,0.148411925461932
223,0.14841179864431575
224,0.1484116727397156
225,0.1484115477384491
226,0.14841142363096824
227,0.14841130040785835
228,0.14841117805983492
229,0.148411056577742
230,0.1484109359525495
231,0.14841081617535154
232,0.1484106972373638
233,0.14841057912992198
234,0.1484104618444797
235,0.14841034537260597
236,0.14841022970598383
237,0.14841011483640845
238,0.14841000075578462
239,0.14840988745612588
240,0.1484097749295521
241,0.14840966316828752
242,0.1484095521646597
243,0.14840944191109742
244,0.14840933240012927
245,0.1484092236243814
246,0.14840911557657685
247,0.14840900824953313
248,0.1484089016361616
249,0.14840879572946464
250,0.14840869052253597
251,0.14840858600855755
252,0.14840848218079908
253,0.14840837903261622
254,0.14840827655744948
255,0.14840817474882273
256,0.14840807360034206
257,0.1484079731056942
258,0.14840787325864543
259,0.14840777405304054
260,0.14840767548280104
261,0.14840757754192477
262,0.1484074802244838
263,0.14840738352462415
264,0.14840728743656428
265,0.1484071919545934
266,0.1484070970730718
267,0.1484070027864281
268,0.1484069090891596
269,0.14840681597583066
270,0.1484067234410713
271,0.14840663147957706
272,0.14840654008610735
273,0.14840644925548468
274,0.14840635898259374
275,0.14840626926238087
276,0.14840618008985224
277,0.14840609146007397
278,0.14840600336817028
279,0.14840591580932322
280,0.14840582877877231
281,0.14840574227181236
282,0.14840565628379382
283,0.1484055708101215
284,0.14840548584625396
285,0.14840540138770209
286,0.14840531743002963
287,0.14840523396885122
288,0.1484051509998323
289,0.148405068518688
290,0.14840498652118286
291,0.14840490500312992
292,0.14840482396038954
293,0.14840474338886986
294,0.14840466328452515
295,0.14840458364335538
296,0.14840450446140568
297,0.14840442573476598
298,0.14840434745957012
299,0.14840426963199485
300,0.14840419224825976
301,0.14840411530462702
302,0.14840403879739938
303,0.1484039627229215
304,0.14840388707757776
305,0.1484038118577928
306,0.1484037370600303
307,0.1484036626807926
308,0.14840358871662068
309,0.148403515164093
310,0.14840344201982508
311,0.14840336928046924
312,0.1484032969427141
313,0.14840322500328404
314,0.14840315345893837
315,0.1484030823064718
316,0.1484030115427124
317,0.14840294116452307
318,0.1484028711687994
319,0.1484028015524705
320,0.14840273231249748
321,0.14840266344587413
322,0.14840259494962535
323,0.1484025268208077
324,0.14840245905650842
325,0.14840239165384544
326,0.14840232460996652
327,0.14840225792204906
328,0.14840219158730023
329,0.1484021256029552
330,0.14840205996627864
331,0.14840199467456325
332,0.14840192972512867
333,0.14840186511532336
334,0.14840180084252158
335,0.14840173690412553
336,0.14840167329756274
337,0.14840161002028793
338,0.1484015470697808
339,0.14840148444354667
340,0.14840142213911645
341,0.1484013601540452
342,0.14840129848591282
343,0.14840123713232364
344,0.14840117609090547
345,0.14840111535930994
346,0.14840105493521197
347,0.14840099481630956
348,0.1484009350003231
349,0.14840087548499623
350,0.14840081626809407
351,0.1484007573474037
352,0.14840069872073447
353,0.14840064038591647
354,0.14840058234080125
355,0.14840052458326117
356,0.14840046711118896
357,0.14840040992249823
358,0.1484003530151223
359,0.1484002963870148
360,0.1484002400361486
361,0.14840018396051613
362,0.1484001281581291
363,0.14840007262701813
364,0.14840001736523253
365,0.14839996237084024
366,0.14839990764192734
367,0.1483998531765984
368,0.14839979897297517
369,0.1483997450291975
370,0.14839969134342276
371,0.14839963791382552
372,0.14839958473859732
373,0.14839953181594637
374,0.14839947914409798
375,0.1483994267212937
376,0.14839937454579122
377,0.14839932261586464
378,0.1483992709298037
379,0.14839921948591403
380,0.1483991682825166
381,0.14839911731794808
382,0.14839906659056004
383,0.1483990160987192
384,0.14839896584080714
385,0.14839891581522013
386,0.14839886602036886
387,0.14839881645467842
388,0.1483987671165882
389,0.1483987180045517
390,0.14839866911703592
391,0.14839862045252186
392,0.14839857200950432
393,0.14839852378649074
394,0.14839847578200271
395,0.1483984279945749
396,0.14839838042275408
397,0.14839833306510078
398,0.14839828592018786
399,0.14839823898660054
400,0.14839819226293696
401,0.14839814574780727
402,0.14839809943983365
403,0.14839805333765055
404,0.14839800743990414
405,0.14839796174525252
406,0.14839791625236526
407,0.14839787095992354
408,0.14839782586661998
409,0.1483977809711582
410,0.14839773627225314
411,0.1483976917686313
412,0.14839764745902878
413,0.14839760334219385
414,0.14839755941688465
415,0.1483975156818701
416,0.14839747213592974
417,0.14839742877785309
418,0.1483973856064403
419,0.14839734262050128
420,0.1483972998188565
421,0.1483972572003355
422,0.14839721476377862
423,0.14839717250803508
424,0.1483971304319641
425,0.14839708853443456
426,0.1483970468143243
427,0.14839700527052083
428,0.14839696390192092
429,0.14839692270743007
430,0.14839688168596338
431,0.14839684083644442
432,0.1483968001578056
433,0.14839675964898844
434,0.14839671930894313
435,0.1483966791366277
436,0.1483966391310096
437,0.14839659929106433
438,0.14839655961577553
439,0.14839652010413543
440,0.1483964807551439
441,0.1483964415678095
442,0.14839640254114844
443,0.14839636367418477
444,0.14839632496595054
445,0.1483962864154856
446,0.14839624802183735
447,0.1483962097840607
448,0.14839617170121838
449,0.14839613377238015
450,0.14839609599662376
451,0.1483960583730336
452,0.1483960209007017
453,0.14839598357872738
454,0.1483959464062165
455,0.14839590938228236
456,0.14839587250604527
457,0.1483958357766321
458,0.1483957991931768
459,0.14839576275482014
460,0.1483957264607091
461,0.14839569030999802
462,0.1483956543018471
463,0.14839561843542357
464,0.1483955827099006
465,0.14839554712445815
466,0.14839551167828233
467,0.14839547637056558
468,0.14839544120050627
469,0.14839540616730929
470,0.14839537127018534
471,0.148395336508351
472,0.1483953018810293
473,0.14839526738744888
474,0.14839523302684401
475,0.1483951987984553
476,0.14839516470152853
477,0.14839513073531543
478,0.14839509689907343
479,0.14839506319206539
480,0.1483950296135597
481,0.14839499616283056
482,0.148394962839157
483,0.14839492964182413
484,0.14839489657012156
485,0.14839486362334475
486,0.1483948308007945
487,0.14839479810177622
488,0.1483947655256009
489,0.14839473307158454
490,0.1483947007390482
491,0.14839466852731742
492,0.1483946364357236
493,0.1483946044636023
494,0.14839457261029446
495,0.14839454087514517
496,0.14839450925750494
497,0.14839447775672873
498,0.14839444637217616
499,0.1483944151032114
500,0.14839438394920368
501,0.1483943529095262
502,0.14839432198355695
503,0.14839429117067834
504,0.14839426047027765
505,0.14839422988174547
506,0.14839419940447798
507,0.1483941690378749
508,0.1483941387813406
509,0.14839410863428357
510,0.14839407859611614
511,0.1483940486662557
512,0.14839401884412282
513,0.14839398912914276
514,0.14839395952074455
515,0.14839393001836143
516,0.14839390062143049
517,0.14839387132939286
518,0.1483938421416935
519,0.14839381305778138
520,0.14839378407710918
521,0.14839375519913328
522,0.14839372642331453
523,0.14839369774911665
524,0.1483936691760075
525,0.1483936407034586
526,0.1483936123309453
527,0.14839358405794614
528,0.14839355588394346
529,0.1483935278084233
530,0.14839349983087521
531,0.1483934719507921
532,0.14839344416767034
533,0.14839341648100993
534,0.148393388890314
535,0.14839336139508935
536,0.14839333399484594
537,0.14839330668909734
538,0.1483932794773599
539,0.1483932523591537
540,0.14839322533400198
541,0.14839319840143098
542,0.14839317156097043
543,0.14839314481215293
544,0.1483931181545143
545,0.14839309158759373
546,0.1483930651109333
547,0.14839303872407786
548,0.14839301242657574
549,0.14839298621797825
550,0.14839296009783925
551,0.14839293406571613
552,0.14839290812116865
553,0.14839288226376007
554,0.14839285649305592
555,0.1483928308086251
556,0.1483928052100391
557,0.14839277969687223
558,0.14839275426870194
559,0.14839272892510758
560,0.1483927036656723
561,0.14839267848998128
562,0.1483926533976224
563,0.14839262838818704
564,0.14839260346126806
565,0.1483925786164618
566,0.14839255385336675
567,0.1483925291715845
568,0.14839250457071862
569,0.14839248005037567
570,0.1483924556101645
571,0.14839243124969673
572,0.14839240696858613
573,0.14839238276644923
574,0.1483923586429047
575,0.1483923345975742
576,0.14839231063008126
577,0.14839228674005192
578,0.14839226292711483
579,0.14839223919090083
580,0.14839221553104298
581,0.1483921919471768
582,0.14839216843894024
583,0.1483921450059735
584,0.1483921216479187
585,0.14839209836442063
586,0.148392075155126
587,0.1483920520196839
588,0.14839202895774561
589,0.14839200596896457
590,0.1483919830529965
591,0.14839196020949902
592,0.148391937438132
593,0.1483919147385573
594,0.1483918921104394
595,0.14839186955344416
596,0.1483918470672398
597,0.14839182465149683
598,0.14839180230588736
599,0.14839178003008557
600,0.14839175782376807
601,0.14839173568661315
602,0.1483917136183011
603,0.1483916916185141
604,0.14839166968693618
605,0.14839164782325376
606,0.14839162602715458
607,0.14839160429832865
608,0.148391582636468
609,0.14839156104126588
610,0.14839153951241824
611,0.14839151804962222
612,0.14839149665257698
613,0.14839147532098368
614,0.14839145405454496
615,0.14839143285296563
616,0.1483914117159519
617,0.14839139064321186
618,0.14839136963445554
619,0.14839134868939444
620,0.1483913278077418
621,0.14839130698921296
622,0.14839128623352432
623,0.1483912655403945
624,0.14839124490954347
625,0.14839122434069313
626,0.14839120383356671
627,0.1483911833878892
628,0.14839116300338728
629,0.1483911426797895
630,0.1483911224168252
631,0.14839110221422622
632,0.1483910820717254
633,0.14839106198905747
634,0.1483910419659582
635,0.14839102200216567
636,0.14839100209741882
637,0.14839098225145853
638,0.14839096246402705
639,0.14839094273486778
640,0.14839092306372612
641,0.148390903450349
642,0.1483908838944842
643,0.14839086439588153
644,0.148390844954292
645,0.14839082556946787
646,0.14839080624116335
647,0.14839078696913374
648,0.14839076775313548
649,0.14839074859292684
650,0.14839072948826734
651,0.1483907104389178
652,0.14839069144464048
653,0.14839067250519888
654,0.14839065362035797
655,0.14839063478988404
656,0.1483906160135447
657,0.1483905972911088
658,0.1483905786223464
659,0.14839056000702924
660,0.14839054144493002
661,0.1483905229358227
662,0.1483905044794828
663,0.14839048607568683
664,0.14839046772421263
665,0.14839044942483923
666,0.14839043117734713
667,0.14839041298151784
668,0.14839039483713395
669,0.1483903767439796
670,0.14839035870184014
671,0.1483903407105016
672,0.14839032276975175
673,0.1483903048793794
674,0.14839028703917426
675,0.14839026924892748
676,0.14839025150843135
677,0.14839023381747907
678,0.14839021617586545
679,0.14839019858338565
680,0.1483901810398368
681,0.14839016354501666
682,0.14839014609872422
683,0.1483901287007595
684,0.14839011135092375
685,0.14839009404901898
686,0.14839007679484878
687,0.14839005958821747
688,0.14839004242893034
689,0.14839002531679404
690,0.1483900082516161
691,0.14838999123320523
692,0.14838997426137074
693,0.1483899573359237
694,0.14838994045667536
695,0.14838992362343864
696,0.14838990683602715
697,0.14838989009425563
698,0.1483898733979398
699,0.1483898567468963
700,0.14838984014094256
701,0.14838982357989755
702,0.14838980706358065
703,0.14838979059181248
704,0.14838977416441448
705,0.14838975778120914
706,0.14838974144201972
707,0.14838972514667076
708,0.14838970889498734
709,0.14838969268679572
710,0.14838967652192286
711,0.14838966040019708
712,0.14838964432144686
713,0.14838962828550234
714,0.14838961229219408
715,0.14838959634135365
716,0.14838958043281344
717,0.14838956456640706
718,0.14838954874196839
719,0.1483895329593328
720,0.148389517218336
721,0.14838950151881491
722,0.1483894858606071
723,0.14838947024355106
724,0.14838945466748604
725,0.1483894391322523
726,0.14838942363769073
727,0.14838940818364307
728,0.1483893927699521
729,0.14838937739646105
730,0.14838936206301423
731,0.14838934676945675
732,0.14838933151563408
733,0.14838931630139326
734,0.14838930112658136
735,0.14838928599104664
736,0.14838927089463827
737,0.14838925583720552
738,0.14838924081859922
739,0.1483892258386703
740,0.14838921089727117
741,0.1483891959942542
742,0.148389181129473
743,0.148389166302782
744,0.1483891515140357
745,0.14838913676309026
746,0.14838912204980176
747,0.1483891073740276
748,0.14838909273562556
749,0.14838907813445407
750,0.14838906357037265
751,0.14838904904324104
752,0.14838903455292018
753,0.1483890200992713
754,0.14838900568215654
755,0.14838899130143865
756,0.148388976956981
757,0.14838896264864793
758,0.14838894837630395
759,0.14838893413981472
760,0.14838891993904632
761,0.14838890577386563
762,0.14838889164413996
763,0.14838887754973745
764,0.148388863490527
765,0.14838884946637795
766,0.14838883547716034
767,0.1483888215227449
768,0.1483888076030028
769,0.14838879371780603
770,0.14838877986702742
771,0.14838876605053983
772,0.14838875226821716
773,0.14838873851993412
774,0.14838872480556542
775,0.14838871112498694
776,0.14838869747807476
777,0.14838868386470597
778,0.14838867028475775
779,0.14838865673810825
780,0.14838864322463619
781,0.14838862974422093
782,0.14838861629674188
783,0.14838860288207967
784,0.1483885895001153
785,0.14838857615073026
786,0.14838856283380655
787,0.14838854954922695
788,0.14838853629687462
789,0.14838852307663344
790,0.1483885098883876
791,0.14838849673202234
792,0.14838848360742268
793,0.14838847051447487
794,0.14838845745306534
795,0.1483884444230811
796,0.1483884314244099
797,0.1483884184569399
798,0.14838840552055962
799,0.1483883926151584
800,0.14838837974062583
801,0.1483883668968522
802,0.14838835408372839
803,0.14838834130114534
804,0.1483883285489952
805,0.14838831582717002
806,0.1483883031355629
807,0.1483882904740667
808,0.14838827784257547
809,0.14838826524098345
810,0.14838825266918543
811,0.14838824012707694
812,0.14838822761455323
813,0.148388215131511
814,0.14838820267784675
815,0.14838819025345779
816,0.14838817785824185
817,0.14838816549209685
818,0.14838815315492176
819,0.14838814084661534
820,0.1483881285670773
821,0.14838811631620774
822,0.14838810409390724
823,0.14838809190007646
824,0.14838807973461693
825,0.14838806759743053
826,0.14838805548841977
827,0.1483880434074871
828,0.14838803135453588
829,0.14838801932946954
830,0.1483880073321924
831,0.14838799536260897
832,0.14838798342062395
833,0.14838797150614305
834,0.14838795961907186
835,0.14838794775931666
836,0.14838793592678426
837,0.14838792412138155
838,0.14838791234301607
839,0.1483879005915959
840,0.14838788886702933
841,0.14838787716922497
842,0.1483878654980922
843,0.14838785385354045
844,0.14838784223547982
845,0.1483878306438204
846,0.1483878190784733
847,0.1483878075393498
848,0.1483877960263611
849,0.14838778453941948
850,0.14838777307843706
851,0.14838776164332684
852,0.1483877502340018
853,0.1483877388503756
854,0.14838772749236223
855,0.14838771615987587
856,0.14838770485283115
857,0.14838769357114312
858,0.14838768231472754
859,0.14838767108349987
860,0.14838765987737643
861,0.14838764869627372
862,0.14838763754010872
863,0.14838762640879863
864,0.1483876153022613
865,0.14838760422041455
866,0.14838759316317687
867,0.14838758213046685
868,0.14838757112220374
869,0.14838756013830684
870,0.14838754917869618
871,0.1483875382432914
872,0.14838752733201352
873,0.14838751644478304
874,0.14838750558152142
875,0.14838749474215004
876,0.1483874839265907
877,0.14838747313476552
878,0.14838746236659736
879,0.14838745162200895
880,0.14838744090092343
881,0.1483874302032643
882,0.14838741952895554
883,0.1483874088779212
884,0.148387398250086
885,0.1483873876453746
886,0.14838737706371238
887,0.1483873665050246
888,0.1483873559692373
889,0.14838734545627644
890,0.1483873349660685
891,0.14838732449854025
892,0.14838731405361896
893,0.1483873036312316
894,0.148387293231306
895,0.14838728285377037
896,0.1483872724985529
897,0.1483872621655822
898,0.14838725185478716
899,0.14838724156609695
900,0.1483872312994412
901,0.14838722105474939
902,0.14838721083195208
903,0.14838720063097963
904,0.1483871904517622
905,0.14838718029423142
906,0.14838717015831815
907,0.14838716004395427
908,0.14838714995107147
909,0.14838713987960175
910,0.14838712982947774
911,0.14838711980063196
912,0.14838710979299757
913,0.14838709980650786
914,0.14838708984109633
915,0.1483870798966966
916,0.14838706997324294
917,0.1483870600706698
918,0.14838705018891155
919,0.1483870403279036
920,0.14838703048758065
921,0.1483870206678783
922,0.14838701086873232
923,0.14838700109007869
924,0.14838699133185362
925,0.1483869815939937
926,0.14838697187643565
927,0.1483869621791165
928,0.1483869525019734
929,0.1483869428449443
930,0.1483869332079665
931,0.1483869235909784
932,0.14838691399391835
933,0.1483869044167248
934,0.14838689485933645
935,0.14838688532169253
936,0.14838687580373233
937,0.14838686630539544
938,0.14838685682662148
939,0.14838684736735094
940,0.14838683792752372
941,0.1483868285070804
942,0.14838681910596194
943,0.1483868097241092
944,0.14838680036146365
945,0.1483867910179665
946,0.14838678169355962
947,0.14838677238818515
948,0.1483867631017851
949,0.14838675383430197
950,0.14838674458567838
951,0.1483867353558571
952,0.1483867261447816
953,0.14838671695239497
954,0.14838670777864102
955,0.14838669862346313
956,0.14838668948680578
957,0.14838668036861302
958,0.14838667126882948
959,0.1483866621873996
960,0.14838665312426855
961,0.14838664407938135
962,0.14838663505268337
963,0.1483866260441203
964,0.1483866170536377
965,0.14838660808118176
966,0.14838659912669858
967,0.14838659019013473
968,0.14838658127143678
969,0.14838657237055156
970,0.1483865634874262
971,0.14838655462200778
972,0.14838654577424412
973,0.1483865369440827
974,0.14838652813147146
975,0.14838651933635846
976,0.14838651055869193
977,0.14838650179842058
978,0.14838649305549295
979,0.14838648432985796
980,0.1483864756214647
981,0.14838646693026267
982,0.1483864582562011
983,0.14838644959922984
984,0.14838644095929882
985,0.14838643233635804
986,0.14838642373035768
987,0.14838641514124845
988,0.14838640656898097
989,0.14838639801350598
990,0.14838638947477462
991,0.14838638095273807
992,0.14838637244734776
993,0.14838636395855534
994,0.1483863554863126
995,0.14838634703057163
996,0.14838633859128425
997,0.14838633016840322
998,0.14838632176188093
999,0.1483863133716701
1000,0.14838630499772357
1001,0.14838629663999459
1002,0.1483862882984361
1003,0.14838627997300188
1004,0.14838627166364532
1005,0.14838626337032038
1006,0.148386255092981
1007,0.1483862468315812
1008,0.14838623858607533
1009,0.148386230356418
1010,0.14838622214256378
1011,0.14838621394446758
1012,0.14838620576208428
1013,0.14838619759536922
1014,0.1483861894442777
1015,0.14838618130876519
1016,0.14838617318878727
1017,0.14838616508430005
1018,0.1483861569952593
1019,0.14838614892162144
1020,0.14838614086334284
1021,0.14838613282037963
1022,0.14838612479268895
1023,0.14838611678022723
1024,0.1483861087829518
1025,0.14838610080081963
1026,0.14838609283378817
1027,0.14838608488181482
1028,0.14838607694485728
1029,0.14838606902287318
1030,0.1483860611158207
1031,0.14838605322365783
1032,0.148386045346343
1033,0.14838603748383433
1034,0.14838602963609057
1035,0.14838602180307056
1036,0.148386013984733
1037,0.14838600618103698
1038,0.14838599839194191
1039,0.14838599061740668
1040,0.14838598285739132
1041,0.14838597511185495
1042,0.14838596738075768
1043,0.1483859596640593
1044,0.14838595196172003
1045,0.1483859442737
1046,0.14838593659995963
1047,0.14838592894045938
1048,0.14838592129515998
1049,0.14838591366402218
1050,0.14838590604700705
1051,0.14838589844407563
1052,0.1483858908551891
1053,0.1483858832803089
1054,0.1483858757193964
1055,0.14838586817241364
1056,0.14838586063932205
1057,0.14838585312008373
1058,0.14838584561466064
1059,0.14838583812301517
1060,0.14838583064510968
1061,0.14838582318090648
1062,0.14838581573036816
1063,0.14838580829345785
1064,0.14838580087013803
1065,0.14838579346037198
1066,0.1483857860641227
1067,0.14838577868135366
1068,0.14838577131202815
1069,0.14838576395610983
1070,0.14838575661356226
1071,0.14838574928434936
1072,0.14838574196843515
1073,0.14838573466578364
1074,0.14838572737635888
1075,0.14838572010012538
1076,0.14838571283704768
1077,0.14838570558709016
1078,0.14838569835021767
1079,0.148385691126395
1080,0.14838568391558724
1081,0.14838567671775937
1082,0.1483856695328764
1083,0.14838566236090425
1084,0.14838565520180783
1085,0.1483856480555529
1086,0.1483856409221053
1087,0.14838563380143074
1088,0.14838562669349514
1089,0.14838561959826477
1090,0.14838561251570548
1091,0.1483856054457839
1092,0.1483855983884663
1093,0.1483855913437193
1094,0.14838558431150944
1095,0.14838557729180363
1096,0.1483855702845688
1097,0.14838556328977184
1098,0.14838555630738012
1099,0.14838554933736042
1100,0.14838554237968063
