1,0.1932959107546331
2,0.18478199047133498
3,0.17597571238614784
4,0.17067214695686583
5,0.1693519082177605
6,0.16925287166661612
7,0.1692755221983956
8,0.16928756259984684
9,0.16929151409003823
10,0.16929267181669033
11,0.16929298346165733
12,0.16929304793658212
13,0.16929304141729884
14,0.16929301508147296
15,0.16929298373071164
16,0.16929295162891023
17,0.16929291999156823
18,0.16929288915293272
19,0.16929285919278567
20,0.16929283011769117
21,0.16929280191340507
22,0.16929277456002154
23,0.16929274803634772
24,0.16929272232116294
25,0.1692926973935765
26,0.16929267323312394
27,0.16929264981979153
28,0.16929262713401505
29,0.1692926051566743
30,0.16929258386908633
31,0.16929256325299716
32,0.16929254329057392
33,0.1692925239643964
34,0.1692925052574502
35,0.16929248715311737
36,0.16929246963517125
37,0.16929245268776602
38,0.16929243629543125
39,0.16929242044306317
40,0.1692924051159195
41,0.16929239029960846
42,0.16929237598008576
43,0.16929236214364507
44,0.16929234877691163
45,0.16929233586683576
46,0.16929232340068587
47,0.1692923113660422
48,0.16929229975078938
49,0.16929228854311137
50,0.16929227773148353
51,0.16929226730466826
52,0.1692922572517071
53,0.16929224756191558
54,0.16929223822487718
55,0.16929222923043757
56,0.16929222056869891
57,0.1692922122300139
58,0.1692922042049803
59,0.1692921964844359
60,0.1692921890594528
61,0.16929218192133186
62,0.1692921750615986
63,0.16929216847199657
64,0.16929216214448403
65,0.1692921560712279
66,0.16929215024459943
67,0.16929214465716935
68,0.1692921393017031
69,0.16929213417115702
70,0.1692921292586732
71,0.16929212455757522
72,0.1692921200613637
73,0.16929211576371345
74,0.16929211165846725
75,0.16929210773963344
76,0.16929210400138117
77,0.1692921004380373
78,0.1692920970440818
79,0.16929209381414417
80,0.16929209074300075
81,0.16929208782556984
82,0.16929208505690935
83,0.16929208243221192
84,0.169292079946804
85,0.1692920775961404
86,0.16929207537580132
87,0.1692920732814908
88,0.16929207130903184
89,0.1692920694543649
90,0.16929206771354385
91,0.1692920660827336
92,0.169292064558207
93,0.1692920631363431
94,0.1692920618136229
95,0.16929206058662824
96,0.16929205945203846
97,0.16929205840662745
98,0.1692920574472629
99,0.16929205657090132
100,0.16929205577458878
101,0.1692920550554559
102,0.16929205441071765
103,0.1692920538376695
104,0.16929205333368683
105,0.16929205289622185
106,0.16929205252280163
107,0.1692920522110267
108,0.16929205195856922
109,0.16929205176316917
110,0.16929205162263597
111,0.16929205153484328
112,0.16929205149772955
113,0.16929205150929494
114,0.16929205156760038
115,0.16929205167076625
116,0.16929205181696919
117,0.16929205200444256
118,0.16929205223147345
119,0.16929205249640222
120,0.16929205279762077
121,0.1692920531335703
122,0.16929205350274126
123,0.1692920539036712
124,0.16929205433494318
125,0.16929205479518586
126,0.16929205528307073
127,0.1692920557973118
128,0.16929205633666428
129,0.16929205689992305
130,0.16929205748592244
131,0.16929205809353365
132,0.16929205872166525
133,0.1692920593692617
134,0.16929206003530123
135,0.1692920607187963
136,0.1692920614187922
137,0.16929206213436576
138,0.1692920628646252
139,0.1692920636087082
140,0.16929206436578134
141,0.16929206513504066
142,0.16929206591570842
143,0.16929206670703437
144,0.16929206750829398
145,0.16929206831878818
146,0.1692920691378415
147,0.16929206996480334
148,0.16929207079904507
149,0.16929207163996135
150,0.16929207248696784
151,0.16929207333950166
152,0.16929207419702033
153,0.1692920750590009
154,0.16929207592494
155,0.1692920767943527
156,0.16929207766677284
157,0.16929207854175013
158,0.16929207941885369
159,0.16929208029766718
160,0.1692920811777911
161,0.1692920820588418
162,0.1692920829404498
163,0.1692920838222613
164,0.16929208470393556
165,0.169292085585146
166,0.16929208646557967
167,0.16929208734493623
168,0.16929208822292754
169,0.16929208909927798
170,0.16929208997372328
171,0.1692920908460109
172,0.16929209171589907
173,0.1692920925831564
174,0.16929209344756224
175,0.16929209430890557
176,0.1692920951669853
177,0.1692920960216093
178,0.16929209687259483
179,0.16929209771976778
180,0.16929209856296276
181,0.1692920994020217
182,0.1692921002367954
183,0.16929210106714201
184,0.1692921018929266
185,0.1692921027140224
186,0.1692921035303083
187,0.16929210434167094
188,0.16929210514800283
189,0.16929210594920288
190,0.16929210674517622
191,0.16929210753583315
192,0.16929210832109046
193,0.16929210910086975
194,0.16929210987509802
195,0.16929211064370756
196,0.16929211140663508
197,0.16929211216382228
198,0.16929211291521543
199,0.16929211366076505
200,0.16929211440042577
201,0.16929211513415668
202,0.16929211586191997
203,0.1692921165836828
204,0.16929211729941526
205,0.16929211800909055
206,0.16929211871268565
207,0.1692921194101813
208,0.1692921201015607
209,0.1692921207868097
210,0.16929212146591818
211,0.16929212213887773
212,0.1692921228056831
213,0.1692921234663313
214,0.16929212412082217
215,0.16929212476915775
216,0.16929212541134214
217,0.16929212604738192
218,0.16929212667728524
219,0.16929212730106302
220,0.16929212791872725
221,0.16929212853029232
222,0.16929212913577416
223,0.16929212973518998
224,0.1692921303285595
225,0.16929213091590314
226,0.16929213149724293
227,0.1692921320726025
228,0.16929213264200688
229,0.1692921332054819
230,0.169292133763055
231,0.16929213431475448
232,0.16929213486061007
233,0.16929213540065202
234,0.16929213593491188
235,0.16929213646342217
236,0.16929213698621612
237,0.16929213750332756
238,0.16929213801479182
239,0.16929213852064398
240,0.16929213902092086
241,0.16929213951565908
242,0.16929214000489629
243,0.16929214048867022
244,0.16929214096701994
245,0.16929214143998444
246,0.1692921419076034
247,0.1692921423699165
248,0.16929214282696414
249,0.16929214327878755
250,0.16929214372542709
251,0.16929214416692495
252,0.169292144603322
253,0.1692921450346607
254,0.16929214546098292
255,0.16929214588233116
256,0.16929214629874725
257,0.1692921467102746
258,0.16929214711695556
259,0.16929214751883317
260,0.16929214791595018
261,0.16929214830834957
262,0.16929214869607453
263,0.16929214907916823
264,0.16929214945767326
265,0.1692921498316334
266,0.16929215020109104
267,0.16929215056608962
268,0.16929215092667194
269,0.16929215128288086
270,0.16929215163475894
271,0.16929215198234926
272,0.16929215232569444
273,0.16929215266483652
274,0.1692921529998184
275,0.169292153330682
276,0.16929215365746914
277,0.16929215398022218
278,0.1692921542989824
279,0.1692921546137918
280,0.16929215492469143
281,0.16929215523172253
282,0.16929215553492574
283,0.1692921558343421
284,0.16929215613001244
285,0.16929215642197626
286,0.16929215671027426
287,0.16929215699494637
288,0.16929215727603125
289,0.16929215755356933
290,0.16929215782759915
291,0.16929215809815973
292,0.16929215836528916
293,0.16929215862902613
294,0.16929215888940888
295,0.16929215914647466
296,0.16929215940026118
297,0.16929215965080588
298,0.16929215989814492
299,0.16929216014231582
300,0.16929216038335443
301,0.1692921606212969
302,0.1692921608561791
303,0.16929216108803638
304,0.16929216131690403
305,0.1692921615428165
306,0.16929216176580877
307,0.16929216198591532
308,0.16929216220316956
309,0.16929216241760564
310,0.16929216262925692
311,0.16929216283815607
312,0.16929216304433606
313,0.16929216324782959
314,0.16929216344866865
315,0.16929216364688515
316,0.16929216384251078
317,0.1692921640355767
318,0.16929216422611368
319,0.16929216441415265
320,0.1692921645997241
321,0.16929216478285788
322,0.16929216496358365
323,0.16929216514193093
324,0.16929216531792904
325,0.169292165491607
326,0.1692921656629929
327,0.16929216583211557
328,0.16929216599900282
329,0.1692921661636823
330,0.1692921663261813
331,0.169292166486527
332,0.1692921666447465
333,0.16929216680086623
334,0.1692921669549126
335,0.16929216710691122
336,0.16929216725688795
337,0.1692921674048683
338,0.16929216755087742
339,0.16929216769494032
340,0.16929216783708131
341,0.16929216797732508
342,0.1692921681156951
343,0.1692921682522158
344,0.16929216838691
345,0.16929216851980206
346,0.1692921686509139
347,0.16929216878026893
348,0.1692921689078892
349,0.16929216903379715
350,0.16929216915801476
351,0.1692921692805637
352,0.16929216940146546
353,0.16929216952074086
354,0.16929216963841157
355,0.16929216975449765
356,0.16929216986902007
357,0.1692921699819988
358,0.1692921700934539
359,0.16929217020340537
360,0.16929217031187246
361,0.16929217041887445
362,0.16929217052443044
363,0.16929217062855945
364,0.16929217073127983
365,0.16929217083260992
366,0.16929217093256863
367,0.16929217103117292
368,0.1692921711284411
369,0.1692921712243906
370,0.1692921713190387
371,0.16929217141240233
372,0.16929217150449874
373,0.16929217159534402
374,0.16929217168495514
375,0.1692921717733483
376,0.1692921718605395
377,0.1692921719465446
378,0.1692921720313792
379,0.1692921721150588
380,0.16929217219759907
381,0.1692921722790145
382,0.1692921723593204
383,0.16929217243853129
384,0.16929217251666187
385,0.16929217259372623
386,0.1692921726697391
387,0.169292172744714
388,0.1692921728186648
389,0.1692921728916052
390,0.16929217296354893
391,0.16929217303450894
392,0.1692921731044984
393,0.16929217317353024
394,0.1692921732416174
395,0.16929217330877264
396,0.16929217337500832
397,0.16929217344033676
398,0.16929217350476983
399,0.16929217356832005
400,0.16929217363099897
401,0.16929217369281838
402,0.16929217375378955
403,0.1692921738139243
404,0.16929217387323378
405,0.16929217393172863
406,0.1692921739894206
407,0.16929217404632002
408,0.1692921741024377
409,0.16929217415778394
410,0.16929217421236928
411,0.16929217426620424
412,0.16929217431929872
413,0.1692921743716625
414,0.1692921744233061
415,0.1692921744742388
416,0.1692921745244703
417,0.1692921745740097
418,0.16929217462286705
419,0.16929217467105107
420,0.1692921747185714
421,0.16929217476543637
422,0.16929217481165562
423,0.1692921748572373
424,0.16929217490219015
425,0.16929217494652285
426,0.16929217499024385
427,0.16929217503336128
428,0.16929217507588357
429,0.1692921751178188
430,0.16929217515917475
431,0.16929217519995937
432,0.16929217524018034
433,0.1692921752798455
434,0.16929217531896257
435,0.1692921753575383
436,0.169292175395581
437,0.16929217543309757
438,0.16929217547009487
439,0.16929217550658004
440,0.16929217554256015
441,0.16929217557804244
442,0.16929217561303336
443,0.1692921756475396
444,0.16929217568156799
445,0.16929217571512434
446,0.16929217574821587
447,0.16929217578084876
448,0.16929217581302933
449,0.16929217584476322
450,0.16929217587605735
451,0.16929217590691684
452,0.16929217593734838
453,0.16929217596735718
454,0.1692921759969494
455,0.16929217602613084
456,0.16929217605490676
457,0.16929217608328295
458,0.1692921761112644
459,0.1692921761388572
460,0.16929217616606593
461,0.1692921761928963
462,0.16929217621935366
463,0.16929217624544238
464,0.1692921762711679
465,0.16929217629653526
466,0.1692921763215489
467,0.16929217634621432
468,0.16929217637053573
469,0.16929217639451793
470,0.1692921764181653
471,0.1692921764414831
472,0.16929217646447495
473,0.1692921764871458
474,0.16929217650949976
475,0.1692921765315411
476,0.1692921765532743
477,0.169292176574703
478,0.16929217659583226
479,0.16929217661666487
480,0.16929217663720578
481,0.16929217665745833
482,0.16929217667742666
483,0.16929217669711435
484,0.1692921767165254
485,0.16929217673566338
486,0.1692921767545316
487,0.16929217677313435
488,0.16929217679147446
489,0.1692921768095555
490,0.169292176827381
491,0.16929217684495404
492,0.1692921768622781
493,0.16929217687935602
494,0.1692921768961916
495,0.16929217691278742
496,0.1692921769291464
497,0.1692921769452719
498,0.1692921769611663
499,0.1692921769768328
500,0.1692921769922739
501,0.16929217700749238
502,0.1692921770224906
503,0.16929217703727134
504,0.1692921770518369
505,0.16929217706618963
506,0.16929217708033176
507,0.169292177094265
508,0.1692921771079922
509,0.1692921771215148
510,0.1692921771348342
511,0.16929217714795286
512,0.16929217716087155
513,0.16929217717359182
514,0.16929217718611483
515,0.16929217719844156
516,0.16929217721057235
517,0.16929217722250792
518,0.16929217723424791
519,0.1692921772457918
520,0.1692921772571394
521,0.16929217726828863
522,0.1692921772792381
523,0.16929217728998444
524,0.16929217730052418
525,0.16929217731085236
526,0.16929217732096252
527,0.1692921773308467
528,0.1692921773404943
529,0.1692921773498915
530,0.1692921773590212
531,0.16929217736786076
532,0.1692921773763806
533,0.16929217738454133
534,0.16929217739229027
535,0.16929217739955515
536,0.16929217740623365
537,0.16929217741217945
538,0.1692921774171737
539,0.169292177420875
540,0.16929217742272432
541,0.16929217742174013
542,0.16929217741603367
543,0.1692921774014747
544,0.16929217736708163
545,0.16929217727169696
546,0.16929217675680958
547,0.1695435865650275
548,0.16983640470466088
549,0.169736353063761
550,0.16972952728197171
551,0.1697289612723516
552,0.1697289135186549
553,0.16972890948380087
554,0.1697289091428417
555,0.1697289091140292
556,0.1697289091115942
557,0.16972890911138858
558,0.16972890911137095
559,0.16972890911136967
560,0.16972890911136967
561,0.16972890911136962
562,0.1697289091113696
563,0.1697289091113696
564,0.1697289091113696
565,0.1697289091113696
566,0.1697289091113696
567,0.1697289091113696
568,0.1697289091113696
569,0.1697289091113696
570,0.1697289091113696
571,0.1697289091113696
572,0.1697289091113696
573,0.1697289091113696
574,0.1697289091113696
575,0.1697289091113696
576,0.1697289091113696
577,0.1697289091113696
578,0.1697289091113696
579,0.1697289091113696
580,0.1697289091113696
581,0.1697289091113696
582,0.1697289091113696
583,0.1697289091113696
584,0.1697289091113696
585,0.1697289091113696
586,0.1697289091113696
587,0.1697289091113696
588,0.1697289091113696
589,0.1697289091113696
590,0.1697289091113696
591,0.1697289091113696
592,0.1697289091113696
593,0.1697289091113696
594,0.1697289091113696
595,0.1697289091113696
596,0.1697289091113696
597,0.1697289091113696
598,0.1697289091113696
599,0.1697289091113696
600,0.1697289091113696
601,0.1697289091113696
602,0.1697289091113696
603,0.1697289091113696
604,0.1697289091113696
605,0.1697289091113696
606,0.1697289091113696
607,0.1697289091113696
608,0.1697289091113696
609,0.1697289091113696
610,0.1697289091113696
611,0.1697289091113696
612,0.1697289091113696
613,0.1697289091113696
614,0.1697289091113696
615,0.1697289091113696
616,0.1697289091113696
617,0.1697289091113696
618,0.1697289091113696
619,0.1697289091113696
620,0.1697289091113696
621,0.1697289091113696
622,0.1697289091113696
623,0.1697289091113696
624,0.1697289091113696
625,0.1697289091113696
626,0.1697289091113696
627,0.1697289091113696
628,0.1697289091113696
629,0.1697289091113696
630,0.1697289091113696
631,0.1697289091113696
632,0.1697289091113696
633,0.1697289091113696
634,0.1697289091113696
635,0.1697289091113696
636,0.1697289091113696
637,0.1697289091113696
638,0.1697289091113696
639,0.1697289091113696
640,0.1697289091113696
641,0.1697289091113696
642,0.1697289091113696
643,0.1697289091113696
644,0.1697289091113696
645,0.1697289091113696
646,0.1697289091113696
647,0.1697289091113696
648,0.1697289091113696
649,0.1697289091113696
650,0.1697289091113696
651,0.1697289091113696
652,0.1697289091113696
653,0.1697289091113696
654,0.1697289091113696
655,0.1697289091113696
656,0.1697289091113696
657,0.1697289091113696
658,0.1697289091113696
659,0.1697289091113696
660,0.1697289091113696
661,0.1697289091113696
662,0.1697289091113696
663,0.1697289091113696
664,0.1697289091113696
665,0.1697289091113696
666,0.1697289091113696
667,0.1697289091113696
668,0.1697289091113696
669,0.1697289091113696
670,0.1697289091113696
671,0.1697289091113696
672,0.1697289091113696
673,0.1697289091113696
674,0.1697289091113696
675,0.1697289091113696
676,0.1697289091113696
677,0.1697289091113696
678,0.1697289091113696
679,0.1697289091113696
680,0.1697289091113696
681,0.1697289091113696
682,0.1697289091113696
683,0.1697289091113696
684,0.1697289091113696
685,0.1697289091113696
686,0.1697289091113696
687,0.1697289091113696
688,0.1697289091113696
689,0.1697289091113696
690,0.1697289091113696
691,0.1697289091113696
692,0.1697289091113696
693,0.1697289091113696
694,0.1697289091113696
695,0.1697289091113696
696,0.1697289091113696
697,0.1697289091113696
698,0.1697289091113696
699,0.1697289091113696
700,0.1697289091113696
701,0.1697289091113696
702,0.1697289091113696
703,0.1697289091113696
704,0.1697289091113696
705,0.1697289091113696
706,0.1697289091113696
707,0.1697289091113696
708,0.1697289091113696
709,0.1697289091113696
710,0.1697289091113696
711,0.1697289091113696
712,0.1697289091113696
713,0.1697289091113696
714,0.1697289091113696
715,0.1697289091113696
716,0.1697289091113696
717,0.1697289091113696
718,0.1697289091113696
719,0.1697289091113696
720,0.1697289091113696
721,0.1697289091113696
722,0.1697289091113696
723,0.1697289091113696
724,0.1697289091113696
725,0.1697289091113696
726,0.1697289091113696
727,0.1697289091113696
728,0.1697289091113696
729,0.1697289091113696
730,0.1697289091113696
731,0.1697289091113696
732,0.1697289091113696
733,0.1697289091113696
734,0.1697289091113696
735,0.1697289091113696
736,0.1697289091113696
737,0.1697289091113696
738,0.1697289091113696
739,0.1697289091113696
740,0.1697289091113696
741,0.1697289091113696
742,0.1697289091113696
743,0.1697289091113696
744,0.1697289091113696
745,0.1697289091113696
746,0.1697289091113696
747,0.1697289091113696
748,0.1697289091113696
749,0.1697289091113696
750,0.1697289091113696
751,0.1697289091113696
752,0.1697289091113696
753,0.1697289091113696
754,0.1697289091113696
755,0.1697289091113696
756,0.1697289091113696
757,0.1697289091113696
758,0.1697289091113696
759,0.1697289091113696
760,0.1697289091113696
761,0.1697289091113696
762,0.1697289091113696
763,0.1697289091113696
764,0.1697289091113696
765,0.1697289091113696
766,0.1697289091113696
767,0.1697289091113696
768,0.1697289091113696
769,0.1697289091113696
770,0.1697289091113696
771,0.1697289091113696
772,0.1697289091113696
