1,0.3717163797841009
2,0.2376097649435116
3,0.19825426896324347
4,0.18720900174571536
5,0.18327328254108022
6,0.18158926052355354
7,0.18077017716095575
8,0.18033008360578992
9,0.18007187138055628
10,0.17990683016184542
11,0.17979189476418064
12,0.17970494182112226
13,0.17963410249709316
14,0.17957278828234388
15,0.1795172391404665
16,0.1794652586991018
17,0.17941553758342316
18,0.1793672805769756
19,0.17931999616253802
20,0.17927337529417425
21,0.17922722034103117
22,0.17918140278650185
23,0.17913583767942157
24,0.17909046798529568
25,0.1790452548650768
26,0.17900017154733924
27,0.17895519940586285
28,0.17891032540804805
29,0.17886554042689462
30,0.17882083810483398
31,0.17877621407565358
32,0.17873166542257798
33,0.17868719029472502
34,0.17864278763161304
35,0.17859845696262058
36,0.1785541982592987
37,0.17851001182550624
38,0.17846589821498654
39,0.17842185816909636
40,0.17837789256948078
41,0.17833400240193964
42,0.178290188728726
43,0.17824645266724515
44,0.17820279537362557
45,0.17815921803002335
46,0.17811572183478627
47,0.1780723079948251
48,0.17802897771968051
49,0.17798573221690345
50,0.1779425726884535
51,0.1778995003278797
52,0.17785651631811591
53,0.17781362182974905
54,0.17777081801965638
55,0.17772810602993094
56,0.17768548698703282
57,0.17764296200111504
58,0.17760053216548988
59,0.1775581985562027
60,0.17751596223169439
61,0.17747382423253089
62,0.1774317855811893
63,0.1773898472818888
64,0.17734801032045847
65,0.1773062756642335
66,0.1772646442619801
67,0.17722311704383745
68,0.17718169492128155
69,0.1771403787871034
70,0.17709916951540017
71,0.17705806796158094
72,0.17701707496238234
73,0.17697619133589415
74,0.17693541788159542
75,0.17689475538039848
76,0.17685420459470177
77,0.17681376626844994
78,0.17677344112720167
79,0.17673322987820433
80,0.17669313321047528
81,0.17665315179488977
82,0.17661328628427442
83,0.1765735373135073
84,0.17653390549962336
85,0.1764943914419241
86,0.1764549957220946
87,0.17641571890432434
88,0.17637656153543133
89,0.1763375241449943
90,0.1762986072454854
91,0.17625981133240998
92,0.17622113688444888
93,0.17618258436360434
94,0.17614415421535096
95,0.17610584686878789
96,0.17606766273679647
97,0.17602960221619982
98,0.17599166568792468
99,0.17595385351716725
100,0.1759161660535615
101,0.17587860363134789
102,0.17584116656954785
103,0.17580385517213606
104,0.17576666972821908
105,0.1757296105122113
106,0.1756926777840166
107,0.175655871789208
108,0.1756191927592114
109,0.17558264091148834
110,0.17554621644972118
111,0.1755099195639984
112,0.17547375043100133
113,0.17543770921419088
114,0.17540179606399503
115,0.17536601111799685
116,0.1753303545011227
117,0.17529482632583074
118,0.17525942669229908
119,0.1752241556886141
120,0.17518901339095916
121,0.17515399986380262
122,0.17511911516008447
123,0.17508435932140448
124,0.17504973237820884
125,0.175015234349976
126,0.17498086524540224
127,0.17494662506258576
128,0.17491251378921122
129,0.17487853140273216
130,0.17484467787055238
131,0.17481095315020856
132,0.17477735718954715
133,0.17474388992690554
134,0.17471055129128804
135,0.1746773412025415
136,0.17464425957153099
137,0.17461130630031257
138,0.1745784812823047
139,0.1745457844024595
140,0.17451321553743096
141,0.17448077455574204
142,0.17444846131795072
143,0.17441627567681411
144,0.17438421747745061
145,0.1743522865575002
146,0.17432048274728418
147,0.17428880586996204
148,0.17425725574168707
149,0.17422583217175955
150,0.17419453496277917
151,0.17416336391079523
152,0.1741323188054538
153,0.17410139943014588
154,0.17407060556215023
155,0.17403993697277695
156,0.17400939342750793
157,0.17397897468613627
158,0.17394868050290266
159,0.17391851062663063
160,0.1738884648008602
161,0.17385854276397913
162,0.17382874424935207
163,0.17379906898544858
164,0.17376951669596816
165,0.17374008709996483
166,0.17371077991196873
167,0.1736815948421063
168,0.17365253159621824
169,0.17362358987597626
170,0.17359476937899707
171,0.1735660697989557
172,0.17353749082569564
173,0.17350903214533914
174,0.17348069344039252
175,0.17345247438985356
176,0.17342437466931399
177,0.17339639395106182
178,0.1733685319041818
179,0.17334078819465304
180,0.17331316248544693
181,0.173285654436621
182,0.17325826370541314
183,0.17323098994633315
184,0.17320383281125237
185,0.1731767919494928
186,0.17314986700791304
187,0.17312305763099425
188,0.1730963634609239
189,0.17306978413767699
190,0.17304331929909764
191,0.17301696858097718
192,0.1729907316171327
193,0.1729646080394821
194,0.17293859747811968
195,0.17291269956138858
196,0.17288691391595282
197,0.17286124016686785
198,0.17283567793764884
199,0.17281022685033906
200,0.1727848865255759
201,0.17275965658265546
202,0.17273453663959698
203,0.1727095263132041
204,0.17268462521912695
205,0.17265983297192186
206,0.1726351491851093
207,0.17261057347123182
208,0.1725861054419105
209,0.17256174470789953
210,0.17253749087914066
211,0.17251334356481576
212,0.17248930237339807
213,0.17246536691270328
214,0.17244153678993956
215,0.1724178116117547
216,0.17239419098428482
217,0.17237067451319996
218,0.17234726180375
219,0.17232395246080878
220,0.17230074608891785
221,0.1722776422923285
222,0.17225464067504379
223,0.17223174084085918
224,0.1722089423934023
225,0.1721862449361714
226,0.17216364807257376
227,0.17214115140596334
228,0.17211875453967593
229,0.1720964570770653
230,0.17207425862153847
231,0.1720521587765887
232,0.17203015714582903
233,0.1720082533330246
234,0.17198644694212467
235,0.1719647375772929
236,0.17194312484293783
237,0.17192160834374248
238,0.17190018768469295
239,0.1718788624711069
240,0.17185763230866047
241,0.17183649680341528
242,0.171815455561845
243,0.17179450819086037
244,0.17177365429783448
245,0.17175289349062653
246,0.17173222537760682
247,0.17171164956767818
248,0.17169116567030007
249,0.17167077329550962
250,0.17165047205394376
251,0.1716302615568597
252,0.1716101414161562
253,0.17159011124439205
254,0.17157017065480726
255,0.17155031926134004
256,0.17153055667864747
257,0.17151088252212132
258,0.17149129640790675
259,0.17147179795291972
260,0.17145238677486266
261,0.17143306249224055
262,0.17141382472437808
263,0.1713946730914335
264,0.1713756072144143
265,0.17135662671519142
266,0.1713377312165134
267,0.1713189203420208
268,0.17130019371625838
269,0.1712815509646889
270,0.17126299171370582
271,0.17124451559064496
272,0.17122612222379688
273,0.1712078112424187
274,0.17118958227674494
275,0.17117143495799808
276,0.1711533689184001
277,0.17113538379118254
278,0.17111747921059595
279,0.17109965481191974
280,0.17108191023147193
281,0.1710642451066181
282,0.17104665907578043
283,0.17102915177844513
284,0.1710117228551724
285,0.17099437194760334
286,0.1709770986984676
287,0.17095990275159179
288,0.1709427837519056
289,0.1709257413454494
290,0.1709087751793813
291,0.17089188490198273
292,0.17087507016266573
293,0.17085833061197822
294,0.17084166590161015
295,0.17082507568439922
296,0.17080855961433616
297,0.17079211734656982
298,0.17077574853741256
299,0.17075945284434474
300,0.17074322992601884
301,0.17072707944226506
302,0.1707110010540938
303,0.17069499442370195
304,0.17067905921447504
305,0.17066319509099104
306,0.17064740171902426
307,0.1706316787655489
308,0.17061602589874203
309,0.17060044278798606
310,0.17058492910387207
311,0.17056948451820253
312,0.17055410870399396
313,0.17053880133547855
314,0.17052356208810737
315,0.1705083906385513
316,0.17049328666470445
317,0.1704782498456847
318,0.17046327986183596
319,0.1704483763947293
320,0.1704335391271649
321,0.1704187677431734
322,0.17040406192801566
323,0.1703894213681857
324,0.1703748457514104
325,0.17036033476665063
326,0.17034588810410198
327,0.17033150545519518
328,0.17031718651259647
329,0.17030293097020838
330,0.17028873852316942
331,0.17027460886785445
332,0.17026054170187457
333,0.17024653672407766
334,0.17023259363454737
335,0.17021871213460285
336,0.17020489192679952
337,0.1701911327149275
338,0.17017743420401096
339,0.17016379610030843
340,0.1701502181113113
341,0.17013669994574346
342,0.17012324131356027
343,0.17010984192594725
344,0.17009650149531955
345,0.17008321973532067
346,0.17006999636082087
347,0.17005683108791653
348,0.1700437236339282
349,0.17003067371739983
350,0.17001768105809623
351,0.17000474537700289
352,0.16999186639632305
353,0.1699790438394768
354,0.16996627743109927
355,0.16995356689703847
356,0.1699409119643534
357,0.16992831236131242
358,0.16991576781739115
359,0.16990327806326996
360,0.16989084283083292
361,0.1698784618531643
362,0.16986613486454707
363,0.1698538616004611
364,0.1698416417975794
365,0.1698294751937671
366,0.1698173615280783
367,0.16980530054075432
368,0.1697932919732196
369,0.1697813355680812
370,0.16976943106912432
371,0.16975757822131113
372,0.16974577677077712
373,0.16973402646482832
374,0.16972232705193946
375,0.16971067828174982
376,0.1696990799050617
377,0.16968753167383616
378,0.16967603334119138
379,0.16966458466139858
380,0.16965318538987978
381,0.16964183528320453
382,0.16963053409908652
383,0.1696192815963811
384,0.16960807753508114
385,0.16959692167631485
386,0.1695858137823424
387,0.1695747536165519
388,0.16956374094345697
389,0.16955277552869355
390,0.16954185713901568
391,0.16953098554229284
392,0.16952016050750635
393,0.16950938180474634
394,0.16949864920520769
395,0.1694879624811872
396,0.1694773214060796
397,0.16946672575437466
398,0.1694561753016533
399,0.16944566982458353
400,0.1694352091009182
401,0.16942479290949033
402,0.1694144210302102
403,0.16940409324406094
404,0.16939380933309595
405,0.16938356908043448
406,0.1693733722702581
407,0.16936321868780768
408,0.16935310811937854
409,0.16934304035231756
410,0.1693330151750198
411,0.16932303237692345
412,0.16931309174850742
413,0.1693031930812872
414,0.16929333616781073
415,0.16928352080165474
416,0.16927374677742127
417,0.16926401389073373
418,0.16925432193823312
419,0.16924467071757404
420,0.169235060027421
421,0.1692254896674446
422,0.1692159594383174
423,0.16920646914171095
424,0.16919701858029076
425,0.16918760755771312
426,0.16917823587862105
427,0.1691689033486411
428,0.16915960977437788
429,0.1691503549634119
430,0.1691411387242946
431,0.1691319608665451
432,0.16912282120064534
433,0.16911371953803783
434,0.16910465569112001
435,0.1690956294732408
436,0.1690866406986983
437,0.16907768918273341
438,0.16906877474152746
439,0.16905989719219794
440,0.16905105635279424
441,0.16904225204229495
442,0.16903348408060184
443,0.16902475228853833
444,0.16901605648784332
445,0.1690073965011694
446,0.16899877215207712
447,0.16899018326503232
448,0.16898162966540162
449,0.16897311117944874
450,0.1689646276343302
451,0.16895617885809253
452,0.16894776467966655
453,0.1689393849288652
454,0.16893103943637885
455,0.16892272803377142
456,0.1689144505534764
457,0.16890620682879356
458,0.16889799669388447
459,0.16888981998376867
460,0.16888167653432032
461,0.16887356618226337
462,0.16886548876516908
463,0.1688574441214509
464,0.1688494320903609
465,0.168841452511987
466,0.16883350522724735
467,0.1688255900778881
468,0.16881770690647824
469,0.16880985555640723
470,0.16880203587187967
471,0.16879424769791274
472,0.16878649088033168
473,0.16877876526576627
474,0.16877107070164699
475,0.16876340703620119
476,0.16875577411844966
477,0.16874817179820217
478,0.16874059992605425
479,0.1687330583533841
480,0.16872554693234693
481,0.1687180655158731
482,0.1687106139576637
483,0.16870319211218673
484,0.16869579983467348
485,0.1686884369811149
486,0.16868110340825834
487,0.1686737989736027
488,0.16866652353539635
489,0.16865927695263194
490,0.16865205908504383
491,0.1686448697931041
492,0.16863770893801894
493,0.16863057638172488
494,0.16862347198688554
495,0.16861639561688763
496,0.16860934713583786
497,0.16860232640855885
498,0.16859533330058576
499,0.1685883676781633
500,0.16858142940824103
501,0.168574518358471
502,0.16856763439720324
503,0.16856077739348324
504,0.16855394721704792
505,0.16854714373832166
506,0.1685403668284139
507,0.16853361635911498
508,0.1685268922028928
509,0.16852019423288955
510,0.16851352232291808
511,0.16850687634745856
512,0.16850025618165512
513,0.1684936617013128
514,0.16848709278289303
515,0.16848054930351175
516,0.16847403114093498
517,0.16846753817357618
518,0.1684610702804924
519,0.1684546273413811
520,0.1684482092365768
521,0.16844181584704834
522,0.1684354470543951
523,0.16842910274084302
524,0.16842278278924286
525,0.16841648708306625
526,0.16841021550640178
527,0.16840396794395332
528,0.16839774428103477
529,0.16839154440356907
530,0.16838536819808336
531,0.16837921555170673
532,0.16837308635216663
533,0.16836698048778542
534,0.16836089784747826
535,0.16835483832074924
536,0.16834880179768846
537,0.16834278816896858
538,0.16833679732584217
539,0.16833082916013892
540,0.16832488356426198
541,0.16831896043118486
542,0.16831305965444904
543,0.1683071811281605
544,0.16830132474698684
545,0.1682954904061541
546,0.16828967800144448
547,0.16828388742919195
548,0.16827811858628094
549,0.1682723713701426
550,0.16826664567875135
551,0.168260941410623
552,0.1682552584648116
553,0.168249596740906
554,0.168243956139027
555,0.16823833655982587
556,0.16823273790447943
557,0.1682271600746885
558,0.1682216029726749
559,0.16821606650117896
560,0.16821055056345535
561,0.16820505506327213
562,0.16819957990490653
563,0.16819412499314293
564,0.16818869023327046
565,0.16818327553107884
566,0.16817788079285712
567,0.16817250592539043
568,0.1681671508359569
569,0.16816181543232586
570,0.16815649962275445
571,0.16815120331598485
572,0.16814592642124246
573,0.1681406688482325
574,0.16813543050713745
575,0.1681302113086155
576,0.16812501116379572
577,0.1681198299842783
578,0.16811466768212954
579,0.1681095241698806
580,0.16810439936052488
581,0.16809929316751496
582,0.16809420550476034
583,0.16808913628662533
584,0.16808408542792588
585,0.1680790528439275
586,0.16807403845034255
587,0.16806904216332805
588,0.16806406389948345
589,0.16805910357584702
590,0.1680541611098951
591,0.16804923641953862
592,0.16804432942312067
593,0.16803944003941454
594,0.16803456818762147
595,0.1680297137873674
596,0.16802487675870173
597,0.16802005702209463
598,0.16801525449843366
599,0.16801046910902342
600,0.1680057007755814
601,0.16800094942023702
602,0.16799621496552855
603,0.1679914973344012
604,0.1679867964502044
605,0.16798211223669068
606,0.1679774446180119
607,0.1679727935187182
608,0.16796815886375538
609,0.16796354057846263
610,0.16795893858857036
611,0.16795435282019863
612,0.16794978319985368
613,0.16794522965442707
614,0.16794069211119292
615,0.16793617049780585
616,0.16793166474229873
617,0.16792717477308106
618,0.16792270051893662
619,0.1679182419090207
620,0.16791379887285937
621,0.16790937134034642
622,0.16790495924174142
623,0.16790056250766788
624,0.1678961810691119
625,0.16789181485741825
626,0.16788746380429037
627,0.16788312784178705
628,0.16787880690232163
629,0.16787450091865866
630,0.1678702098239131
631,0.16786593355154739
632,0.16786167203537045
633,0.16785742520953523
634,0.16785319300853652
635,0.16784897536720955
636,0.16784477222072844
637,0.16784058350460276
638,0.16783640915467732
639,0.16783224910712974
640,0.1678281032984682
641,0.16782397166552987
642,0.16781985414547906
643,0.16781575067580598
644,0.1678116611943233
645,0.16780758563916642
646,0.16780352394879008
647,0.16779947606196735
648,0.16779544191778734
649,0.16779142145565412
650,0.16778741461528462
651,0.16778342133670604
652,0.16777944156025562
653,0.1677754752265783
654,0.16777152227662417
655,0.16776758265164807
656,0.16776365629320691
657,0.16775974314315859
658,0.16775584314366007
659,0.1677519562371655
660,0.1677480823664247
661,0.167744221474482
662,0.16774037350467386
663,0.1677365384006274
664,0.16773271610625906
665,0.16772890656577288
666,0.16772510972365853
667,0.16772132552469052
668,0.16771755391392568
669,0.16771379483670193
670,0.167710048238637
671,0.1677063140656266
672,0.16770259226384324
673,0.16769888277973333
674,0.16769518556001756
675,0.16769150055168833
676,0.16768782770200807
677,0.16768416695850813
678,0.16768051826898722
679,0.16767688158150992
680,0.16767325684440512
681,0.16766964400626422
682,0.1676660430159404
683,0.1676624538225466
684,0.1676588763754542
685,0.16765531062429156
686,0.16765175651894276
687,0.16764821400954583
688,0.16764468304649172
689,0.16764116358042241
690,0.1676376555622304
691,0.1676341589430558
692,0.16763067367428658
693,0.16762719970755632
694,0.16762373699474253
695,0.16762028548796615
696,0.16761684513958985
697,0.16761341590221623
698,0.1676099977286871
699,0.1676065905720819
700,0.16760319438571636
701,0.16759980912314096
702,0.16759643473814026
703,0.16759307118473077
704,0.16758971841716042
705,0.1675863763899067
706,0.1675830450576757
707,0.1675797243754009
708,0.16757641429824122
709,0.167573114781581
710,0.16756982578102766
711,0.16756654725241063
712,0.1675632791517806
713,0.16756002143540824
714,0.1675567740597822
715,0.1675535369816088
716,0.16755031015781024
717,0.16754709354552383
718,0.16754388710210047
719,0.16754069078510367
720,0.1675375045523083
721,0.16753432836169915
722,0.16753116217147002
723,0.16752800594002296
724,0.16752485962596625
725,0.16752172318811395
726,0.16751859658548446
727,0.16751547977729944
728,0.16751237272298275
729,0.16750927538215898
730,0.1675061877146532
731,0.1675031096804885
732,0.16750004123988613
733,0.16749698235326427
734,0.16749393298123572
735,0.1674908930846086
736,0.1674878626243837
737,0.16748484156175475
738,0.16748182985810595
739,0.16747882747501222
740,0.16747583437423752
741,0.1674728505177334
742,0.1674698758676393
743,0.1674669103862802
744,0.16746395403616557
745,0.16746100677998985
746,0.16745806858062937
747,0.16745513940114315
748,0.16745221920477096
749,0.1674493079549322
750,0.16744640561522559
751,0.1674435121494275
752,0.16744062752149164
753,0.16743775169554725
754,0.167434884635899
755,0.16743202630702547
756,0.1674291766735781
757,0.1674263357003812
758,0.16742350335242961
759,0.1674206795948887
760,0.16741786439309309
761,0.16741505771254625
762,0.1674122595189184
763,0.16740946977804685
764,0.16740668845593457
765,0.16740391551874897
766,0.1674011509328219
767,0.1673983946646471
768,0.16739564668088167
769,0.16739290694834275
770,0.16739017543400858
771,0.16738745210501643
772,0.16738473692866224
773,0.16738202987239945
774,0.1673793309038387
775,0.1673766399907463
776,0.16737395710104355
777,0.16737128220280634
778,0.16736861526426383
779,0.16736595625379766
780,0.16736330513994152
781,0.16736066189137985
782,0.1673580264769472
783,0.16735539886562742
784,0.16735277902655296
785,0.16735016692900376
786,0.1673475625424067
787,0.1673449658363348
788,0.16734237678050648
789,0.1673397953447844
790,0.16733722149917488
791,0.1673346552138275
792,0.16733209645903407
793,0.1673295452052271
794,0.1673270014229803
795,0.16732446508300736
796,0.16732193615616062
797,0.16731941461343125
798,0.16731690042594743
799,0.16731439356497477
800,0.16731189400191457
801,0.167309401708304
802,0.16730691665581432
803,0.16730443881625118
804,0.16730196816155335
805,0.167299504663792
806,0.1672970482951698
807,0.16729459902802118
808,0.1672921568348104
809,0.16728972168813136
810,0.1672872935607073
811,0.16728487242538934
812,0.16728245825515664
813,0.16728005102311477
814,0.16727765070249592
815,0.16727525726665723
816,0.16727287068908167
817,0.16727049094337545
818,0.16726811800326896
819,0.16726575184261505
820,0.16726339243538912
821,0.16726103975568776
822,0.1672586937777287
823,0.16725635447585022
824,0.16725402182450969
825,0.1672516957982837
826,0.1672493763718674
827,0.16724706352007318
828,0.1672447572178308
829,0.1672424574401866
830,0.16724016416230258
831,0.1672378773594561
832,0.1672355970070391
833,0.16723332308055755
834,0.1672310555556307
835,0.16722879440799027
836,0.16722653961348127
837,0.16722429114805934
838,0.1672220489877915
839,0.16721981310885495
840,0.1672175834875369
841,0.16721536010023416
842,0.16721314292345166
843,0.16721093193380268
844,0.16720872710800797
845,0.16720652842289532
846,0.16720433585539898
847,0.16720214938255892
848,0.16719996898152029
849,0.16719779462953324
850,0.167195626303952
851,0.16719346398223434
852,0.16719130764194098
853,0.16718915726073558
854,0.16718701281638346
855,0.16718487428675133
856,0.1671827416498073
857,0.16718061488361943
858,0.16717849396635576
859,0.16717637887628378
860,0.16717426959176965
861,0.1671721660912781
862,0.16717006835337128
863,0.1671679763567089
864,0.1671658900800472
865,0.16716380950223916
866,0.16716173460223294
867,0.16715966535907228
868,0.16715760175189584
869,0.16715554375993588
870,0.16715349136251945
871,0.16715144453906577
872,0.16714940326908806
873,0.16714736753219078
874,0.1671453373080706
875,0.1671433125765159
876,0.16714129331740565
877,0.16713927951070903
878,0.1671372711364857
879,0.16713526817488422
880,0.16713327060614275
881,0.16713127841058723
882,0.16712929156863254
883,0.1671273100607806
884,0.16712533386762068
885,0.16712336296982902
886,0.16712139734816786
887,0.16711943698348525
888,0.1671174818567149
889,0.1671155319488752
890,0.16711358724106928
891,0.16711164771448403
892,0.1671097133503904
893,0.16710778413014216
894,0.1671058600351763
895,0.16710394104701173
896,0.16710202714724964
897,0.16710011831757238
898,0.16709821453974388
899,0.16709631579560846
900,0.1670944220670905
901,0.16709253333619448
902,0.16709064958500444
903,0.16708877079568335
904,0.16708689695047285
905,0.16708502803169237
906,0.16708316402173984
907,0.16708130490309045
908,0.1670794506582963
909,0.16707760126998597
910,0.1670757567208646
911,0.1670739169937131
912,0.16707208207138757
913,0.16707025193681987
914,0.16706842657301607
915,0.16706660596305645
916,0.16706479009009575
917,0.16706297893736197
918,0.16706117248815633
919,0.16705937072585292
920,0.16705757363389828
921,0.16705578119581083
922,0.16705399339518126
923,0.1670522102156713
924,0.16705043164101357
925,0.1670486576550117
926,0.16704688824153915
927,0.16704512338453964
928,0.16704336306802645
929,0.167041607276082
930,0.1670398559928576
931,0.16703810920257317
932,0.16703636688951676
933,0.1670346290380444
934,0.16703289563257914
935,0.16703116665761206
936,0.16702944209770013
937,0.16702772193746743
938,0.16702600616160426
939,0.16702429475486633
940,0.16702258770207506
941,0.167020884988117
942,0.16701918659794326
943,0.16701749251657055
944,0.1670158027290783
945,0.16701411722061074
946,0.16701243597637552
947,0.16701075898164344
948,0.16700908622174823
949,0.16700741768208605
950,0.1670057533481158
951,0.16700409320535783
952,0.16700243723939467
953,0.16700078543586996
954,0.16699913778048836
955,0.16699749425901564
956,0.1669958548572773
957,0.1669942195611599
958,0.1669925883566094
959,0.1669909612296312
960,0.16698933816629036
961,0.16698771915271038
962,0.1669861041750741
963,0.16698449321962228
964,0.16698288627265395
965,0.166981283320526
966,0.16697968434965277
967,0.16697808934650596
968,0.16697649829761393
969,0.16697491118956226
970,0.16697332800899267
971,0.16697174874260284
972,0.16697017337714665
973,0.1669686018994328
974,0.16696703429632687
975,0.16696547055474745
976,0.1669639106616697
977,0.1669623546041221
978,0.1669608023691878
979,0.16695925394400415
980,0.16695770931576176
981,0.16695616847170486
982,0.16695463139913108
983,0.16695309808539052
984,0.16695156851788615
985,0.1669500426840736
986,0.1669485205714602
987,0.16694700216760552
988,0.16694548746012056
989,0.16694397643666795
990,0.16694246908496105
991,0.1669409653927648
992,0.1669394653478939
993,0.16693796893821422
994,0.1669364761516412
995,0.16693498697614081
996,0.16693350139972815
997,0.1669320194104679
998,0.166930540996474
999,0.1669290661459093
1000,0.16692759484698558
1001,0.16692612708796276
1002,0.16692466285714888
1003,0.16692320214290085
1004,0.16692174493362222
1005,0.1669202912177649
1006,0.16691884098382775
1007,0.16691739422035706
1008,0.1669159509159457
1009,0.16691451105923297
1010,0.16691307463890528
1011,0.16691164164369435
1012,0.16691021206237883
1013,0.16690878588378247
1014,0.1669073630967747
1015,0.1669059436902704
1016,0.16690452765322922
1017,0.16690311497465626
1018,0.16690170564360063
1019,0.1669002996491562
1020,0.16689889698046148
1021,0.16689749762669837
1022,0.16689610157709284
1023,0.16689470882091464
1024,0.1668933193474767
1025,0.16689193314613515
1026,0.16689055020628918
1027,0.1668891705173811
1028,0.16688779406889517
1029,0.16688642085035857
1030,0.16688505085134012
1031,0.16688368406145118
1032,0.16688232047034493
