1,0.21189594189092295
2,0.16613740626648632
3,0.16194383687986566
4,0.16116340539408341
5,0.16097805114279914
6,0.16093044018754632
7,0.1609185699846766
8,0.16091618019946546
9,0.16091613120807616
10,0.16091650639149957
11,0.16091684479331897
12,0.1609170757216553
13,0.16091721841779486
14,0.16091730245804697
15,0.16091735051676345
16,0.1609173773198841
17,0.1609173918071869
18,0.1609173992322856
19,0.16091740263084456
20,0.16091740374100852
21,0.16091740355299672
22,0.16091740262935347
23,0.16091740128915774
24,0.16091739971323138
25,0.16091739800399563
26,0.16091739621944676
27,0.1609173943924206
28,0.16091739254150556
29,0.16091739067722458
30,0.16091738880553455
31,0.1609173869298067
32,0.16091738505194958
33,0.16091738317304358
34,0.1609173812937003
35,0.16091737941426573
36,0.16091737753493543
37,0.1609173756558207
38,0.16091737377698404
39,0.1609173718984605
40,0.16091737002027073
41,0.16091736814242572
42,0.16091736626493142
43,0.16091736438779236
44,0.16091736251100938
45,0.16091736063458423
46,0.1609173587585174
47,0.16091735688280917
48,0.16091735500745905
49,0.1609173531324682
50,0.16091735125783557
51,0.16091734938356142
52,0.16091734750964606
53,0.16091734563608892
54,0.16091734376288988
55,0.16091734189004903
56,0.1609173400175665
57,0.16091733814544165
58,0.16091733627367483
59,0.1609173344022659
60,0.16091733253121446
61,0.16091733066052058
62,0.16091732879018425
63,0.1609173269202051
64,0.16091732505058343
65,0.16091732318131874
66,0.16091732131241138
67,0.1609173194438608
68,0.1609173175756669
69,0.16091731570783
70,0.16091731384034982
71,0.1609173119732261
72,0.16091731010645877
73,0.1609173082400477
74,0.1609173063739932
75,0.16091730450829475
76,0.16091730264295226
77,0.16091730077796557
78,0.16091729891333495
79,0.16091729704906002
80,0.16091729518514084
81,0.16091729332157712
82,0.1609172914583688
83,0.1609172895955157
84,0.16091728773301806
85,0.1609172858708755
86,0.16091728400908795
87,0.16091728214765552
88,0.1609172802865777
89,0.16091727842585474
90,0.1609172765654865
91,0.1609172747054726
92,0.16091727284581345
93,0.16091727098650835
94,0.16091726912755755
95,0.1609172672689609
96,0.16091726541071824
97,0.16091726355282981
98,0.16091726169529497
99,0.16091725983811386
100,0.16091725798128653
101,0.1609172561248125
102,0.16091725426869213
103,0.16091725241292507
104,0.16091725055751127
105,0.16091724870245058
106,0.1609172468477427
107,0.1609172449933882
108,0.16091724313938618
109,0.16091724128573712
110,0.1609172394324407
111,0.16091723757949675
112,0.16091723572690525
113,0.1609172338746661
114,0.1609172320227793
115,0.16091723017124454
116,0.16091722832006175
117,0.16091722646923104
118,0.1609172246187522
119,0.16091722276862505
120,0.16091722091884966
121,0.16091721906942552
122,0.160917217220353
123,0.16091721537163192
124,0.16091721352326208
125,0.1609172116752433
126,0.1609172098275756
127,0.16091720798025888
128,0.1609172061332932
129,0.16091720428667808
130,0.16091720244041366
131,0.16091720059449974
132,0.16091719874893623
133,0.1609171969037234
134,0.1609171950588605
135,0.16091719321434803
136,0.16091719137018537
137,0.1609171895263727
138,0.16091718768291
139,0.16091718583979725
140,0.16091718399703397
141,0.16091718215462023
142,0.16091718031255603
143,0.1609171784708413
144,0.16091717662947577
145,0.16091717478845938
146,0.16091717294779226
147,0.16091717110747394
148,0.16091716926750446
149,0.16091716742788395
150,0.16091716558861205
151,0.16091716374968876
152,0.1609171619111141
153,0.16091716007288756
154,0.16091715823500927
155,0.1609171563974795
156,0.16091715456029773
157,0.16091715272346419
158,0.1609171508869784
159,0.16091714905084
160,0.1609171472150497
161,0.16091714537960702
162,0.16091714354451186
163,0.16091714170976396
164,0.16091713987536357
165,0.16091713804131044
166,0.16091713620760412
167,0.16091713437424504
168,0.16091713254123283
169,0.16091713070856759
170,0.16091712887624912
171,0.1609171270442772
172,0.1609171252126516
173,0.16091712338137293
174,0.16091712155044022
175,0.16091711971985384
176,0.1609171178896137
177,0.16091711605971967
178,0.16091711423017138
179,0.16091711240096893
180,0.16091711057211253
181,0.1609171087436017
182,0.16091710691543637
183,0.16091710508761653
184,0.1609171032601423
185,0.160917101433013
186,0.1609170996062289
187,0.16091709777979007
188,0.16091709595369633
189,0.16091709412794739
190,0.1609170923025432
191,0.16091709047748376
192,0.16091708865276874
193,0.16091708682839853
194,0.16091708500437257
195,0.16091708318069098
196,0.16091708135735344
197,0.16091707953436016
198,0.160917077711711
199,0.16091707588940565
200,0.1609170740674441
201,0.16091707224582644
202,0.16091707042455228
203,0.1609170686036219
204,0.16091706678303452
205,0.160917064962791
206,0.16091706314289042
207,0.1609170613233331
208,0.16091705950411866
209,0.16091705768524753
210,0.16091705586671906
211,0.1609170540485335
212,0.1609170522306905
213,0.16091705041319018
214,0.16091704859603223
215,0.16091704677921673
216,0.1609170449627434
217,0.16091704314661248
218,0.16091704133082355
219,0.1609170395153767
220,0.16091703770027177
221,0.16091703588550868
222,0.16091703407108707
223,0.1609170322570075
224,0.16091703044326927
225,0.1609170286298726
226,0.16091702681681708
227,0.16091702500410285
228,0.16091702319172976
229,0.1609170213796978
230,0.16091701956800672
231,0.16091701775665654
232,0.1609170159456472
233,0.16091701413497844
234,0.16091701232465047
235,0.16091701051466278
236,0.1609170087050156
237,0.16091700689570865
238,0.16091700508674192
239,0.16091700327811528
240,0.1609170014698287
241,0.16091699966188183
242,0.16091699785427513
243,0.16091699604700785
244,0.16091699424008052
245,0.16091699243349242
246,0.16091699062724396
247,0.16091698882133465
248,0.16091698701576485
249,0.16091698521053413
250,0.16091698340564226
251,0.16091698160108966
252,0.16091697979687583
253,0.16091697799300061
254,0.16091697618946435
255,0.16091697438626656
256,0.1609169725834073
257,0.16091697078088646
258,0.16091696897870392
259,0.16091696717685963
260,0.16091696537535333
261,0.1609169635741851
262,0.16091696177335482
263,0.16091695997286246
264,0.1609169581727079
265,0.16091695637289086
266,0.16091695457341146
267,0.16091695277426932
268,0.16091695097546485
269,0.1609169491769975
270,0.16091694737886716
271,0.1609169455810744
272,0.1609169437836182
273,0.16091694198649895
274,0.16091694018971683
275,0.1609169383932711
276,0.16091693659716197
277,0.1609169348013895
278,0.16091693300595353
279,0.16091693121085376
280,0.16091692941609015
281,0.16091692762166285
282,0.16091692582757172
283,0.16091692403381633
284,0.16091692224039697
285,0.1609169204473133
286,0.16091691865456542
287,0.1609169168621531
288,0.1609169150700763
289,0.16091691327833477
290,0.16091691148692874
291,0.16091690969585776
292,0.16091690790512192
293,0.16091690611472126
294,0.16091690432465547
295,0.16091690253492436
296,0.16091690074552814
297,0.16091689895646685
298,0.16091689716773977
299,0.16091689537934728
300,0.16091689359128908
301,0.1609168918035653
302,0.1609168900161757
303,0.16091688822912034
304,0.16091688644239893
305,0.16091688465601145
306,0.16091688286995753
307,0.1609168810842375
308,0.16091687929885112
309,0.16091687751379852
310,0.160916875729079
311,0.16091687394469306
312,0.1609168721606403
313,0.16091687037692085
314,0.1609168685935346
315,0.16091686681048117
316,0.16091686502776056
317,0.16091686324537294
318,0.16091686146331788
319,0.1609168596815955
320,0.16091685790020577
321,0.16091685611914835
322,0.16091685433842315
323,0.16091685255803037
324,0.16091685077796988
325,0.1609168489982413
326,0.16091684721884478
327,0.1609168454397802
328,0.1609168436610473
329,0.16091684188264618
330,0.1609168401045767
331,0.16091683832683873
332,0.16091683654943217
333,0.1609168347723569
334,0.160916832995613
335,0.16091683121920025
336,0.16091682944311855
337,0.1609168276673677
338,0.16091682589194786
339,0.16091682411685881
340,0.16091682234210022
341,0.1609168205676726
342,0.16091681879357533
343,0.16091681701980848
344,0.16091681524637208
345,0.16091681347326578
346,0.1609168117004897
347,0.16091680992804375
348,0.16091680815592763
349,0.16091680638414146
350,0.16091680461268512
351,0.16091680284155846
352,0.16091680107076128
353,0.1609167993002938
354,0.16091679753015573
355,0.16091679576034681
356,0.16091679399086728
357,0.16091679222171676
358,0.16091679045289556
359,0.1609167886844031
360,0.16091678691623965
361,0.16091678514840493
362,0.1609167833808989
363,0.16091678161372153
364,0.16091677984687253
365,0.16091677808035224
366,0.16091677631415988
367,0.16091677454829623
368,0.16091677278276045
369,0.16091677101755264
370,0.16091676925267295
371,0.16091676748812125
372,0.16091676572389738
373,0.1609167639600009
374,0.16091676219643222
375,0.16091676043319111
376,0.16091675867027733
377,0.16091675690769097
378,0.16091675514543177
379,0.16091675338349998
380,0.16091675162189487
381,0.16091674986061696
382,0.16091674809966577
383,0.1609167463390418
384,0.16091674457874425
385,0.16091674281877325
386,0.16091674105912898
387,0.1609167392998109
388,0.16091673754081934
389,0.16091673578215407
390,0.16091673402381507
391,0.16091673226580186
392,0.1609167305081148
393,0.16091672875075355
394,0.16091672699371817
395,0.16091672523700865
396,0.16091672348062463
397,0.16091672172456628
398,0.16091671996883314
399,0.1609167182134256
400,0.16091671645834324
401,0.16091671470358618
402,0.16091671294915388
403,0.16091671119504677
404,0.16091670944126468
405,0.1609167076878075
406,0.1609167059346749
407,0.16091670418186707
408,0.16091670242938344
409,0.16091670067722458
410,0.16091669892539012
411,0.16091669717387988
412,0.16091669542269396
413,0.160916693671832
414,0.16091669192129404
415,0.1609166901710802
416,0.1609166884211901
417,0.16091668667162398
418,0.16091668492238106
419,0.1609166831734624
420,0.16091668142486637
421,0.16091667967659445
422,0.1609166779286456
423,0.16091667618101999
424,0.16091667443371735
425,0.16091667268673793
426,0.1609166709400815
427,0.16091666919374792
428,0.16091666744773703
429,0.16091666570204896
430,0.1609166639566834
431,0.1609166622116405
432,0.16091666046692
433,0.16091665872252173
434,0.16091665697844582
435,0.16091665523469195
436,0.16091665349126003
437,0.16091665174815037
438,0.1609166500053626
439,0.1609166482628969
440,0.16091664652075238
441,0.16091664477892959
442,0.1609166430374287
443,0.16091664129624877
444,0.16091663955539068
445,0.16091663781485357
446,0.16091663607463777
447,0.16091663433474324
448,0.16091663259516945
449,0.16091663085591656
450,0.16091662911698482
451,0.16091662737837362
452,0.1609166256400834
453,0.1609166239021133
454,0.16091662216446387
455,0.16091662042713495
456,0.16091661869012633
457,0.16091661695343787
458,0.16091661521706974
459,0.1609166134810214
460,0.16091661174529298
461,0.16091661000988466
462,0.16091660827479606
463,0.1609166065400272
464,0.160916604805578
465,0.16091660307144817
466,0.16091660133763797
467,0.16091659960414714
468,0.1609165978709752
469,0.16091659613812262
470,0.1609165944055893
471,0.16091659267337488
472,0.16091659094147934
473,0.1609165892099029
474,0.16091658747864487
475,0.1609165857477058
476,0.16091658401708506
477,0.16091658228678277
478,0.16091658055679905
479,0.1609165788271334
480,0.16091657709778615
481,0.16091657536875723
482,0.16091657364004616
483,0.16091657191165312
484,0.16091657018357788
485,0.16091656845582056
486,0.16091656672838084
487,0.16091656500125853
488,0.16091656327445397
489,0.16091656154796688
490,0.16091655982179703
491,0.16091655809594455
492,0.16091655637040905
493,0.160916554645191
494,0.16091655292028967
495,0.16091655119570547
496,0.16091654947143805
497,0.1609165477474874
498,0.16091654602385322
499,0.16091654430053604
500,0.1609165425775348
501,0.1609165408548503
502,0.16091653913248197
503,0.16091653741043002
504,0.16091653568869424
505,0.16091653396727437
506,0.16091653224617075
507,0.16091653052538263
508,0.16091652880491056
509,0.160916527084754
510,0.16091652536491324
511,0.16091652364538814
512,0.16091652192617828
513,0.16091652020728375
514,0.16091651848870459
515,0.16091651677044083
516,0.16091651505249188
517,0.16091651333485837
518,0.16091651161753956
519,0.1609165099005355
520,0.16091650818384626
521,0.16091650646747196
522,0.16091650475141178
523,0.16091650303566657
524,0.1609165013202356
525,0.1609164996051189
526,0.1609164978903166
527,0.16091649617582843
528,0.16091649446165457
529,0.1609164927477943
530,0.16091649103424827
531,0.16091648932101577
532,0.1609164876080972
533,0.1609164858954923
534,0.16091648418320104
535,0.16091648247122325
536,0.16091648075955878
537,0.16091647904820777
538,0.16091647733716988
539,0.16091647562644512
540,0.1609164739160333
541,0.16091647220593477
542,0.16091647049614888
543,0.16091646878667584
544,0.16091646707751592
545,0.1609164653686682
546,0.16091646366013304
547,0.1609164619519104
548,0.1609164602440002
549,0.1609164585364024
550,0.16091645682911687
551,0.1609164551221433
552,0.16091645341548189
553,0.16091645170913224
554,0.16091645000309465
555,0.16091644829736879
556,0.16091644659195492
557,0.16091644488685236
558,0.1609164431820613
559,0.16091644147758166
560,0.16091643977341372
561,0.1609164380695568
562,0.16091643636601116
563,0.1609164346627767
564,0.16091643295985325
565,0.16091643125724073
566,0.1609164295549391
567,0.16091642785294819
568,0.16091642615126803
569,0.16091642444989854
570,0.16091642274883933
571,0.16091642104809076
572,0.16091641934765266
573,0.16091641764752462
574,0.16091641594770686
575,0.16091641424819936
576,0.16091641254900169
577,0.160916410850114
578,0.16091640915153602
579,0.160916407453268
580,0.16091640575530972
581,0.16091640405766103
582,0.1609164023603217
583,0.16091640066329216
584,0.1609163989665717
585,0.1609163972701603
586,0.16091639557405837
587,0.1609163938782655
588,0.16091639218278175
589,0.1609163904876068
590,0.16091638879274073
591,0.16091638709818337
592,0.16091638540393494
593,0.16091638370999486
594,0.1609163820163635
595,0.16091638032304048
596,0.16091637863002572
597,0.16091637693731936
598,0.1609163752449211
599,0.160916373552831
600,0.1609163718610489
601,0.16091637016957475
602,0.16091636847840843
603,0.16091636678754992
604,0.16091636509699891
605,0.16091636340675575
606,0.16091636171682
