1,0.14071009603938708
2,0.13902613534818312
3,0.1390111012927438
4,0.13900439855006647
5,0.13900077357307103
6,0.13899843104568615
7,0.1389966683169709
8,0.1389951819165648
9,0.13899383238102
10,0.1389925533103447
11,0.1389913124800433
12,0.13899009408664628
13,0.13898889032857278
14,0.1389876973315586
15,0.1389865131558597
16,0.13898533681643746
17,0.13898416779993447
18,0.13898300582624712
19,0.13898185073076005
20,0.1389807024061619
21,0.13897956077369084
22,0.13897842576892575
23,0.13897729733476052
24,0.1389761754179318
25,0.1389750599673004
26,0.13897395093299914
27,0.13897284826601086
28,0.138971751917957
29,0.13897066184099163
30,0.1389695779877453
31,0.13896850031129818
32,0.13896742876516094
33,0.13896636330326637
34,0.13896530387996192
35,0.13896425045000388
36,0.13896320296855252
37,0.13896216139116815
38,0.13896112567380647
39,0.13896009577281543
40,0.13895907164493052
41,0.13895805324727128
42,0.13895704053733737
43,0.13895603347300506
44,0.1389550320125232
45,0.13895403611451015
46,0.13895304573794906
47,0.1389520608421854
48,0.1389510813869229
49,0.13895010733222005
50,0.13894913863848654
51,0.13894817526647993
52,0.13894721717730238
53,0.13894626433239696
54,0.13894531669354448
55,0.13894437422286032
56,0.1389434368827908
57,0.13894250463611002
58,0.1389415774459171
59,0.13894065527563235
60,0.13893973808899474
61,0.13893882585005812
62,0.13893791852318876
63,0.13893701607306216
64,0.1389361184646595
65,0.1389352256632655
66,0.13893433763446475
67,0.13893345434413934
68,0.1389325757584654
69,0.13893170184391065
70,0.1389308325672318
71,0.1389299678954708
72,0.1389291077959529
73,0.13892825223628402
74,0.13892740118434713
75,0.13892655460830047
76,0.1389257124765741
77,0.13892487475786816
78,0.13892404142114959
79,0.13892321243564956
80,0.13892238777086152
81,0.13892156739653766
82,0.1389207512826875
83,0.1389199393995746
84,0.1389191317177145
85,0.13891832820787234
86,0.13891752884106004
87,0.13891673358853446
88,0.1389159424217947
89,0.1389151553125797
90,0.13891437223286648
91,0.1389135931548673
92,0.1389128180510273
93,0.1389120468940231
94,0.1389112796567594
95,0.13891051631236828
96,0.1389097568342053
97,0.13890900119584906
98,0.13890824937109744
99,0.13890750133396718
100,0.13890675705869052
101,0.13890601651971346
102,0.1389052796916941
103,0.13890454654950038
104,0.13890381706820798
105,0.13890309122309846
106,0.1389023689896574
107,0.13890165034357238
108,0.13890093526073097
109,0.13890022371721877
110,0.13889951568931844
111,0.13889881115350616
112,0.13889811008645134
113,0.13889741246501397
114,0.13889671826624309
115,0.1388960274673755
116,0.13889534004583265
117,0.13889465597922038
118,0.13889397524532615
119,0.13889329782211798
120,0.13889262368774266
121,0.13889195282052366
122,0.1388912851989599
123,0.1388906208017239
124,0.1388899596076604
125,0.13888930159578458
126,0.1388886467452802
127,0.1388879950354988
128,0.1388873464459573
129,0.1388867009563368
130,0.13888605854648148
131,0.13888541919639638
132,0.13888478288624623
133,0.13888414959635406
134,0.13888351930719983
135,0.13888289199941845
136,0.13888226765379896
137,0.13888164625128263
138,0.13888102777296216
139,0.13888041220007963
140,0.1388797995140254
141,0.13887918969633695
142,0.13887858272869716
143,0.1388779785929332
144,0.13887737727101557
145,0.1388767787450557
146,0.1388761829973058
147,0.13887559001015726
148,0.13887499976613887
149,0.13887441224791616
150,0.1388738274382901
151,0.1388732453201955
152,0.13887266587670008
153,0.13887208909100338
154,0.13887151494643513
155,0.13887094342645442
156,0.13887037451464868
157,0.13886980819473196
158,0.13886924445054466
159,0.13886868326605098
160,0.13886812462533935
161,0.1388675685126208
162,0.13886701491222717
163,0.13886646380861054
164,0.13886591518634292
165,0.13886536903011348
166,0.13886482532472913
167,0.13886428405511275
168,0.13886374520630163
169,0.13886320876344777
170,0.13886267471181543
171,0.13886214303678146
172,0.1388616137238332
173,0.138861086758568
174,0.13886056212669237
175,0.13886003981402087
176,0.13885951980647496
177,0.13885900209008217
178,0.1388584866509754
179,0.1388579734753916
180,0.13885746254967132
181,0.13885695386025748
182,0.1388564473936942
183,0.13885594313662686
184,0.13885544107579992
185,0.13885494119805716
186,0.13885444349034035
187,0.1388539479396881
188,0.13885345453323603
189,0.13885296325821417
190,0.13885247410194831
191,0.13885198705185714
192,0.13885150209545324
193,0.13885101922034046
194,0.13885053841421469
195,0.13885005966486247
196,0.13884958296015945
197,0.13884910828807118
198,0.1388486356366511
199,0.13884816499404004
200,0.1388476963484658
201,0.13884722968824226
202,0.1388467650017682
203,0.1388463022775276
204,0.13884584150408746
205,0.1388453826700985
206,0.13884492576429364
207,0.13884447077548728
208,0.13884401769257546
209,0.13884356650453336
210,0.13884311720041706
211,0.1388426697693608
212,0.13884222420057712
213,0.1388417804833566
214,0.13884133860706654
215,0.13884089856115028
216,0.1388404603351271
217,0.13884002391859124
218,0.13883958930121126
219,0.13883915647272946
220,0.1388387254229613
221,0.1388382961417949
222,0.13883786861919012
223,0.13883744284517796
224,0.1388370188098606
225,0.1388365965034097
226,0.13883617591606703
227,0.13883575703814308
228,0.1388353398600165
229,0.13883492437213404
230,0.13883451056500978
231,0.13883409842922376
232,0.13883368795542306
233,0.1388332791343197
234,0.1388328719566912
235,0.13883246641337904
236,0.1388320624952892
237,0.13883166019339066
238,0.1388312594987155
239,0.13883086040235798
240,0.13883046289547463
241,0.1388300669692832
242,0.1388296726150621
243,0.13882927982415028
244,0.1388288885879464
245,0.13882849889790863
246,0.1388281107455541
247,0.13882772412245803
248,0.13882733902025407
249,0.13882695543063295
250,0.13882657334534249
251,0.13882619275618713
252,0.13882581365502705
253,0.13882543603377862
254,0.138825059884413
255,0.138824685198956
256,0.13882431196948805
257,0.13882394018814267
258,0.13882356984710814
259,0.1388232009386242
260,0.13882283345498403
261,0.13882246738853307
262,0.13882210273166784
263,0.13882173947683638
264,0.13882137761653787
265,0.1388210171433218
266,0.1388206580497876
267,0.13882030032858458
268,0.13881994397241115
269,0.1388195889740147
270,0.13881923532619123
271,0.13881888302178458
272,0.13881853205368672
273,0.13881818241483626
274,0.13881783409821963
275,0.13881748709686936
276,0.13881714140386425
277,0.13881679701232927
278,0.13881645391543435
279,0.1388161121063952
280,0.13881577157847189
281,0.13881543232496907
282,0.13881509433923547
283,0.13881475761466372
284,0.13881442214468953
285,0.13881408792279204
286,0.1388137549424929
287,0.13881342319735612
288,0.138813092680988
289,0.13881276338703644
290,0.13881243530919057
291,0.1388121084411812
292,0.13881178277677897
293,0.13881145830979602
294,0.13881113503408396
295,0.1388108129435345
296,0.13881049203207876
297,0.13881017229368692
298,0.13880985372236881
299,0.13880953631217177
300,0.13880922005718258
301,0.1388089049515253
302,0.13880859098936196
303,0.13880827816489183
304,0.13880796647235197
305,0.13880765590601568
306,0.13880734646019308
307,0.13880703812923068
308,0.13880673090751083
309,0.13880642478945202
310,0.13880611976950794
311,0.1388058158421673
312,0.1388055130019545
313,0.1388052112434277
314,0.13880491056118033
315,0.13880461094983937
316,0.1388043124040662
317,0.13880401491855565
318,0.13880371848803563
319,0.13880342310726795
320,0.1388031287710466
321,0.13880283547419842
322,0.13880254321158317
323,0.13880225197809212
324,0.1388019617686487
325,0.1388016725782082
326,0.1388013844017572
327,0.13880109723431347
328,0.13880081107092582
329,0.1388005259066738
330,0.1388002417366676
331,0.13879995855604768
332,0.1387996763599845
333,0.13879939514367823
334,0.138799114902359
335,0.13879883563128637
336,0.1387985573257486
337,0.13879827998106353
338,0.1387980035925775
339,0.13879772815566532
340,0.13879745366573018
341,0.13879718011820383
342,0.1387969075085452
343,0.13879663583224153
344,0.13879636508480744
345,0.13879609526178494
346,0.13879582635874302
347,0.1387955583712777
348,0.1387952912950114
349,0.13879502512559397
350,0.13879475985870046
351,0.13879449549003298
352,0.13879423201531915
353,0.1387939694303125
354,0.13879370773079197
355,0.13879344691256237
356,0.13879318697145338
357,0.13879292790331954
358,0.1387926697040407
359,0.1387924123695212
360,0.13879215589568963
361,0.13879190027849947
362,0.1387916455139279
363,0.13879139159797604
364,0.13879113852666936
365,0.1387908862960563
366,0.1387906349022094
367,0.13879038434122387
368,0.13879013460921874
369,0.1387898857023354
370,0.13878963761673815
371,0.13878939034861446
372,0.13878914389417388
373,0.13878889824964827
374,0.13878865341129173
375,0.1387884093753804
376,0.13878816613821224
377,0.138787923696107
378,0.13878768204540587
379,0.13878744118247163
380,0.13878720110368797
381,0.13878696180546
382,0.13878672328421382
383,0.1387864855363961
384,0.13878624855847413
385,0.13878601234693605
386,0.13878577689829039
387,0.13878554220906508
388,0.13878530827580943
389,0.13878507509509164
390,0.13878484266350025
391,0.13878461097764352
392,0.13878438003414886
393,0.1387841498296636
394,0.13878392036085385
395,0.138783691624405
396,0.13878346361702174
397,0.13878323633542727
398,0.1387830097763638
399,0.13878278393659185
400,0.13878255881289078
401,0.13878233440205806
402,0.13878211070090948
403,0.13878188770627906
404,0.13878166541501846
405,0.13878144382399754
406,0.138781222930104
407,0.13878100273024277
408,0.13878078322133633
409,0.13878056440032496
410,0.13878034626416588
411,0.1387801288098334
412,0.1387799120343187
413,0.13877969593463077
414,0.1387794805077942
415,0.1387792657508512
416,0.13877905166086
417,0.13877883823489545
418,0.13877862547004902
419,0.13877841336342792
420,0.13877820191215595
421,0.13877799111337275
422,0.13877778096423354
423,0.1387775714619101
424,0.13877736260358942
425,0.13877715438647398
426,0.13877694680778216
427,0.1387767398647474
428,0.13877653355461853
429,0.13877632787465966
430,0.1387761228221496
431,0.13877591839438302
432,0.1387757145886686
433,0.13877551140232985
434,0.13877530883270564
435,0.13877510687714906
436,0.13877490553302738
437,0.13877470479772278
438,0.13877450466863142
439,0.13877430514316375
440,0.1387741062187445
441,0.1387739078928123
442,0.13877371016281967
443,0.13877351302623278
444,0.13877331648053207
445,0.13877312052321136
446,0.13877292515177803
447,0.1387727303637527
448,0.13877253615666985
449,0.13877234252807696
450,0.1387721494755351
451,0.1387719569966177
452,0.13877176508891226
453,0.13877157375001833
454,0.1387713829775491
455,0.13877119276912978
456,0.13877100312239912
457,0.13877081403500782
458,0.13877062550461966
459,0.13877043752891047
460,0.13877025010556857
461,0.13877006323229485
462,0.1387698769068021
463,0.13876969112681564
464,0.13876950589007236
465,0.1387693211943215
466,0.13876913703732427
467,0.13876895341685336
468,0.13876877033069385
469,0.13876858777664175
470,0.13876840575250515
471,0.13876822425610377
472,0.13876804328526865
473,0.13876786283784198
474,0.13876768291167776
475,0.1387675035046409
476,0.1387673246146075
477,0.13876714623946518
478,0.13876696837711205
479,0.1387667910254573
480,0.13876661418242148
481,0.13876643784593548
482,0.13876626201394132
483,0.13876608668439125
484,0.13876591185524859
485,0.13876573752448718
486,0.138765563690091
487,0.13876539035005483
488,0.1387652175023838
489,0.1387650451450932
490,0.13876487327620854
491,0.13876470189376558
492,0.1387645309958102
493,0.13876436058039837
494,0.13876419064559603
495,0.13876402118947892
496,0.13876385221013274
497,0.1387636837056529
498,0.13876351567414466
499,0.13876334811372318
500,0.1387631810225126
501,0.13876301439864738
502,0.13876284824027085
503,0.1387626825455362
504,0.1387625173126058
505,0.13876235253965166
506,0.1387621882248543
507,0.13876202436640445
508,0.13876186096250126
509,0.13876169801135324
510,0.13876153551117795
511,0.13876137346020212
512,0.13876121185666093
513,0.13876105069879907
514,0.13876088998486946
515,0.13876072971313427
516,0.13876056988186394
517,0.13876041048933802
518,0.13876025153384455
519,0.1387600930136798
520,0.13875993492714878
521,0.1387597772725654
522,0.13875962004825132
523,0.13875946325253663
524,0.13875930688376023
525,0.1387591509402687
526,0.13875899542041717
527,0.13875884032256902
528,0.13875868564509525
529,0.13875853138637545
530,0.1387583775447968
531,0.13875822411875494
532,0.1387580711066529
533,0.1387579185069018
534,0.1387577663179206
535,0.13875761453813634
536,0.138757463165983
537,0.13875731219990306
538,0.13875716163834614
539,0.13875701147976965
540,0.13875686172263868
541,0.13875671236542547
542,0.13875656340660994
543,0.13875641484467932
544,0.13875626667812846
545,0.13875611890545916
546,0.1387559715251809
547,0.1387558245358099
548,0.13875567793587026
549,0.13875553172389263
550,0.13875538589841502
551,0.13875524045798232
552,0.138755095401147
553,0.1387549507264679
554,0.138754806432511
555,0.13875466251784946
556,0.13875451898106286
557,0.138754375820738
558,0.1387542330354683
559,0.13875409062385366
560,0.1387539485845013
561,0.13875380691602457
562,0.13875366561704378
563,0.13875352468618546
564,0.13875338412208332
565,0.13875324392337693
566,0.13875310408871264
567,0.1387529646167432
568,0.1387528255061279
569,0.13875268675553223
570,0.138752548363628
571,0.1387524103290934
572,0.13875227265061288
573,0.1387521353268771
574,0.1387519983565829
575,0.13875186173843315
576,0.13875172547113698
577,0.1387515895534097
578,0.13875145398397246
579,0.13875131876155242
580,0.13875118388488292
581,0.13875104935270297
582,0.1387509151637578
583,0.13875078131679822
584,0.13875064781058108
585,0.138750514643869
586,0.13875038181543037
587,0.13875024932403912
588,0.13875011716847535
589,0.13874998534752447
590,0.13874985385997765
591,0.13874972270463148
592,0.1387495918802884
593,0.13874946138575636
594,0.13874933121984895
595,0.138749201381385
596,0.13874907186918867
597,0.13874894268208982
598,0.13874881381892368
599,0.1387486852785311
600,0.1387485570597576
601,0.13874842916145466
602,0.1387483015824785
603,0.13874817432169104
604,0.13874804737795937
605,0.1387479207501553
606,0.13874779443715646
607,0.13874766843784506
608,0.13874754275110887
609,0.13874741737584037
610,0.13874729231093727
611,0.13874716755530211
612,0.13874704310784292
613,0.13874691896747202
614,0.1387467951331071
615,0.13874667160367068
616,0.13874654837809014
617,0.13874642545529786
618,0.13874630283423062
619,0.1387461805138303
620,0.13874605849304383
621,0.1387459367708224
622,0.13874581534612213
623,0.138745694217904
624,0.13874557338513324
625,0.13874545284678014
626,0.1387453326018195
627,0.1387452126492306
628,0.13874509298799736
629,0.13874497361710822
630,0.13874485453555627
631,0.13874473574233895
632,0.13874461723645826
633,0.13874449901692054
634,0.13874438108273676
635,0.13874426343292198
636,0.13874414606649574
637,0.13874402898248236
638,0.13874391217991006
639,0.13874379565781117
640,0.13874367941522273
641,0.1387435634511861
642,0.13874344776474629
643,0.13874333235495306
644,0.13874321722086017
645,0.13874310236152587
646,0.13874298777601177
647,0.13874287346338443
648,0.13874275942271422
649,0.13874264565307523
650,0.1387425321535464
651,0.13874241892320982
652,0.13874230596115225
653,0.13874219326646423
654,0.13874208083824
655,0.1387419686755783
656,0.13874185677758144
657,0.1387417451433556
658,0.1387416337720109
659,0.1387415226626617
660,0.1387414118144257
661,0.13874130122642464
662,0.13874119089778394
663,0.13874108082763312
664,0.13874097101510507
665,0.13874086145933684
666,0.13874075215946882
667,0.13874064311464523
668,0.1387405343240144
669,0.1387404257867275
670,0.13874031750194019
671,0.13874020946881116
672,0.1387401016865029
673,0.1387399941541818
674,0.13873988687101738
675,0.13873977983618285
676,0.13873967304885493
677,0.13873956650821434
678,0.13873946021344438
679,0.13873935416373262
680,0.13873924835826987
681,0.1387391427962501
682,0.1387390374768711
683,0.13873893239933402
684,0.13873882756284306
685,0.13873872296660605
686,0.13873861860983444
687,0.13873851449174263
688,0.13873841061154818
689,0.13873830696847253
690,0.1387382035617401
691,0.13873810039057846
692,0.1387379974542187
693,0.1387378947518949
694,0.1387377922828447
695,0.13873769004630854
696,0.13873758804153027
697,0.13873748626775692
698,0.13873738472423872
699,0.13873728341022867
700,0.1387371823249836
701,0.13873708146776279
702,0.13873698083782893
703,0.13873688043444776
704,0.13873678025688788
705,0.13873668030442124
706,0.13873658057632265
707,0.13873648107186995
708,0.13873638179034403
709,0.13873628273102867
710,0.13873618389321074
711,0.1387360852761799
712,0.1387359868792291
713,0.1387358887016537
714,0.13873579074275244
715,0.13873569300182664
716,0.1387355954781806
717,0.13873549817112169
718,0.1387354010799597
719,0.13873530420400768
720,0.13873520754258126
721,0.13873511109499903
722,0.13873501486058215
723,0.13873491883865477
724,0.13873482302854384
725,0.13873472742957899
726,0.13873463204109215
727,0.13873453686241896
728,0.13873444189289705
729,0.1387343471318666
730,0.13873425257867114
731,0.13873415823265658
732,0.13873406409317104
733,0.13873397015956593
734,0.13873387643119509
735,0.1387337829074148
736,0.13873368958758409
737,0.13873359647106462
738,0.13873350355722053
739,0.13873341084541868
740,0.13873331833502814
741,0.13873322602542096
742,0.1387331339159718
743,0.13873304200605713
744,0.13873295029505647
745,0.13873285878235184
746,0.13873276746732766
747,0.13873267634937064
748,0.13873258542787026
749,0.13873249470221807
750,0.1387324041718086
751,0.13873231383603826
752,0.13873222369430607
753,0.13873213374601354
754,0.1387320439905643
755,0.1387319544273648
756,0.1387318650558235
757,0.1387317758753513
758,0.13873168688536153
759,0.13873159808526966
760,0.13873150947449356
761,0.1387314210524536
762,0.13873133281857192
763,0.1387312447722737
764,0.13873115691298585
765,0.1387310692401378
766,0.13873098175316093
767,0.1387308944514891
768,0.13873080733455845
769,0.1387307204018071
770,0.1387306336526757
771,0.1387305470866067
772,0.13873046070304515
773,0.138730374501438
774,0.13873028848123456
775,0.13873020264188599
776,0.13873011698284587
777,0.1387300315035699
778,0.13872994620351578
779,0.13872986108214347
780,0.13872977613891482
781,0.13872969137329397
782,0.1387296067847471
783,0.13872952237274253
784,0.13872943813675048
785,0.13872935407624332
786,0.1387292701906954
787,0.13872918647958324
788,0.13872910294238533
789,0.13872901957858205
790,0.13872893638765615
791,0.13872885336909174
792,0.13872877052237562
793,0.13872868784699602
794,0.1387286053424437
795,0.1387285230082107
796,0.13872844084379168
797,0.13872835884868256
798,0.1387282770223819
799,0.1387281953643897
800,0.13872811387420805
801,0.13872803255134097
802,0.13872795139529415
803,0.13872787040557544
804,0.13872778958169454
805,0.13872770892316297
806,0.13872762842949407
807,0.13872754810020296
808,0.13872746793480667
809,0.13872738793282444
810,0.1387273080937766
811,0.13872722841718585
812,0.1387271489025767
813,0.13872706954947517
814,0.13872699035740924
815,0.1387269113259086
816,0.13872683245450476
817,0.13872675374273113
818,0.13872667519012272
819,0.1387265967962164
820,0.1387265185605505
821,0.1387264404826655
822,0.13872636256210336
823,0.13872628479840793
824,0.13872620719112447
825,0.13872612973980034
826,0.13872605244398423
827,0.13872597530322656
828,0.1387258983170799
829,0.13872582148509796
830,0.13872574480683636
831,0.13872566828185243
832,0.1387255919097048
833,0.13872551568995412
834,0.13872543962216258
835,0.138725363705894
836,0.13872528794071365
837,0.13872521232618876
838,0.13872513686188767
839,0.13872506154738107
840,0.13872498638224032
841,0.1387249113660389
842,0.13872483649835213
843,0.13872476177875617
844,0.13872468720682943
845,0.13872461278215154
846,0.1387245385043036
847,0.13872446437286837
848,0.13872439038743045
849,0.13872431654757547
850,0.13872424285289067
851,0.13872416930296524
852,0.13872409589738915
853,0.1387240226357547
854,0.138723949517655
855,0.13872387654268512
856,0.13872380371044116
857,0.13872373102052127
858,0.13872365847252435
859,0.13872358606605154
860,0.13872351380070486
861,0.1387234416760879
862,0.138723369691806
863,0.13872329784746545
864,0.13872322614267435
865,0.13872315457704215
866,0.13872308315017948
867,0.1387230118616986
868,0.13872294071121338
869,0.13872286969833858
870,0.13872279882269067
871,0.1387227280838876
872,0.13872265748154827
873,0.13872258701529344
874,0.13872251668474506
875,0.1387224464895262
876,0.13872237642926177
877,0.1387223065035776
878,0.1387222367121011
879,0.13872216705446072
880,0.13872209753028664
881,0.1387220281392103
882,0.13872195888086422
883,0.13872188975488234
884,0.13872182076090003
885,0.13872175189855374
886,0.13872168316748137
887,0.13872161456732224
888,0.13872154609771659
889,0.13872147775830618
890,0.13872140954873427
891,0.13872134146864484
892,0.1387212735176834
893,0.13872120569549704
894,0.1387211380017336
895,0.1387210704360424
896,0.13872100299807405
897,0.13872093568748037
898,0.13872086850391407
899,0.13872080144702978
900,0.1387207345164826
901,0.13872066771192948
902,0.1387206010330281
903,0.13872053447943766
904,0.13872046805081847
905,0.13872040174683198
906,0.13872033556714078
907,0.13872026951140873
908,0.13872020357930084
909,0.13872013777048348
910,0.138720072084624
911,0.1387200065213908
912,0.13871994108045355
913,0.1387198757614833
914,0.13871981056415195
915,0.1387197454881327
916,0.13871968053309958
917,0.13871961569872832
918,0.13871955098469538
919,0.1387194863906784
920,0.13871942191635628
921,0.13871935756140863
922,0.1387192933255168
923,0.13871922920836277
924,0.13871916520962976
925,0.13871910132900228
926,0.1387190375661655
927,0.13871897392080587
928,0.13871891039261142
929,0.13871884698127043
930,0.13871878368647267
931,0.13871872050790884
932,0.13871865744527123
933,0.13871859449825252
934,0.1387185316665466
935,0.13871846894984877
936,0.13871840634785468
937,0.13871834386026194
938,0.13871828148676854
939,0.13871821922707359
940,0.1387181570808773
941,0.13871809504788105
942,0.13871803312778708
943,0.13871797132029873
944,0.13871790962512015
945,0.13871784804195683
946,0.13871778657051487
947,0.1387177252105019
948,0.1387176639616259
949,0.13871760282359638
950,0.13871754179612344
951,0.1387174808789187
952,0.13871742007169396
953,0.1387173593741628
954,0.13871729878603925
955,0.13871723830703858
956,0.13871717793687677
957,0.138717117675271
958,0.1387170575219392
959,0.13871699747660052
960,0.1387169375389749
961,0.13871687770878297
962,0.13871681798574692
963,0.1387167583695892
964,0.1387166988600336
965,0.1387166394568048
966,0.13871658015962823
967,0.1387165209682303
968,0.13871646188233863
969,0.13871640290168136
970,0.13871634402598756
971,0.1387162852549874
972,0.13871622658841218
973,0.1387161680259934
974,0.13871610956746405
975,0.13871605121255778
976,0.138715992961009
977,0.13871593481255362
978,0.1387158767669273
979,0.1387158188238679
980,0.13871576098311306
981,0.1387157032444019
982,0.13871564560747424
983,0.1387155880720708
984,0.1387155306379329
985,0.13871547330480324
986,0.13871541607242474
987,0.13871535894054185
988,0.13871530190889914
989,0.13871524497724266
990,0.13871518814531872
991,0.1387151314128752
992,0.13871507477966002
993,0.13871501824542237
994,0.1387149618099123
995,0.13871490547288046
996,0.13871484923407834
997,0.1387147930932585
998,0.13871473705017398
999,0.1387146811045787
1000,0.13871462525622785
1001,0.13871456950487682
1002,0.13871451385028183
1003,0.13871445829220042
1004,0.1387144028303901
1005,0.13871434746461014
1006,0.13871429219461992
1007,0.1387142370201797
1008,0.13871418194105076
1009,0.13871412695699495
1010,0.1387140720677749
1011,0.13871401727315402
1012,0.1387139625728966
1013,0.13871390796676755
1014,0.13871385345453288
1015,0.13871379903595854
1016,0.1387137447108124
1017,0.138713690478862
1018,0.1387136363398763
1019,0.13871358229362465
1020,0.13871352833987752
1021,0.1387134744784058
1022,0.13871342070898102
1023,0.13871336703137588
1024,0.1387133134453634
1025,0.13871325995071754
1026,0.13871320654721295
1027,0.13871315323462488
1028,0.1387131000127295
