1,0.20855631693125584
2,0.17096279327051672
3,0.17098284555699392
4,0.17098347794055022
5,0.17098247961829902
6,0.17098138951363454
7,0.17098028937028326
8,0.1709791834209618
9,0.17097807185071937
10,0.17097695463314386
11,0.17097583173049996
12,0.17097470310416996
13,0.17097356871519365
14,0.17097242852429587
15,0.17097128249188423
16,0.1709701305780472
17,0.17096897274255016
18,0.17096780894483418
19,0.1709666391440118
20,0.17096546329886494
21,0.17096428136784148
22,0.1709630933090532
23,0.17096189908027148
24,0.17096069863892605
25,0.17095949194210083
26,0.17095827894653087
27,0.1709570596086003
28,0.17095583388433833
29,0.17095460172941673
30,0.1709533630991458
31,0.170952117948473
32,0.17095086623197803
33,0.17094960790387098
34,0.1709483429179878
35,0.1709470712277881
36,0.1709457927863519
37,0.17094450754637602
38,0.17094321546017002
39,0.17094191647965482
40,0.17094061055635654
41,0.1709392976414068
42,0.17093797768553598
43,0.170936650639071
44,0.1709353164519326
45,0.17093397507363065
46,0.170932626453261
47,0.17093127053950277
48,0.17092990728061336
49,0.17092853662442622
50,0.17092715851834583
51,0.17092577290934566
52,0.17092437974396307
53,0.17092297896829653
54,0.17092157052800114
55,0.17092015436828517
56,0.1709187304339074
57,0.17091729866917074
58,0.17091585901792117
59,0.17091441142354186
60,0.17091295582895039
61,0.1709114921765941
62,0.17091002040844647
63,0.17090854046600393
64,0.1709070522902802
65,0.17090555582180325
66,0.17090405100061118
67,0.17090253776624842
68,0.17090101605776079
69,0.1708994858136913
70,0.17089794697207755
71,0.17089639947044552
72,0.17089484324580703
73,0.1708932782346542
74,0.17089170437295484
75,0.1708901215961506
76,0.1708885298391498
77,0.17088692903632408
78,0.17088531912150465
79,0.17088370002797743
80,0.17088207168847763
81,0.17088043403518713
82,0.17087878699972747
83,0.17087713051315856
84,0.17087546450597105
85,0.17087378890808314
86,0.17087210364883615
87,0.17087040865698844
88,0.17086870386071362
89,0.17086698918759247
90,0.17086526456461004
91,0.17086352991815112
92,0.17086178517399386
93,0.1708600302573068
94,0.17085826509264215
95,0.17085648960393351
96,0.17085470371448783
97,0.17085290734698294
98,0.17085110042346077
99,0.170849282865324
100,0.1708474545933302
101,0.17084561552758656
102,0.17084376558754477
103,0.17084190469199734
104,0.1708400327590705
105,0.1708381497062198
106,0.17083625545022574
107,0.17083434990718727
108,0.1708324329925174
109,0.1708305046209379
110,0.17082856470647342
111,0.17082661316244668
112,0.1708246499014728
113,0.17082267483545463
114,0.1708206878755761
115,0.170818688932298
116,0.1708166779153522
117,0.17081465473373572
118,0.17081261929570518
119,0.17081057150877246
120,0.17080851127969765
121,0.1708064385144845
122,0.17080435311837364
123,0.17080225499583887
124,0.1708001440505792
125,0.17079802018551515
126,0.17079588330278175
127,0.17079373330372274
128,0.17079157008888643
129,0.17078939355801737
130,0.1707872036100528
131,0.17078500014311498
132,0.17078278305450692
133,0.17078055224070518
134,0.17077830759735485
135,0.17077604901926213
136,0.17077377640039038
137,0.17077148963385258
138,0.17076918861190554
139,0.17076687322594364
140,0.17076454336649352
141,0.1707621989232073
142,0.1707598397848554
143,0.17075746583932228
144,0.17075507697359849
145,0.17075267307377578
146,0.1707502540250388
147,0.17074781971166073
148,0.17074537001699522
149,0.17074290482347113
150,0.17074042401258485
151,0.17073792746489538
152,0.17073541506001536
153,0.1707328866766064
154,0.17073034219237118
155,0.17072778148404752
156,0.17072520442740086
157,0.17072261089721774
158,0.17072000076729874
159,0.17071737391045086
160,0.17071473019848196
161,0.17071206950219223
162,0.1707093916913669
163,0.1707066966347701
164,0.1707039842001369
165,0.17070125425416513
166,0.1706985066625089
167,0.17069574128977055
168,0.17069295799949324
169,0.17069015665415255
170,0.17068733711514802
171,0.17068449924279802
172,0.17068164289632756
173,0.17067876793386294
174,0.17067587421242275
175,0.17067296158790823
176,0.17067002991509628
177,0.17066707904762957
178,0.1706641088380081
179,0.17066111913758
180,0.17065810979653187
181,0.17065508066388
182,0.17065203158746112
183,0.17064896241392108
184,0.1706458729887062
185,0.17064276315605295
186,0.170639632758977
187,0.17063648163926362
188,0.1706333096374546
189,0.17063011659284053
190,0.17062690234344632
191,0.1706236667260207
192,0.17062040957602476
193,0.17061713072761955
194,0.1706138300136528
195,0.1706105072656463
196,0.17060716231378345
197,0.17060379498689476
198,0.17060040511244395
199,0.17059699251651372
200,0.17059355702379178
201,0.17059009845755396
202,0.17058661663964952
203,0.17058311139048524
204,0.17057958252900784
205,0.1705760298726877
206,0.17057245323750028
207,0.17056885243790848
208,0.1705652272868428
209,0.1705615775956831
210,0.17055790317423727
211,0.17055420383072042
212,0.17055047937173415
213,0.17054672960224296
214,0.17054295432555208
215,0.17053915334328265
216,0.17053532645534758
217,0.1705314734599257
218,0.17052759415343485
219,0.17052368833050421
220,0.17051975578394513
221,0.1705157963047237
222,0.17051180968192678
223,0.1705077957027325
224,0.17050375415237534
225,0.17049968481411334
226,0.17049558746919105
227,0.17049146189680264
228,0.17048730787405453
229,0.1704831251759238
230,0.17047891357521763
231,0.1704746728425298
232,0.1704704027461963
233,0.17046610305224802
234,0.17046177352436329
235,0.17045741392381714
236,0.17045302400942902
237,0.17044860353750815
238,0.17044415226179851
239,0.17043966993341939
240,0.17043515630080353
241,0.17043061110963614
242,0.1704260341027862
243,0.17042142502024177
244,0.17041678359903575
245,0.17041210957317282
246,0.17040740267355403
247,0.17040266262789636
248,0.1703978891606488
249,0.17039308199290776
250,0.17038824084232737
251,0.17038336542302548
252,0.17037845544548813
253,0.17037351061646877
254,0.1703685306388838
255,0.17036351521170465
256,0.17035846402984492
257,0.17035337678404436
258,0.17034825316074517
259,0.17034309284196847
260,0.1703378955051818
261,0.1703326608231633
262,0.17032738846386136
263,0.1703220780902467
264,0.1703167293601602
265,0.17031134192615596
266,0.17030591543533619
267,0.17030044952918125
268,0.17029494384337207
269,0.17028939800760848
270,0.170283811645417
271,0.1702781843739549
272,0.170272515803804
273,0.17026680553875892
274,0.1702610531756064
275,0.17025525830389723
276,0.17024942050570852
277,0.1702435393553981
278,0.1702376144193506
279,0.1702316452557124
280,0.1702256314141184
281,0.1702195724354081
282,0.17021346785133276
283,0.17020731718425017
284,0.1702011199468092
285,0.17019487564162394
286,0.17018858376093512
287,0.1701822437862603
288,0.1701758551880322
289,0.1701694174252219
290,0.1701629299449527
291,0.17015639218209666
292,0.17014980355886172
293,0.17014316348436004
294,0.1701364713541643
295,0.17012972654984937
296,0.17012292843851687
297,0.1701160763723053
298,0.17010916968788273
299,0.17010220770592374
300,0.1700951897305693
301,0.17008811504886917
302,0.1700809829302041
303,0.17007379262569441
304,0.17006654336758587
305,0.17005923436861725
306,0.17005186482136989
307,0.1700444338975969
308,0.1700369407475296
309,0.17002938449916813
310,0.17002176425754725
311,0.17001407910398206
312,0.17000632809529312
313,0.1699985102630102
314,0.1699906246125517
315,0.16998267012238485
316,0.1699746457431633
317,0.16996655039684078
318,0.16995838297576432
319,0.1699501423417457
320,0.16994182732511012
321,0.1699334367237229
322,0.16992496930199658
323,0.1699164237898761
324,0.16990779888180393
325,0.16989909323566513
326,0.169890305471717
327,0.16988143417149584
328,0.1698724778767125
329,0.1698634350881306
330,0.16985430426443182
331,0.16984508382107022
332,0.169835772129118
333,0.1698263675141032
334,0.1698168682548452
335,0.16980727258228884
336,0.1697975786783416
337,0.16978778467471686
338,0.16977788865179141
339,0.16976788863747466
340,0.16975778260610372
341,0.16974756847736466
342,0.16973724411524943
343,0.16972680732705167
344,0.1697162558624191
345,0.16970558741245909
346,0.16969479960891665
347,0.16968389002343306
348,0.16967285616689493
349,0.16966169548888996
350,0.169650405377281
351,0.16963898315791676
352,0.16962742609449186
353,0.16961573138857802
354,0.1696038961798464
355,0.16959191754649958
356,0.16957979250593685
357,0.1695675180156808
358,0.1695550909745901
359,0.16954250822438344
360,0.16952976655151292
361,0.16951686268941338
362,0.16950379332116414
363,0.16949055508260288
364,0.16947714456592758
365,0.16946355832382895
366,0.16944979287419829
367,0.16943584470545503
368,0.16942171028254155
369,0.16940738605363528
370,0.16939286845762946
371,0.16937815393243397
372,0.1693632389241519
373,0.1693481198971807
374,0.1693327933453003
375,0.16931725580379453
376,0.1693015038626626
377,0.16928553418096967
378,0.1692693435023857
379,0.16925292867195577
380,0.16923628665413837
381,0.1692194145521501
382,0.16920230962863447
383,0.16918496932767352
384,0.1691673912981441
385,0.16914957341841072
386,0.16913151382232655
387,0.1691132109265053
388,0.1690946634587942
389,0.1690758704878719
390,0.16905683145385528
391,0.1690375461997883
392,0.16901801500384228
393,0.1689982386120364
394,0.16897821827125725
395,0.1689579557623119
396,0.16893745343272437
397,0.1689167142289538
398,0.16889574172766642
399,0.16887454016567374
400,0.1688531144681161
401,0.16883147027444148
402,0.16880961396170988
403,0.16878755266473766
404,0.16876529429258677
405,0.16874284754090224
406,0.16872022189960575
407,0.16869742765548043
408,0.16867447588920012
409,0.16865137846640235
410,0.16862814802246312
411,0.16860479794068245
412,0.1685813423236855
413,0.16855779595791182
414,0.16853417427118333
415,0.1685104932834356
416,0.1684867695508114
417,0.16846302010343692
418,0.16843926237731635
419,0.16841551414089045
420,0.1683917934169243
421,0.16836811840048507
422,0.16834450737385478
423,0.16832097861931122
424,0.1682975503307527
425,0.1682742405251885
426,0.16825106695512923
427,0.16822804702290992
428,0.16820519769794123
429,0.16818253543785106
430,0.16816007611439043
431,0.16813783494490922
432,0.16811582643008896
433,0.16809406429851614
