1,0.20617737427977043
2,0.17545223138721636
3,0.17470253969384314
4,0.17479930461575519
5,0.17482336008102062
6,0.174826933311509
7,0.17482712621382818
8,0.17482679984062643
9,0.17482639805102246
10,0.17482598888164913
11,0.1748255826847095
12,0.1748251809771253
13,0.17482478392419687
14,0.17482439148566128
15,0.17482400359115965
16,0.1748236201670729
17,0.1748232411405971
18,0.1748228664403335
19,0.174822495996348
20,0.174822129740148
21,0.17482176760464851
22,0.17482140952413905
23,0.174821055434248
24,0.17482070527191038
25,0.1748203589753359
26,0.1748200164839777
27,0.17481967773850227
28,0.17481934268075985
29,0.1748190112537563
30,0.17481868340162454
31,0.1748183590695989
32,0.17481803820398703
33,0.17481772075214677
34,0.17481740666245893
35,0.17481709588430533
36,0.1748167883680438
37,0.1748164840649859
38,0.17481618292737577
39,0.17481588490836625
40,0.17481558996200047
41,0.17481529804318927
42,0.17481500910769252
43,0.1748147231121
44,0.17481444001381138
45,0.17481415977101897
46,0.17481388234268963
47,0.17481360768854634
48,0.17481333576905325
49,0.17481306654539747
50,0.1748127999794738
51,0.17481253603386923
52,0.17481227467184662
53,0.17481201585733172
54,0.17481175955489686
55,0.17481150572974757
56,0.17481125434771005
57,0.17481100537521502
58,0.17481075877928776
59,0.1748105145275328
60,0.17481027258812373
61,0.17481003292978897
62,0.17480979552180217
63,0.17480956033396836
64,0.17480932733661492
65,0.17480909650057916
66,0.17480886779719865
67,0.1748086411982999
68,0.17480841667618882
69,0.174808194203641
70,0.17480797375389096
71,0.17480775530062445
72,0.17480753881796712
73,0.1748073242804774
74,0.17480711166313667
75,0.1748069009413414
76,0.1748066920908941
77,0.17480648508799548
78,0.17480627990923628
79,0.17480607653159017
80,0.17480587493240538
81,0.1748056750893973
82,0.17480547698064203
83,0.1748052805845681
84,0.1748050858799505
85,0.17480489284590417
86,0.1748047014618755
87,0.17480451170763844
88,0.17480432356328665
89,0.1748041370092269
90,0.17480395202617505
91,0.17480376859514782
92,0.17480358669745877
93,0.17480340631471133
94,0.1748032274287948
95,0.17480305002187782
96,0.17480287407640305
97,0.17480269957508274
98,0.1748025265008936
99,0.1748023548370707
100,0.17480218456710525
101,0.17480201567473647
102,0.17480184814395
103,0.1748016819589713
104,0.17480151710426275
105,0.17480135356451826
106,0.17480119132465982
107,0.17480103036983233
108,0.1748008706854011
109,0.17480071225694604
110,0.17480055507025982
111,0.1748003991113423
112,0.1748002443663979
113,0.17480009082183123
114,0.17479993846424438
115,0.17479978728043252
116,0.17479963725738118
117,0.17479948838226278
118,0.17479934064243322
119,0.17479919402542823
120,0.1747990485189611
121,0.17479890411091925
122,0.1747987607893607
123,0.17479861854251272
124,0.17479847735876633
125,0.17479833722667615
126,0.17479819813495573
127,0.17479806007247561
128,0.1747979230282608
129,0.1747977869914876
130,0.17479765195148217
131,0.17479751789771603
132,0.17479738481980564
133,0.17479725270750937
134,0.17479712155072397
135,0.1747969913394838
136,0.17479686206395806
137,0.17479673371444804
138,0.17479660628138602
139,0.17479647975533175
140,0.1747963541269714
141,0.1747962293871153
142,0.1747961055266955
143,0.174795982536764
144,0.17479586040849154
145,0.17479573913316435
146,0.17479561870218335
147,0.174795499107062
148,0.1747953803394237
149,0.1747952623910014
150,0.17479514525363574
151,0.1747950289192719
152,0.17479491337995884
153,0.1747947986278487
154,0.17479468465519302
155,0.17479457145434338
156,0.17479445901774765
157,0.17479434733795077
158,0.17479423640759148
159,0.17479412621940155
160,0.17479401676620432
161,0.17479390804091333
162,0.17479380003653078
163,0.1747936927461462
164,0.17479358616293544
165,0.1747934802801585
166,0.1747933750911595
167,0.1747932705893642
168,0.17479316676827963
169,0.1747930636214923
170,0.17479296114266749
171,0.17479285932554747
172,0.17479275816395096
173,0.17479265765177152
174,0.17479255778297714
175,0.17479245855160774
176,0.17479235995177586
177,0.17479226197766465
178,0.17479216462352598
179,0.17479206788368137
180,0.17479197175251962
181,0.17479187622449646
182,0.17479178129413234
183,0.17479168695601363
184,0.17479159320479
185,0.1747915000351736
186,0.17479140744193908
187,0.17479131541992174
188,0.1747912239640176
189,0.17479113306918156
190,0.1747910427304269
191,0.1747909529428252
192,0.17479086370150407
193,0.17479077500164786
194,0.17479068683849555
195,0.17479059920734127
196,0.17479051210353205
197,0.17479042552246857
198,0.17479033945960346
199,0.17479025391044062
200,0.17479016887053495
201,0.1747900843354917
202,0.17479000030096448
203,0.1747899167626572
204,0.1747898337163201
205,0.17478975115775214
206,0.174789669082798
207,0.1747895874873495
208,0.17478950636734256
209,0.17478942571875916
210,0.1747893455376245
211,0.1747892658200084
212,0.17478918656202316
213,0.17478910775982362
214,0.17478902940960656
215,0.17478895150761
216,0.1747888740501128
217,0.1747887970334342
218,0.17478872045393304
219,0.1747886443080072
220,0.17478856859209346
221,0.17478849330266671
222,0.17478841843623935
223,0.17478834398936097
224,0.17478826995861815
225,0.17478819634063292
226,0.17478812313206415
227,0.1747880503296052
228,0.174787977929984
229,0.17478790592996354
230,0.17478783432634018
231,0.17478776311594424
232,0.17478769229563873
233,0.1747876218623193
234,0.17478755181291386
235,0.17478748214438208
236,0.17478741285371532
237,0.17478734393793555
238,0.17478727539409517
239,0.17478720721927768
240,0.17478713941059526
241,0.17478707196519067
242,0.17478700488023496
243,0.17478693815292787
244,0.17478687178049818
245,0.1747868057602022
246,0.17478674008932418
247,0.17478667476517504
248,0.17478660978509353
249,0.17478654514644457
250,0.1747864808466196
251,0.17478641688303576
252,0.17478635325313652
253,0.17478628995439002
254,0.17478622698428972
255,0.17478616434035393
256,0.17478610202012546
257,0.17478604002117085
258,0.17478597834108106
259,0.17478591697747012
260,0.17478585592797596
261,0.17478579519025889
262,0.17478573476200263
263,0.1747856746409126
264,0.17478561482471688
265,0.1747855553111658
266,0.17478549609803043
267,0.17478543718310402
268,0.17478537856420093
269,0.17478532023915608
270,0.17478526220582544
271,0.1747852044620849
272,0.1747851470058313
273,0.17478508983498064
274,0.17478503294746933
275,0.17478497634125295
276,0.17478492001430607
277,0.17478486396462256
278,0.17478480819021514
279,0.17478475268911534
280,0.17478469745937267
281,0.17478464249905507
282,0.174784587806248
283,0.17478453337905556
284,0.17478447921559867
285,0.17478442531401592
286,0.1747843716724628
287,0.1747843182891124
288,0.1747842651621537
289,0.1747842122897927
290,0.17478415967025232
291,0.17478410730177052
292,0.1747840551826024
293,0.17478400331101848
294,0.17478395168530475
295,0.1747839003037632
296,0.17478384916471007
297,0.17478379826647877
298,0.1747837476074153
299,0.17478369718588238
300,0.17478364700025648
301,0.17478359704892876
302,0.1747835473303046
303,0.17478349784280395
304,0.17478344858486022
305,0.1747833995549212
306,0.17478335075144788
307,0.1747833021729156
308,0.17478325381781248
309,0.17478320568464004
310,0.17478315777191297
311,0.17478311007815925
312,0.1747830626019193
313,0.17478301534174623
314,0.17478296829620618
315,0.17478292146387733
316,0.17478287484335056
317,0.17478282843322843
318,0.1747827822321258
319,0.17478273623866963
320,0.1747826904514983
321,0.1747826448692624
322,0.17478259949062364
323,0.17478255431425502
324,0.17478250933884132
325,0.17478246456307828
326,0.1747824199856726
327,0.17478237560534196
328,0.1747823314208155
329,0.17478228743083207
330,0.17478224363414166
331,0.17478220002950468
332,0.17478215661569257
333,0.17478211339148586
334,0.17478207035567614
335,0.1747820275070647
336,0.1747819848444631
337,0.1747819423666924
338,0.1747819000725841
339,0.17478185796097834
340,0.17478181603072582
341,0.17478177428068611
342,0.1747817327097286
343,0.17478169131673157
344,0.17478165010058255
345,0.1747816090601784
346,0.17478156819442492
347,0.17478152750223638
348,0.1747814869825369
349,0.17478144663425813
350,0.17478140645634135
351,0.17478136644773568
352,0.17478132660739926
353,0.17478128693429848
354,0.17478124742740775
355,0.1747812080857099
356,0.17478116890819612
357,0.17478112989386524
358,0.17478109104172465
359,0.1747810523507892
360,0.1747810138200817
361,0.17478097544863236
362,0.17478093723547977
363,0.17478089917966977
364,0.17478086128025572
365,0.17478082353629842
366,0.1747807859468661
367,0.17478074851103415
368,0.17478071122788552
369,0.17478067409651016
370,0.17478063711600478
371,0.1747806002854739
372,0.17478056360402833
373,0.17478052707078628
374,0.1747804906848721
375,0.17478045444541787
376,0.17478041835156127
377,0.17478038240244748
378,0.17478034659722835
379,0.1747803109350612
380,0.17478027541511082
381,0.1747802400365481
382,0.1747802047985499
383,0.17478016970030008
384,0.17478013474098816
385,0.17478009991980972
386,0.17478006523596726
387,0.174780030688668
388,0.17477999627712604
389,0.1747799620005616
390,0.17477992785820054
391,0.17477989384927362
392,0.17477985997301884
393,0.17477982622867896
394,0.17477979261550305
395,0.17477975913274496
396,0.17477972577966455
397,0.17477969255552755
398,0.17477965945960444
399,0.1747796264911716
400,0.17477959364951065
401,0.17477956093390834
402,0.17477952834365693
403,0.1747794958780535
404,0.1747794635364007
405,0.17477943131800636
406,0.17477939922218305
407,0.1747793672482483
408,0.1747793353955248
409,0.17477930366334063
410,0.17477927205102778
411,0.174779240557924
412,0.17477920918337106
413,0.17477917792671613
414,0.1747791467873106
415,0.17477911576451147
416,0.17477908485767868
417,0.17477905406617872
418,0.17477902338938098
419,0.1747789928266604
420,0.17477896237739568
421,0.1747789320409709
422,0.17477890181677333
423,0.17477887170419573
424,0.17477884170263447
425,0.1747788118114903
426,0.17477878203016828
427,0.17477875235807774
428,0.17477872279463216
429,0.17477869333924917
430,0.1747786639913504
431,0.1747786347503613
432,0.17477860561571223
433,0.17477857658683638
434,0.17477854766317139
435,0.1747785188441594
436,0.17477849012924568
437,0.17477846151787912
438,0.1747784330095136
439,0.17477840460360564
440,0.17477837629961632
441,0.17477834809700973
442,0.17477831999525412
443,0.17477829199382125
444,0.17477826409218664
445,0.1747782362898294
446,0.1747782085862318
447,0.17477818098088008
448,0.17477815347326392
449,0.1747781260628764
450,0.1747780987492142
451,0.17477807153177718
452,0.17477804441006867
453,0.17477801738359544
454,0.17477799045186757
455,0.17477796361439857
456,0.1747779368707046
457,0.1747779102203063
458,0.17477788366272615
459,0.17477785719749075
460,0.17477783082412973
461,0.1747778045421756
462,0.17477777835116398
463,0.1747777522506339
464,0.17477772624012713
465,0.1747777003191887
466,0.17477767448736686
467,0.1747776487442123
468,0.17477762308927894
469,0.1747775975221239
470,0.17477757204230676
471,0.1747775466493903
472,0.1747775213429402
473,0.17477749612252455
474,0.1747774709877154
475,0.17477744593808586
476,0.1747774209732133
477,0.17477739609267737
478,0.17477737129606025
479,0.174777346582947
480,0.17477732195292542
481,0.1747772974055857
482,0.17477727294052148
483,0.1747772485573278
484,0.17477722425560338
485,0.17477720003494912
486,0.17477717589496805
487,0.17477715183526654
488,0.1747771278554533
489,0.1747771039551389
490,0.17477708013393736
491,0.17477705639146424
492,0.174777032727338
493,0.17477700914117977
494,0.1747769856326128
495,0.1747769622012626
496,0.17477693884675743
497,0.1747769155687274
498,0.1747768923668052
499,0.17477686924062627
500,0.17477684618982772
501,0.174776823214049
502,0.17477680031293213
503,0.17477677748612117
504,0.17477675473326276
505,0.17477673205400504
506,0.17477670944799906
507,0.17477668691489764
508,0.17477666445435558
509,0.17477664206603077
510,0.17477661974958217
511,0.17477659750467123
512,0.17477657533096158
513,0.17477655322811889
514,0.17477653119581107
515,0.17477650923370713
516,0.17477648734147966
517,0.17477646551880208
518,0.17477644376535034
519,0.1747764220808018
520,0.1747764004648367
521,0.17477637891713682
522,0.1747763574373854
523,0.174776336025268
524,0.17477631468047253
525,0.17477629340268802
526,0.17477627219160577
527,0.17477625104691907
528,0.1747762299683226
529,0.17477620895551366
530,0.17477618800819056
531,0.17477616712605373
532,0.17477614630880567
533,0.17477612555615007
534,0.1747761048677933
535,0.17477608424344226
536,0.17477606368280713
537,0.17477604318559822
538,0.17477602275152854
539,0.17477600238031277
540,0.1747759820716668
541,0.1747759618253089
542,0.17477594164095825
543,0.1747759215183364
544,0.17477590145716584
545,0.17477588145717118
546,0.1747758615180788
547,0.1747758416396161
548,0.1747758218215123
549,0.17477580206349863
550,0.17477578236530747
551,0.17477576272667286
552,0.17477574314733035
553,0.17477572362701746
554,0.1747757041654721
555,0.1747756847624351
556,0.17477566541764814
557,0.1747756461308541
558,0.17477562690179757
559,0.1747756077302255
560,0.17477558861588485
561,0.1747755695585247
562,0.174775550557896
563,0.17477553161375028
564,0.17477551272584144
565,0.17477549389392394
566,0.1747754751177539
567,0.17477545639708936
568,0.17477543773168905
569,0.1747754191213131
570,0.17477540056572374
571,0.17477538206468365
572,0.1747753636179577
573,0.1747753452253111
574,0.17477532688651165
575,0.17477530860132726
576,0.17477529036952794
577,0.1747752721908846
578,0.17477525406516922
579,0.17477523599215605
580,0.17477521797161968
581,0.17477520000333635
582,0.17477518208708337
583,0.17477516422263914
584,0.17477514640978417
585,0.17477512864829886
586,0.17477511093796583
587,0.17477509327856916
588,0.17477507566989275
589,0.17477505811172306
590,0.1747750406038471
591,0.17477502314605303
592,0.17477500573813048
593,0.17477498837987043
594,0.17477497107106416
595,0.17477495381150468
596,0.17477493660098628
597,0.17477491943930423
