1,0.7802769626154514
2,0.7802760114811436
3,0.7802757534364184
4,0.7802754923713211
5,0.7802752282322744
6,0.7802749609645048
7,0.7802746905119808
8,0.7802744168173554
9,0.7802741398219148
10,0.7802738594655354
11,0.7802735756866339
12,0.7802732884221217
13,0.7802729976073538
14,0.7802727031760852
15,0.7802724050604112
16,0.7802721031907188
17,0.7802717974956387
18,0.7802714879019733
19,0.7802711743346545
20,0.7802708567166707
21,0.7802705349690113
22,0.7802702090105963
23,0.7802698787582102
24,0.7802695441264287
25,0.7802692050275523
26,0.7802688613715185
27,0.7802685130658312
28,0.7802681600154721
29,0.7802678021228198
30,0.7802674392875515
31,0.7802670714065602
32,0.7802666983738417
33,0.7802663200804129
34,0.7802659364141858
35,0.7802655472598706
36,0.7802651524988523
37,0.7802647520090755
38,0.7802643456649139
39,0.7802639333370415
40,0.7802635148922964
41,0.7802630901935339
42,0.7802626590994777
43,0.7802622214645694
44,0.7802617771387917
45,0.7802613259675096
46,0.7802608677912876
47,0.7802604024456924
48,0.7802599297611121
49,0.7802594495625365
50,0.7802589616693484
51,0.7802584658950944
52,0.7802579620472486
53,0.7802574499269618
54,0.7802569293287999
55,0.7802564000404703
56,0.7802558618425339
57,0.7802553145080972
58,0.780254757802502
59,0.7802541914829779
60,0.7802536152983014
61,0.7802530289884153
62,0.780252432284043
63,0.7802518249062745
64,0.7802512065661255
65,0.78025057696409
66,0.7802499357896497
67,0.7802492827207633
68,0.7802486174233287
69,0.7802479395506142
70,0.7802472487426492
71,0.7802465446255993
72,0.7802458268110787
73,0.7802450948954418
74,0.7802443484590273
75,0.7802435870653543
76,0.7802428102602685
77,0.7802420175710424
78,0.780241208505416
79,0.7802403825505756
80,0.7802395391720672
81,0.7802386778126505
82,0.7802377978910633
83,0.7802368988007183
84,0.7802359799083058
85,0.780235040552309
86,0.7802340800414093
87,0.7802330976527996
88,0.7802320926303586
89,0.780231064182721
90,0.7802300114811868
91,0.780228933657508
92,0.7802278298014884
93,0.7802266989584247
94,0.7802255401263565
95,0.7802243522530937
96,0.7802231342330469
97,0.7802218849037735
98,0.7802206030422987
99,0.7802192873611064
100,0.7802179365038342
101,0.7802165490406064
102,0.7802151234629812
103,0.7802136581784873
104,0.7802121515046851
105,0.7802106016627218
106,0.7802090067703277
107,0.7802073648341866
108,0.7802056737416281
109,0.7802039312515553
110,0.7802021349845363
111,0.7802002824119652
112,0.7801983708441848
113,0.7801963974174545
114,0.7801943590796431
115,0.7801922525744616
116,0.7801900744241259
117,0.7801878209101792
118,0.7801854880523155
119,0.7801830715849146
120,0.7801805669310167
121,0.780177969173379
122,0.7801752730222703
123,0.7801724727794983
124,0.7801695622982279
125,0.7801665349379299
126,0.7801633835138047
127,0.7801601002398539
128,0.7801566766646544
129,0.7801531035987218
130,0.7801493710321427
131,0.7801454680409302
132,0.7801413826802418
133,0.7801371018622891
134,0.7801326112162832
135,0.7801278949272585
136,0.7801229355500077
137,0.7801177137934517
138,0.7801122082698727
139,0.7801063952021247
140,0.7801002480803755
141,0.7800937372578964
142,0.7800868294729629
143,0.7800794872805215
144,0.7800716683731805
145,0.7800633247655051
146,0.7800544018083878
147,0.7800448369907371
148,0.78003455847292
149,0.7800234832791948
150,0.780011515052913
151,0.779998541245849
152,0.7799844295680282
153,0.7799690234605519
154,0.7799521362626748
155,0.7799335436115304
156,0.7799129734164884
157,0.7798900924542834
158,0.77986448817692
159,0.7798356436111278
160,0.7798029020812954
161,0.7797654165923922
162,0.7797220754802945
163,0.779671390242484
164,0.7796113210158857
165,0.7795389951119833
166,0.7794502334018154
167,0.7793387117084136
168,0.7791943802225907
169,0.7790002410104784
170,0.7787250707665814
171,0.778304524520289
172,0.7775808886692104
173,0.7760319249666243
174,0.7699740218120824
175,0.4025874848391751
176,0.19140960725528575
177,0.17882626429459159
178,0.1787406982222508
179,0.17866173175253994
180,0.1785828457423157
181,0.17850430006330403
182,0.17842636770325312
183,0.178349311697248
184,0.17827337973350327
185,0.1781987994211296
186,0.17812577438362484
187,0.17805448132242288
188,0.1779850681228936
189,0.1779176530030552
190,0.17785232464062792
191,0.17778914316252512
192,0.1777281418456773
193,0.1776693293599044
194,0.17761269238097338
195,0.17755819841215487
196,0.1775057986718549
197,0.17745543092958244
198,0.1774070221992492
199,0.17736049122497735
200,0.17731575071834083
201,0.17727270932618427
202,0.17723127332439872
203,0.17719134804529293
204,0.17715283905481236
205,0.17711565310135624
206,0.17707969886091607
207,0.17704488750425632
208,0.177011133111471
209,0.17697835295786976
210,0.1769464676931774
211,0.17691540143374296
212,0.17688508178505974
213,0.1768554398095253
214,0.17682640995215904
215,0.17679792993493143
216,0.17676994062855603
217,0.17674238590898259
218,0.17671521250445746
219,0.17668836983784184
220,0.17666180986790014
221,0.17663548693244266
222,0.17660935759554797
223,0.17658338050053507
224,0.1765575162299238
225,0.17653172717326776
226,0.17650597740347743
227,0.17648023256203677
228,0.17645445975335183
229,0.1764286274483649
230,0.17640270539746128
231,0.1763766645526578
232,0.1763504769990053
233,0.17632411589512595
234,0.1762975554227874
235,0.17627077074541753
236,0.17624373797546
237,0.17621643415048416
238,0.1761888372179573
239,0.17616092602860625
240,0.17613268033828072
241,0.17610408081824833
242,0.1760751090738191
243,0.17604574767120704
244,0.17601598017249429
245,0.17598579117853602
246,0.175955166379604
247,0.17592409261350672
248,0.17589255793085326
249,0.17586055166705625
250,0.17582806452056393
251,0.17579508863670928
252,0.17576161769644105
253,0.17572764700906543
254,0.17569317360799044
255,0.17565819634829272
256,0.17562271600479418
257,0.1755867353691421
258,0.17555025934425295
259,0.17551329503430504
260,0.1754758518283356
261,0.17543794147537303
262,0.17539957814893786
263,0.1753607784986905
264,0.1753215616869796
265,0.17528194940808206
266,0.17524196588801538
267,0.1752016378629474
268,0.17516099453445622
269,0.1751200675001786
270,0.17507889065873333
271,0.17503750008824673
272,0.17499593389826887
273,0.17495423205541857
274,0.17491243618365046
275,0.17487058934063665
276,0.174828735772337
277,0.17478692064841175
278,0.17474518978166276
279,0.1747035893351552
280,0.17466216552107505
281,0.17462096429565896
282,0.174580031054725
283,0.17453941033438347
284,0.17449914552144877
285,0.17445927857787422
286,0.17441984978322253
287,0.1743808974987652
288,0.17434245795629708
289,0.1743045650741611
290,0.17426725030235005
291,0.17423054249790046
292,0.17419446783111642
293,0.1741590497225339
294,0.17412430880992844
295,0.1740902629441212
296,0.1740569272118711
297,0.1740243139837421
298,0.17399243298452488
299,0.17396129138357433
300,0.17393089390228333
301,0.17390124293586065
302,0.17387233868659083
303,0.17384417930584514
304,0.17381676104222699
305,0.17379007839343436
306,0.1737641242596097
307,0.17373889009619112
308,0.1737143660645128
309,0.17369054117865718
310,0.17366740344729972
311,0.17364494000952208
312,0.17362313726380066
313,0.17360198098956722
314,0.17358145646094286
315,0.17356154855239642
316,0.17354224183623693
317,0.17352352067196297
318,0.17350536928760704
319,0.17348777185329128
320,0.1734707125472847
321,0.1734541756149025
322,0.17343814542062538
323,0.17342260649384986
324,0.17340754356868868
325,0.1733929416182523
326,0.17337878588384045
327,0.1733650618994659
328,0.1733517555121206
329,0.1733388528981794
330,0.17332634057631963
331,0.17331420541730788
332,0.1733024346509982
333,0.17329101587084195
334,0.17327993703620964
335,0.17326918647278644
336,0.1732587528712894
337,0.17324862528472906
338,0.17323879312442167
339,0.17322924615493426
340,0.1732199744881327
341,0.17321096857647972
342,0.17320221920571718
343,0.17319371748705625
344,0.17318545484897294
345,0.17317742302871336
346,0.17316961406358358
347,0.17316202028209568
348,0.17315463429504094
349,0.1731474489865372
350,0.17314045750509813
351,0.1731336532547696
352,0.17312702988636244
353,0.17312058128881103
354,0.17311430158068744
355,0.17310818510188083
356,0.17310222640546805
357,0.1730964202497809
358,0.17309076159068648
359,0.17308524557408006
360,0.17307986752860488
361,0.17307462295859327
362,0.1730695075372359
363,0.17306451709997997
364,0.1730596476381508
365,0.17305489529279783
366,0.17305025634876378
367,0.17304572722896872
368,0.1730413044889085
369,0.17303698481136162
370,0.17303276500129983
371,0.17302864198099577
372,0.17302461278532427
373,0.17302067455724968
374,0.17301682454349407
375,0.17301306009038117
376,0.1730093786398477
377,0.17300577772562006
378,0.17300225496954572
379,0.1729988080780793
380,0.17299543483891042
381,0.172992133117736
382,0.17298890085516455
383,0.17298573606374887
384,0.17298263682514858
385,0.17297960128740367
386,0.1729766276623306
387,0.17297371422302116
388,0.17297085930145142
389,0.17296806128618886
390,0.17296531862019443
391,0.17296262979872232
392,0.17295999336730092
393,0.1729574079198041
394,0.17295487209660118
395,0.17295238458278292
396,0.17294994410646475
397,0.1729475494371577
398,0.17294519938420955
399,0.1729428927953093
400,0.17294062855505427
401,0.17293840558357487
402,0.17293622283522048
403,0.17293407929729376
404,0.17293197398883978
405,0.17292990595948646
406,0.17292787428832773
407,0.17292587808285673
408,0.1729239164779396
409,0.1729219886348306
410,0.1729200937402294
411,0.17291823100537343
412,0.17291639966516784
413,0.17291459897735023
414,0.1729128282216892
415,0.1729110866992116
416,0.17290937373146587
