1,0.43258950097644083
2,0.16623699654405505
3,0.16628445556480634
4,0.16628922365897914
5,0.16628939524308156
6,0.16628940131832318
7,0.16628940153330687
8,0.16628940154091423
9,0.16628940154118366
10,0.1662894015411931
11,0.16628940154119337
12,0.1662894015411934
13,0.16628940154119343
14,0.16628940154119337
15,0.16628940154119337
16,0.16628940154119337
17,0.16628940154119337
18,0.16628940154119337
19,0.16628940154119337
20,0.16628940154119337
21,0.16628940154119337
22,0.16628940154119337
23,0.16628940154119337
24,0.16628940154119337
25,0.16628940154119337
26,0.16628940154119337
27,0.16628940154119337
28,0.16628940154119337
29,0.16628940154119337
30,0.16628940154119337
31,0.16628940154119337
32,0.16628940154119337
33,0.16628940154119337
34,0.16628940154119337
35,0.16628940154119337
36,0.16628940154119337
37,0.16628940154119337
38,0.16628940154119337
39,0.16628940154119337
40,0.16628940154119337
41,0.16628940154119337
42,0.16628940154119337
43,0.16628940154119337
44,0.16628940154119337
45,0.16628940154119337
46,0.16628940154119337
47,0.16628940154119337
48,0.16628940154119337
49,0.16628940154119337
50,0.16628940154119337
51,0.16628940154119337
52,0.16628940154119337
53,0.16628940154119337
54,0.16628940154119337
55,0.16628940154119337
56,0.16628940154119337
57,0.16628940154119337
58,0.16628940154119337
59,0.16628940154119337
60,0.16628940154119337
61,0.16628940154119337
62,0.16628940154119337
63,0.16628940154119337
64,0.16628940154119337
65,0.16628940154119337
66,0.16628940154119337
67,0.16628940154119337
68,0.16628940154119337
69,0.16628940154119337
70,0.16628940154119337
71,0.16628940154119337
72,0.16628940154119337
73,0.16628940154119337
74,0.16628940154119337
75,0.16628940154119337
76,0.16628940154119337
77,0.16628940154119337
78,0.16628940154119337
79,0.16628940154119337
80,0.16628940154119337
81,0.16628940154119337
82,0.16628940154119337
83,0.16628940154119337
84,0.16628940154119337
85,0.16628940154119337
86,0.16628940154119337
87,0.16628940154119337
88,0.16628940154119337
89,0.16628940154119337
90,0.16628940154119337
91,0.16628940154119337
92,0.16628940154119337
93,0.16628940154119337
94,0.16628940154119337
95,0.16628940154119337
96,0.16628940154119337
97,0.16628940154119337
98,0.16628940154119337
99,0.16628940154119337
100,0.16628940154119337
101,0.16628940154119337
102,0.16628940154119337
103,0.16628940154119337
104,0.16628940154119337
105,0.16628940154119337
106,0.16628940154119337
107,0.16628940154119337
108,0.16628940154119337
109,0.16628940154119337
110,0.16628940154119337
111,0.16628940154119337
112,0.16628940154119337
113,0.16628940154119337
114,0.16628940154119337
115,0.16628940154119337
116,0.16628940154119337
117,0.16628940154119337
118,0.16628940154119337
119,0.16628940154119337
120,0.16628940154119337
121,0.16628940154119337
122,0.16628940154119337
123,0.16628940154119337
124,0.16628940154119337
125,0.16628940154119337
126,0.16628940154119337
127,0.16628940154119337
128,0.16628940154119337
129,0.16628940154119337
130,0.16628940154119337
131,0.16628940154119337
132,0.16628940154119337
133,0.16628940154119337
134,0.16628940154119337
135,0.16628940154119337
136,0.16628940154119337
137,0.16628940154119337
138,0.16628940154119337
139,0.16628940154119337
140,0.16628940154119337
141,0.16628940154119337
142,0.16628940154119337
143,0.16628940154119337
144,0.16628940154119337
145,0.16628940154119337
146,0.16628940154119337
147,0.16628940154119337
148,0.16628940154119337
149,0.16628940154119337
150,0.16628940154119337
151,0.16628940154119337
152,0.16628940154119337
153,0.16628940154119337
154,0.16628940154119337
155,0.16628940154119337
156,0.16628940154119337
157,0.16628940154119337
158,0.16628940154119337
159,0.16628940154119337
160,0.16628940154119337
161,0.16628940154119337
162,0.16628940154119337
163,0.16628940154119337
164,0.16628940154119337
165,0.16628940154119337
166,0.16628940154119337
167,0.16628940154119337
168,0.16628940154119337
169,0.16628940154119337
170,0.16628940154119337
171,0.16628940154119337
172,0.16628940154119337
173,0.16628940154119337
174,0.16628940154119337
175,0.16628940154119337
176,0.16628940154119337
177,0.16628940154119337
178,0.16628940154119337
179,0.16628940154119337
180,0.16628940154119337
181,0.16628940154119337
182,0.16628940154119337
183,0.16628940154119337
184,0.16628940154119337
185,0.16628940154119337
186,0.16628940154119337
187,0.16628940154119337
188,0.16628940154119337
189,0.16628940154119337
190,0.16628940154119337
191,0.16628940154119337
192,0.16628940154119337
193,0.16628940154119337
194,0.16628940154119337
195,0.16628940154119337
196,0.16628940154119337
197,0.16628940154119337
198,0.16628940154119337
199,0.16628940154119337
200,0.16628940154119337
201,0.16628940154119337
202,0.16628940154119337
203,0.16628940154119337
204,0.16628940154119337
205,0.16628940154119337
206,0.16628940154119337
207,0.16628940154119337
208,0.16628940154119337
209,0.16628940154119337
210,0.16628940154119337
211,0.16628940154119337
212,0.16628940154119337
213,0.16628940154119337
214,0.16628940154119337
215,0.16628940154119337
216,0.16628940154119337
217,0.16628940154119337
218,0.16628940154119337
219,0.16628940154119337
220,0.16628940154119337
221,0.16628940154119337
222,0.16628940154119337
223,0.16628940154119337
224,0.16628940154119337
225,0.16628940154119337
226,0.16628940154119337
227,0.16628940154119337
228,0.16628940154119337
229,0.16628940154119337
230,0.16628940154119337
231,0.16628940154119337
232,0.16628940154119337
233,0.16628940154119337
234,0.16628940154119337
235,0.16628940154119337
236,0.16628940154119337
237,0.16628940154119337
238,0.16628940154119337
239,0.16628940154119337
240,0.16628940154119337
241,0.16628940154119337
242,0.16628940154119337
243,0.16628940154119337
244,0.16628940154119337
245,0.16628940154119337
246,0.16628940154119337
247,0.16628940154119337
248,0.16628940154119337
249,0.16628940154119337
250,0.16628940154119337
251,0.16628940154119337
252,0.16628940154119337
253,0.16628940154119337
254,0.16628940154119337
255,0.16628940154119337
256,0.16628940154119337
257,0.16628940154119337
258,0.16628940154119337
259,0.16628940154119337
260,0.16628940154119337
261,0.16628940154119337
262,0.16628940154119337
263,0.16628940154119337
264,0.16628940154119337
265,0.16628940154119337
266,0.16628940154119337
267,0.16628940154119337
268,0.16628940154119337
269,0.16628940154119337
270,0.16628940154119337
271,0.16628940154119337
272,0.16628940154119337
273,0.16628940154119337
274,0.16628940154119337
275,0.16628940154119337
276,0.16628940154119337
277,0.16628940154119337
278,0.16628940154119337
279,0.16628940154119337
280,0.16628940154119337
281,0.16628940154119337
282,0.16628940154119337
283,0.16628940154119337
284,0.16628940154119337
285,0.16628940154119337
286,0.16628940154119337
287,0.16628940154119337
288,0.16628940154119337
289,0.16628940154119337
290,0.16628940154119337
291,0.16628940154119337
292,0.16628940154119337
293,0.16628940154119337
294,0.16628940154119337
295,0.16628940154119337
296,0.16628940154119337
297,0.16628940154119337
298,0.16628940154119337
299,0.16628940154119337
300,0.16628940154119337
301,0.16628940154119337
302,0.16628940154119337
303,0.16628940154119337
304,0.16628940154119337
305,0.16628940154119337
306,0.16628940154119337
307,0.16628940154119337
308,0.16628940154119337
309,0.16628940154119337
310,0.16628940154119337
311,0.16628940154119337
312,0.16628940154119337
313,0.16628940154119337
314,0.16628940154119337
315,0.16628940154119337
316,0.16628940154119337
317,0.16628940154119337
318,0.16628940154119337
319,0.16628940154119337
320,0.16628940154119337
321,0.16628940154119337
322,0.16628940154119337
323,0.16628940154119337
324,0.16628940154119337
325,0.16628940154119337
326,0.16628940154119337
327,0.16628940154119337
328,0.16628940154119337
329,0.16628940154119337
330,0.16628940154119337
331,0.16628940154119337
332,0.16628940154119337
333,0.16628940154119337
334,0.16628940154119337
335,0.16628940154119337
336,0.16628940154119337
337,0.16628940154119337
338,0.16628940154119337
339,0.16628940154119337
340,0.16628940154119337
341,0.16628940154119337
342,0.16628940154119337
343,0.16628940154119337
344,0.16628940154119337
345,0.16628940154119337
346,0.16628940154119337
347,0.16628940154119337
348,0.16628940154119337
349,0.16628940154119337
350,0.16628940154119337
351,0.16628940154119337
352,0.16628940154119337
353,0.16628940154119337
354,0.16628940154119337
355,0.16628940154119337
356,0.16628940154119337
357,0.16628940154119337
358,0.16628940154119337
359,0.16628940154119337
360,0.16628940154119337
361,0.16628940154119337
362,0.16628940154119337
363,0.16628940154119337
364,0.16628940154119337
365,0.16628940154119337
366,0.16628940154119337
367,0.16628940154119337
368,0.16628940154119337
369,0.16628940154119337
370,0.16628940154119337
371,0.16628940154119337
372,0.16628940154119337
373,0.16628940154119337
374,0.16628940154119337
375,0.16628940154119337
376,0.16628940154119337
377,0.16628940154119337
378,0.16628940154119337
379,0.16628940154119337
380,0.16628940154119337
381,0.16628940154119337
382,0.16628940154119337
383,0.16628940154119337
384,0.16628940154119337
385,0.16628940154119337
386,0.16628940154119337
387,0.16628940154119337
388,0.16628940154119337
389,0.16628940154119337
390,0.16628940154119337
391,0.16628940154119337
392,0.16628940154119337
393,0.16628940154119337
394,0.16628940154119337
395,0.16628940154119337
396,0.16628940154119337
397,0.16628940154119337
398,0.16628940154119337
399,0.16628940154119337
400,0.16628940154119337
401,0.16628940154119337
402,0.16628940154119337
403,0.16628940154119337
404,0.16628940154119337
405,0.16628940154119337
406,0.16628940154119337
407,0.16628940154119337
408,0.16628940154119337
409,0.16628940154119337
410,0.16628940154119337
411,0.16628940154119337
412,0.16628940154119337
413,0.16628940154119337
414,0.16628940154119337
415,0.16628940154119337
416,0.16628940154119337
417,0.16628940154119337
418,0.16628940154119337
419,0.16628940154119337
420,0.16628940154119337
421,0.16628940154119337
422,0.16628940154119337
423,0.16628940154119337
424,0.16628940154119337
425,0.16628940154119337
426,0.16628940154119337
427,0.16628940154119337
428,0.16628940154119337
429,0.16628940154119337
430,0.16628940154119337
431,0.16628940154119337
432,0.16628940154119337
433,0.16628940154119337
434,0.16628940154119337
435,0.16628940154119337
436,0.16628940154119337
437,0.16628940154119337
438,0.16628940154119337
439,0.16628940154119337
440,0.16628940154119337
441,0.16628940154119337
442,0.16628940154119337
443,0.16628940154119337
444,0.16628940154119337
445,0.16628940154119337
446,0.16628940154119337
447,0.16628940154119337
448,0.16628940154119337
449,0.16628940154119337
450,0.16628940154119337
451,0.16628940154119337
452,0.16628940154119337
453,0.16628940154119337
454,0.16628940154119337
455,0.16628940154119337
456,0.16628940154119337
457,0.16628940154119337
458,0.16628940154119337
459,0.16628940154119337
460,0.16628940154119337
461,0.16628940154119337
462,0.16628940154119337
463,0.16628940154119337
464,0.16628940154119337
465,0.16628940154119337
466,0.16628940154119337
467,0.16628940154119337
468,0.16628940154119337
469,0.16628940154119337
470,0.16628940154119337
471,0.16628940154119337
472,0.16628940154119337
473,0.16628940154119337
474,0.16628940154119337
475,0.16628940154119337
476,0.16628940154119337
477,0.16628940154119337
478,0.16628940154119337
479,0.16628940154119337
480,0.16628940154119337
481,0.16628940154119337
482,0.16628940154119337
483,0.16628940154119337
484,0.16628940154119337
485,0.16628940154119337
486,0.16628940154119337
487,0.16628940154119337
488,0.16628940154119337
489,0.16628940154119337
490,0.16628940154119337
491,0.16628940154119337
492,0.16628940154119337
493,0.16628940154119337
494,0.16628940154119337
495,0.16628940154119337
496,0.16628940154119337
497,0.16628940154119337
498,0.16628940154119337
499,0.16628940154119337
500,0.16628940154119337
501,0.16628940154119337
502,0.16628940154119337
503,0.16628940154119337
504,0.16628940154119337
505,0.16628940154119337
506,0.16628940154119337
507,0.16628940154119337
508,0.16628940154119337
509,0.16628940154119337
510,0.16628940154119337
511,0.16628940154119337
512,0.16628940154119337
513,0.16628940154119337
514,0.16628940154119337
515,0.16628940154119337
516,0.16628940154119337
517,0.16628940154119337
518,0.16628940154119337
519,0.16628940154119337
520,0.16628940154119337
521,0.16628940154119337
522,0.16628940154119337
523,0.16628940154119337
524,0.16628940154119337
525,0.16628940154119337
526,0.16628940154119337
527,0.16628940154119337
528,0.16628940154119337
529,0.16628940154119337
530,0.16628940154119337
531,0.16628940154119337
532,0.16628940154119337
533,0.16628940154119337
534,0.16628940154119337
535,0.16628940154119337
536,0.16628940154119337
537,0.16628940154119337
538,0.16628940154119337
539,0.16628940154119337
540,0.16628940154119337
541,0.16628940154119337
542,0.16628940154119337
543,0.16628940154119337
544,0.16628940154119337
545,0.16628940154119337
546,0.16628940154119337
547,0.16628940154119337
548,0.16628940154119337
549,0.16628940154119337
550,0.16628940154119337
551,0.16628940154119337
552,0.16628940154119337
553,0.16628940154119337
554,0.16628940154119337
555,0.16628940154119337
556,0.16628940154119337
557,0.16628940154119337
558,0.16628940154119337
559,0.16628940154119337
560,0.16628940154119337
561,0.16628940154119337
562,0.16628940154119337
563,0.16628940154119337
564,0.16628940154119337
565,0.16628940154119337
566,0.16628940154119337
567,0.16628940154119337
568,0.16628940154119337
569,0.16628940154119337
570,0.16628940154119337
571,0.16628940154119337
572,0.16628940154119337
573,0.16628940154119337
574,0.16628940154119337
575,0.16628940154119337
576,0.16628940154119337
577,0.16628940154119337
578,0.16628940154119337
579,0.16628940154119337
580,0.16628940154119337
581,0.16628940154119337
582,0.16628940154119337
583,0.16628940154119337
584,0.16628940154119337
585,0.16628940154119337
586,0.16628940154119337
587,0.16628940154119337
588,0.16628940154119337
589,0.16628940154119337
590,0.16628940154119337
591,0.16628940154119337
592,0.16628940154119337
593,0.16628940154119337
594,0.16628940154119337
595,0.16628940154119337
596,0.16628940154119337
597,0.16628940154119337
598,0.16628940154119337
599,0.16628940154119337
600,0.16628940154119337
601,0.16628940154119337
602,0.16628940154119337
603,0.16628940154119337
604,0.16628940154119337
605,0.16628940154119337
606,0.16628940154119337
607,0.16628940154119337
608,0.16628940154119337
609,0.16628940154119337
610,0.16628940154119337
611,0.16628940154119337
612,0.16628940154119337
613,0.16628940154119337
614,0.16628940154119337
615,0.16628940154119337
616,0.16628940154119337
617,0.16628940154119337
618,0.16628940154119337
619,0.16628940154119337
620,0.16628940154119337
621,0.16628940154119337
622,0.16628940154119337
623,0.16628940154119337
624,0.16628940154119337
625,0.16628940154119337
626,0.16628940154119337
627,0.16628940154119337
628,0.16628940154119337
629,0.16628940154119337
630,0.16628940154119337
631,0.16628940154119337
632,0.16628940154119337
633,0.16628940154119337
634,0.16628940154119337
635,0.16628940154119337
636,0.16628940154119337
637,0.16628940154119337
638,0.16628940154119337
639,0.16628940154119337
640,0.16628940154119337
641,0.16628940154119337
642,0.16628940154119337
643,0.16628940154119337
644,0.16628940154119337
645,0.16628940154119337
646,0.16628940154119337
647,0.16628940154119337
648,0.16628940154119337
649,0.16628940154119337
650,0.16628940154119337
651,0.16628940154119337
652,0.16628940154119337
653,0.16628940154119337
654,0.16628940154119337
655,0.16628940154119337
656,0.16628940154119337
657,0.16628940154119337
658,0.16628940154119337
659,0.16628940154119337
660,0.16628940154119337
661,0.16628940154119337
662,0.16628940154119337
663,0.16628940154119337
664,0.16628940154119337
665,0.16628940154119337
666,0.16628940154119337
667,0.16628940154119337
668,0.16628940154119337
669,0.16628940154119337
670,0.16628940154119337
671,0.16628940154119337
672,0.16628940154119337
673,0.16628940154119337
674,0.16628940154119337
675,0.16628940154119337
676,0.16628940154119337
677,0.16628940154119337
678,0.16628940154119337
679,0.16628940154119337
680,0.16628940154119337
681,0.16628940154119337
682,0.16628940154119337
683,0.16628940154119337
684,0.16628940154119337
685,0.16628940154119337
686,0.16628940154119337
687,0.16628940154119337
688,0.16628940154119337
689,0.16628940154119337
690,0.16628940154119337
691,0.16628940154119337
692,0.16628940154119337
693,0.16628940154119337
694,0.16628940154119337
695,0.16628940154119337
696,0.16628940154119337
697,0.16628940154119337
698,0.16628940154119337
699,0.16628940154119337
700,0.16628940154119337
701,0.16628940154119337
702,0.16628940154119337
703,0.16628940154119337
704,0.16628940154119337
705,0.16628940154119337
706,0.16628940154119337
707,0.16628940154119337
708,0.16628940154119337
709,0.16628940154119337
710,0.16628940154119337
711,0.16628940154119337
712,0.16628940154119337
713,0.16628940154119337
714,0.16628940154119337
715,0.16628940154119337
716,0.16628940154119337
717,0.16628940154119337
718,0.16628940154119337
719,0.16628940154119337
720,0.16628940154119337
721,0.16628940154119337
722,0.16628940154119337
723,0.16628940154119337
724,0.16628940154119337
725,0.16628940154119337
726,0.16628940154119337
727,0.16628940154119337
728,0.16628940154119337
729,0.16628940154119337
730,0.16628940154119337
731,0.16628940154119337
732,0.16628940154119337
733,0.16628940154119337
734,0.16628940154119337
735,0.16628940154119337
736,0.16628940154119337
737,0.16628940154119337
738,0.16628940154119337
739,0.16628940154119337
740,0.16628940154119337
741,0.16628940154119337
742,0.16628940154119337
743,0.16628940154119337
744,0.16628940154119337
745,0.16628940154119337
746,0.16628940154119337
747,0.16628940154119337
748,0.16628940154119337
749,0.16628940154119337
750,0.16628940154119337
751,0.16628940154119337
752,0.16628940154119337
753,0.16628940154119337
754,0.16628940154119337
755,0.16628940154119337
756,0.16628940154119337
757,0.16628940154119337
758,0.16628940154119337
759,0.16628940154119337
760,0.16628940154119337
761,0.16628940154119337
762,0.16628940154119337
763,0.16628940154119337
764,0.16628940154119337
765,0.16628940154119337
766,0.16628940154119337
767,0.16628940154119337
768,0.16628940154119337
769,0.16628940154119337
770,0.16628940154119337
771,0.16628940154119337
772,0.16628940154119337
773,0.16628940154119337
774,0.16628940154119337
775,0.16628940154119337
776,0.16628940154119337
777,0.16628940154119337
778,0.16628940154119337
779,0.16628940154119337
780,0.16628940154119337
781,0.16628940154119337
782,0.16628940154119337
783,0.16628940154119337
784,0.16628940154119337
785,0.16628940154119337
786,0.16628940154119337
787,0.16628940154119337
788,0.16628940154119337
789,0.16628940154119337
790,0.16628940154119337
791,0.16628940154119337
792,0.16628940154119337
793,0.16628940154119337
794,0.16628940154119337
795,0.16628940154119337
796,0.16628940154119337
797,0.16628940154119337
798,0.16628940154119337
799,0.16628940154119337
800,0.16628940154119337
801,0.16628940154119337
802,0.16628940154119337
803,0.16628940154119337
804,0.16628940154119337
805,0.16628940154119337
806,0.16628940154119337
807,0.16628940154119337
808,0.16628940154119337
809,0.16628940154119337
810,0.16628940154119337
811,0.16628940154119337
812,0.16628940154119337
813,0.16628940154119337
814,0.16628940154119337
815,0.16628940154119337
816,0.16628940154119337
817,0.16628940154119337
818,0.16628940154119337
819,0.16628940154119337
820,0.16628940154119337
821,0.16628940154119337
822,0.16628940154119337
823,0.16628940154119337
824,0.16628940154119337
825,0.16628940154119337
826,0.16628940154119337
827,0.16628940154119337
828,0.16628940154119337
829,0.16628940154119337
830,0.16628940154119337
831,0.16628940154119337
832,0.16628940154119337
833,0.16628940154119337
834,0.16628940154119337
835,0.16628940154119337
836,0.16628940154119337
837,0.16628940154119337
838,0.16628940154119337
839,0.16628940154119337
840,0.16628940154119337
841,0.16628940154119337
842,0.16628940154119337
843,0.16628940154119337
844,0.16628940154119337
845,0.16628940154119337
846,0.16628940154119337
847,0.16628940154119337
848,0.16628940154119337
849,0.16628940154119337
850,0.16628940154119337
851,0.16628940154119337
852,0.16628940154119337
853,0.16628940154119337
854,0.16628940154119337
855,0.16628940154119337
856,0.16628940154119337
857,0.16628940154119337
858,0.16628940154119337
859,0.16628940154119337
860,0.16628940154119337
861,0.16628940154119337
862,0.16628940154119337
863,0.16628940154119337
864,0.16628940154119337
865,0.16628940154119337
866,0.16628940154119337
867,0.16628940154119337
868,0.16628940154119337
869,0.16628940154119337
870,0.16628940154119337
871,0.16628940154119337
872,0.16628940154119337
873,0.16628940154119337
874,0.16628940154119337
875,0.16628940154119337
876,0.16628940154119337
877,0.16628940154119337
878,0.16628940154119337
879,0.16628940154119337
880,0.16628940154119337
881,0.16628940154119337
882,0.16628940154119337
883,0.16628940154119337
884,0.16628940154119337
885,0.16628940154119337
886,0.16628940154119337
887,0.16628940154119337
888,0.16628940154119337
889,0.16628940154119337
890,0.16628940154119337
891,0.16628940154119337
892,0.16628940154119337
893,0.16628940154119337
894,0.16628940154119337
895,0.16628940154119337
896,0.16628940154119337
897,0.16628940154119337
898,0.16628940154119337
899,0.16628940154119337
900,0.16628940154119337
901,0.16628940154119337
902,0.16628940154119337
903,0.16628940154119337
904,0.16628940154119337
905,0.16628940154119337
906,0.16628940154119337
907,0.16628940154119337
908,0.16628940154119337
909,0.16628940154119337
910,0.16628940154119337
911,0.16628940154119337
912,0.16628940154119337
913,0.16628940154119337
914,0.16628940154119337
915,0.16628940154119337
916,0.16628940154119337
917,0.16628940154119337
918,0.16628940154119337
919,0.16628940154119337
920,0.16628940154119337
921,0.16628940154119337
922,0.16628940154119337
923,0.16628940154119337
924,0.16628940154119337
925,0.16628940154119337
926,0.16628940154119337
927,0.16628940154119337
928,0.16628940154119337
929,0.16628940154119337
930,0.16628940154119337
931,0.16628940154119337
932,0.16628940154119337
933,0.16628940154119337
934,0.16628940154119337
935,0.16628940154119337
936,0.16628940154119337
937,0.16628940154119337
938,0.16628940154119337
939,0.16628940154119337
940,0.16628940154119337
941,0.16628940154119337
942,0.16628940154119337
943,0.16628940154119337
944,0.16628940154119337
945,0.16628940154119337
946,0.16628940154119337
947,0.16628940154119337
948,0.16628940154119337
949,0.16628940154119337
950,0.16628940154119337
951,0.16628940154119337
952,0.16628940154119337
953,0.16628940154119337
954,0.16628940154119337
955,0.16628940154119337
956,0.16628940154119337
957,0.16628940154119337
958,0.16628940154119337
959,0.16628940154119337
960,0.16628940154119337
961,0.16628940154119337
962,0.16628940154119337
963,0.16628940154119337
964,0.16628940154119337
965,0.16628940154119337
966,0.16628940154119337
967,0.16628940154119337
968,0.16628940154119337
969,0.16628940154119337
970,0.16628940154119337
971,0.16628940154119337
972,0.16628940154119337
973,0.16628940154119337
974,0.16628940154119337
975,0.16628940154119337
976,0.16628940154119337
977,0.16628940154119337
978,0.16628940154119337
979,0.16628940154119337
980,0.16628940154119337
981,0.16628940154119337
982,0.16628940154119337
983,0.16628940154119337
984,0.16628940154119337
985,0.16628940154119337
986,0.16628940154119337
987,0.16628940154119337
988,0.16628940154119337
989,0.16628940154119337
990,0.16628940154119337
991,0.16628940154119337
992,0.16628940154119337
993,0.16628940154119337
994,0.16628940154119337
995,0.16628940154119337
996,0.16628940154119337
997,0.16628940154119337
998,0.16628940154119337
999,0.16628940154119337
1000,0.16628940154119337
1001,0.16628940154119337
1002,0.16628940154119337
1003,0.16628940154119337
1004,0.16628940154119337
1005,0.16628940154119337
1006,0.16628940154119337
1007,0.16628940154119337
1008,0.16628940154119337
1009,0.16628940154119337
1010,0.16628940154119337
1011,0.16628940154119337
1012,0.16628940154119337
1013,0.16628940154119337
1014,0.16628940154119337
1015,0.16628940154119337
1016,0.16628940154119337
1017,0.16628940154119337
1018,0.16628940154119337
1019,0.16628940154119337
1020,0.16628940154119337
1021,0.16628940154119337
1022,0.16628940154119337
1023,0.16628940154119337
1024,0.16628940154119337
1025,0.16628940154119337
1026,0.16628940154119337
1027,0.16628940154119337
1028,0.16628940154119337
1029,0.16628940154119337
1030,0.16628940154119337
1031,0.16628940154119337
1032,0.16628940154119337
1033,0.16628940154119337
1034,0.16628940154119337
1035,0.16628940154119337
1036,0.16628940154119337
1037,0.16628940154119337
1038,0.16628940154119337
1039,0.16628940154119337
1040,0.16628940154119337
1041,0.16628940154119337
1042,0.16628940154119337
1043,0.16628940154119337
1044,0.16628940154119337
1045,0.16628940154119337
1046,0.16628940154119337
1047,0.16628940154119337
1048,0.16628940154119337
1049,0.16628940154119337
1050,0.16628940154119337
1051,0.16628940154119337
1052,0.16628940154119337
1053,0.16628940154119337
1054,0.16628940154119337
1055,0.16628940154119337
1056,0.16628940154119337
1057,0.16628940154119337
1058,0.16628940154119337
1059,0.16628940154119337
1060,0.16628940154119337
1061,0.16628940154119337
1062,0.16628940154119337
1063,0.16628940154119337
1064,0.16628940154119337
1065,0.16628940154119337
1066,0.16628940154119337
1067,0.16628940154119337
1068,0.16628940154119337
1069,0.16628940154119337
1070,0.16628940154119337
1071,0.16628940154119337
1072,0.16628940154119337
1073,0.16628940154119337
1074,0.16628940154119337
1075,0.16628940154119337
1076,0.16628940154119337
1077,0.16628940154119337
1078,0.16628940154119337
1079,0.16628940154119337
1080,0.16628940154119337
1081,0.16628940154119337
1082,0.16628940154119337
1083,0.16628940154119337
1084,0.16628940154119337
1085,0.16628940154119337
1086,0.16628940154119337
1087,0.16628940154119337
1088,0.16628940154119337
1089,0.16628940154119337
1090,0.16628940154119337
1091,0.16628940154119337
1092,0.16628940154119337
