1,0.7781406363287181
2,0.7780834963063897
3,0.7780187036827846
4,0.77794506358816
5,0.7778612542512306
6,0.7777658723594659
7,0.7776575256567655
8,0.7775349920168101
9,0.7773974580827816
10,0.7772448267604727
11,0.7770778933159862
12,0.7768988748979614
13,0.7767109982635777
14,0.7765182014042078
15,0.7763241448661693
16,0.7761307616082467
17,0.7759374485272107
18,0.7757399503256307
19,0.7755288289614869
20,0.7752858065186324
21,0.7749731815543386
22,0.7744970390905571
23,0.7735211989447617
24,0.7683187699426072
25,0.28121372073048634
26,0.17723746784077687
27,0.17723745209671307
28,0.17723745209669015
29,0.17723745209668149
30,0.17723745209667277
31,0.17723745209666414
32,0.17723745209665528
33,0.17723745209664654
34,0.17723745209663785
35,0.1772374520966292
36,0.1772374520966203
37,0.1772374520966119
38,0.17723745209660308
39,0.17723745209659433
40,0.17723745209658567
41,0.17723745209657688
42,0.1772374520965681
43,0.17723745209655953
44,0.17723745209655084
45,0.17723745209654226
46,0.17723745209653335
47,0.1772374520965248
48,0.17723745209651587
49,0.17723745209650724
50,0.1772374520964985
51,0.17723745209648983
52,0.17723745209648126
53,0.1772374520964725
54,0.1772374520964638
55,0.177237452096455
56,0.1772374520964463
57,0.1772374520964377
58,0.177237452096429
59,0.17723745209642014
60,0.17723745209641148
61,0.17723745209640293
62,0.17723745209639402
63,0.17723745209638533
64,0.17723745209637679
65,0.1772374520963679
66,0.17723745209635916
67,0.17723745209635056
68,0.17723745209634179
69,0.17723745209633307
70,0.17723745209632427
71,0.1772374520963156
72,0.17723745209630692
73,0.17723745209629818
74,0.1772374520962895
75,0.17723745209628092
76,0.17723745209627206
77,0.17723745209626346
78,0.1772374520962548
79,0.17723745209624606
80,0.17723745209623737
81,0.17723745209622868
82,0.17723745209621997
83,0.17723745209621114
84,0.17723745209620242
85,0.1772374520961938
86,0.17723745209618505
87,0.17723745209617633
88,0.17723745209616748
89,0.17723745209615885
90,0.1772374520961502
91,0.17723745209614147
92,0.17723745209613287
93,0.17723745209612402
94,0.1772374520961151
95,0.17723745209610664
96,0.1772374520960979
97,0.1772374520960892
98,0.17723745209608063
99,0.17723745209607175
100,0.17723745209606306
101,0.1772374520960543
102,0.1772374520960458
103,0.1772374520960371
104,0.17723745209602837
105,0.1772374520960196
106,0.1772374520960109
107,0.17723745209600228
108,0.17723745209599362
109,0.17723745209598477
110,0.1772374520959762
111,0.1772374520959674
112,0.17723745209595873
113,0.17723745209595004
114,0.17723745209594116
115,0.1772374520959327
116,0.17723745209592368
117,0.17723745209591515
118,0.1772374520959064
119,0.17723745209589767
120,0.177237452095889
121,0.17723745209588032
122,0.1772374520958716
123,0.17723745209586292
124,0.177237452095854
125,0.17723745209584543
126,0.17723745209583686
127,0.17723745209582803
128,0.1772374520958193
129,0.17723745209581054
130,0.17723745209580188
131,0.17723745209579322
132,0.17723745209578456
133,0.17723745209577568
134,0.17723745209576688
135,0.17723745209575845
136,0.1772374520957497
137,0.17723745209574104
138,0.17723745209573225
139,0.17723745209572342
140,0.17723745209571481
141,0.17723745209570602
142,0.17723745209569733
143,0.1772374520956886
144,0.17723745209568006
145,0.17723745209567135
146,0.17723745209566255
147,0.17723745209565395
148,0.17723745209564526
149,0.1772374520956365
150,0.1772374520956278
151,0.17723745209561903
152,0.17723745209561037
153,0.17723745209560154
154,0.17723745209559283
155,0.1772374520955843
156,0.17723745209557537
157,0.1772374520955668
158,0.17723745209555808
159,0.17723745209554947
160,0.1772374520955405
161,0.17723745209553202
162,0.17723745209552336
163,0.1772374520955145
164,0.17723745209550587
165,0.1772374520954972
166,0.17723745209548836
167,0.1772374520954798
168,0.17723745209547098
169,0.17723745209546235
170,0.17723745209545363
171,0.17723745209544492
172,0.17723745209543623
173,0.17723745209542752
174,0.17723745209541872
175,0.17723745209540995
176,0.17723745209540132
177,0.1772374520953926
178,0.17723745209538389
179,0.17723745209537523
180,0.17723745209536643
181,0.17723745209535785
182,0.17723745209534914
183,0.17723745209534042
184,0.17723745209533173
185,0.17723745209532296
186,0.1772374520953143
187,0.17723745209530561
188,0.17723745209529695
189,0.1772374520952882
190,0.17723745209527947
191,0.17723745209527092
192,0.17723745209526212
193,0.1772374520952535
194,0.17723745209524466
195,0.17723745209523598
196,0.17723745209522726
197,0.17723745209521857
198,0.1772374520952099
199,0.1772374520952011
200,0.17723745209519226
201,0.17723745209518382
202,0.177237452095175
203,0.17723745209516625
204,0.17723745209515762
205,0.17723745209514893
206,0.17723745209514016
207,0.17723745209513156
208,0.1772374520951228
209,0.177237452095114
210,0.17723745209510533
211,0.17723745209509667
212,0.17723745209508793
213,0.17723745209507932
214,0.17723745209507055
215,0.17723745209506186
216,0.17723745209505312
217,0.1772374520950445
218,0.17723745209503564
219,0.17723745209502706
220,0.17723745209501826
221,0.17723745209500963
222,0.17723745209500094
223,0.17723745209499206
224,0.1772374520949834
225,0.17723745209497485
226,0.1772374520949661
227,0.1772374520949575
228,0.17723745209494873
229,0.17723745209494002
230,0.17723745209493122
231,0.1772374520949225
232,0.17723745209491384
233,0.17723745209490516
234,0.1772374520948965
235,0.17723745209488762
236,0.17723745209487893
237,0.17723745209487043
238,0.17723745209486155
239,0.1772374520948529
240,0.17723745209484415
241,0.17723745209483555
242,0.17723745209482672
243,0.17723745209481806
244,0.1772374520948094
245,0.17723745209480057
246,0.17723745209479214
247,0.17723745209478342
248,0.17723745209477465
249,0.17723745209476588
250,0.1772374520947572
251,0.17723745209474853
252,0.1772374520947398
253,0.17723745209473105
254,0.1772374520947224
255,0.17723745209471367
256,0.177237452094705
257,0.1772374520946963
258,0.17723745209468741
259,0.17723745209467875
260,0.17723745209467015
261,0.17723745209466135
262,0.17723745209465264
263,0.17723745209464395
264,0.17723745209463543
265,0.17723745209462644
266,0.17723745209461775
267,0.17723745209460923
268,0.17723745209460046
269,0.1772374520945917
270,0.17723745209458314
271,0.17723745209457434
272,0.1772374520945657
273,0.17723745209455702
274,0.17723745209454836
275,0.17723745209453942
276,0.17723745209453065
277,0.1772374520945222
278,0.1772374520945135
279,0.17723745209450475
280,0.17723745209449596
281,0.1772374520944873
282,0.1772374520944786
283,0.17723745209446978
284,0.17723745209446115
285,0.17723745209445244
286,0.17723745209444372
287,0.17723745209443514
288,0.17723745209442637
289,0.17723745209441757
290,0.17723745209440891
291,0.17723745209440034
292,0.17723745209439143
293,0.1772374520943827
294,0.17723745209437416
295,0.1772374520943655
296,0.17723745209435665
297,0.17723745209434807
298,0.17723745209433925
299,0.1772374520943306
300,0.17723745209432193
301,0.17723745209431324
302,0.1772374520943044
303,0.17723745209429578
304,0.1772374520942871
305,0.1772374520942783
306,0.17723745209426953
307,0.17723745209426098
308,0.1772374520942522
309,0.1772374520942436
310,0.17723745209423475
311,0.17723745209422617
312,0.1772374520942174
313,0.17723745209420874
314,0.17723745209420008
315,0.17723745209419137
316,0.1772374520941825
317,0.17723745209417385
318,0.17723745209416528
319,0.17723745209415673
320,0.1772374520941477
321,0.17723745209413902
322,0.1772374520941305
323,0.17723745209412184
324,0.17723745209411298
325,0.17723745209410424
326,0.1772374520940954
327,0.17723745209408698
328,0.17723745209407818
329,0.17723745209406952
330,0.17723745209406075
331,0.1772374520940522
332,0.17723745209404335
333,0.17723745209403483
334,0.17723745209402592
335,0.17723745209401726
336,0.17723745209400857
337,0.17723745209400002
338,0.1772374520939911
339,0.17723745209398273
340,0.17723745209397385
341,0.17723745209396513
342,0.17723745209395633
343,0.17723745209394778
344,0.17723745209393907
345,0.1772374520939303
346,0.1772374520939215
347,0.17723745209391284
348,0.17723745209390415
349,0.17723745209389533
350,0.17723745209388664
351,0.17723745209387798
352,0.17723745209386924
353,0.1772374520938606
354,0.17723745209385197
355,0.17723745209384317
356,0.17723745209383454
357,0.17723745209382577
358,0.17723745209381708
359,0.17723745209380853
360,0.17723745209379968
361,0.1772374520937911
362,0.17723745209378236
363,0.17723745209377362
364,0.17723745209376496
365,0.17723745209375635
366,0.17723745209374753
367,0.17723745209373876
368,0.17723745209373007
369,0.17723745209372144
370,0.1772374520937127
371,0.17723745209370398
372,0.17723745209369524
373,0.17723745209368663
374,0.17723745209367783
375,0.17723745209366926
376,0.1772374520936606
377,0.1772374520936519
378,0.17723745209364314
379,0.1772374520936343
380,0.17723745209362562
381,0.1772374520936171
382,0.17723745209360828
383,0.17723745209359956
384,0.17723745209359087
385,0.17723745209358233
386,0.17723745209357353
387,0.17723745209356473
388,0.17723745209355607
389,0.1772374520935472
390,0.17723745209353867
391,0.17723745209353003
392,0.17723745209352126
393,0.17723745209351244
394,0.17723745209350372
395,0.1772374520934952
396,0.1772374520934863
397,0.17723745209347783
398,0.17723745209346914
399,0.17723745209346037
400,0.1772374520934515
401,0.17723745209344294
402,0.17723745209343425
403,0.17723745209342545
404,0.17723745209341674
405,0.17723745209340827
406,0.1772374520933995
407,0.17723745209339073
408,0.177237452093382
409,0.1772374520933734
410,0.1772374520933645
411,0.1772374520933558
412,0.17723745209334735
413,0.1772374520933387
414,0.17723745209332983
415,0.17723745209332098
416,0.17723745209331232
417,0.17723745209330377
418,0.1772374520932951
419,0.17723745209328629
420,0.17723745209327754
421,0.17723745209326902
422,0.17723745209326028
423,0.1772374520932515
424,0.1772374520932427
425,0.1772374520932339
426,0.17723745209322553
427,0.17723745209321679
428,0.177237452093208
429,0.17723745209319938
430,0.1772374520931907
431,0.17723745209318204
432,0.17723745209317307
433,0.1772374520931645
434,0.17723745209315583
435,0.17723745209314712
436,0.17723745209313851
437,0.1772374520931297
438,0.17723745209312103
439,0.1772374520931122
440,0.1772374520931036
441,0.17723745209309488
442,0.17723745209308617
443,0.17723745209307745
444,0.17723745209306876
445,0.1772374520930602
446,0.1772374520930515
447,0.17723745209304267
448,0.17723745209303401
449,0.17723745209302538
450,0.17723745209301653
451,0.17723745209300798
452,0.17723745209299918
453,0.17723745209299047
454,0.17723745209298192
455,0.17723745209297312
456,0.1772374520929644
457,0.17723745209295577
458,0.17723745209294692
459,0.17723745209293834
460,0.17723745209292963
461,0.1772374520929209
462,0.1772374520929122
463,0.1772374520929035
464,0.1772374520928948
465,0.1772374520928862
466,0.17723745209287758
467,0.1772374520928688
468,0.17723745209286
469,0.17723745209285138
470,0.17723745209284256
471,0.17723745209283404
472,0.17723745209282518
473,0.17723745209281647
474,0.17723745209280775
475,0.17723745209279906
476,0.17723745209279043
477,0.1772374520927818
478,0.17723745209277303
479,0.17723745209276434
480,0.17723745209275557
481,0.177237452092747
482,0.17723745209273808
483,0.17723745209272948
484,0.17723745209272077
485,0.17723745209271216
486,0.17723745209270336
487,0.17723745209269462
488,0.17723745209268607
489,0.17723745209267727
490,0.17723745209266856
491,0.1772374520926598
492,0.17723745209265107
493,0.1772374520926424
494,0.17723745209263367
495,0.17723745209262506
496,0.17723745209261635
497,0.17723745209260772
498,0.17723745209259895
499,0.17723745209259015
500,0.17723745209258154
501,0.17723745209257288
502,0.17723745209256417
503,0.17723745209255565
504,0.17723745209254688
505,0.17723745209253808
506,0.17723745209252934
507,0.17723745209252081
508,0.17723745209251196
509,0.1772374520925033
510,0.17723745209249453
511,0.1772374520924858
512,0.17723745209247718
513,0.1772374520924686
514,0.17723745209245972
515,0.17723745209245093
516,0.17723745209244224
517,0.1772374520924336
518,0.1772374520924251
519,0.1772374520924162
520,0.17723745209240754
521,0.177237452092399
522,0.17723745209239014
523,0.17723745209238156
524,0.1772374520923729
525,0.17723745209236408
526,0.1772374520923554
527,0.17723745209234676
528,0.17723745209233793
529,0.17723745209232927
530,0.17723745209232047
531,0.177237452092312
532,0.17723745209230318
533,0.17723745209229455
534,0.1772374520922858
535,0.17723745209227715
536,0.1772374520922685
537,0.17723745209225975
538,0.1772374520922511
539,0.1772374520922424
540,0.17723745209223357
541,0.17723745209222505
542,0.1772374520922161
543,0.17723745209220756
544,0.17723745209219893
545,0.17723745209219016
546,0.1772374520921814
547,0.17723745209217276
548,0.17723745209216415
549,0.17723745209215536
550,0.17723745209214653
551,0.17723745209213795
552,0.17723745209212927
553,0.17723745209212058
554,0.17723745209211184
555,0.1772374520921032
556,0.17723745209209438
557,0.17723745209208563
558,0.17723745209207709
559,0.1772374520920684
560,0.1772374520920596
561,0.17723745209205097
562,0.17723745209204242
563,0.17723745209203348
564,0.1772374520920249
565,0.1772374520920163
566,0.17723745209200736
567,0.1772374520919987
568,0.17723745209199013
569,0.17723745209198147
570,0.17723745209197278
571,0.17723745209196395
572,0.17723745209195532
573,0.17723745209194658
574,0.17723745209193797
575,0.1772374520919293
576,0.17723745209192038
577,0.17723745209191188
578,0.17723745209190317
579,0.17723745209189445
580,0.17723745209188574
581,0.17723745209187688
582,0.17723745209186825
583,0.17723745209185968
584,0.177237452091851
585,0.17723745209184225
586,0.17723745209183353
587,0.17723745209182493
588,0.17723745209181604
589,0.17723745209180725
590,0.1772374520917987
591,0.17723745209179004
592,0.17723745209178135
593,0.17723745209177272
594,0.177237452091764
595,0.17723745209175534
