1,0.19182030029653377
2,0.16075976260501304
3,0.1607341973933178
4,0.16071961286659397
5,0.16070475000420628
6,0.16068953696091653
7,0.16067393564107216
8,0.16065790539189015
9,0.16064140260293133
10,0.1606243803957465
11,0.16060678828452588
12,0.16058857180531524
13,0.16056967211204187
14,0.16055002553807785
15,0.1605295631228192
16,0.16050821010389454
17,0.16048588537728198
18,0.16046250092998912
19,0.16043796125327103
20,0.16041216274893194
21,0.16038499314747212
22,0.16035633096514737
23,0.16032604503799616
24,0.16029399418519794
25,0.16026002707246775
26,0.16022398236926452
27,0.16018568932192173
28,0.16014496889855082
29,0.16010163570005398
30,0.16005550087275972
31,0.16000637629773248
32,0.15995408036196299
33,0.1598984456249743
34,0.15983932866239958
35,0.15977662227099848
36,0.1597102700273631
37,0.15964028287524704
38,0.15956675695438088
39,0.15948989128508498
40,0.15941000324720228
41,0.1593275391711384
42,0.15924307700511486
43,0.15915731819835616
44,0.15907106687504804
45,0.1589851961374065
46,0.1589006037075678
47,0.15881816154695
48,0.15873866582552615
49,0.15866279398849933
50,0.15859107443680506
51,0.15852387183290395
52,0.15846138805142085
53,0.15840367620403353
54,0.15835066359983144
55,0.1583021791221646
56,0.158257981077744
57,0.1582177826738534
58,0.15818127348719993
59,0.1581481363196688
60,0.15811805956707473
61,0.15809074565275205
62,0.15806591625924246
63,0.15804331510821235
64,0.15802270896265835
65,0.15800388740919322
66,0.15798666185513793
67,0.15797086406325464
68,0.15795634445380471
69,0.1579429703305421
70,0.15793062413245987
71,0.1579192017734901
72,0.15790861110467083
73,0.1578987705145589
74,0.15788960767145307
75,0.15788105840341388
76,0.1578730657076387
77,0.1578655788785016
78,0.15785855274268001
79,0.1578519469898071
80,0.15784572558760332
81,0.15783985627126698
82,0.15783431009783536
83,0.15782906105721758
84,0.1578240857325452
85,0.15781936300337812
86,0.15781487378612558
87,0.15781060080676784
88,0.15780652840161677
89,0.15780264234242664
90,0.15779892968266018
91,0.15779537862215592
92,0.15779197838781006
93,0.15778871912821715
94,0.15778559182048899
95,0.15778258818771346
96,0.15777970062572252
97,0.15777692213801495
98,0.15777424627783568
99,0.15777166709654114
100,0.15776917909749763
101,0.15776677719485716
102,0.15776445667663547
103,0.15776221317159592
104,0.15776004261950172
105,0.15775794124435327
106,0.15775590553028004
107,0.15775393219978803
108,0.15775201819410906
109,0.15775016065542274
110,0.1577483569107509
111,0.1577466044573492
112,0.1577449009494372
113,0.15774324418613192
114,0.15774163210045875
115,0.15774006274933394
116,0.1577385343044212
117,0.15773704504377425
118,0.15773559334419243
119,0.15773417767421732
120,0.15773279658771158
121,0.15773144871796452
122,0.1577301327722754
123,0.1577288475269698
124,0.15772759182281212
125,0.15772636456077552
126,0.15772516469813833
127,0.15772399124488087
128,0.15772284326035313
129,0.15772171985019035
130,0.15772062016345845
131,0.15771954339000632
132,0.15771848875801
133,0.15771745553169106
134,0.1577164430091973
135,0.15771545052063132
136,0.15771447742621456
137,0.15771352311457676
138,0.15771258700116159
139,0.15771166852673874
140,0.1577107671560141
141,0.15770988237633202
142,0.15770901369645904
143,0.15770816064544893
144,0.1577073227715775
145,0.15770649964134495
146,0.15770569083854044
147,0.1577048959633633
148,0.15770411463159936
149,0.15770334647384532
150,0.15770259113478066
151,0.15770184827248157
152,0.1577011175577764
153,0.15770039867363664
154,0.15769969131460412
155,0.1576989951862511
156,0.15769831000466972
157,0.1576976354959901
158,0.15769697139592592
159,0.15769631744934398
160,0.1576956734098576
161,0.157695039039442
162,0.1576944141080685
163,0.15769379839336178
164,0.15769319168026993
165,0.15769259376075673
166,0.15769200443350556
167,0.15769142350364096
168,0.15769085078246367
169,0.15769028608719812
170,0.15768972924075275
171,0.15768918007149263
172,0.15768863841302347
173,0.15768810410398484
174,0.1576875769878532
175,0.15768705691275647
176,0.15768654373129454
177,0.1576860373003697
178,0.1576855374810257
179,0.15768504413829124
180,0.1576845571410346
181,0.15768407636182116
182,0.15768360167677903
183,0.15768313296547207
184,0.15768267011077441
185,0.15768221299875498
186,0.15768176151856417
187,0.15768131556232654
188,0.15768087502503758
189,0.15768043980446503
190,0.15768000980105473
191,0.15767958491783954
192,0.1576791650603532
193,0.15767875013654675
194,0.15767834005670758
195,0.1576779347333854
196,0.15767753408131632
197,0.15767713801735297
198,0.15767674646039717
199,0.15767635933133414
200,0.15767597655297025
201,0.15767559804997233
202,0.15767522374881054
203,0.15767485357770247
204,0.157674487466559
205,0.15767412534693287
206,0.15767376715197035
207,0.1576734128163615
208,0.1576730622762953
209,0.1576727154694156
210,0.15767237233477732
211,0.15767203281280576
212,0.15767169684525725
213,0.15767136437518048
214,0.1576710353468796
215,0.15767070970587813
216,0.15767038739888567
217,0.15767006837376352
218,0.15766975257949317
219,0.15766943996614527
220,0.15766913048484968
221,0.15766882408776628
222,0.15766852072805773
223,0.15766822035986156
224,0.1576679229382646
225,0.15766762841927773
226,0.15766733675981087
227,0.15766704791765057
228,0.15766676185143558
229,0.1576664785206357
230,0.15766619788553
231,0.1576659199071865
232,0.1576656445474416
233,0.15766537176888
234,0.1576651015348176
235,0.15766483380928134
236,0.15766456855699273
237,0.15766430574335033
238,0.15766404533441228
239,0.15766378729688166
240,0.15766353159808932
241,0.1576632782059798
242,0.15766302708909602
243,0.15766277821656516
244,0.15766253155808424
245,0.15766228708390737
246,0.15766204476483267
247,0.15766180457218862
248,0.15766156647782265
249,0.1576613304540886
250,0.15766109647383544
251,0.15766086451039552
252,0.15766063453757417
253,0.15766040652963753
254,0.15766018046130467
255,0.15765995630773516
256,0.1576597340445203
257,0.15765951364767283
258,0.15765929509361878
259,0.15765907835918724
260,0.1576588634216022
261,0.1576586502584741
262,0.15765843884779024
263,0.1576582291679086
264,0.15765802119754835
265,0.15765781491578287
266,0.15765761030203163
267,0.15765740733605374
268,0.15765720599794056
269,0.15765700626810794
270,0.15765680812729072
271,0.15765661155653488
272,0.15765641653719203
273,0.15765622305091337
274,0.15765603107964238
275,0.15765584060560986
276,0.1576556516113274
277,0.15765546407958278
278,0.15765527799343354
279,0.15765509333620176
280,0.15765491009146895
281,0.15765472824307106
282,0.1576545477750929
283,0.15765436867186433
284,0.1576541909179536
285,0.15765401449816557
286,0.157653839397534
287,0.15765366560131944
288,0.15765349309500373
289,0.15765332186428643
290,0.15765315189507997
291,0.15765298317350637
292,0.15765281568589293
293,0.15765264941876797
294,0.1576524843588581
295,0.15765232049308328
296,0.15765215780855457
297,0.15765199629256915
298,0.15765183593260843
299,0.1576516767163332
300,0.15765151863158192
301,0.15765136166636565
302,0.15765120580886668
303,0.1576510510474347
304,0.1576508973705832
305,0.1576507447669876
306,0.15765059322548158
307,0.1576504427350553
308,0.15765029328485097
309,0.15765014486416204
310,0.15764999746242883
311,0.1576498510692376
312,0.15764970567431674
313,0.15764956126753468
314,0.15764941783889805
315,0.1576492753785483
316,0.15764913387676047
317,0.15764899332393967
318,0.15764885371062026
319,0.15764871502746264
320,0.15764857726525153
321,0.1576484404148935
322,0.15764830446741587
323,0.15764816941396362
324,0.15764803524579768
325,0.15764790195429348
326,0.15764776953093937
327,0.15764763796733294
328,0.15764750725518156
329,0.157647377386299
330,0.1576472483526043
331,0.1576471201461201
332,0.15764699275897046
333,0.15764686618338006
334,0.15764674041167165
335,0.1576466154362654
336,0.15764649124967717
337,0.1576463678445158
338,0.15764624521348347
339,0.15764612334937267
340,0.15764600224506603
341,0.15764588189353385
342,0.15764576228783372
343,0.15764564342110804
344,0.157645525286584
345,0.15764540787757111
346,0.1576452911874602
347,0.15764517520972327
348,0.15764505993791061
349,0.1576449453656508
350,0.15764483148664843
351,0.15764471829468443
352,0.15764460578361383
353,0.15764449394736452
354,0.15764438277993692
355,0.15764427227540243
356,0.15764416242790275
357,0.15764405323164804
358,0.1576439446809168
359,0.15764383677005406
360,0.15764372949347152
361,0.15764362284564543
362,0.15764351682111621
363,0.15764341141448668
364,0.15764330662042347
365,0.1576432024336532
366,0.15764309884896308
367,0.15764299586120048
368,0.15764289346527066
369,0.15764279165613737
370,0.15764269042882137
371,0.1576425897783991
372,0.1576424897000027
373,0.15764239018881937
374,0.15764229124008947
375,0.1576421928491071
376,0.1576420950112185
377,0.1576419977218213
378,0.15764190097636435
379,0.1576418047703468
380,0.15764170909931674
381,0.157641613958872
382,0.1576415193446577
383,0.15764142525236718
384,0.15764133167774033
385,0.15764123861656285
386,0.15764114606466664
387,0.15764105401792852
388,0.15764096247226936
389,0.1576408714236537
390,0.15764078086808989
391,0.1576406908016282
392,0.15764060122036133
393,0.15764051212042335
394,0.15764042349798893
395,0.15764033534927374
396,0.15764024767053303
397,0.15764016045806067
398,0.1576400737081906
399,0.1576399874172941
400,0.1576399015817806
401,0.15763981619809675
402,0.15763973126272599
403,0.15763964677218786
404,0.1576395627230385
405,0.15763947911186862
406,0.15763939593530454
407,0.15763931319000643
408,0.1576392308726691
409,0.1576391489800205
410,0.15763906750882217
411,0.15763898645586824
412,0.15763890581798512
413,0.1576388255920314
414,0.15763874577489695
415,0.15763866636350304
416,0.15763858735480152
417,0.15763850874577473
418,0.1576384305334349
419,0.15763835271482368
420,0.15763827528701269
421,0.15763819824710165
422,0.15763812159221946
423,0.1576380453195226
424,0.157637969426196
425,0.15763789390945115
426,0.15763781876652827
427,0.15763774399469274
428,0.1576376695912375
429,0.1576375955534815
430,0.15763752187876898
431,0.15763744856447076
432,0.15763737560798166
433,0.1576373030067229
434,0.15763723075813887
435,0.1576371588596996
436,0.15763708730889825
437,0.15763701610325223
438,0.15763694524030222
439,0.1576368747176124
440,0.1576368045327696
441,0.15763673468338357
442,0.15763666516708635
443,0.15763659598153207
444,0.15763652712439674
445,0.15763645859337835
446,0.1576363903861956
447,0.15763632250058912
448,0.15763625493431982
449,0.15763618768516932
450,0.15763612075094002
451,0.15763605412945444
452,0.15763598781855445
453,0.15763592181610245
454,0.15763585611997974
455,0.15763579072808742
456,0.15763572563834494
457,0.157635660848691
458,0.15763559635708316
459,0.15763553216149687
460,0.1576354682599262
461,0.15763540465038303
462,0.15763534133089693
463,0.15763527829951568
464,0.15763521555430357
465,0.1576351530933427
466,0.1576350909147317
467,0.15763502901658677
468,0.1576349673970403
469,0.15763490605424094
470,0.1576348449863542
471,0.15763478419156124
472,0.1576347236680591
473,0.1576346634140609
474,0.15763460342779512
475,0.15763454370750585
476,0.1576344842514523
477,0.1576344250579083
478,0.15763436612516382
479,0.15763430745152193
480,0.15763424903530185
481,0.15763419087483646
482,0.157634132968473
483,0.1576340753145726
484,0.1576340179115109
485,0.15763396075767733
486,0.1576339038514745
487,0.15763384719131884
488,0.15763379077564038
489,0.15763373460288232
490,0.1576336786715004
491,0.1576336229799644
492,0.15763356752675622
493,0.15763351231037068
494,0.15763345732931466
495,0.15763340258210848
496,0.15763334806728407
497,0.15763329378338575
498,0.15763323972897003
499,0.15763318590260486
500,0.15763313230287068
501,0.15763307892835893
502,0.15763302577767335
503,0.15763297284942873
504,0.15763292014225094
505,0.1576328676547779
506,0.1576328153856578
507,0.1576327633335502
508,0.15763271149712563
509,0.15763265987506492
510,0.15763260846605986
511,0.15763255726881334
512,0.157632506282038
513,0.15763245550445676
514,0.1576324049348034
515,0.15763235457182134
516,0.1576323044142642
517,0.1576322544608955
518,0.1576322047104885
519,0.15763215516182671
520,0.15763210581370268
521,0.1576320566649187
522,0.1576320077142866
523,0.15763195896062787
524,0.15763191040277225
525,0.15763186203956017
526,0.1576318138698397
527,0.1576317658924688
528,0.15763171810631402
529,0.15763167051025095
530,0.15763162310316384
531,0.15763157588394533
532,0.15763152885149712
533,0.15763148200472873
534,0.15763143534255894
535,0.15763138886391403
536,0.15763134256772937
537,0.15763129645294782
538,0.15763125051852048
539,0.15763120476340675
540,0.15763115918657342
541,0.15763111378699582
542,0.1576310685636567
543,0.15763102351554667
544,0.1576309786416636
545,0.15763093394101318
546,0.15763088941260905
547,0.1576308450554718
548,0.15763080086862905
549,0.15763075685111647
550,0.15763071300197645
551,0.15763066932025868
552,0.15763062580502007
553,0.15763058245532421
554,0.15763053927024204
555,0.15763049624885128
556,0.15763045339023596
557,0.15763041069348804
558,0.1576303681577049
559,0.15763032578199132
560,0.15763028356545844
561,0.1576302415072242
562,0.1576301996064127
563,0.1576301578621544
564,0.15763011627358609
565,0.15763007483985123
566,0.15763003356009922
567,0.1576299924334856
568,0.15762995145917208
569,0.15762991063632645
570,0.15762986996412265
571,0.15762982944174048
572,0.15762978906836522
573,0.15762974884318884
574,0.15762970876540847
575,0.15762966883422724
576,0.15762962904885353
577,0.1576295894085025
578,0.15762954991239334
579,0.1576295105597521
580,0.15762947134980926
581,0.15762943228180196
582,0.15762939335497175
583,0.15762935456856575
584,0.15762931592183665
585,0.15762927741404215
586,0.15762923904444534
587,0.15762920081231435
588,0.15762916271692232
589,0.15762912475754776
590,0.1576290869334739
591,0.1576290492439894
592,0.15762901168838728
593,0.15762897426596592
594,0.15762893697602848
595,0.15762889981788253
596,0.15762886279084096
597,0.15762882589422159
598,0.157628789127346
599,0.15762875248954095
600,0.1576287159801383
601,0.15762867959847343
