1,0.19138928034171146
2,0.19176300115433761
3,0.1916555317948405
4,0.19151248683176614
5,0.19131287049189524
6,0.19101528044086236
7,0.19052544170250355
8,0.18957393282577167
9,0.18698373253968206
10,0.17242514888269359
11,0.16015739934765716
12,0.1603579294887747
13,0.1603020657839637
14,0.1602495701153275
15,0.16020045428008403
16,0.16015451425387486
17,0.1601115480395029
18,0.16007135877115114
19,0.1600337568725803
20,0.15999856152950442
21,0.15996560161017612
22,0.15993471615269836
23,0.15990575452048814
24,0.1598785763103489
25,0.15985305108192693
26,0.15982905796340596
27,0.15980648517639653
28,0.1597852295130299
29,0.15976519579014042
30,0.15974629629889925
31,0.15972845026309587
32,0.15971158331525379
33,0.15969562699667136
34,0.1596805182851479
35,0.15966619915240482
36,0.15965261615194376
37,0.1596397200371622
38,0.1596274654089159
39,0.15961581039128997
40,0.15960471633406997
41,0.15959414754025858
42,0.15958407101691424
43,0.15957445624758246
44,0.1595652749846324
45,0.15955650105987115
46,0.15954811021189785
47,0.15954007992875124
48,0.1595323893045025
49,0.15952501890855136
50,0.1595179506664742
51,0.15951116775137483
52,0.1595046544847756
53,0.15949839624617182
54,0.15949237939045066
55,0.1594865911724517
56,0.15948101967800993
57,0.15947565376088477
58,0.15947048298503647
59,0.15946549757176007
60,0.15946068835123378
61,0.15945604671808453
62,0.15945156459060392
63,0.15944723437329075
64,0.1594430489224219
65,0.15943900151438242
66,0.15943508581651364
67,0.15943129586025753
68,0.1594276260163977
69,0.15942407097221853
70,0.15942062571041407
71,0.15941728548960252
72,0.15941404582630728
73,0.15941090247828457
74,0.15940785142908298
75,0.15940488887373716
76,0.15940201120549835
77,0.15939921500352264
78,0.1593964970214365
79,0.15939385417670932
80,0.15939128354077312
81,0.15938878232982648
82,0.15938634789627124
83,0.15938397772073348
84,0.15938166940462328
85,0.15937942066319358
86,0.1593772293190575
87,0.15937509329613578
88,0.15937301061399514
89,0.15937097938255476
90,0.15936899779713068
91,0.15936706413379725
92,0.15936517674503603
93,0.15936333405566172
94,0.15936153455899568
95,0.1593597768132771
96,0.1593580594382903
97,0.1593563811121979
98,0.15935474056856014
99,0.15935313659353456
100,0.15935156802323716
101,0.15935003374125942
102,0.15934853267632873
103,0.1593470638001012
104,0.1593456261250832
105,0.15934421870266732
106,0.15934284062127976
107,0.15934149100463027
108,0.159340169010058
109,0.1593388738269689
110,0.15933760467535632
111,0.15933636080440242
112,0.15933514149115285
113,0.1593339460392634
114,0.15933277377781013
115,0.15933162406016338
116,0.1593304962629182
117,0.1593293897848802
118,0.15932830404610182
119,0.15932723848696692
120,0.15932619256731892
121,0.1593251657656295
122,0.1593241575782041
123,0.15932316751841544
124,0.1593221951159597
125,0.1593212399161082
126,0.1593203014789167
127,0.15931937937826954
128,0.15931847320039125
129,0.1593175825404382
130,0.15931670699006847
131,0.15931584605639257
132,0.15931499740997276
133,0.15917469352031993
134,0.15902358112472423
135,0.1590226610637336
136,0.1670570248523197
137,0.15909124208890932
138,0.1593035919343665
139,0.15929421924850248
140,0.15928474763798078
141,0.15927564293854643
142,0.15926688714381143
143,0.1592584625808614
144,0.15925035264099982
145,0.1592425417098745
146,0.1592350151011713
147,0.15922775899490907
148,0.15922076038003805
149,0.1592140070010573
150,0.15920748730837866
151,0.15920119041217884
152,0.15919510603949544
153,0.15918922449433823
154,0.15918353662059814
155,0.15917803376755685
156,0.15917270775780257
157,0.1591675508573838
158,0.1591625557480336
159,0.15915771550131472
160,0.1591530235545445
161,0.15914847368837057
162,0.1591440600058751
163,0.15913977691309836
164,0.15913561910087476
165,0.1591315815278888
166,0.15912765940486273
167,0.1591238481797906
168,0.15912014352414772
169,0.15911654132000252
170,0.15911303764796664
171,0.15910962877592674
172,0.159106311148497
173,0.15910308137714713
174,0.1590999362309547
175,0.15909687262794087
176,0.1590938876269455
177,0.1590909784200102
178,0.15908814232522706
179,0.15908537678002854
180,0.15908267933488304
181,0.15908004764737163
182,0.15907747947662035
183,0.15907497267806245
184,0.1590725251985121
185,0.15907013507152418
186,0.15906780041302715
187,0.15906551941720648
188,0.1590632903526253
189,0.1590611115585658
190,0.15905898144157718
191,0.1590568984722191
192,0.15905486118198428
193,0.15905286816039432
194,0.1590509180522526
195,0.15904900955504875
196,0.15904714141650328
197,0.15904531243224493
198,0.1590435214436106
199,0.1590417673355638
200,0.1590400490347217
201,0.1590383655074857
202,0.15903671575826925
203,0.15903509882781672
204,0.1590335137916086
205,0.159031959758348
206,0.15903043586852325
207,0.1590289412930432
208,0.15902747523193939
209,0.1590260369131342
210,0.15902462559126784
211,0.15902324054658343
212,0.15902188108386622
213,0.1590205465314336
214,0.15901923624017356
215,0.1590179495826289
216,0.15901668595212431
217,0.15901544476193522
218,0.15901422544449462
219,0.15901302745063592
220,0.15901185024887363
221,0.15901069332471207
222,0.15900955617999052
223,0.15900843833225423
224,0.15900733931415514
225,0.1590062586728794
226,0.15900519596959972
227,0.1590041507789516
228,0.1590031226885336
229,0.15900211129842706
230,0.15900111622074012
231,0.15900013707916705
232,0.15899917350856943
233,0.15899822515457426
234,0.1589972916731883
235,0.15899637273042905
236,0.15899546800197162
237,0.15899457717280877
238,0.15899369993692664
239,0.15899283599699213
240,0.15899198506405446
241,0.15899114685725674
242,0.15899032110356215
243,0.1589895075374875
244,0.15898870590085018
245,0.15898791594252373
246,0.15898713741820317
247,0.15898637009017963
248,0.1589856137271236
249,0.1589848681038765
250,0.15898413300125053
251,0.15898340820583579
252,0.15898269350981462
253,0.15898198871078353
254,0.15898129361158095
255,0.15898060802012215
256,0.15897993174924002
257,0.15897926461653106
258,0.1589786064442085
259,0.15897795705895917
260,0.15897731629180653
261,0.15897668397797832
262,0.1589760599567789
263,0.1589754440714662
264,0.15897483616913355
265,0.1589742361005947
266,0.15897364372027298
267,0.15897305888609578
268,0.15897248145939089
269,0.1589719113047869
270,0.15897134829011814
271,0.1589707922863313
272,0.15897024316739622
273,0.15896970081021936
274,0.15896916509455977
275,0.1589686359029492
276,0.15896811312061346
277,0.15896759663539672
278,0.15896708633768905
279,0.15896658212035525
280,0.1589660838786671
281,0.15896559151023665
282,0.15896510491495286
283,0.15896462399491923
284,0.1589641486543944
285,0.1589636787997333
286,0.15896321433933208
287,0.15896275518357278
288,0.158962301244771
289,0.15896185243712496
290,0.1589614086766661
291,0.1589609698812105
292,0.15896053597031362
293,0.15896010686522388
294,0.1589596824888401
295,0.15895926276566893
296,0.1589588476217833
297,0.1589584369847831
298,0.1589580307837565
299,0.15895762894924242
300,0.15895723141319415
301,0.1589568381089442
302,0.1589564489711697
303,0.1589560639358594
304,0.15895568294028198
305,0.15895530592295343
306,0.15895493282360806
307,0.15895456358316754
308,0.1589541981437134
309,0.1589538364484581
310,0.15895347844171925
311,0.15895312406889187
312,0.15895277327642357
313,0.1589524260117893
314,0.15895208222346804
315,0.15895174186091843
316,0.15895140487455542
317,0.1589510712157297
318,0.15895074083670463
319,0.15895041369063598
320,0.15895008973155117
321,0.15894976891432888
322,0.158949451194681
323,0.15894913652913276
324,0.15894882487500464
325,0.158948516190394
326,0.15894821043415902
327,0.15894790756590035
328,0.15894760754594559
329,0.15894731033533294
330,0.1589470158957954
331,0.15894672418974545
332,0.15894643518026116
333,0.15894614883107017
334,0.1589458651065373
335,0.15894558397164943
336,0.15894530539200333
337,0.15894502933379168
338,0.15894475576379088
339,0.15894448464934816
340,0.15894421595837072
341,0.15894394965931227
342,0.15894368572116307
343,0.1589434241134377
344,0.15894316480616485
345,0.15894290776987624
346,0.1589426529755963
347,0.1589424003948324
348,0.15894214999956435
349,0.1589419017622353
350,0.1589416556557421
351,0.15894141165342615
352,0.15894116972906439
353,0.15894092985686065
354,0.1589406920114371
355,0.15894045616782557
356,0.15894022230146007
357,0.15893999038816822
358,0.158939760404164
359,0.1589395323260394
360,0.15893930613075802
361,0.15893908179564697
362,0.15893885929839038
363,0.15893863861702226
364,0.15893841972991934
365,0.15893820261579558
366,0.15893798725369448
367,0.15893777362298356
368,0.158937561703348
369,0.15893735147478455
370,0.15893714291759575
371,0.15893693601238384
372,0.15893673074004602
373,0.1589365270817678
374,0.15893632501901858
375,0.1589361245335457
376,0.15893592560736977
377,0.15893572822277946
378,0.15893553236232635
379,0.15893533800882073
380,0.15893514514532645
381,0.15893495375515573
382,0.15893476382186633
383,0.1589345753292554
384,0.15893438826135617
385,0.15893420260243307
386,0.1589340183369785
387,0.15893383544970777
388,0.15893365392555567
389,0.15893347374967268
390,0.15893329490742109
391,0.15893311738437077
392,0.15893294116629642
393,0.15893276623917327
394,0.1589325925891742
395,0.15893242020266538
396,0.15893224906620418
397,0.15893207916653493
398,0.15893191049058572
399,0.15893174302546628
400,0.1589315767584634
401,0.15893141167703909
402,0.15893124776882725
403,0.15893108502163025
404,0.158930923423417
405,0.1589307629623195
406,0.15893060362663053
407,0.1589304454048006
408,0.15893028828543504
409,0.15893013225729286
410,0.1589299773092824
411,0.1589298234304602
412,0.15892967061002763
413,0.15892951883732945
414,0.1589293681018504
415,0.15892921839321428
416,0.15892906970117998
417,0.15892892201564107
418,0.15892877532662236
419,0.15892862962427842
420,0.15892848489889078
421,0.1589283411408672
422,0.1589281983407386
423,0.1589280564891573
424,0.15892791557689515
425,0.1589277755948419
426,0.15892763653400255
427,0.15892749838549733
428,0.1589273611405572
429,0.15892722479052487
430,0.15892708932685143
431,0.15892695474109456
432,0.1589268210249179
433,0.15892668817008868
434,0.15892655616847662
435,0.15892642501205168
436,0.15892629469288314
437,0.15892616520313801
438,0.1589260365350792
439,0.15892590868106415
440,0.1589257816335441
441,0.15892565538506148
442,0.15892552992824951
443,0.15892540525583065
444,0.15892528136061465
445,0.15892515823549802
446,0.15892503587346268
447,0.15892491426757394
448,0.1589247934109802
449,0.15892467329691104
450,0.15892455391867658
451,0.1589244352696661
452,0.1589243173433462
453,0.1589242001332608
454,0.15892408363302957
455,0.1589239678363465
456,0.15892385273697937
457,0.15892373832876808
458,0.15892362460562426
459,0.15892351156152973
460,0.15892339919053586
461,0.1589232874867623
462,0.15892317644439613
463,0.15892306605769108
464,0.15892295632096604
465,0.15892284722860503
466,0.15892273877505547
467,0.15892263095482775
468,0.15892252376249388
469,0.15892241719268732
470,0.15892231124010142
471,0.15892220589948913
472,0.15892210116566222
473,0.15892199703348958
474,0.1589218934978978
475,0.15892179055386896
476,0.15892168819644112
477,0.1589215864207067
478,0.15892148522181215
479,0.15892138459495694
480,0.15892128453539334
481,0.1589211850384251
482,0.1589210860994071
483,0.15892098771374452
484,0.15892088987689262
485,0.15892079258435518
486,0.1589206958316845
487,0.15892059961448102
488,0.15892050392839174
489,0.1589204087691106
490,0.15892031413237692
491,0.15892022001397593
492,0.15892012640973685
493,0.15892003331553348
494,0.1589199407272828
495,0.15891984864094508
496,0.1589197570525227
497,0.15891966595805992
498,0.15891957535364234
499,0.15891948523539648
500,0.15891939559948906
501,0.1589193064421259
502,0.15891921775955298
503,0.15891912954805434
504,0.15891904180395258
505,0.15891895452360785
506,0.15891886770341776
507,0.15891878133981616
508,0.158918695429274
509,0.1589186099682975
510,0.15891852495342862
511,0.1589184403812441
512,0.15891835624835537
513,0.15891827255140764
514,0.1589181892870802
515,0.15891810645208548
516,0.15891802404316863
517,0.15891794205710705
518,0.15891786049071077
519,0.15891777934082107
520,0.1589176986043104
521,0.15891761827808235
522,0.15891753835907085
523,0.15891745884424013
524,0.15891737973058392
525,0.15891730101512538
526,0.1589172226949172
527,0.15891714476703991
528,0.15891706722860324
529,0.15891699007674442
530,0.15891691330862837
531,0.15891683692144767
532,0.15891676091242163
533,0.15891668527879643
534,0.1589166100178443
535,0.15891653512686402
536,0.15891646060317963
537,0.15891638644414127
538,0.15891631264712353
539,0.15891623920952627
540,0.1589161661287738
541,0.15891609340231466
542,0.1589160210276217
543,0.15891594900219083
544,0.15891587732354215
545,0.15891580598921856
546,0.1589157349967858
547,0.15891566434383242
548,0.1589155940279693
549,0.15891552404682924
550,0.15891545439806734
551,0.15891538507936
552,0.1589153160884049
553,0.15891524742292135
554,0.15891517908064878
555,0.15891511105934786
556,0.15891504335679973
557,0.1589149759708054
558,0.15891490889918583
559,0.15891484213978205
560,0.1589147756904541
561,0.15891470954908193
562,0.15891464371356392
563,0.15891457818181798
564,0.15891451295178038
565,0.15891444802140545
566,0.15891438338866648
567,0.1589143190515542
568,0.15891425500807768
569,0.1589141912562633
570,0.15891412779415498
571,0.15891406461981414
572,0.15891400173131895
573,0.15891393912676446
574,0.15891387680426267
575,0.15891381476194227
576,0.15891375299794774
577,0.1589136915104401
578,0.15891363029759636
579,0.15891356935760936
580,0.15891350868868717
581,0.15891344828905418
582,0.15891338815694922
583,0.158913328290627
584,0.1589132686883569
585,0.1589132093484229
586,0.15891315026912417
587,0.1589130914487738
588,0.15891303288569997
589,0.15891297457824463
590,0.15891291652476366
591,0.15891285872362723
592,0.15891280117321926
593,0.15891274387193685
594,0.15891268681819107
595,0.15891263001040623
596,0.15891257344701984
597,0.15891251712648222
598,0.15891246104725704
599,0.15891240520782055
600,0.15891234960666167
601,0.158912294242282
602,0.15891223911319521
603,0.1589121842179277
604,0.15891212955501774
605,0.1589120751230157
606,0.15891202092048382
607,0.1589119669459964
608,0.15891191319813897
609,0.1589118596755091
610,0.15891180637671518
611,0.15891175330037766
612,0.1589117004451275
613,0.15891164780960712
614,0.15891159539247016
615,0.15891154319238054
616,0.15891149120801337
617,0.15891143943805414
618,0.1589113878811992
619,0.15891133653615513
620,0.15891128540163899
621,0.15891123447637795
622,0.15891118375910937
623,0.15891113324858055
624,0.15891108294354897
625,0.1589110328427817
626,0.15891098294505576
627,0.15891093324915762
628,0.1589108837538836
629,0.15891083445803897
630,0.15891078536043887
631,0.15891073645990758
632,0.15891068775527845
633,0.15891063924539406
634,0.15891059092910587
635,0.15891054280527436
636,0.15891049487276887
637,0.15891044713046756
638,0.15891039957725697
639,0.1589103522120326
640,0.15891030503369805
641,0.15891025804116563
642,0.15891021123335594
643,0.158910164609198
644,0.15891011816762865
645,0.15891007190759318
646,0.15891002582804445
647,0.15890997992794412
648,0.15890993420626076
649,0.15890988866197145
650,0.15890984329406072
651,0.1589097981015206
652,0.15890975308335106
653,0.15890970823855938
654,0.1589096635661604
655,0.15890961906517628
656,0.15890957473463627
657,0.15890953057357746
658,0.15890948658104345
659,0.15890944275608535
660,0.15890939909776108
661,0.15890935560513592
662,0.15890931227728172
663,0.15890926911327696
664,0.15890922611220767
665,0.15890918327316605
666,0.15890914059525096
667,0.158909098077568
668,0.15890905571922934
669,0.15890901351935363
670,0.15890897147706587
671,0.15890892959149744
672,0.1589088878617862
673,0.15890884628707588
674,0.15890880486651715
675,0.15890876359926584
676,0.15890872248448448
677,0.1589086815213417
678,0.15890864070901167
679,0.15890860004667495
680,0.1589085595335179
681,0.15890851916873214
682,0.15890847895151572
683,0.1589084388810724
684,0.1589083989566111
685,0.1589083591773467
686,0.15890831954249962
687,0.15890828005129573
688,0.15890824070296655
689,0.15890820149674878
690,0.15890816243188466
691,0.15890812350762176
692,0.15890808472321288
693,0.15890804607791592
694,0.15890800757099413
695,0.15890796920171615
696,0.15890793096935504
697,0.1589078928731898
698,0.1589078549125036
699,0.15890781708658497
700,0.1589077793947279
701,0.15890774183622983
702,0.15890770441039495
703,0.15890766711653048
704,0.15890762995394925
705,0.15890759292196918
706,0.15890755601991208
707,0.15890751924710478
708,0.1589074826028788
709,0.15890744608656968
710,0.15890740969751843
711,0.15890737343506967
712,0.15890733729857293
713,0.15890730128738206
714,0.15890726540085526
715,0.15890722963835488
716,0.158907193999248
717,0.15890715848290565
718,0.15890712308870297
719,0.15890708781601964
720,0.15890705266423932
721,0.1589070176327499
722,0.15890698272094306
723,0.15890694792821483
724,0.1589069132539652
725,0.15890687869759826
726,0.1589068442585218
727,0.15890680993614767
728,0.15890677572989145
729,0.15890674163917304
730,0.15890670766341555
731,0.15890667380204623
732,0.15890664005449642
733,0.15890660642020063
734,0.15890657289859705
735,0.15890653948912806
736,0.15890650619123922
737,0.15890647300437988
738,0.15890643992800316
739,0.15890640696156555
740,0.1589063741045269
741,0.15890634135635073
742,0.1589063087165042
743,0.15890627618445782
744,0.15890624375968504
745,0.15890621144166353
746,0.15890617922987366
747,0.1589061471237996
748,0.15890611512292832
749,0.15890608322675057
750,0.15890605143476
751,0.1589060197464537
752,0.1589059881613318
753,0.15890595667889795
754,0.15890592529865855
755,0.15890589402012317
756,0.15890586284280475
757,0.15890583176621914
758,0.15890580078988537
759,0.15890576991332522
760,0.15890573913606368
761,0.1589057084576289
762,0.15890567787755142
763,0.15890564739536545
764,0.15890561701060782
765,0.158905586722818
766,0.1589055565315385
767,0.15890552643631478
768,0.15890549643669505
769,0.15890546653223026
770,0.15890543672247429
771,0.15890540700698372
772,0.15890537738531782
773,0.15890534785703864
774,0.1589053184217108
775,0.1589052890789018
776,0.1589052598281818
777,0.1589052306691233
778,0.15890520160130167
779,0.15890517262429488
780,0.15890514373768344
781,0.15890511494105036
782,0.15890508623398103
783,0.15890505761606388
784,0.15890502908688925
785,0.1589050006460505
786,0.1589049722931432
787,0.158904944027765
788,0.15890491584951655
789,0.1589048877580006
790,0.1589048597528225
791,0.1589048318335898
792,0.15890480399991241
793,0.15890477625140256
794,0.15890474858767503
795,0.1589047210083465
796,0.15890469351303652
797,0.1589046661013663
798,0.15890463877295946
799,0.1589046115274422
800,0.15890458436444263
801,0.15890455728359093
802,0.1589045302845199
803,0.15890450336686412
804,0.15890447653026057
805,0.15890444977434834
806,0.15890442309876834
807,0.15890439650316393
808,0.15890436998718055
809,0.1589043435504657
810,0.15890431719266854
811,0.1589042909134408
812,0.15890426471243618
813,0.15890423858930974
814,0.1589042125437198
815,0.15890418657532543
816,0.15890416068378835
817,0.15890413486877206
818,0.15890410912994188
819,0.15890408346696536
820,0.15890405787951178
821,0.15890403236725223
822,0.15890400692985993
823,0.15890398156700977
824,0.15890395627837872
825,0.1589039310636451
826,0.15890390592248985
827,0.1589038808545951
828,0.1589038558596452
829,0.15890383093732585
830,0.15890380608732504
831,0.1589037813093321
832,0.15890375660303832
833,0.15890373196813698
834,0.1589037074043226
835,0.15890368291129162
836,0.15890365848874224
837,0.1589036341363747
838,0.15890360985389018
839,0.1589035856409921
840,0.15890356149738546
841,0.15890353742277666
842,0.1589035134168742
843,0.15890348947938754
844,0.15890346561002855
845,0.15890344180850985
846,0.15890341807454658
847,0.15890339440785467
848,0.15890337080815223
849,0.15890334727515848
850,0.15890332380859432
851,0.15890330040818232
852,0.15890327707364646
853,0.1589032538047124
854,0.15890323060110703
855,0.15890320746255898
856,0.15890318438879836
857,0.15890316137955654
858,0.15890313843456672
859,0.15890311555356315
860,0.1589030927362819
861,0.15890306998246018
862,0.15890304729183685
863,0.1589030246641519
864,0.15890300209914726
865,0.1589029795965658
866,0.1589029571561518
867,0.15890293477765127
868,0.15890291246081106
869,0.15890289020537998
870,0.15890286801110792
871,0.15890284587774572
872,0.1589028238050463
873,0.15890280179276353
874,0.15890277984065246
875,0.1589027579484697
876,0.15890273611597294
877,0.1589027143429214
878,0.15890269262907564
879,0.15890267097419702
880,0.15890264937804863
881,0.1589026278403947
882,0.15890260636100076
883,0.15890258493963316
884,0.1589025635760601
885,0.15890254227005063
886,0.1589025210213754
887,0.15890249982980564
888,0.15890247869511426
889,0.15890245761707525
890,0.15890243659546388
891,0.15890241563005614
892,0.15890239472063003
893,0.1589023738669639
894,0.15890235306883785
895,0.15890233232603246
896,0.15890231163833024
897,0.1589022910055142
898,0.15890227042736899
899,0.15890224990367982
900,0.15890222943423357
901,0.1589022090188177
902,0.15890218865722136
903,0.15890216834923437
904,0.15890214809464753
905,0.15890212789325292
906,0.15890210774484398
907,0.15890208764921465
908,0.15890206760616027
909,0.15890204761547713
910,0.15890202767696268
911,0.15890200779041527
912,0.1589019879556342
913,0.1589019681724203
914,0.15890194844057456
915,0.1589019287598995
916,0.1589019091301988
917,0.15890188955127704
918,0.15890187002293943
919,0.15890185054499253
920,0.1589018311172438
921,0.1589018117395016
922,0.15890179241157512
923,0.15890177313327505
924,0.1589017539044125
925,0.15890173472479957
926,0.15890171559424962
927,0.15890169651257682
928,0.158901677479596
929,0.15890165849512303
930,0.15890163955897535
931,0.1589016206709702
932,0.1589016018309265
933,0.1589015830386637
934,0.15890156429400276
935,0.15890154559676464
936,0.15890152694677195
937,0.15890150834384734
938,0.15890148978781543
939,0.15890147127850077
940,0.15890145281572926
941,0.15890143439932744
942,0.1589014160291231
943,0.15890139770494432
944,0.15890137942662025
945,0.15890136119398096
946,0.15890134300685735
947,0.15890132486508113
948,0.15890130676848466
949,0.15890128871690137
950,0.15890127071016535
951,0.15890125274811145
952,0.1589012348305757
953,0.1589012169573944
954,0.15890119912840497
955,0.15890118134344544
956,0.15890116360235476
957,0.1589011459049728
958,0.1589011282511397
959,0.1589011106406969
960,0.15890109307348638
961,0.15890107554935085
962,0.15890105806813382
963,0.15890104062967952
964,0.15890102323383323
965,0.15890100588044037
966,0.15890098856934756
967,0.15890097130040193
968,0.1589009540734517
969,0.15890093688834533
970,0.15890091974493237
971,0.15890090264306275
972,0.1589008855825875
973,0.1589008685633579
974,0.15890085158522643
975,0.158900834648046
976,0.15890081775167028
977,0.15890080089595346
978,0.15890078408075067
979,0.15890076730591757
980,0.15890075057131048
981,0.1589007338767866
982,0.15890071722220359
983,0.1589007006074198
984,0.15890068403229438
985,0.15890066749668705
986,0.1589006510004581
987,0.1589006345434687
988,0.15890061812558023
989,0.15890060174665543
990,0.15890058540655705
991,0.15890056910514855
992,0.15890055284229446
993,0.15890053661785938
994,0.15890052043170905
995,0.15890050428370922
996,0.15890048817372704
997,0.15890047210162972
998,0.15890045606728503
999,0.1589004400705619
1000,0.15890042411132915
1001,0.15890040818945658
1002,0.15890039230481495
1003,0.15890037645727487
1004,0.15890036064670793
1005,0.15890034487298627
1006,0.15890032913598282
1007,0.15890031343557076
1008,0.158900297771624
1009,0.1589002821440171
1010,0.15890026655262487
1011,0.15890025099732316
1012,0.158900235477988
1013,0.15890021999449608
1014,0.15890020454672488
1015,0.15890018913455212
1016,0.15890017375785614
1017,0.1589001584165161
1018,0.15890014311041142
1019,0.1589001278394219
