1,0.22434038482761132
2,0.2243299196688422
3,0.2243018592989063
4,0.22430062755123084
5,0.22429998252724936
6,0.22429932308906997
7,0.22429864874822672
8,0.22429795899393679
9,0.22429725329181088
10,0.2242965310824737
11,0.22429579178008788
12,0.22429503477076942
13,0.22429425941088993
14,0.2242934650252527
15,0.22429265090513564
16,0.22429181630618242
17,0.22429096044613606
18,0.22429008250239676
19,0.22428918160938632
20,0.2242882568557061
21,0.22428730728106425
22,0.2242863318729539
23,0.22428532956305555
24,0.2242842992233395
25,0.2242832396618352
26,0.22428214961803705
27,0.22428102775790915
28,0.2242798726684442
29,0.22427868285173452
30,0.2242774567184993
31,0.22427619258101356
32,0.22427488864536482
33,0.22427354300297342
34,0.22427215362128278
35,0.22427071833353063
36,0.22426923482748934
37,0.22426770063305473
38,0.22426611310854047
39,0.22426446942552233
40,0.22426276655204566
41,0.22426100123398915
42,0.22425916997434292
43,0.22425726901012324
44,0.22425529428660512
45,0.22425324142850078
46,0.22425110570765264
47,0.2242488820067408
48,0.22424656477841848
49,0.22424414799918896
50,0.22424162511721885
51,0.22423898899313735
52,0.2242362318326886
53,0.22423334510991738
54,0.22423031947927927
55,0.22422714467477425
56,0.22422380939382167
57,0.22422030116309663
58,0.2242166061829919
59,0.22421270914661096
60,0.2242085930283004
61,0.22420423883556798
62,0.22419962531677198
63,0.224194728615109
64,0.2241895218570235
65,0.2241839746600817
66,0.22417805254130377
67,0.22417171620166307
68,0.22416492065542853
69,0.22415761416365548
70,0.2241497369184327
71,0.22414121940722923
72,0.22413198036279966
73,0.22412192417081678
74,0.22411093756025702
75,0.22409888533397604
76,0.22408560479844705
77,0.22407089840582628
78,0.22405452390166017
79,0.2240361809333724
80,0.2240154925429692
81,0.22399197911082194
82,0.22396502089945525
83,0.2239338029263518
84,0.2238972316197184
85,0.22385380485465967
86,0.22380140185619735
87,0.22373692880243742
88,0.2236556897294763
89,0.22355019789983743
90,0.22340774710050804
91,0.2232049192350716
92,0.22289333117099505
93,0.22235446933491435
94,0.22120152116268213
95,0.2170708626486836
96,0.18986758617738647
97,0.17748859781435475
98,0.17743193638552696
99,0.17743193537040963
100,0.17743193536434876
101,0.17743193535830654
102,0.17743193535226431
103,0.1774319353462225
104,0.17743193534018112
105,0.17743193533414023
106,0.1774319353280996
107,0.17743193532205923
108,0.17743193531601945
109,0.17743193530998003
110,0.17743193530394086
111,0.17743193529790205
112,0.17743193529186382
113,0.1774319352858257
114,0.17743193527978798
115,0.17743193527375073
116,0.17743193526771384
117,0.17743193526167717
118,0.1774319352556413
119,0.1774319352496055
120,0.17743193524357018
121,0.17743193523753495
122,0.17743193523150025
123,0.1774319352254661
124,0.17743193521943212
125,0.1774319352133984
126,0.1774319352073653
127,0.17743193520133244
128,0.17743193519529987
129,0.17743193518926792
130,0.17743193518323616
131,0.17743193517720496
132,0.17743193517117384
133,0.17743193516514333
134,0.17743193515911296
135,0.17743193515308325
136,0.17743193514705352
137,0.17743193514102462
138,0.1774319351349958
139,0.17743193512896754
140,0.17743193512293948
141,0.17743193511691177
142,0.17743193511088437
143,0.17743193510485772
144,0.17743193509883087
145,0.1774319350928048
146,0.17743193508677907
147,0.17743193508075372
148,0.1774319350747287
149,0.17743193506870394
150,0.1774319350626797
151,0.1774319350566557
152,0.17743193505063215
153,0.17743193504460905
154,0.17743193503858615
155,0.17743193503256363
156,0.17743193502654164
157,0.17743193502051988
158,0.1774319350144985
159,0.1774319350084775
160,0.17743193500245677
161,0.1774319349964367
162,0.1774319349904168
163,0.17743193498439727
164,0.17743193497837803
165,0.1774319349723593
166,0.17743193496634077
167,0.17743193496032292
168,0.17743193495430515
169,0.17743193494828804
170,0.1774319349422711
171,0.17743193493625453
172,0.17743193493023843
173,0.17743193492422255
174,0.17743193491820697
175,0.177431934912192
176,0.17743193490617726
177,0.17743193490016293
178,0.17743193489414888
179,0.17743193488813538
180,0.17743193488212194
181,0.17743193487610917
182,0.17743193487009667
183,0.17743193486408454
184,0.17743193485807265
185,0.17743193485206132
186,0.17743193484605035
187,0.17743193484003975
188,0.1774319348340294
189,0.17743193482801953
190,0.1774319348220099
191,0.17743193481600072
192,0.17743193480999195
193,0.17743193480398353
194,0.1774319347979755
195,0.17743193479196775
196,0.1774319347859605
197,0.17743193477995342
198,0.17743193477394675
199,0.17743193476794064
200,0.17743193476193478
201,0.17743193475592922
202,0.17743193474992422
203,0.17743193474391922
204,0.17743193473791485
205,0.17743193473191085
206,0.17743193472590724
207,0.17743193471990393
208,0.17743193471390098
209,0.17743193470789853
210,0.1774319347018963
211,0.17743193469589463
212,0.17743193468989296
213,0.1774319346838921
214,0.17743193467789128
215,0.17743193467189072
216,0.17743193466589074
217,0.17743193465989113
218,0.17743193465389204
219,0.1774319346478933
220,0.17743193464189458
221,0.17743193463589632
222,0.17743193462989873
223,0.17743193462390122
224,0.17743193461790413
225,0.17743193461190743
226,0.17743193460591128
227,0.1774319345999152
228,0.1774319345939195
229,0.17743193458792436
230,0.17743193458192977
231,0.17743193457593523
232,0.17743193456994102
233,0.17743193456394718
234,0.1774319345579539
235,0.1774319345519609
236,0.1774319345459684
237,0.17743193453997586
238,0.17743193453398418
239,0.1774319345279927
240,0.1774319345220013
241,0.1774319345160107
242,0.17743193451002026
243,0.17743193450402997
244,0.17743193449804026
245,0.17743193449205105
246,0.17743193448606207
247,0.17743193448007355
248,0.1774319344740853
249,0.17743193446809716
250,0.1774319344621098
251,0.1774319344561227
252,0.17743193445013597
253,0.17743193444414943
254,0.17743193443816344
255,0.1774319344321776
256,0.17743193442619243
257,0.1774319344202076
258,0.1774319344142229
259,0.17743193440823873
260,0.17743193440225488
261,0.1774319343962714
262,0.17743193439028823
263,0.1774319343843057
264,0.1774319343783231
265,0.17743193437234112
266,0.17743193436635957
267,0.17743193436037832
268,0.17743193435439716
269,0.17743193434841661
270,0.1774319343424364
271,0.17743193433645657
272,0.17743193433047713
273,0.17743193432449814
274,0.17743193431851934
275,0.17743193431254115
276,0.17743193430656304
277,0.17743193430058557
278,0.17743193429460805
279,0.1774319342886312
280,0.1774319342826547
281,0.17743193427667872
282,0.17743193427070295
283,0.17743193426472723
284,0.1774319342587522
285,0.1774319342527773
286,0.17743193424680323
287,0.17743193424082906
288,0.17743193423485557
289,0.17743193422888232
290,0.1774319342229096
291,0.17743193421693698
292,0.17743193421096481
293,0.177431934204993
294,0.1774319341990215
295,0.17743193419305028
296,0.17743193418707973
297,0.17743193418110925
298,0.1774319341751397
299,0.17743193416917
300,0.17743193416320072
301,0.17743193415723185
302,0.17743193415126327
303,0.17743193414529523
304,0.17743193413932745
305,0.17743193413336
306,0.17743193412739283
307,0.1774319341214264
308,0.17743193411545982
309,0.1774319341094941
310,0.17743193410352845
311,0.17743193409756322
312,0.17743193409159824
313,0.1774319340856337
314,0.1774319340796696
315,0.17743193407370583
316,0.17743193406774233
317,0.17743193406177943
318,0.17743193405581692
319,0.17743193404985463
320,0.17743193404389257
321,0.17743193403793092
322,0.17743193403196983
323,0.17743193402600885
324,0.17743193402004845
325,0.17743193401408827
326,0.17743193400812846
327,0.17743193400216908
328,0.17743193399621
329,0.17743193399025134
330,0.177431933984293
331,0.17743193397833507
332,0.1774319339723776
333,0.17743193396642032
334,0.17743193396046347
335,0.17743193395450707
336,0.17743193394855075
337,0.17743193394259507
338,0.1774319339366398
339,0.1774319339306846
340,0.17743193392472992
341,0.17743193391877582
342,0.1774319339128216
343,0.17743193390686812
344,0.17743193390091497
345,0.17743193389496195
346,0.17743193388900955
347,0.17743193388305736
348,0.17743193387710585
349,0.17743193387115425
350,0.17743193386520317
351,0.17743193385925252
352,0.17743193385330225
353,0.17743193384735217
354,0.17743193384140257
355,0.17743193383545353
356,0.17743193382950448
357,0.17743193382355593
358,0.17743193381760802
359,0.17743193381166017
360,0.17743193380571273
361,0.1774319337997657
362,0.177431933793819
363,0.1774319337878726
364,0.17743193378192676
365,0.17743193377598096
366,0.17743193377003583
367,0.17743193376409114
368,0.17743193375814656
369,0.17743193375220223
370,0.1774319337462587
371,0.17743193374031505
372,0.17743193373437213
373,0.17743193372842922
374,0.17743193372248717
375,0.17743193371654484
376,0.1774319337106034
377,0.17743193370466218
378,0.17743193369872126
379,0.17743193369278082
380,0.17743193368684038
381,0.1774319336809007
382,0.17743193367496124
383,0.1774319336690223
384,0.1774319336630834
385,0.17743193365714513
386,0.17743193365120716
387,0.17743193364526946
388,0.1774319336393324
389,0.17743193363339538
390,0.17743193362745882
391,0.1774319336215226
392,0.1774319336155867
393,0.1774319336096514
394,0.17743193360371595
395,0.17743193359778134
396,0.17743193359184725
397,0.17743193358591292
398,0.1774319335799793
399,0.17743193357404613
400,0.17743193356811313
401,0.17743193356218068
402,0.1774319335562484
403,0.17743193355031658
404,0.17743193354438513
405,0.17743193353845388
406,0.17743193353252293
407,0.1774319335265927
408,0.17743193352066255
409,0.17743193351473308
410,0.17743193350880376
411,0.1774319335028746
412,0.1774319334969461
413,0.1774319334910178
414,0.17743193348509012
415,0.17743193347916236
416,0.17743193347323538
417,0.17743193346730862
418,0.17743193346138209
419,0.17743193345545594
420,0.1774319334495304
421,0.17743193344360503
422,0.1774319334376799
423,0.1774319334317554
424,0.177431933425831
425,0.177431933419907
426,0.17743193341398358
427,0.17743193340806043
428,0.17743193340213764
429,0.177431933396215
430,0.17743193339029292
431,0.17743193338437113
432,0.17743193337844987
433,0.17743193337252863
434,0.17743193336660812
435,0.17743193336068783
436,0.17743193335476798
437,0.17743193334884824
438,0.177431933342929
439,0.17743193333701018
440,0.17743193333109167
441,0.1774319333251736
442,0.17743193331925605
443,0.17743193331333834
444,0.17743193330742135
445,0.1774319333015048
446,0.17743193329558826
447,0.17743193328967236
448,0.1774319332837567
449,0.17743193327784124
450,0.17743193327192636
451,0.17743193326601198
452,0.17743193326009776
453,0.17743193325418402
454,0.1774319332482704
455,0.17743193324235731
456,0.17743193323644463
457,0.17743193323053208
458,0.17743193322462025
459,0.17743193321870845
460,0.17743193321279715
461,0.1774319332068861
462,0.17743193320097567
463,0.17743193319506526
464,0.17743193318915543
465,0.1774319331832461
466,0.17743193317733663
467,0.17743193317142794
468,0.17743193316551967
469,0.17743193315961134
470,0.17743193315370392
471,0.17743193314779648
472,0.17743193314188938
473,0.17743193313598274
474,0.1774319331300764
475,0.17743193312417047
476,0.17743193311826486
477,0.17743193311235989
478,0.17743193310645508
479,0.17743193310055036
480,0.17743193309464628
481,0.17743193308874253
482,0.1774319330828391
483,0.17743193307693586
484,0.1774319330710335
485,0.17743193306513103
486,0.17743193305922889
487,0.17743193305332736
488,0.17743193304742613
489,0.17743193304152516
490,0.17743193303562477
491,0.17743193302972454
492,0.17743193302382454
493,0.17743193301792518
494,0.177431933012026
495,0.17743193300612728
496,0.17743193300022878
497,0.1774319329943308
498,0.17743193298843324
499,0.17743193298253582
500,0.17743193297663895
501,0.17743193297074236
502,0.1774319329648462
503,0.17743193295895016
504,0.17743193295305468
505,0.17743193294715956
506,0.17743193294126464
507,0.1774319329353702
508,0.1774319329294761
509,0.1774319329235822
510,0.17743193291768877
511,0.1774319329117959
512,0.17743193290590334
513,0.17743193290001108
514,0.17743193289411896
515,0.17743193288822728
516,0.17743193288233602
517,0.17743193287644524
518,0.17743193287055462
519,0.17743193286466458
520,0.17743193285877465
521,0.17743193285288536
522,0.17743193284699607
523,0.17743193284110734
524,0.17743193283521902
525,0.17743193282933103
526,0.1774319328234433
527,0.17743193281755607
528,0.17743193281166925
529,0.17743193280578273
530,0.17743193279989614
531,0.1774319327940105
532,0.17743193278812483
533,0.17743193278223965
534,0.1774319327763548
535,0.1774319327704703
536,0.17743193276458635
537,0.17743193275870256
538,0.17743193275281938
539,0.1774319327469362
540,0.1774319327410536
541,0.17743193273517116
542,0.17743193272928914
543,0.17743193272340763
544,0.17743193271752639
545,0.17743193271164556
546,0.1774319327057651
547,0.17743193269988494
548,0.17743193269400492
549,0.17743193268812532
550,0.17743193268224638
551,0.17743193267636767
552,0.17743193267048932
553,0.1774319326646112
554,0.17743193265873358
555,0.17743193265285626
556,0.17743193264697923
557,0.1774319326411026
558,0.17743193263522639
559,0.17743193262935056
560,0.177431932623475
561,0.17743193261760007
562,0.17743193261172494
563,0.17743193260585052
564,0.17743193259997636
565,0.17743193259410267
566,0.17743193258822926
567,0.17743193258235626
568,0.1774319325764834
569,0.17743193257061118
570,0.1774319325647392
571,0.17743193255886758
572,0.17743193255299622
573,0.17743193254712533
574,0.1774319325412549
575,0.17743193253538456
576,0.17743193252951475
577,0.1774319325236452
578,0.17743193251777617
579,0.17743193251190742
580,0.17743193250603875
581,0.1774319325001708
582,0.17743193249430314
583,0.17743193248843578
584,0.17743193248256864
585,0.17743193247670214
586,0.17743193247083583
587,0.17743193246497005
588,0.17743193245910427
589,0.17743193245323918
590,0.17743193244737426
591,0.17743193244150984
592,0.1774319324356455
593,0.17743193242978192
594,0.17743193242391833
595,0.17743193241805508
596,0.1774319324121924
597,0.17743193240633004
598,0.17743193240046823
599,0.1774319323946064
600,0.17743193238874508
601,0.17743193238288407
602,0.17743193237702334
603,0.17743193237116323
