1,0.2526875564235943
2,0.1733306035050552
3,0.17333058709670202
4,0.17333058709667465
5,0.17333058709664645
6,0.17333058709661725
7,0.1733305870965867
8,0.17333058709655474
9,0.1733305870965214
10,0.17333058709648635
11,0.17333058709644988
12,0.17333058709641141
13,0.1733305870963713
14,0.17333058709632881
15,0.17333058709628432
16,0.17333058709623742
17,0.1733305870961878
18,0.17333058709613547
19,0.17333058709608012
20,0.1733305870960214
21,0.17333058709595883
22,0.17333058709589258
23,0.17333058709582175
24,0.17333058709574609
25,0.17333058709566518
26,0.1733305870955783
27,0.17333058709548463
28,0.17333058709538385
29,0.1733305870952747
30,0.17333058709515622
31,0.1733305870950271
32,0.17333058709488572
33,0.17333058709473045
34,0.1733305870945594
35,0.17333058709436952
36,0.1733305870941579
37,0.17333058709392055
38,0.1733305870936526
39,0.1733305870933472
40,0.17333058709299634
41,0.17333058709258933
42,0.17333058709211172
43,0.17333058709154314
44,0.17333058709085536
45,0.17333058709000707
46,0.17333058708893515
47,0.17333058708753935
48,0.17333058708564925
49,0.1733305870829521
50,0.17333058707880758
51,0.17333058707167207
52,0.17333058705672413
53,0.1733305870083833
54,0.17333058556120584
55,0.1733109556853609
56,0.17330497561688832
57,0.17329950995641039
58,0.17329437499640105
59,0.17328954424028237
60,0.1732849937525948
61,0.17328070187604977
62,0.17327664898302955
63,0.17327281725700416
64,0.1732691905000077
65,0.17326575396283392
66,0.17326249419506684
67,0.17325939891243727
68,0.17325645687933255
69,0.17325365780457985
70,0.1732509922488633
71,0.17324845154235616
72,0.17324602771133277
73,0.17324371341268469
74,0.17324150187540338
75,0.17323938684821555
76,0.17323736255265318
77,0.17323542364093628
78,0.17323356515812385
79,0.17323178250804766
80,0.17323007142261698
81,0.17322842793411722
82,0.17322684835017832
83,0.1732253292311328
84,0.17322386736949758
85,0.17322245977136888
86,0.1732211036395226
87,0.17321979635805032
88,0.17321853547837252
89,0.17321731870649076
90,0.17321614389135692
91,0.1732150090142499
92,0.1732139121790579
93,0.1732128516033888
94,0.1732118256104161
95,0.1732108326214058
96,0.17320987114884895
97,0.1732089397901515
98,0.17320803722182865
99,0.17320716219415744
100,0.17320631352624682
101,0.17320549010148986
102,0.1732046908633627
103,0.17320391481154346
104,0.17320316099831895
105,0.17320242852525958
106,0.17320171654013786
107,0.17320102423406897
108,0.17320035083885815
109,0.17319969562453708
110,0.17319905789707057
111,0.1731984369962269
112,0.17319783229359184
113,0.17319724319072075
114,0.1731966691174129
115,0.17319610953010361
116,0.17319556391036203
117,0.17319503176348852
118,0.17319451261719945
119,0.17319400602040358
120,0.1731935115420494
121,0.173193028770051
122,0.17319255731027636
123,0.1731920967856028
124,0.17319164683502752
125,0.1731912071128336
126,0.17319077728780652
127,0.17319035704249713
128,0.17318994607252802
129,0.17318954408594137
130,0.17318915080258465
131,0.17318876595353244
132,0.17318838928053917
133,0.173188020535526
134,0.17318765948009457
135,0.17318730588506817
136,0.17318695953005947
137,0.17318662020306008
138,0.17318628770005454
139,0.17318596182465384
140,0.17318564238774917
141,0.17318532920718374
142,0.17318502210744205
143,0.17318472091935516
144,0.17318442547982288
145,0.173184135631547
146,0.17318385122278238
147,0.17318357210709598
148,0.17318329814314276
149,0.17318302919444892
150,0.1731827651292081
151,0.17318250582008735
152,0.1731822511440414
153,0.17318200098213735
154,0.17318175521938678
155,0.1731815137445872
156,0.173181276450169
157,0.17318104323205127
158,0.17318081398950402
159,0.17318058862501648
160,0.17318036704417147
161,0.1731801491555258
162,0.17317993487049654
163,0.17317972410325025
164,0.17317951677060095
165,0.17317931279190882
166,0.17317911208898631
167,0.17317891458600515
168,0.17317872020941202
169,0.17317852888784335
170,0.1731783405520461
171,0.17317815513480217
172,0.17317797257085393
173,0.17317779279683637
174,0.17317761575120813
175,0.1731774413741883
176,0.173177269607695
177,0.1731771003952857
178,0.1731769336821008
179,0.17317676941481017
180,0.17317660754156017
181,0.17317644801192367
182,0.17317629077685193
183,0.17317613578862967
184,0.17317598300082898
185,0.17317583236826845
186,0.17317568384697068
187,0.1731755373941246
188,0.1731753929680465
189,0.17317525052814361
190,0.17317511003488006
191,0.17317497144974217
192,0.17317483473520703
193,0.17317469985471043
194,0.1731745667726177
195,0.1731744354541937
196,0.17317430586557642
197,0.1731741779737489
198,0.17317405174651335
199,0.17317392715246693
200,0.17317380416097805
201,0.17317368274216174
202,0.1731735628668592
203,0.17317344450661334
204,0.1731733276336518
205,0.17317321222086385
206,0.17317309824178162
207,0.173172985670563
208,0.17317287448197122
209,0.173172764651359
210,0.17317265615465113
211,0.17317254896832904
212,0.17317244306941246
213,0.1731723384354478
214,0.17317223504449086
215,0.17317213287509345
216,0.17317203190628944
217,0.17317193211758194
218,0.1731718334889301
219,0.17317173600073638
220,0.17317163963383453
221,0.1731715443694792
222,0.17317145018933242
223,0.17317135707545442
224,0.17317126501029237
225,0.17317117397667026
226,0.17317108395777933
227,0.1731709949371671
228,0.17317090689873
229,0.17317081982670252
230,0.17317073370564987
231,0.17317064852045871
232,0.173170564256329
233,0.1731704808987661
234,0.1731703984335728
235,0.1731703168468427
236,0.1731702361249518
237,0.17317015625455184
238,0.1731700772225632
239,0.17316999901616978
240,0.17316992162280972
241,0.1731698450301716
242,0.1731697692261874
243,0.17316969419902642
244,0.17316961993708954
245,0.1731695464290043
246,0.17316947366361823
247,0.1731694016299956
248,0.17316933031740994
249,0.17316925971534047
250,0.17316918981346704
251,0.17316912060166548
252,0.17316905207000263
253,0.17316898420873247
254,0.17316891700829107
255,0.17316885045929362
256,0.1731687845525285
257,0.17316871927895494
258,0.17316865462969813
259,0.17316859059604656
260,0.1731685271694471
261,0.17316846434150227
262,0.17316840210396564
263,0.17316834044874066
264,0.17316827936787504
265,0.17316821885355901
266,0.1731681588981208
267,0.17316809949402567
268,0.1731680406338712
269,0.17316798231038505
270,0.1731679245164218
271,0.17316786724496053
272,0.17316781048910268
273,0.17316775424206832
274,0.17316769849719416
275,0.1731676432479315
276,0.17316758848784305
277,0.17316753421060066
278,0.1731674804099845
279,0.1731674270798779
280,0.1731673742142683
281,0.1731673218072428
282,0.17316726985298797
283,0.17316721834578616
284,0.1731671672800142
285,0.17316711665014184
286,0.17316706645072966
287,0.17316701667642656
288,0.17316696732196896
289,0.17316691838217885
290,0.173166869851961
291,0.17316682172630318
292,0.1731667740002729
293,0.17316672666901617
294,0.1731666797277569
295,0.1731666331717947
296,0.17316658699650261
297,0.17316654119732708
298,0.1731664957697855
299,0.1731664507094664
300,0.17316640601202496
301,0.17316636167318558
302,0.17316631768873741
303,0.1731662740545349
304,0.17316623076649632
305,0.1731661878206019
306,0.1731661452128931
307,0.17316610293947093
308,0.1731660609964966
309,0.17316601938018764
310,0.17316597808681947
311,0.17316593711272227
312,0.17316589645428188
313,0.17316585610793647
314,0.1731658160701785
315,0.17316577633755048
316,0.17316573690664688
317,0.1731656977741116
318,0.1731656589366376
319,0.1731656203909653
320,0.17316558213388375
321,0.1731655441622266
322,0.17316550647287401
323,0.17316546906275151
324,0.17316543192882675
325,0.1731653950681122
326,0.173165358477662
327,0.17316532215457173
328,0.1731652860959789
329,0.17316525029906002
330,0.173165214761032
331,0.17316517947915025
332,0.17316514445070832
333,0.17316510967303722
334,0.17316507514350526
335,0.17316504085951648
336,0.17316500681851074
337,0.17316497301796296
338,0.17316493945538286
339,0.17316490612831323
340,0.1731648730343306
341,0.173164840171044
342,0.17316480753609528
343,0.17316477512715706
344,0.173164742941934
345,0.1731647109781604
346,0.17316467923360124
347,0.17316464770605128
348,0.17316461639333425
349,0.17316458529330178
350,0.173164554403835
351,0.17316452372284172
352,0.17316449324825806
353,0.17316446297804536
354,0.17316443291019296
355,0.17316440304271563
356,0.17316437337365337
357,0.17316434390107188
358,0.17316431462306137
359,0.17316428553773663
360,0.17316425664323576
361,0.1731642279377213
362,0.17316419941937883
363,0.17316417108641666
364,0.1731641429370656
365,0.17316411496957843
366,0.17316408718223067
367,0.173164059573318
368,0.17316403214115833
369,0.17316400488409003
370,0.1731639778004721
371,0.17316395088868353
372,0.17316392414712323
373,0.17316389757420977
374,0.1731638711683815
375,0.17316384492809436
376,0.17316381885182527
377,0.1731637929380675
378,0.17316376718533355
379,0.17316374159215353
380,0.1731637161570749
381,0.1731636908786633
382,0.17316366575550068
383,0.17316364078618668
384,0.17316361596933638
385,0.173163591303582
386,0.17316356678757217
387,0.17316354241997076
388,0.1731635181994574
389,0.1731634941247276
390,0.17316347019449174
391,0.1731634464074751
392,0.173163422762418
393,0.1731633992580752
394,0.1731633758932162
395,0.1731633526666237
396,0.173163329577095
397,0.17316330662344145
398,0.17316328380448773
399,0.17316326111907143
400,0.17316323856604346
401,0.17316321614426874
402,0.17316319385262338
403,0.1731631716899973
404,0.17316314965529245
405,0.17316312774742312
406,0.1731631059653161
407,0.1731630843079088
408,0.17316306277415244
409,0.17316304136300856
410,0.17316302007344955
411,0.17316299890446124
412,0.17316297785503826
413,0.1731629569241881
414,0.17316293611092792
415,0.17316291541428616
416,0.17316289483330147
417,0.17316287436702327
418,0.17316285401451098
419,0.1731628337748346
420,0.1731628136470734
421,0.1731627936303171
422,0.1731627737236648
423,0.1731627539262258
424,0.17316273423711814
425,0.17316271465546984
426,0.17316269518041788
427,0.17316267581110817
428,0.1731626565466963
429,0.1731626373863457
430,0.17316261832922936
431,0.17316259937452888
