1,0.29424828830490185
2,0.1766711792469813
3,0.17663984164021562
4,0.1766130130878807
5,0.17658992075078128
6,0.1765699344943636
7,0.17655254882973972
8,0.17653735488156996
9,0.17652401935078696
10,0.17651226857122262
11,0.1765018763137578
12,0.1764926543745209
13,0.17648444525071685
14,0.17647711639585062
15,0.17647055567996675
16,0.1764646677766899
17,0.1764593712685473
18,0.17645459631301544
19,0.1764502827493357
20,0.17644637855407075
21,0.17644283857432372
22,0.1764396234833431
23,0.17643669891524724
24,0.17643403474480748
25,0.17643160448529788
26,0.17642938478293402
27,0.17642735499067957
28,0.1764254968075809
29,0.1764237939724238
30,0.17642223200261523
31,0.17642079797085627
32,0.17641948031352578
33,0.17641826866575538
34,0.17641715371905728
35,0.17641612709807192
36,0.17641518125357078
37,0.17641430936933006
38,0.17641350528086533
39,0.17641276340434925
40,0.17641207867428652
41,0.17641144648874382
42,0.17641086266111383
43,0.17641032337754553
44,0.17640982515929626
45,0.17640936482937317
46,0.17640893948291794
47,0.17640854646086762
48,0.17640818332648578
49,0.17640784784441801
50,0.17640753796196626
51,0.17640725179232156
52,0.17640698759952764
53,0.176406743784974
54,0.17640651887524852
55,0.17640631151119265
56,0.17640612043803255
57,0.17640594449646047
58,0.1764057826145759
59,0.17640563380057975
60,0.1764054971361576
61,0.17640537177046933
62,0.17640525691468936
63,0.1764051518370381
64,0.1764050558582566
65,0.17640496834748304
66,0.17640488871848556
67,0.17640481642622355
68,0.17640475096370087
69,0.17640469185908753
70,0.1764046386730802
71,0.17640459099648376
72,0.17640454844798947
73,0.17640451067213608
74,0.17640447733743353
75,0.176404448134638
76,0.17640442277516138
77,0.1764044009896076
78,0.17640438252642185
79,0.17640436715064264
80,0.1764043546427519
81,0.17640434479760958
82,0.17640433742347003
83,0.17640433234106973
84,0.1764043293827856
85,0.1764043283918508
86,0.17640432922163166
87,0.17640433173495432
88,0.17640433580348014
89,0.17640434130712548
90,0.17640434813352385
91,0.17640435617752298
92,0.1764043653407198
93,0.17640437553102514
94,0.17640438666226071
95,0.17640439865378074
96,0.17640441143012225
97,0.17640442492067743
98,0.17640443905938621
99,0.1764044537844535
100,0.17640446903807996
101,0.17640448476621545
102,0.1764045009183264
103,0.1764045174471749
104,0.1764045343086196
105,0.1764045514614219
106,0.17640456886707012
107,0.17640458648961121
108,0.17640460429549393
109,0.17640462225342374
110,0.17640464033422487
111,0.1764046585107114
112,0.1764046767575663
113,0.17640469505122852
114,0.17640471336978683
115,0.17640473169287899
116,0.1764047500015993
117,0.1764047682784098
118,0.1764047865070575
119,0.17640480467249714
120,0.17640482276081812
121,0.17640484075917495
122,0.17640485865572383
123,0.1764048764395613
124,0.17640489410066745
125,0.17640491162985186
126,0.176404929018703
127,0.17640494625954098
128,0.17640496334537284
129,0.1764049802698495
130,0.17640499702722745
131,0.17640501361232958
132,0.17640503002051142
133,0.176405046247628
134,0.17640506229000164
135,0.17640507814439263
136,0.17640509380797187
137,0.1764051092782957
138,0.17640512455327892
139,0.17640513963117366
140,0.17640515451054647
141,0.17640516919025853
142,0.17640518366944494
143,0.1764051979474978
144,0.17640521202404788
145,0.1764052258989492
146,0.17640523957226328
147,0.17640525304424404
148,0.17640526631532613
149,0.1764052793861096
150,0.17640529225735005
151,0.17640530492994597
152,0.17640531740492774
153,0.17640532968344855
154,0.1764053417667753
155,0.17640535365627738
156,0.17640536535342027
157,0.17640537685975716
158,0.17640538817692095
159,0.17640539930661756
160,0.17640541025061987
161,0.1764054210107599
162,0.17640543158892485
163,0.17640544198705013
164,0.1764054522071156
165,0.17640546225113923
166,0.17640547212117308
167,0.17640548181929988
168,0.17640549134762787
169,0.1764055007082872
170,0.17640550990342718
171,0.1764055189352119
172,0.17640552780581845
173,0.1764055365174324
174,0.1764055450722461
175,0.1764055534724564
176,0.17640556172026162
177,0.17640556981785915
178,0.1764055777674448
179,0.1764055855712092
180,0.17640559323133662
181,0.1764056007500038
182,0.17640560812937786
183,0.17640561537161498
184,0.17640562247885944
185,0.17640562945324167
186,0.1764056362968778
187,0.17640564301186828
188,0.1764056496002968
189,0.17640565606423028
190,0.17640566240571687
191,0.17640566862678567
192,0.17640567472944693
193,0.17640568071568963
194,0.17640568658748285
195,0.17640569234677406
196,0.17640569799548889
197,0.17640570353553178
198,0.17640570896878335
199,0.17640571429710308
200,0.17640571952232628
201,0.1764057246462656
202,0.17640572967071072
203,0.1764057345974267
204,0.17640573942815624
205,0.17640574416461788
206,0.17640574880850615
207,0.17640575336149197
208,0.17640575782522283
209,0.17640576220132184
210,0.17640576649138875
211,0.17640577069699967
212,0.176405774819707
213,0.17640577886103934
214,0.1764057828225027
215,0.17640578670557874
216,0.17640579051172692
217,0.17640579424238298
218,0.17640579789896013
219,0.1764058014828489
220,0.17640580499541758
221,0.17640580843801176
222,0.17640581181195503
223,0.1764058151185496
224,0.17640581835907465
225,0.17640582153478965
226,0.17640582464693103
227,0.17640582769671606
228,0.1764058306853398
229,0.1764058336139775
230,0.17640583648378366
231,0.17640583929589312
232,0.1764058420514207
233,0.1764058447514615
234,0.17640584739709206
235,0.1764058499893689
236,0.17640585252933016
237,0.17640585501799544
238,0.17640585745636647
239,0.17640585984542606
240,0.17640586218613988
241,0.1764058644794556
242,0.17640586672630462
243,0.17640586892759988
244,0.17640587108423858
245,0.17640587319710166
246,0.17640587526705268
247,0.1764058772949398
248,0.17640587928159573
249,0.17640588122783715
250,0.17640588313446615
251,0.17640588500226873
252,0.17640588683201713
253,0.17640588862446854
254,0.176405890380366
255,0.17640589210043875
256,0.17640589378540128
257,0.17640589543595572
258,0.17640589705278995
259,0.176405898636579
260,0.1764059001879852
261,0.17640590170765758
262,0.1764059031962331
263,0.17640590465433664
264,0.17640590608258086
265,0.17640590748156618
266,0.17640590885188218
267,0.17640591019410595
268,0.17640591150880452
269,0.17640591279653323
270,0.17640591405783643
271,0.17640591529324853
272,0.176405916503293
273,0.17640591768848268
274,0.17640591884932133
275,0.1764059199863024
276,0.17640592109990924
277,0.17640592219061585
278,0.1764059232588873
279,0.17640592430517932
280,0.17640592532993818
281,0.17640592633360183
282,0.17640592731659932
283,0.17640592827935145
284,0.1764059292222702
285,0.1764059301457596
286,0.17640593105021582
287,0.1764059319360268
288,0.1764059328035731
289,0.1764059336532274
290,0.17640593448535502
291,0.17640593530031395
292,0.1764059360984554
293,0.1764059368801226
294,0.17640593764565288
295,0.17640593839537638
296,0.17640593912961688
297,0.17640593984869068
298,0.17640594055290923
299,0.1764059412425766
300,0.17640594191799114
301,0.17640594257944503
302,0.1764059432272245
303,0.17640594386161038
304,0.1764059444828777
305,0.17640594509129537
306,0.176405945687128
307,0.17640594627063333
308,0.17640594684206495
309,0.17640594740167156
310,0.17640594794969566
311,0.17640594848637567
312,0.17640594901194517
313,0.1764059495266327
314,0.17640595003066203
315,0.17640595052425312
316,0.1764059510076204
317,0.1764059514809746
318,0.17640595194452235
319,0.1764059523984653
320,0.17640595284300176
321,0.17640595327832564
322,0.1764059537046267
323,0.176405954122091
324,0.17640595453090127
325,0.1764059549312359
326,0.17640595532326983
327,0.1764059557071742
328,0.17640595608311693
329,0.1764059564512627
330,0.17640595681177243
331,0.1764059571648036
332,0.17640595751051097
333,0.17640595784904622
334,0.17640595818055668
335,0.17640595850518828
336,0.17640595882308335
337,0.1764059591343806
338,0.1764059594392168
339,0.17640595973772571
340,0.1764059600300382
341,0.1764059603162822
342,0.1764059605965835
343,0.17640596087106505
344,0.17640596113984736
345,0.17640596140304826
346,0.17640596166078365
347,0.17640596191316651
348,0.17640596216030757
349,0.1764059624023151
350,0.17640596263929606
351,0.17640596287135427
352,0.1764059630985922
353,0.1764059633211089
354,0.17640596353900287
355,0.1764059637523694
356,0.17640596396130304
357,0.176405964165895
358,0.17640596436623543
359,0.1764059645624129
360,0.17640596475451295
361,0.17640596494262134
362,0.17640596512681936
363,0.17640596530718938
364,0.17640596548381016
365,0.17640596565675976
366,0.17640596582611404
367,0.17640596599194786
368,0.17640596615433418
369,0.1764059663133445
370,0.17640596646904905
371,0.1764059666215163
372,0.17640596677081335
373,0.1764059669170061
374,0.17640596706015896
375,0.1764059672003352
376,0.17640596733759645
377,0.17640596747200338
378,0.17640596760361527
379,0.17640596773248993
380,0.17640596785868434
381,0.17640596798225414
382,0.17640596810325365
383,0.17640596822173688
384,0.1764059683377556
385,0.17640596845136092
386,0.17640596856260327
387,0.17640596867153138
388,0.17640596877819395
389,0.17640596888263754
390,0.1764059689849085
391,0.1764059690850517
392,0.17640596918311155
393,0.1764059692791312
394,0.17640596937315342
395,0.17640596946521916
396,0.17640596955536983
397,0.1764059696436446
398,0.1764059697300825
399,0.1764059698147222
400,0.17640596989760052
401,0.17640596997875443
402,0.17640597005821967
403,0.17640597013603124
404,0.1764059702122238
405,0.1764059702868305
406,0.17640597035988484
407,0.1764059704314192
408,0.17640597050146445
409,0.1764059705700522
410,0.17640597063721272
411,0.1764059707029752
412,0.17640597076736927
413,0.17640597083042323
414,0.17640597089216473
415,0.17640597095262128
416,0.17640597101181946
417,0.1764059710697856
418,0.17640597112654519
419,0.17640597118212348
420,0.1764059712365449
421,0.1764059712898336
422,0.17640597134201297
423,0.1764059713931063
424,0.17640597144313638
425,0.1764059714921251
426,0.17640597154009383
427,0.17640597158706395
428,0.1764059716330564
429,0.17640597167809155
430,0.17640597172218922
431,0.17640597176536912
432,0.17640597180764978
433,0.17640597184905035
434,0.17640597188958917
435,0.176405971929284
436,0.17640597196815253
437,0.17640597200621197
438,0.1764059720434789
439,0.1764059720799701
440,0.17640597211570155
441,0.17640597215068932
442,0.1764059721849486
443,0.1764059722184946
444,0.17640597225134202
445,0.17640597228350574
446,0.1764059723149999
447,0.17640597234583819
448,0.17640597237603448
449,0.17640597240560216
450,0.17640597243455414
451,0.17640597246290368
452,0.17640597249066264
453,0.1764059725178437
454,0.1764059725444587
455,0.17640597257051974
456,0.17640597259603827
457,0.17640597262102545
458,0.17640597264549196
459,0.1764059726694494
460,0.176405972692908
461,0.17640597271587796
462,0.1764059727383699
463,0.17640597276039363
464,0.17640597278195838
465,0.1764059728030743
466,0.17640597282375067
467,0.17640597284399642
468,0.1764059728638205
469,0.17640597288323195
470,0.17640597290223933
471,0.17640597292085075
472,0.1764059729390745
473,0.176405972956919
474,0.1764059729743918
475,0.17640597299150088
476,0.1764059730082536
477,0.17640597302465752
478,0.17640597304071978
479,0.1764059730564475
480,0.17640597307184788
481,0.17640597308692754
482,0.17640597310169345
483,0.17640597311615155
484,0.17640597313030876
485,0.17640597314417117
486,0.17640597315774473
487,0.17640597317103582
488,0.17640597318404988
489,0.17640597319679321
490,0.1764059732092711
491,0.17640597322148902
492,0.17640597323345256
493,0.1764059732451672
494,0.17640597325663762
495,0.17640597326786928
496,0.17640597327886717
497,0.17640597328963578
498,0.1764059733001803
499,0.17640597331050514
500,0.17640597332061517
501,0.17640597333051455
502,0.17640597334020772
503,0.17640597334969915
504,0.17640597335899283
505,0.176405973368093
506,0.17640597337700378
507,0.17640597338572864
508,0.17640597339427228
509,0.1764059734026377
510,0.17640597341082911
511,0.17640597341884953
512,0.17640597342670333
513,0.17640597343439338
514,0.17640597344192352
515,0.1764059734492965
516,0.17640597345651615
517,0.1764059734635853
518,0.17640597347050743
519,0.17640597347728532
520,0.17640597348392204
521,0.17640597349042064
522,0.17640597349678386
523,0.1764059735030144
524,0.17640597350911533
525,0.17640597351508921
526,0.17640597352093867
527,0.17640597352666645
528,0.17640597353227472
529,0.17640597353776633
530,0.1764059735431433
531,0.17640597354840865
532,0.17640597355356408
533,0.17640597355861243
534,0.17640597356355553
535,0.17640597356839566
536,0.1764059735731349
537,0.17640597357777563
538,0.17640597358231963
539,0.17640597358676885
540,0.17640597359112561
541,0.1764059735953916
542,0.1764059735995686
543,0.1764059736036588
544,0.1764059736076637
545,0.17640597361158525
546,0.1764059736154251
547,0.176405973619185
548,0.1764059736228665
549,0.17640597362647145
550,0.17640597363000132
551,0.1764059736334578
552,0.17640597363684202
553,0.176405973640156
554,0.1764059736434007
555,0.17640597364657798
556,0.17640597364968902
557,0.17640597365273536
558,0.17640597365571822
559,0.17640597365863905
560,0.17640597366149885
561,0.17640597366429922
562,0.17640597366704136
563,0.17640597366972616
564,0.17640597367235514
565,0.17640597367492958
566,0.17640597367745023
567,0.17640597367991834
568,0.1764059736823351
569,0.1764059736847016
570,0.17640597368701852
571,0.17640597368928762
572,0.17640597369150915
573,0.17640597369368452
574,0.1764059736958146
575,0.17640597369790034
576,0.17640597369994254
577,0.17640597370194208
578,0.17640597370390013
579,0.17640597370581765
580,0.17640597370769495
581,0.1764059737095332
582,0.17640597371133312
583,0.17640597371309572
584,0.1764059737148216
585,0.1764059737165112
586,0.17640597371816594
587,0.1764059737197862
588,0.17640597372137282
589,0.1764059737229261
590,0.17640597372444716
591,0.17640597372593636
592,0.17640597372739494
593,0.17640597372882286
594,0.17640597373022116
595,0.17640597373159012
