1,0.4431794770526532
2,0.2297104490047222
3,0.1793762883625812
4,0.17842446244015006
5,0.17831370487902737
6,0.17828115296474295
7,0.17826214429371826
8,0.17824612256322192
9,0.17823092010230066
10,0.17821606451365507
11,0.1782014515872456
12,0.1781870583718347
13,0.17817287984374283
14,0.1781589148624622
15,0.17814516305359282
16,0.17813162411798603
17,0.178118297679934
18,0.17810518325527358
19,0.17809228024627877
20,0.1780795879426482
21,0.17806710552397415
22,0.17805483206266018
23,0.1780427665270446
24,0.17803090778467034
25,0.17801925460566997
26,0.17800780566625615
27,0.17799655955229923
28,0.17798551476298075
29,0.17797466971450868
30,0.1779640227438834
31,0.17795357211269994
32,0.17794331601097502
33,0.17793325256098982
34,0.17792337982113274
35,0.17791369578973587
36,0.17790419840889302
37,0.1778948855682496
38,0.1778857551087563
39,0.1778768048263775
40,0.17786803247574737
41,0.17785943577376467
42,0.17785101240312182
43,0.17784276001576077
44,0.17783467623625024
45,0.17782675866507994
46,0.1778190048818666
47,0.17781141244846926
48,0.1778039789120083
49,0.1777967018077879
50,0.17778957866211872
51,0.17778260699503648
52,0.17777578432292007
53,0.17776910816100247
54,0.17776257602577963
55,0.1777561854373099
56,0.17774993392141406
57,0.17774381901176461
58,0.17773783825187583
59,0.17773198919698757
60,0.17772626941584957
61,0.17772067649240372
62,0.17771520802736973
63,0.1777098616397329
64,0.17770463496813665
65,0.17769952567218497
66,0.17769453143365257
67,0.1776896499576082
68,0.1776848789734537
69,0.17768021623587987
70,0.17767565952574135
71,0.17767120665085787
72,0.17766685544673702
73,0.17766260377722895
74,0.17765844953511004
75,0.1776543906426018
76,0.177650425051827
77,0.17764655074520314
78,0.17764276573578172
79,0.1776390680675292
80,0.17763545581555748
81,0.17763192708630496
82,0.17762848001766848
83,0.17762511277909318
84,0.17762182357161815
85,0.17761861062788312
86,0.17761547221209817
87,0.17761240661997685
88,0.17760941217863718
89,0.17760648724647227
90,0.1776036302129894
91,0.17760083949862662
92,0.1775981135545393
93,0.17759545086236755
94,0.17759284993397936
95,0.17759030931119557
96,0.17758782756549613
97,0.1775854032977091
98,0.17758303513768592
99,0.17758072174396095
100,0.17757846180340014
101,0.17757625403083788
102,0.17757409716870365
103,0.17757198998664026
104,0.1775699312811133
105,0.1775679198750159
106,0.17756595461726563
107,0.1775640343823969
108,0.1775621580701505
109,0.1775603246050588
110,0.17755853293602894
111,0.1775567820359242
112,0.17755507090114403
113,0.17755339855120453
114,0.17755176402831813
115,0.17755016639697402
116,0.17754860474352044
117,0.17754707817574802
118,0.17754558582247557
119,0.1775441268331382
120,0.1775427003773783
121,0.17754130564463946
122,0.177539941843765
123,0.17753860820259842
124,0.17753730396759052
125,0.17753602840340713
126,0.1775347807925461
127,0.17753356043495477
128,0.17753236664765384
129,0.1775311987643681
130,0.17753005613515882
131,0.1775289381260642
132,0.1775278441187446
133,0.1775267735101321
134,0.1775257257120864
135,0.17752470015105734
136,0.17752369626775172
137,0.1775227135168051
138,0.1775217513664618
139,0.177520809298259
140,0.1775198868067159
141,0.1775189833990303
142,0.17751809859478027
143,0.1775172319256306
144,0.17751638293504635
145,0.1775155511780117
146,0.17751473622075303
147,0.17751393764046933
148,0.17751315502506798
149,0.17751238797290467
150,0.1775116360925299
151,0.1775108990024404
152,0.17751017633083657
153,0.17750946771538334
154,0.17750877280297897
155,0.1775080912495258
156,0.17750742271970912
157,0.17750676688677813
158,0.17750612343233452
159,0.17750549204612354
160,0.1775048724258303
161,0.17750426427688315
162,0.17750366731225742
163,0.17750308125228717
164,0.1775025058244797
165,0.17750194076333486
166,0.17750138581016867
167,0.17750084071293995
168,0.17750030522608387
169,0.17749977911034634
170,0.17749926213262376
171,0.1774987540658072
172,0.177498254688629
173,0.17749776378551455
174,0.17749728114643665
175,0.17749680656677344
176,0.17749633984717028
177,0.17749588079340475
178,0.17749542921625527
179,0.17749498493137278
180,0.17749454775915524
181,0.17749411752462574
182,0.17749369405731352
183,0.17749327719113842
184,0.17749286676429665
185,0.17749246261915141
186,0.17749206460212538
187,0.17749167256359535
188,0.1774912863577903
189,0.17749090584269248
190,0.17749053087993927
191,0.17749016133472906
192,0.1774897970757298
193,0.17748943797498826
194,0.17748908390784257
195,0.17748873475283716
196,0.17748839039163983
197,0.17748805070896076
198,0.17748771559247284
199,0.17748738493273586
200,0.17748705862312106
201,0.17748673655973804
202,0.17748641864136397
203,0.17748610476937404
204,0.17748579484767454
205,0.1774854887826365
206,0.17748518648303171
207,0.17748488785997119
208,0.17748459282684317
209,0.17748430129925497
210,0.17748401319497462
211,0.1774837284338752
212,0.17748344693788023
213,0.17748316863090974
214,0.1774828934388289
215,0.17748262128939749
216,0.17748235211222047
217,0.1774820858387004
218,0.17748182240199015
219,0.177481561736948
220,0.17748130378009305
221,0.17748104846956217
222,0.1774807957450684
223,0.1774805455478586
224,0.17748029782067568
225,0.17748005250771834
226,0.17747980955460357
227,0.17747956890833025
228,0.17747933051724288
229,0.17747909433099673
230,0.17747886030052396
231,0.17747862837800088
232,0.17747839851681477
233,0.17747817067153324
234,0.17747794479787313
235,0.1774777208526719
236,0.17747749879385707
237,0.1774772785804185
238,0.17747706017238163
239,0.1774768435307798
240,0.17747662861762856
241,0.17747641539589967
242,0.1774762038294981
243,0.17747599388323562
244,0.17747578552280854
245,0.17747557871477548
246,0.17747537342653338
247,0.17747516962629734
248,0.17747496728307924
249,0.17747476636666673
250,0.17747456684760263
251,0.1774743686971677
252,0.17747417188735873
253,0.1774739763908726
254,0.17747378218108648
255,0.17747358923204118
256,0.17747339751842386
257,0.1774732070155514
258,0.17747301769935397
259,0.17747282954635948
260,0.17747264253367875
261,0.17747245663898914
262,0.17747227184052144
263,0.17747208811704449
264,0.1774719054478525
265,0.17747172381275012
266,0.17747154319204134
267,0.17747136356651438
268,0.17747118491743122
269,0.17747100722651393
270,0.17747083047593457
271,0.17747065464830178
272,0.17747047972665092
273,0.1774703056944329
274,0.17747013253550295
275,0.17746996023411102
276,0.17746978877489145
277,0.177469618142853
278,0.17746944832336925
279,0.17746927930216977
280,0.1774691110653302
281,0.17746894359926418
282,0.17746877689071452
283,0.17746861092674437
284,0.17746844569473022
285,0.17746828118235217
286,0.1774681173775878
287,0.17746795426870335
288,0.17746779184424774
289,0.17746763009304406
290,0.1774674690041835
291,0.17746730856701784
292,0.17746714877115355
293,0.17746698960644497
294,0.17746683106298766
295,0.17746667313111297
296,0.17746651580138165
297,0.17746635906457808
298,0.17746620291170495
299,0.1774660473339769
300,0.17746589232281604
301,0.17746573786984635
302,0.17746558396688872
303,0.17746543060595546
304,0.17746527777924623
305,0.17746512547914253
306,0.17746497369820421
307,0.1774648224291635
308,0.17746467166492147
309,0.17746452139854488
310,0.17746437162325926
311,0.17746422233244763
312,0.17746407351964538
313,0.17746392517853604
314,0.177463777302948
315,0.17746362988685163
316,0.1774634829243541
317,0.1774633364096975
318,0.17746319033725452
319,0.17746304470152507
320,0.17746289949713448
321,0.17746275471882816
322,0.1774626103614708
323,0.1774624664200415
324,0.17746232288963232
325,0.17746217976544523
326,0.1774620370427883
327,0.1774618947170743
328,0.17746175278381762
329,0.17746161123863136
330,0.1774614700772257
331,0.17746132929540503
332,0.17746118888906529
333,0.17746104885419195
334,0.17746090918685828
335,0.17746076988322265
336,0.17746063093952608
337,0.17746049235209144
338,0.1774603541173194
339,0.17746021623168892
340,0.17746007869175384
341,0.17745994149414063
342,0.17745980463554822
343,0.1774596681127443
344,0.17745953192256533
345,0.17745939606191405
346,0.17745926052775754
347,0.1774591253171261
348,0.17745899042711197
349,0.17745885585486695
350,0.17745872159760162
351,0.1774585876525837
352,0.17745845401713703
353,0.1774583206886393
354,0.17745818766452123
355,0.17745805494226594
356,0.17745792251940626
357,0.17745779039352488
358,0.17745765856225232
359,0.17745752702326612
360,0.17745739577428923
361,0.17745726481308985
362,0.1774571341374791
363,0.17745700374531098
364,0.177456873634481
365,0.17745674380292512
366,0.17745661424861836
367,0.17745648496957508
368,0.1774563559638465
369,0.17745622722952095
370,0.17745609876472268
371,0.17745597056761073
372,0.17745584263637804
373,0.17745571496925142
374,0.1774555875644896
375,0.1774554604203835
376,0.1774553335352546
377,0.17745520690745517
378,0.17745508053536654
379,0.17745495441739886
380,0.1774548285519908
381,0.1774547029376081
382,0.17745457757274338
383,0.17745445245591557
384,0.17745432758566929
385,0.1774542029605737
386,0.17745407857922288
387,0.17745395444023374
388,0.17745383054224773
389,0.17745370688392784
390,0.17745358346396028
391,0.17745346028105166
392,0.17745333733393084
393,0.17745321462134692
394,0.1774530921420687
395,0.17745296989488551
396,0.17745284787860544
397,0.1774527260920552
398,0.17745260453408027
399,0.1774524832035439
400,0.1774523620993269
401,0.17745224122032713
402,0.17745212056545895
403,0.17745200013365367
404,0.17745187992385794
405,0.17745175993503456
406,0.1774516401661611
407,0.17745152061623012
408,0.1774514012842495
409,0.17745128216923986
410,0.17745116327023702
411,0.17745104458629005
412,0.17745092611646127
413,0.17745080785982584
414,0.17745068981547177
415,0.17745057198249956
416,0.17745045436002158
417,0.17745033694716272
418,0.17745021974305852
419,0.1774501027468569
420,0.177449985957716
421,0.17744986937480542
422,0.17744975299730512
423,0.17744963682440557
424,0.17744952085530724
425,0.17744940508922055
426,0.17744928952536604
427,0.17744917416297332
428,0.17744905900128163
429,0.17744894403953884
430,0.17744882927700223
431,0.17744871471293772
432,0.17744860034661963
433,0.1774484861773306
434,0.1774483722043617
435,0.1774482584270115
436,0.17744814484458735
437,0.1774480314564032
438,0.1774479182617814
439,0.1774478052600508
440,0.1774476924505484
441,0.17744757983261744
442,0.17744746740560838
443,0.1774473551688787
444,0.17744724312179208
445,0.1774471312637193
446,0.17744701959403655
447,0.17744690811212746
448,0.17744679681738035
449,0.177446685709191
450,0.17744657478695988
451,0.17744646405009384
452,0.1774463534980052
453,0.17744624313011198
454,0.17744613294583728
455,0.17744602294460948
456,0.1774459131258627
457,0.17744580348903594
458,0.17744569403357263
459,0.17744558475892178
460,0.17744547566453686
461,0.1774453667498768
462,0.17744525801440392
463,0.17744514945758605
464,0.1774450410788952
465,0.17744493287780744
466,0.17744482485380364
467,0.1774447170063687
468,0.17744460933499165
469,0.17744450183916538
470,0.17744439451838703
471,0.17744428737215776
472,0.1774441803999823
473,0.17744407360136902
474,0.17744396697583065
475,0.17744386052288272
476,0.1774437542420451
477,0.17744364813284053
478,0.1774435421947957
479,0.1774434364274406
480,0.1774433308303081
481,0.1774432254029354
482,0.17744312014486138
483,0.1774430150556295
484,0.17744291013478547
485,0.1774428053818787
486,0.17744270079646124
487,0.1774425963780879
488,0.17744249212631685
489,0.17744238804070864
490,0.1774422841208275
491,0.1774421803662391
492,0.17744207677651327
493,0.17744197335122142
494,0.17744187008993828
495,0.1774417669922409
496,0.17744166405770884
497,0.17744156128592423
498,0.1774414586764719
499,0.1774413562289389
500,0.17744125394291457
501,0.17744115181799125
502,0.17744104985376272
503,0.1774409480498255
504,0.17744084640577865
505,0.17744074492122291
506,0.17744064359576178
507,0.17744054242900048
508,0.17744044142054669
509,0.17744034057000982
510,0.17744023987700194
511,0.17744013934113656
512,0.17744003896202948
513,0.1774399387392987
514,0.1774398386725639
515,0.17743973876144684
516,0.1774396390055708
517,0.177439539404562
518,0.17743943995804698
519,0.17743934066565548
520,0.1774392415270183
521,0.17743914254176874
522,0.17743904370954058
523,0.17743894502997085
524,0.1774388465026973
525,0.17743874812735985
526,0.17743864990360003
527,0.17743855183106058
528,0.17743845390938673
529,0.17743835613822448
530,0.17743825851722217
531,0.17743816104602908
532,0.1774380637242965
533,0.17743796655167698
534,0.177437869527825
535,0.17743777265239605
536,0.17743767592504742
537,0.17743757934543788
538,0.17743748291322736
539,0.177437386628078
540,0.17743729048965207
541,0.17743719449761472
542,0.17743709865163135
543,0.17743700295136947
544,0.17743690739649762
545,0.1774368119866858
546,0.1774367167216052
547,0.1774366216009284
548,0.17743652662432932
549,0.17743643179148366
550,0.17743633710206752
551,0.17743624255575888
552,0.17743614815223674
553,0.1774360538911813
554,0.17743595977227422
555,0.17743586579519852
556,0.17743577195963808
557,0.17743567826527787
558,0.17743558471180446
559,0.17743549129890562
560,0.17743539802626968
561,0.17743530489358694
562,0.17743521190054817
563,0.17743511904684578
564,0.17743502633217295
565,0.17743493375622446
566,0.1774348413186954
567,0.17743474901928266
568,0.17743465685768406
569,0.17743456483359832
570,0.17743447294672512
571,0.17743438119676613
572,0.1774342895834226
573,0.1774341981063981
574,0.17743410676539628
575,0.17743401556012292
576,0.17743392449028356
577,0.1774338335555857
578,0.17743374275573756
579,0.17743365209044812
580,0.17743356155942755
581,0.17743347116238714
582,0.17743338089903907
583,0.17743329076909634
584,0.1774332007722729
585,0.17743311090828384
586,0.17743302117684515
587,0.17743293157767384
588,0.1774328421104875
589,0.17743275277500495
590,0.17743266357094598
591,0.1774325744980312
592,0.17743248555598184
593,0.17743239674452066
594,0.1774323080633708
595,0.17743221951225635
596,0.17743213109090253
597,0.17743204279903535
598,0.17743195463638134
599,0.1774318666026684
600,0.17743177869762505
601,0.17743169092098082
602,0.17743160327246577
603,0.17743151575181096
604,0.1774314283587485
605,0.17743134109301117
606,0.1774312539543324
607,0.1774311669424469
608,0.17743108005708944
609,0.17743099329799658
610,0.17743090666490471
611,0.1774308201575518
612,0.17743073377567656
613,0.17743064751901763
614,0.17743056138731553
615,0.177430475380311
616,0.17743038949774542
617,0.17743030373936153
618,0.17743021810490234
619,0.17743013259411175
620,0.17743004720673458
621,0.1774299619425162
622,0.17742987680120278
623,0.17742979178254134
624,0.17742970688627957
625,0.17742962211216592
626,0.17742953745994983
627,0.1774294529293807
628,0.17742936852020966
629,0.17742928423218793
630,0.17742920006506757
631,0.17742911601860142
632,0.177429032092543
633,0.1774289482866467
634,0.1774288646006674
635,0.17742878103436083
636,0.1774286975874835
637,0.17742861425979187
638,0.1774285310510443
639,0.17742844796099924
640,0.17742836498941558
641,0.1774282821360531
642,0.17742819940067264
643,0.17742811678303516
644,0.1774280342829025
645,0.17742795190003716
646,0.1774278696342023
647,0.17742778748516222
648,0.1774277054526812
649,0.1774276235365242
650,0.17742754173645714
651,0.17742746005224674
652,0.17742737848365983
653,0.17742729703046464
654,0.17742721569242917
655,0.17742713446932257
656,0.17742705336091488
657,0.1774269723669761
658,0.17742689148727733
659,0.1774268107215902
660,0.17742673006968682
661,0.17742664953134032
662,0.17742656910632396
663,0.1774264887944118
664,0.17742640859537895
665,0.17742632850900014
666,0.17742624853505168
667,0.17742616867331013
668,0.17742608892355244
669,0.17742600928555666
670,0.1774259297591007
671,0.17742585034396408
672,0.17742577103992596
673,0.17742569184676674
674,0.1774256127642666
675,0.17742553379220732
676,0.17742545493037096
677,0.17742537617853948
678,0.17742529753649658
679,0.1774252190040254
680,0.17742514058091016
681,0.1774250622669361
682,0.17742498406188817
683,0.17742490596555238
684,0.17742482797771544
685,0.1774247500981642
686,0.1774246723266864
687,0.17742459466307012
688,0.17742451710710416
689,0.177424439658578
690,0.1774243623172811
691,0.17742428508300412
692,0.1774242079555382
693,0.17742413093467443
694,0.17742405402020506
695,0.17742397721192282
696,0.17742390050962054
697,0.17742382391309205
698,0.17742374742213177
699,0.17742367103653392
700,0.17742359475609415
701,0.17742351858060823
702,0.17742344250987244
703,0.1774233665436837
704,0.17742329068183926
705,0.17742321492413704
706,0.17742313927037567
707,0.17742306372035388
708,0.17742298827387112
709,0.1774229129307275
710,0.17742283769072328
711,0.17742276255365988
712,0.17742268751933837
713,0.17742261258756098
714,0.17742253775813036
715,0.17742246303084924
716,0.17742238840552127
717,0.17742231388195048
718,0.1774222394599416
719,0.1774221651392993
720,0.17742209091982927
721,0.17742201680133748
722,0.17742194278363044
723,0.1774218688665153
724,0.1774217950497993
725,0.1774217213332907
726,0.1774216477167974
727,0.17742157420012886
728,0.17742150078309432
729,0.1774214274655037
730,0.17742135424716726
731,0.17742128112789587
732,0.17742120810750106
733,0.17742113518579447
734,0.17742106236258823
735,0.1774209896376953
736,0.1774209170109287
737,0.17742084448210216
738,0.17742077205102988
739,0.17742069971752625
740,0.17742062748140688
741,0.17742055534248657
742,0.1774204833005817
743,0.1774204113555084
744,0.17742033950708408
745,0.17742026775512562
746,0.17742019609945098
747,0.1774201245398783
748,0.17742005307622633
749,0.17741998170831427
750,0.17741991043596164
751,0.17741983925898855
752,0.17741976817721544
753,0.17741969719046294
754,0.17741962629855293
755,0.1774195555013069
756,0.17741948479854694
757,0.1774194141900961
758,0.17741934367577722
759,0.17741927325541382
760,0.17741920292882996
761,0.1774191326958499
762,0.1774190625562987
763,0.17741899251000146
764,0.17741892255678388
765,0.17741885269647203
766,0.17741878292889243
767,0.17741871325387207
768,0.17741864367123839
769,0.17741857418081905
770,0.17741850478244225
771,0.17741843547593672
772,0.1774183662611314
773,0.17741829713785587
774,0.17741822810593974
775,0.1774181591652134
776,0.17741809031550784
777,0.17741802155665373
778,0.1774179528884828
779,0.17741788431082675
780,0.17741781582351812
781,0.17741774742638955
782,0.17741767911927417
783,0.1774176109020053
784,0.17741754277441701
785,0.17741747473634378
786,0.17741740678762
787,0.17741733892808087
788,0.17741727115756212
789,0.17741720347589948
790,0.17741713588292918
791,0.17741706837848795
792,0.17741700096241272
793,0.17741693363454117
794,0.17741686639471113
795,0.17741679924276088
796,0.17741673217852844
797,0.17741666520185378
798,0.17741659831257542
799,0.17741653151053358
800,0.17741646479556836
801,0.17741639816752006
802,0.17741633162623008
803,0.17741626517153897
804,0.17741619880328893
805,0.17741613252132174
806,0.17741606632547985
807,0.1774160002156062
808,0.17741593419154358
809,0.17741586825313585
810,0.17741580240022656
811,0.17741573663266033
812,0.1774156709502816
813,0.17741560535293513
814,0.17741553984046643
815,0.1774154744127214
816,0.17741540906954575
817,0.17741534381078627
818,0.17741527863628948
819,0.17741521354590264
820,0.1774151485394733
821,0.17741508361684916
822,0.17741501877787857
823,0.17741495402241012
824,0.17741488935029273
825,0.17741482476137552
826,0.1774147602555081
827,0.1774146958325406
828,0.17741463149232356
829,0.1774145672347072
830,0.17741450305954276
831,0.17741443896668177
832,0.1774143749559757
833,0.17741431102727667
834,0.17741424718043702
835,0.17741418341530973
836,0.17741411973174778
837,0.17741405612960418
838,0.17741399260873336
839,0.17741392916898915
840,0.17741386581022578
841,0.17741380253229827
842,0.1774137393350617
843,0.17741367621837142
844,0.1774136131820834
845,0.17741355022605343
846,0.1774134873501382
847,0.17741342455419437
848,0.17741336183807915
849,0.1774132992016498
850,0.17741323664476433
851,0.1774131741672806
852,0.17741311176905714
853,0.17741304944995245
854,0.17741298720982596
855,0.17741292504853678
856,0.17741286296594466
857,0.17741280096190973
858,0.177412739036292
859,0.17741267718895273
860,0.17741261541975223
861,0.17741255372855214
862,0.1774124921152142
863,0.17741243057960002
864,0.17741236912157204
865,0.17741230774099276
866,0.17741224643772494
867,0.1774121852116323
868,0.17741212406257734
869,0.1774120629904247
870,0.17741200199503804
871,0.17741194107628191
872,0.17741188023402132
873,0.17741181946812085
874,0.177411758778446
875,0.17741169816486263
876,0.17741163762723633
877,0.17741157716543343
878,0.17741151677932063
879,0.17741145646876494
880,0.17741139623363297
881,0.17741133607379267
882,0.17741127598911136
883,0.1774112159794574
884,0.1774111560446991
885,0.17741109618470502
886,0.1774110363993441
887,0.1774109766884857
888,0.17741091705199913
889,0.17741085748975427
890,0.17741079800162132
891,0.17741073858747064
892,0.17741067924717302
893,0.1774106199805993
894,0.17741056078762066
895,0.17741050166810862
896,0.1774104426219354
897,0.177410383648973
898,0.17741032474909346
899,0.17741026592217
900,0.1774102071680751
901,0.17741014848668255
902,0.1774100898778653
903,0.1774100313414979
904,0.17740997287745372
905,0.1774099144856077
906,0.1774098561658344
907,0.1774097979180087
908,0.17740973974200558
909,0.177409681637701
910,0.17740962360497048
911,0.17740956564369004
912,0.1774095077537359
913,0.1774094499349852
914,0.17740939218731447
915,0.17740933451060067
916,0.17740927690472152
917,0.1774092193695545
918,0.1774091619049779
919,0.17740910451086978
920,0.17740904718710826
921,0.17740898993357274
922,0.17740893275014172
923,0.17740887563669486
