1,0.21787015520558195
2,0.2178698835097897
3,0.21786961104640296
4,0.21786933673273537
5,0.21786906052352703
6,0.21786878238997492
7,0.21786850230779978
8,0.2178682202542788
9,0.21786793620722686
10,0.21786765014457646
11,0.2178673620441694
12,0.21786707188364157
13,0.21786677964034687
14,0.21786648529128994
15,0.2178661888130571
16,0.21786589018172298
17,0.21786558937270373
18,0.21786528636050534
19,0.21786498111824215
20,0.2178646736166447
21,0.2178643638218431
22,0.2178640516900934
23,0.21786373715569532
24,0.2178634200995617
25,0.21786309838229245
26,0.21783227343211267
27,0.21774852676131626
28,0.21774695641407513
29,0.21774536127522245
30,0.21774374075363392
31,0.21774209423925697
32,0.2177404211023489
33,0.21773872069267486
34,0.21773699233866955
35,0.21773523534655426
36,0.21773344899941313
37,0.21773163255622022
38,0.21772978525081815
39,0.21772790629084507
40,0.2177259948566034
41,0.2177240500998753
42,0.21772207114266873
43,0.2177200570759019
44,0.21771800695801632
45,0.21771591981351346
46,0.21771379463141421
47,0.21771163036363012
48,0.21770942592324843
49,0.2177071801827178
50,0.21770489197193263
51,0.21770256007620747
52,0.21770018323413767
53,0.2176977601353304
54,0.21769528941800612
55,0.2176927696664584
56,0.21769019940835715
57,0.217687577111894
58,0.21768490118274955
59,0.21768216996087444
60,0.21767938171707135
61,0.21767653464935735
62,0.21767362687909905
63,0.2176706564468958
64,0.21766762130819653
65,0.21766451932862793
66,0.21766134827901018
67,0.21765810583004183
68,0.21765478954661757
69,0.21765139688175855
70,0.217647925170119
71,0.21764437162103778
72,0.21764073331109166
73,0.21763700717611392
74,0.21763319000262987
75,0.21762927841866123
76,0.21762526888384062
77,0.21762115767877918
78,0.21761694089361855
79,0.21761261441569424
80,0.21760817391622836
81,0.21760361483596
82,0.21759893236961772
83,0.217594121449119
84,0.21758917672537428
85,0.21758409254856215
86,0.21757886294671866
87,0.217573481602475
88,0.21756794182775013
89,0.21756223653618845
90,0.217556358213106
91,0.2175502988826723
92,0.21754405007203373
93,0.21753760277204126
94,0.21753094739419254
95,0.21752407372336963
96,0.2175169708658739
97,0.21750962719221206
98,0.2175020302739999
99,0.21749416681426925
100,0.21748602257035865
101,0.2174775822684522
102,0.21746882950869398
103,0.21745974665964135
104,0.2174503147406389
105,0.2174405132904668
106,0.21743032022036396
107,0.2174197116492129
108,0.21740866171831666
109,0.21739714238275573
110,0.21738512317580588
111,0.21737257094227258
112,0.21735944953585906
113,0.21734571947478515
114,0.21733133754879191
115,0.21731625636934476
116,0.2173004238532382
117,0.21728378262782513
118,0.21726626934365953
119,0.21724781387731992
120,0.21722833840342234
121,0.21720775631012681
122,0.21718597092651665
123,0.21716287402272025
124,0.21713834403408824
125,0.21711224394845052
126,0.21708441877962828
127,0.2170546925297115
128,0.21702286451551256
129,0.21698870489874483
130,0.2169519492115776
131,0.21691229160467562
132,0.2168693764569279
133,0.21682278786507625
134,0.2167720363629432
135,0.21671654198231918
136,0.21665561242788697
137,0.21658841464586706
138,0.2165139373400355
139,0.2164309409002574
140,0.21633788954569586
141,0.2162328578911136
142,0.21611340000605495
143,0.21597636226427527
144,0.2158176098829669
145,0.21563161725649754
146,0.21541083657209215
147,0.21514469248079116
148,0.2148179197640437
149,0.2144076904230822
150,0.21387838188800837
151,0.21317143341141315
152,0.21218413144306006
153,0.21072098461737512
154,0.20836974612370374
155,0.20415397806053084
156,0.19569997776042367
157,0.18132567716362502
158,0.17273051009137522
159,0.17189708449605148
160,0.1718807664440775
161,0.17187980626972413
162,0.17187889010164906
163,0.17187795677799392
164,0.17187702000438174
165,0.17187608152398548
166,0.17187514153788283
167,0.17187420007649534
168,0.17187325715190724
169,0.17187231277445386
170,0.17187136695449198
171,0.17187041970256897
172,0.17186947102942943
173,0.17186852094600458
174,0.17186756946340795
175,0.17186661659292904
176,0.17186566234603254
177,0.17186470673435483
178,0.17186374976970384
179,0.1718627914640584
180,0.17186183182956744
181,0.1718608708785505
182,0.17185990862349726
183,0.171858945077068
184,0.17185798025209392
185,0.17185701416157692
186,0.17185604681869077
187,0.17185507823678098
188,0.17185410842936516
189,0.17185313741013375
190,0.17185216519295
191,0.17185119179185027
192,0.17185021722104565
193,0.17184924149492023
194,0.17184826462803332
195,0.1718472866351189
196,0.17184630753108582
197,0.1718453273310192
198,0.17184434605017937
199,0.17184336370400222
200,0.17184238030810112
201,0.17184139587826497
202,0.1718404104304596
203,0.17183942398082822
204,0.1718384365456904
205,0.17183744814154364
206,0.17183645878506176
207,0.17183546849309644
208,0.1718344772826776
209,0.17183348517101046
210,0.17183249217548005
211,0.1718314983136466
212,0.17183050360324928
213,0.17182950806220348
214,0.1718285117086024
215,0.17182751456071552
216,0.1718265166369891
217,0.17182551795604636
218,0.17182451853668604
219,0.17182351839788385
220,0.1718225175587897
221,0.1718215160387304
222,0.17182051385720645
223,0.17181951103389312
224,0.1718185075886398
225,0.17181750354146946
226,0.17181649891257808
227,0.17181549372233373
228,0.17181448799127652
229,0.17181348174011787
230,0.17181247498973937
231,0.1718114677611923
232,0.171810460075698
233,0.1718094519546443
234,0.1718084434195883
235,0.17180743449225236
236,0.1718064251945246
237,0.17180541554845846
238,0.17180440557627083
239,0.17180339530034092
240,0.17180238474320994
241,0.17180137392757888
242,0.17180036287630934
243,0.1717993516124203
244,0.17179834015908713
245,0.17179732853964172
246,0.1717963167775698
247,0.17179530489651046
248,0.17179429292025378
249,0.17179328087274007
250,0.17179226877805887
251,0.17179125666044584
252,0.1717902445442827
253,0.17178923245409525
254,0.1717882204145504
255,0.17178720845045728
256,0.17178619658676184
257,0.1717851848485487
258,0.17178417326103612
259,0.1717831618495765
260,0.17178215063965335
261,0.1717811396568793
262,0.17178012892699418
263,0.17177911847586338
264,0.1717781083294751
265,0.17177709851393855
266,0.17177608905548167
267,0.1717750799804491
268,0.17177407131529948
269,0.17177306308660317
270,0.17177205532104087
271,0.17177104804539933
272,0.17177004128657034
273,0.17176903507154798
274,0.17176802942742586
275,0.17176702438139405
276,0.17176601996073812
277,0.17176501619283396
278,0.17176401310514738
279,0.1717630107252292
280,0.17176200908071565
281,0.17176100819932086
282,0.17176000810883904
283,0.17175900883713716
284,0.1717580104121553
285,0.1717570128619011
286,0.17175601621444858
287,0.1717550204979347
288,0.17175402574055465
289,0.17175303197056102
290,0.1717520392162586
291,0.1717510475060025
292,0.17175005686819447
293,0.17174906733127893
294,0.17174807892374058
295,0.1717470916741004
296,0.17174610561091241
297,0.17174512076276063
298,0.17174413715825482
299,0.171743154826027
300,0.17174217379472873
301,0.17174119409302657
302,0.17174021574959944
303,0.1717392387931343
304,0.1717382632523217
305,0.1717372891558544
306,0.1717363165324214
307,0.1717353454107049
308,0.171734375819377
309,0.17173340778709542
310,0.17173244134249935
311,0.1717314765142067
312,0.17173051333080905
313,0.17172955182086821
314,0.1717285920129128
315,0.17172763393543317
316,0.17172667761687854
317,0.17172572308565273
318,0.17172477037010958
319,0.17172381949854962
320,0.17172287049921614
321,0.17172192340029044
322,0.17172097822988822
323,0.17172003501605598
324,0.17171909378676628
325,0.1717181545699134
326,0.17171721739331056
327,0.17171628228468455
328,0.17171534927167256
329,0.17171441838181697
330,0.17171348964256256
331,0.17171256308125155
332,0.17171163872511988
333,0.17171071660129278
334,0.17170979673678138
335,0.17170887915847743
336,0.17170796389315043
337,0.17170705096744343
338,0.1717061404078676
339,0.17170523224080017
340,0.17170432649247847
341,0.17170342318899753
342,0.17170252235630512
343,0.17170162402019776
344,0.17170072820631738
345,0.17169983494014632
346,0.17169894424700394
347,0.1716980561520437
348,0.17169717068024676
349,0.17169628785642044
350,0.17169540770519345
351,0.17169453025101133
352,0.17169365551813429
353,0.17169278353063158
354,0.1716919143123795
355,0.1716910478870558
356,0.17169018427813798
357,0.17168932350889726
358,0.17168846560239764
359,0.17168761058148962
360,0.17168675846880907
361,0.1716859092867719
362,0.171685063057571
363,0.17168421980317347
364,0.17168337954531634
365,0.1716825423055041
366,0.1716817081050039
367,0.17168087696484433
368,0.1716800489058105
369,0.17167922394844135
370,0.17167840211302668
371,0.1716775834196038
372,0.17167676788795483
373,0.17167595553760318
374,0.17167514638781178
375,0.17167434045757815
376,0.17167353776563385
377,0.1716727383304394
378,0.17167194217018436
379,0.1716711493027811
380,0.1716703597458662
381,0.17166957351679415
382,0.17166879063263768
383,0.17166801111018362
384,0.17166723496593167
385,0.17166646221609108
386,0.17166569287657912
387,0.17166492696301844
388,0.17166416449073568
389,0.17166340547475856
390,0.17166264992981445
391,0.17166189787032785
392,0.1716611493104198
393,0.1716604042639046
394,0.1716596627442893
395,0.17165892476477065
396,0.17165819033823582
397,0.17165745947725827
398,0.1716567321940981
399,0.17165600850070017
400,0.17165528840869262
401,0.17165457192938605
402,0.17165385907377195
403,0.17165314985252209
404,0.1716524442759867
405,0.1716517423541949
406,0.17165104409685256
407,0.17165034951334218
408,0.1716496586127219
409,0.17164897140372537
410,0.17164828789476028
411,0.17164760809390933
412,0.17164693200892764
413,0.17164625964724464
414,0.17164559101596275
415,0.1716449261218571
416,0.17164426497137567
417,0.1716436075706393
418,0.1716429539254414
419,0.17164230404124856
420,0.17164165792320024
421,0.1716410155761096
422,0.17164037700446289
423,0.171639742212421
424,0.17163911120381883
425,0.17163848398216677
426,0.17163786055065042
427,0.17163724091213234
428,0.17163662506915187
429,0.1716360130239259
430,0.17163540477835104
431,0.1716348003340028
432,0.1716341996921383
433,0.1716336028536954
434,0.1716330098192964
435,0.17163242058924694
436,0.17163183516353878
437,0.17163125354185002
438,0.17163067572354768
439,0.17163010170768817
440,0.17162953149301977
441,0.17162896507798356
442,0.17162840246071512
443,0.17162784363904632
444,0.17162728861050758
445,0.17162673737232934
446,0.17162618992144377
447,0.17162564625448673
448,0.17162510636780057
449,0.17162457025743513
450,0.17162403791915057
451,0.1716235093484195
452,0.17162298454042835
453,0.17162246349008153
454,0.17162194619200116
455,0.171621432640532
456,0.17162092282974248
457,0.1716204167534269
458,0.17161991440510893
459,0.17161941577804377
460,0.17161892086522043
461,0.17161842965936494
462,0.17161794215294257
463,0.17161745833816086
464,0.17161697820697197
465,0.1716165017510765
466,0.1716160289619244
467,0.17161555983072074
468,0.17161509434842523
469,0.17161463250575756
470,0.17161417429320058
471,0.17161371970100106
472,0.17161326871917476
473,0.1716128213375087
474,0.17161237754556422
475,0.17161193733268112
476,0.17161150068797845
477,0.17161106760036016
478,0.17161063805851723
479,0.17161021205093088
480,0.17160978956587533
481,0.1716093705914226
482,0.17160895511544363
483,0.17160854312561333
484,0.17160813460941332
485,0.17160772955413475
486,0.17160732794688235
487,0.17160692977457745
488,0.17160653502396106
489,0.17160614368159782
490,0.1716057557338785
491,0.17160537116702482
492,0.171604989967091
493,0.17160461211996908
494,0.17160423761139013
495,0.1716038664269296
496,0.17160349855200982
497,0.17160313397190374
498,0.17160277267173743
499,0.17160241463649462
500,0.17160205985101967
501,0.17160170830002067
502,0.1716013599680732
503,0.17160101483962423
504,0.1716006728989934
505,0.17160033413037912
506,0.17159999851785995
507,0.17159966604539914
508,0.17159933669684724
509,0.17159901045594558
510,0.17159868730633013
511,0.17159836723153377
512,0.17159805021499097
513,0.17159773624003932
514,0.17159742528992442
515,0.17159711734780272
516,0.17159681239674415
517,0.17159651041973534
518,0.1715962113996841
519,0.1715959153194208
520,0.1715956221617031
521,0.17159533190921858
522,0.1715950445445864
523,0.17159476005036334
524,0.1715944784090445
525,0.17159419960306674
526,0.17159392361481332
527,0.17159365042661423
528,0.17159338002075136
529,0.1715931123794608
530,0.17159284748493583
531,0.1715925853193292
532,0.1715923258647567
533,0.17159206910330016
534,0.17159181501700985
535,0.17159156358790678
536,0.1715913147979872
537,0.17159106862922308
538,0.1715908250635669
539,0.1715905840829533
540,0.17159034566930106
541,0.17159010980451758
542,0.17158987647049997
543,0.1715896456491379
544,0.17158941732231656
545,0.17158919147191873
546,0.171588968079828
547,0.17158874712792976
548,0.17158852859811502
549,0.17158831247228232
550,0.17158809873234002
551,0.17158788736020855
