1,0.7978741767040064
2,0.7891779329198211
3,0.5082425226431014
4,0.15384749621727478
5,0.1561138276518274
6,0.1551000050553845
7,0.15506788068418084
8,0.15506693373285807
9,0.15506689759618764
10,0.1550668880105166
11,0.15506687920721487
12,0.15506687043539286
13,0.155066861673157
14,0.15506685291985658
15,0.15506684417545963
16,0.1550668354399521
17,0.15506682671332028
18,0.15506681799555116
19,0.1550668092866313
20,0.15506680058654737
21,0.1550667918952861
22,0.1550667832128342
23,0.15506677453917858
24,0.15506676587430585
25,0.1550667572182027
26,0.15506674857085634
27,0.15506673993225353
28,0.1550667313023809
29,0.15506672268122593
30,0.15506671406877495
31,0.1550667054650152
32,0.1550666968699338
33,0.1550666882835175
34,0.1550666797057537
35,0.1550666711366292
36,0.15506666257613108
37,0.15506665402424674
38,0.15506664548096305
39,0.15506663694626746
40,0.15506662842014687
41,0.15506661990258894
42,0.15506661139358033
43,0.15506660289310883
44,0.15506659440116155
45,0.15506658591772574
46,0.15506657744278898
47,0.15506656897633841
48,0.15506656051836168
49,0.15506655206884593
50,0.15506654362777877
51,0.15506653519514785
52,0.15506652677094027
53,0.15506651835514404
54,0.15506650994774632
55,0.15506650154873486
56,0.1550664931580972
57,0.15506648477582094
58,0.15506647640189378
59,0.15506646803630358
60,0.15506645967903768
61,0.15506645133008412
62,0.15506644298943026
63,0.15506643465706416
64,0.1550664263329737
65,0.15506641801714652
66,0.1550664097095707
67,0.1550664014102335
68,0.15506639311912346
69,0.15506638483622828
70,0.15506637656153568
71,0.15506636829503412
72,0.1550663600367109
73,0.15506635178655453
74,0.1550663435445529
75,0.15506633531069405
76,0.15506632708496618
77,0.15506631886735708
78,0.1550663106578552
79,0.15506630245644842
80,0.15506629426312518
81,0.15506628607787348
82,0.1550662779006817
83,0.1550662697315376
84,0.15506626157042996
85,0.155066253417347
86,0.15506624527227703
87,0.15506623713520817
88,0.15506622900612868
89,0.1550662208850271
90,0.15506621277189211
91,0.15506620466671156
92,0.1550661965694744
93,0.15506618848016884
94,0.15506618039878337
95,0.15506617232530637
96,0.15506616425972672
97,0.15506615620203273
98,0.15506614815221284
99,0.15506614011025596
100,0.15506613207615041
101,0.15506612404988512
102,0.15506611603144874
103,0.1550661080208295
104,0.1550661000180165
105,0.15506609202299826
106,0.155066084035764
107,0.15506607605630188
108,0.1550660680846009
109,0.15506606012064997
110,0.155066052164438
111,0.1550660442159533
112,0.15506603627518545
113,0.15506602834212302
114,0.15506602041675477
115,0.15506601249906984
116,0.1550660045890571
117,0.15506599668670581
118,0.15506598879200428
119,0.15506598090494247
120,0.15506597302550865
121,0.15506596515369236
122,0.1550659572894824
123,0.15506594943286783
124,0.1550659415838381
125,0.15506593374238212
126,0.1550659259084891
127,0.15506591808214823
128,0.15506591026334873
129,0.15506590245207963
130,0.15506589464833057
131,0.1550658868520905
132,0.15506587906334882
133,0.15506587128209487
134,0.1550658635083179
135,0.15506585574200726
136,0.15506584798315223
137,0.15506584023174272
138,0.15506583248776745
139,0.15506582475121597
140,0.1550658170220782
141,0.15506580930034314
142,0.15506580158600053
143,0.1550657938790397
144,0.15506578617945038
145,0.15506577848722183
146,0.15506577080234393
147,0.15506576312480594
148,0.1550657554545979
149,0.15506574779170912
150,0.1550657401361293
151,0.15506573248784788
152,0.1550657248468549
153,0.15506571721314003
154,0.1550657095866928
155,0.15506570196750322
156,0.15506569435556056
157,0.1550656867508552
158,0.15506567915337663
159,0.1550656715631146
160,0.15506566398005908
161,0.15506565640419984
162,0.1550656488355268
163,0.15506564127402986
164,0.15506563371969898
165,0.15506562617252395
166,0.15506561863249477
167,0.15506561109960157
168,0.15506560357383425
169,0.15506559605518266
170,0.15506558854363697
171,0.15506558103918708
172,0.15506557354182335
173,0.15506556605153543
174,0.15506555856831375
175,0.1550655510921483
176,0.1550655436230294
177,0.15506553616094693
178,0.15506552870589121
179,0.15506552125785236
180,0.1550655138168207
181,0.15506550638278632
182,0.15506549895573965
183,0.15506549153567062
184,0.15506548412256993
185,0.15506547671642731
186,0.15506546931723372
187,0.15506546192497914
188,0.15506545453965384
189,0.1550654471612486
190,0.15506543978975337
191,0.15506543242515858
192,0.15506542506745494
193,0.15506541771663257
194,0.15506541037268246
195,0.15506540303559427
196,0.15506539570535915
197,0.15506538838196746
198,0.1550653810654095
199,0.15506537375567608
200,0.15506536645275773
201,0.15506535915664457
202,0.15506535186732787
203,0.15506534458479806
204,0.15506533730904556
205,0.155065330040061
206,0.15506532277783527
207,0.15506531552235903
208,0.15506530827362275
209,0.1550653010316173
210,0.15506529379633346
211,0.15506528656776172
212,0.15506527934589323
213,0.15506527213071858
214,0.1550652649222286
215,0.15506525772041405
216,0.15506525052526549
217,0.1550652433367745
218,0.15506523615493117
219,0.15506522897972685
220,0.15506522181115265
221,0.15506521464919873
222,0.1550652074938565
223,0.15506520034511684
224,0.15506519320297096
225,0.15506518606740927
226,0.1550651789384234
227,0.15506517181600396
228,0.15506516470014206
229,0.15506515759082887
230,0.1550651504880555
231,0.15506514339181257
232,0.15506513630209162
233,0.15506512921888363
234,0.15506512214217963
235,0.15506511507197102
236,0.1550651080082488
237,0.155065100951004
238,0.1550650939002282
239,0.15506508685591203
240,0.15506507981804726
241,0.1550650727866249
242,0.15506506576163612
243,0.15506505874307247
244,0.15506505173092497
245,0.1550650447251849
246,0.1550650377258438
247,0.15506503073289274
248,0.1550650237463235
249,0.15506501676612675
250,0.15506500979229462
251,0.155065002824818
252,0.15506499586368844
253,0.15506498890889742
254,0.15506498196043636
255,0.15506497501829664
256,0.1550649680824699
257,0.15506496115294732
258,0.15506495422972066
259,0.15506494731278148
260,0.15506494040212118
261,0.15506493349773126
262,0.1550649265996034
263,0.15506491970772895
264,0.15506491282209972
265,0.15506490594270728
266,0.15506489906954338
267,0.15506489220259959
268,0.15506488534186733
269,0.15506487848733852
270,0.15506487163900456
271,0.15506486479685755
272,0.15506485796088892
273,0.15506485113109034
274,0.15506484430745376
275,0.15506483748997088
276,0.15506483067863333
277,0.1550648238734331
278,0.1550648170743619
279,0.1550648102814114
280,0.1550648034945737
281,0.1550647967138404
282,0.15506478993920353
283,0.15506478317065475
284,0.15506477640818614
285,0.15506476965178956
286,0.1550647629014569
287,0.1550647561571801
288,0.155064749418951
289,0.1550647426867617
290,0.15506473596060413
291,0.15506472924047027
292,0.155064722526352
293,0.1550647158182417
294,0.15506470911613074
295,0.15506470242001175
296,0.1550646957298767
297,0.15506468904571744
298,0.15506468236752616
299,0.155064675695295
300,0.15506466902901594
301,0.15506466236868138
302,0.1550646557142831
303,0.15506464906581344
304,0.15506464242326462
305,0.15506463578662857
306,0.15506462915589778
307,0.15506462253106446
308,0.1550646159121206
309,0.1550646092990583
310,0.15506460269187025
311,0.15506459609054843
312,0.15506458949508542
313,0.15506458290547323
314,0.1550645763217039
315,0.15506456974377023
316,0.1550645631716644
317,0.1550645566053788
318,0.15506455004490544
319,0.1550645434902371
320,0.155064536941366
321,0.1550645303982844
322,0.1550645238609851
323,0.1550645173294602
324,0.15506451080370226
325,0.15506450428370347
326,0.1550644977694566
327,0.1550644912609539
328,0.15506448475818818
329,0.1550644782611517
330,0.1550644717698371
331,0.15506446528423662
332,0.155064458804343
333,0.1550644523301489
334,0.1550644458616465
335,0.15506443939882875
336,0.15506443294168823
337,0.15506442649021743
338,0.1550644200444088
339,0.15506441360425544
340,0.15506440716974929
341,0.15506440074088382
342,0.15506439431765104
343,0.1550643879000438
344,0.155064381488055
345,0.15506437508167714
346,0.15506436868090306
347,0.15506436228572545
348,0.15506435589613696
349,0.15506434951213044
350,0.15506434313369852
351,0.15506433676083411
352,0.15506433039353001
353,0.155064324031779
354,0.155064317675574
355,0.15506431132490758
356,0.15506430497977272
357,0.15506429864016244
358,0.15506429230606922
359,0.15506428597748623
360,0.15506427965440645
361,0.15506427333682218
362,0.15506426702472698
363,0.15506426071811374
364,0.1550642544169752
365,0.15506424812130418
366,0.15506424183109385
367,0.15506423554633725
368,0.15506422926702687
369,0.15506422299315636
370,0.1550642167247184
371,0.1550642104617059
372,0.1550642042041121
373,0.1550641979519302
374,0.15506419170515304
375,0.15506418546377354
376,0.155064179227785
377,0.1550641729971802
378,0.155064166771953
379,0.1550641605520956
380,0.15506415433760184
381,0.15506414812846425
382,0.15506414192467635
383,0.15506413572623134
384,0.15506412953312232
385,0.15506412334534223
386,0.15506411716288465
387,0.15506411098574244
388,0.15506410481390936
389,0.15506409864737805
390,0.15506409248614197
391,0.1550640863301944
392,0.1550640801795287
393,0.15506407403413777
394,0.15506406789401528
395,0.15506406175915455
396,0.15506405562954856
397,0.1550640495051911
398,0.15506404338607502
399,0.15506403727219384
400,0.15506403116354112
401,0.1550640250601099
402,0.15506401896189365
403,0.15506401286888594
404,0.1550640067810801
405,0.1550640006984695
406,0.15506399462104734
407,0.15506398854880743
408,0.15506398248174297
409,0.1550639764198477
410,0.1550639703631146
411,0.1550639643115375
412,0.15506395826510994
413,0.1550639522238252
414,0.1550639461876768
415,0.15506394015665853
416,0.15506393413076347
417,0.15506392810998568
418,0.15506392209431838
419,0.1550639160837552
420,0.15506391007828985
421,0.15506390407791554
422,0.1550638980826263
423,0.15506389209241547
424,0.15506388610727662
425,0.15506388012720365
426,0.1550638741521901
427,0.1550638681822296
428,0.15506386221731552
429,0.15506385625744198
430,0.15506385030260253
431,0.15506384435279083
432,0.1550638384080006
433,0.1550638324682253
434,0.1550638265334589
435,0.15506382060369509
436,0.15506381467892766
437,0.15506380875915035
438,0.15506380284435684
439,0.15506379693454095
440,0.15506379102969645
441,0.15506378512981714
442,0.15506377923489695
443,0.15506377334492955
444,0.15506376745990882
445,0.1550637615798284
446,0.1550637557046824
447,0.1550637498344646
448,0.15506374396916883
449,0.1550637381087889
450,0.15506373225331907
451,0.15506372640275282
452,0.15506372055708412
453,0.155063714716307
454,0.15506370888041524
455,0.15506370304940284
456,0.15506369722326394
457,0.15506369140199244
458,0.15506368558558192
459,0.15506367977402688
460,0.15506367396732076
461,0.15506366816545805
462,0.15506366236843258
463,0.1550636565762382
464,0.15506365078886938
465,0.1550636450063195
466,0.15506363922858327
467,0.1550636334556542
468,0.15506362768752677
469,0.1550636219241948
470,0.15506361616565253
471,0.15506361041189382
472,0.15506360466291289
473,0.1550635989187041
474,0.15506359317926124
475,0.15506358744457857
476,0.15506358171465034
477,0.15506357598947046
478,0.15506357026903328
479,0.1550635645533329
480,0.15506355884236347
481,0.1550635531361192
482,0.15506354743459427
483,0.15506354173778303
484,0.1550635360456794
485,0.1550635303582779
486,0.15506352467557263
487,0.15506351899755808
488,0.15506351332422796
489,0.15506350765557703
490,0.1550635019915993
491,0.15506349633228936
492,0.15506349067764105
493,0.15506348502764908
494,0.1550634793823075
495,0.15506347374161078
496,0.15506346810555308
497,0.15506346247412875
498,0.15506345684733258
499,0.1550634512251582
500,0.15506344560760058
501,0.15506343999465394
502,0.15506343438631245
503,0.15506342878257062
504,0.15506342318342284
505,0.1550634175888636
506,0.15506341199888743
507,0.15506340641348837
508,0.1550634008326614
509,0.15506339525640048
510,0.15506338968470001
511,0.1550633841175549
512,0.1550633785549595
513,0.15506337299690806
514,0.15506336744339533
515,0.15506336189441564
516,0.15506335634996338
517,0.15506335081003353
518,0.15506334527462004
519,0.15506333974371792
520,0.15506333421732155
521,0.1550633286954253
522,0.15506332317802393
523,0.1550633176651119
524,0.15506331215668392
525,0.15506330665273452
526,0.1550633011532583
527,0.15506329565824994
528,0.15506329016770382
529,0.15506328468161493
530,0.15506327919997737
531,0.1550632737227862
532,0.15506326825003583
533,0.15506326278172128
534,0.15506325731783688
535,0.15506325185837733
536,0.1550632464033373
537,0.15506324095271187
538,0.1550632355064951
539,0.15506323006468206
540,0.15506322462726765
541,0.15506321919424626
542,0.1550632137656126
543,0.15506320834136175
544,0.15506320292148815
545,0.1550631975059866
546,0.155063192094852
547,0.15506318668807897
548,0.15506318128566246
549,0.15506317588759724
550,0.1550631704938777
551,0.15506316510449925
552,0.1550631597194565
553,0.15506315433874399
554,0.15506314896235693
555,0.15506314359029
556,0.15506313822253787
557,0.15506313285909587
558,0.15506312749995835
559,0.15506312214512064
560,0.15506311679457688
561,0.15506311144832277
562,0.155063106106353
563,0.15506310076866225
564,0.15506309543524557
565,0.15506309010609787
566,0.15506308478121392
567,0.15506307946058906
568,0.1550630741442178
569,0.15506306883209525
570,0.15506306352421656
571,0.15506305822057637
572,0.15506305292117004
573,0.15506304762599207
574,0.15506304233503795
575,0.15506303704830215
576,0.15506303176578018
577,0.15506302648746678
578,0.1550630212133569
579,0.15506301594344585
580,0.1550630106777286
581,0.15506300541620002
582,0.15506300015885519
583,0.1550629949056895
584,0.1550629896566974
585,0.1550629844118747
586,0.15506297917121575
587,0.1550629739347163
588,0.15506296870237118
589,0.15506296347417514
590,0.15506295825012392
591,0.15506295303021234
592,0.15506294781443541
593,0.1550629426027886
594,0.15506293739526666
595,0.1550629321918651
596,0.15506292699257868
597,0.15506292179740316
598,0.15506291660633326
599,0.15506291141936418
600,0.15506290623649116
601,0.15506290105770956
602,0.15506289588301445
603,0.15506289071240098
604,0.1550628855458646
605,0.15506288038340033
606,0.15506287522500345
607,0.15506287007066924
608,0.15506286492039295
609,0.15506285977416964
610,0.1550628546319949
611,0.15506284949386384
612,0.15506284435977183
613,0.15506283922971384
614,0.1550628341036856
615,0.15506282898168222
616,0.155062823863699
617,0.15506281874973113
618,0.15506281363977426
619,0.1550628085338234
620,0.15506280343187412
621,0.15506279833392156
622,0.15506279323996122
623,0.15506278814998822
624,0.15506278306399843
625,0.15506277798198648
626,0.15506277290394857
627,0.15506276782987966
628,0.15506276275977499
629,0.15506275769363034
630,0.15506275263144093
631,0.1550627475732019
632,0.15506274251890922
633,0.15506273746855814
634,0.15506273242214372
635,0.15506272737966165
636,0.15506272234110768
637,0.15506271730647705
638,0.15506271227576496
639,0.155062707248967
640,0.15506270222607907
641,0.1550626972070961
642,0.15506269219201402
643,0.15506268718082797
644,0.15506268217353392
645,0.15506267717012678
646,0.1550626721706024
647,0.15506266717495634
648,0.1550626621831841
649,0.1550626571952812
650,0.15506265221124296
651,0.15506264723106547
652,0.15506264225474375
653,0.15506263728227368
654,0.15506263231365086
655,0.1550626273488705
656,0.15506262238792864
657,0.15506261743082075
658,0.1550626124775421
659,0.15506260752808873
660,0.15506260258245605
661,0.15506259764063968
662,0.15506259270263542
663,0.1550625877684387
664,0.15506258283804508
665,0.15506257791145064
666,0.15506257298865048
667,0.1550625680696409
668,0.15506256315441672
669,0.15506255824297438
670,0.15506255333530913
671,0.15506254843141698
672,0.15506254353129342
673,0.15506253863493413
674,0.15506253374233483
675,0.15506252885349123
676,0.15506252396839912
677,0.15506251908705418
678,0.15506251420945222
679,0.1550625093355889
680,0.15506250446546002
681,0.15506249959906107
682,0.15506249473638833
683,0.15506248987743707
684,0.15506248502220316
685,0.15506248017068275
686,0.1550624753228712
687,0.15506247047876429
688,0.15506246563835813
689,0.15506246080164857
690,0.15506245596863102
691,0.1550624511393016
692,0.1550624463136557
693,0.15506244149168963
694,0.15506243667339928
695,0.15506243185878002
696,0.15506242704782808
697,0.1550624222405391
698,0.15506241743690893
699,0.15506241263693374
700,0.15506240784060907
701,0.155062403047931
702,0.15506239825889526
703,0.1550623934734978
704,0.1550623886917345
705,0.15506238391360133
706,0.15506237913909418
707,0.1550623743682088
708,0.15506236960094144
709,0.15506236483728777
710,0.1550623600772435
711,0.1550623553208054
712,0.1550623505679688
713,0.1550623458187293
714,0.1550623410730835
715,0.15506233633102717
716,0.15506233159255622
717,0.15506232685766655
718,0.15506232212635465
719,0.15506231739861573
720,0.15506231267444634
721,0.1550623079538421
722,0.15506230323679926
723,0.15506229852331385
724,0.15506229381338188
725,0.15506228910699918
726,0.1550622844041621
727,0.15506227970486636
728,0.15506227500910802
729,0.15506227031688344
730,0.15506226562818834
731,0.1550622609430189
732,0.1550622562613712
733,0.15506225158324122
734,0.1550622469086253
735,0.15506224223751908
736,0.15506223756991902
737,0.15506223290582113
738,0.15506222824522128
739,0.15506222358811603
740,0.1550622189345012
741,0.15506221428437272
742,0.15506220963772696
743,0.1550622049945601
744,0.15506220035486812
745,0.15506219571864718
746,0.15506219108589356
747,0.15506218645660338
748,0.1550621818307725
749,0.15506217720839727
750,0.15506217258947388
751,0.15506216797399894
752,0.15506216336196776
753,0.1550621587533772
754,0.1550621541482231
755,0.15506214954650163
756,0.15506214494820947
757,0.15506214035334234
758,0.15506213576189648
759,0.1550621311738685
760,0.15506212658925403
761,0.15506212200804972
762,0.1550621174302517
763,0.15506211285585636
764,0.1550621082848596
765,0.15506210371725798
766,0.15506209915304753
767,0.15506209459222467
768,0.15506209003478558
769,0.1550620854807265
770,0.15506208093004395
771,0.15506207638273398
772,0.15506207183879278
773,0.15506206729821692
774,0.1550620627610028
775,0.15506205822714614
776,0.1550620536966438
777,0.15506204916949187
778,0.15506204464568668
779,0.15506204012522462
780,0.15506203560810192
781,0.15506203109431493
782,0.15506202658386037
783,0.15506202207673378
784,0.15506201757293236
785,0.15506201307245193
786,0.15506200857528907
787,0.1550620040814402
788,0.15506199959090147
789,0.15506199510366933
790,0.15506199061974069
791,0.15506198613911096
792,0.15506198166177704
793,0.15506197718773526
794,0.15506197271698252
795,0.15506196824951451
796,0.15506196378532813
797,0.15506195932441952
798,0.1550619548667852
799,0.15506195041242135
800,0.15506194596132505
801,0.15506194151349223
802,0.15506193706891944
803,0.15506193262760323
804,0.15506192818953957
805,0.15506192375472577
806,0.15506191932315774
807,0.1550619148948319
808,0.1550619104697451
809,0.15506190604789355
810,0.15506190162927388
811,0.1550618972138823
812,0.15506189280171562
813,0.15506188839277016
814,0.15506188398704263
815,0.15506187958452944
816,0.15506187518522677
817,0.15506187078913186
818,0.15506186639624053
819,0.15506186200654978
820,0.15506185762005578
821,0.1550618532367555
822,0.155061848856645
823,0.15506184447972135
824,0.1550618401059807
825,0.15506183573541976
826,0.1550618313680351
827,0.15506182700382343
828,0.1550618226427811
829,0.1550618182849047
830,0.15506181393019097
831,0.15506180957863627
832,0.15506180523023758
833,0.15506180088499114
834,0.15506179654289365
835,0.15506179220394176
836,0.1550617878681321
837,0.15506178353546146
838,0.1550617792059259
839,0.15506177487952277
840,0.1550617705562483
841,0.155061766236099
842,0.15506176191907184
843,0.15506175760516341
844,0.15506175329437025
845,0.15506174898668904
846,0.15506174468211642
847,0.15506174038064927
848,0.15506173608228382
849,0.1550617317870173
850,0.15506172749484584
851,0.15506172320576658
852,0.15506171891977596
853,0.15506171463687085
854,0.15506171035704777
855,0.1550617060803035
856,0.15506170180663473
857,0.15506169753603832
858,0.15506169326851055
859,0.15506168900404887
860,0.15506168474264936
861,0.15506168048430907
862,0.15506167622902478
863,0.155061671976793
864,0.15506166772761057
865,0.15506166348147427
866,0.15506165923838092
867,0.1550616549983273
868,0.1550616507613099
869,0.15506164652732587
870,0.15506164229637157
871,0.1550616380684443
872,0.15506163384354033
873,0.15506162962165673
874,0.15506162540279023
875,0.1550616211869376
876,0.15506161697409573
877,0.15506161276426145
878,0.15506160855743129
879,0.1550616043536023
880,0.1550616001527714
881,0.15506159595493507
882,0.15506159176009063
883,0.15506158756823457
884,0.1550615833793637
885,0.15506157919347505
886,0.15506157501056525
887,0.1550615708306311
888,0.1550615666536699
889,0.15506156247967817
890,0.15506155830865306
891,0.15506155414059092
892,0.155061549975489
893,0.15506154581334416
894,0.15506154165415317
895,0.15506153749791288
896,0.1550615333446203
897,0.1550615291942723
898,0.1550615250468659
899,0.1550615209023979
900,0.15506151676086496
901,0.15506151262226442
902,0.1550615084865928
903,0.15506150435384744
904,0.1550615002240249
905,0.15506149609712228
906,0.15506149197313648
907,0.15506148785206453
908,0.155061483733903
909,0.1550614796186494
910,0.1550614755063003
911,0.15506147139685283
912,0.15506146729030373
913,0.15506146318665004
914,0.15506145908588903
915,0.15506145498801732
916,0.15506145089303208
917,0.15506144680092993
918,0.15506144271170835
919,0.15506143862536415
920,0.15506143454189414
921,0.1550614304612956
922,0.15506142638356532
923,0.15506142230870051
924,0.1550614182366979
925,0.15506141416755476
926,0.1550614101012677
