1,0.20188609664090096
2,0.20120281959458852
3,0.19917952226677724
4,0.19356465589458777
5,0.17392832066144454
6,0.16455301705327235
7,0.1646312843990453
8,0.16463248480464285
9,0.16463249012737777
10,0.16463248630405433
11,0.16463248241433232
12,0.16463247852738516
13,0.16463247464373582
14,0.16463247076338397
15,0.16463246688632582
16,0.16463246301255727
17,0.16463245914207353
18,0.16463245527487141
19,0.16463245141094615
20,0.16463244755029377
21,0.16463244369291014
22,0.16463243983879086
23,0.1646324359879327
24,0.16463243214033063
25,0.16463242829598101
26,0.16463242445487958
27,0.16463242061702246
28,0.16463241678240542
29,0.1646324129510244
30,0.1646324091228756
31,0.16463240529795445
32,0.1646324014762575
33,0.16463239765777996
34,0.16463239384251868
35,0.16463239003046914
36,0.16463238622162735
37,0.1646323824159893
38,0.16463237861355126
39,0.16463237481430892
40,0.1646323710182583
41,0.1646323672253955
42,0.16463236343571633
43,0.16463235964921724
44,0.16463235586589403
45,0.16463235208574284
46,0.1646323483087598
47,0.16463234453494047
48,0.16463234076428143
49,0.16463233699677862
50,0.1646323332324279
51,0.16463232947122566
52,0.1646323257131678
53,0.1646323219582505
54,0.16463231820646965
55,0.16463231445782173
56,0.16463231071230258
57,0.16463230696990844
58,0.16463230323063546
59,0.1646322994944794
60,0.164632295761437
61,0.16463229203150398
62,0.16463228830467663
63,0.16463228458095136
64,0.1646322808603236
65,0.16463227714279033
66,0.16463227342834738
67,0.16463226971699058
68,0.16463226600871667
69,0.164632262303522
70,0.1646322586014021
71,0.1646322549023538
72,0.1646322512063726
73,0.16463224751345543
74,0.16463224382359806
75,0.16463224013679684
76,0.16463223645304817
77,0.1646322327723483
78,0.1646322290946933
79,0.16463222542007958
80,0.16463222174850334
81,0.16463221807996062
82,0.16463221441444778
83,0.16463221075196158
84,0.1646322070924978
85,0.1646322034360529
86,0.16463219978262328
87,0.1646321961322048
88,0.1646321924847944
89,0.1646321888403881
90,0.16463218519898207
91,0.16463218156057272
92,0.16463217792515678
93,0.16463217429273008
94,0.16463217066328917
95,0.16463216703683048
96,0.16463216341335013
97,0.1646321597928447
98,0.16463215617531052
99,0.1646321525607441
100,0.16463214894914155
101,0.1646321453404993
102,0.1646321417348137
103,0.16463213813208147
104,0.1646321345322987
105,0.16463213093546208
106,0.16463212734156787
107,0.16463212375061234
108,0.16463212016259207
109,0.1646321165775036
110,0.1646321129953434
111,0.16463210941610767
112,0.1646321058397929
113,0.16463210226639555
114,0.16463209869591225
115,0.16463209512833937
116,0.16463209156367342
117,0.16463208800191062
118,0.16463208444304797
119,0.1646320808870816
120,0.16463207733400814
121,0.16463207378382405
122,0.1646320702365257
123,0.16463206669210978
124,0.16463206315057277
125,0.16463205961191116
126,0.16463205607612155
127,0.16463205254320046
128,0.16463204901314435
129,0.16463204548594984
130,0.16463204196161335
131,0.16463203844013174
132,0.1646320349215015
133,0.16463203140571886
134,0.16463202789278047
135,0.16463202438268343
136,0.16463202087542375
137,0.16463201737099825
138,0.16463201386940365
139,0.16463201037063624
140,0.16463200687469282
141,0.16463200338156989
142,0.1646319998912644
143,0.16463199640377252
144,0.16463199291909128
145,0.16463198943721719
146,0.16463198595814654
147,0.16463198248187638
148,0.16463197900840337
149,0.16463197553772385
150,0.16463197206983476
151,0.16463196860473273
152,0.16463196514241432
153,0.16463196168287628
154,0.16463195822611518
155,0.164631954772128
156,0.16463195132091107
157,0.1646319478724612
158,0.16463194442677526
159,0.16463194098385006
160,0.16463193754368147
161,0.1646319341062673
162,0.16463193067160398
163,0.16463192723968778
164,0.16463192381051556
165,0.16463192038408472
166,0.16463191696039098
167,0.16463191353943196
168,0.16463191012120382
169,0.164631906705704
170,0.16463190329292826
171,0.16463189988287458
172,0.16463189647553866
173,0.16463189307091783
174,0.16463188966900888
175,0.16463188626980824
176,0.16463188287331298
177,0.16463187947952013
178,0.16463187608842614
179,0.16463187270002783
180,0.16463186931432217
181,0.16463186593130583
182,0.16463186255097578
183,0.16463185917332882
184,0.1646318557983617
185,0.16463185242607148
186,0.16463184905645478
187,0.16463184568950825
188,0.1646318423252292
189,0.16463183896361439
190,0.16463183560466024
191,0.16463183224836425
192,0.16463182889472303
193,0.1646318255437335
194,0.16463182219539227
195,0.16463181884969655
196,0.1646318155066431
197,0.16463181216622885
198,0.16463180882845072
199,0.16463180549330544
200,0.16463180216079032
201,0.16463179883090215
202,0.16463179550363746
203,0.16463179217899357
204,0.16463178885696714
205,0.16463178553755545
206,0.16463178222075509
207,0.16463177890656358
208,0.16463177559497708
209,0.16463177228599293
210,0.16463176897960827
211,0.16463176567582
212,0.16463176237462496
213,0.16463175907601996
214,0.1646317557800021
215,0.16463175248656878
216,0.16463174919571616
217,0.1646317459074421
218,0.164631742621743
219,0.16463173933861613
220,0.1646317360580584
221,0.16463173278006712
222,0.16463172950463872
223,0.16463172623177072
224,0.1646317229614597
225,0.16463171969370335
226,0.16463171642849833
227,0.16463171316584155
228,0.16463170990573003
229,0.16463170664816093
230,0.16463170339313163
231,0.16463170014063888
232,0.1646316968906795
233,0.1646316936432509
234,0.16463169039835016
235,0.16463168715597395
236,0.16463168391612004
237,0.16463168067878511
238,0.16463167744396626
239,0.16463167421166042
240,0.164631670981865
241,0.1646316677545766
242,0.16463166452979333
243,0.16463166130751125
244,0.16463165808772798
245,0.1646316548704405
246,0.16463165165564608
247,0.16463164844334172
248,0.16463164523352475
249,0.16463164202619193
250,0.16463163882134066
251,0.164631635618968
252,0.16463163241907136
253,0.16463162922164734
254,0.1646316260266937
255,0.16463162283420707
256,0.1646316196441852
257,0.1646316164566249
258,0.1646316132715232
259,0.16463161008887758
260,0.16463160690868517
261,0.1646316037309431
262,0.16463160055564854
263,0.16463159738279887
264,0.16463159421239096
265,0.16463159104442235
266,0.16463158787888996
267,0.16463158471579123
268,0.1646315815551233
269,0.1646315783968835
270,0.1646315752410689
271,0.1646315720876768
272,0.1646315689367041
273,0.16463156578814878
274,0.16463156264200762
275,0.16463155949827762
276,0.16463155635695656
277,0.16463155321804132
278,0.16463155008152963
279,0.16463154694741802
280,0.16463154381570433
281,0.16463154068638583
282,0.1646315375594594
283,0.1646315344349226
284,0.16463153131277256
285,0.16463152819300692
286,0.16463152507562254
287,0.16463152196061717
288,0.16463151884798766
289,0.1646315157377315
290,0.16463151262984627
291,0.16463150952432867
292,0.16463150642117674
293,0.16463150332038712
294,0.1646315002219576
295,0.1646314971258854
296,0.1646314940321676
297,0.1646314909408022
298,0.16463148785178558
299,0.1646314847651158
300,0.16463148168079025
301,0.16463147859880575
302,0.16463147551916002
303,0.16463147244185047
304,0.16463146936687437
305,0.16463146629422892
306,0.1646314632239116
307,0.16463146015592017
308,0.1646314570902514
309,0.16463145402690313
310,0.1646314509658723
311,0.16463144790715684
312,0.16463144485075382
313,0.1646314417966605
314,0.16463143874487488
315,0.16463143569539362
316,0.16463143264821462
317,0.1646314296033353
318,0.16463142656075266
319,0.16463142352046467
320,0.1646314204824683
321,0.16463141744676144
322,0.16463141441334103
323,0.16463141138220497
324,0.1646314083533504
325,0.16463140532677464
326,0.16463140230247558
327,0.16463139928045045
328,0.16463139626069645
329,0.16463139324321163
330,0.16463139022799286
331,0.1646313872150379
332,0.1646313842043443
333,0.16463138119590945
334,0.1646313781897308
335,0.16463137518580567
336,0.1646313721841319
337,0.1646313691847068
338,0.1646313661875278
339,0.16463136319259256
340,0.16463136019989835
341,0.16463135720944283
342,0.16463135422122374
343,0.16463135123523823
344,0.16463134825148398
345,0.16463134526995818
346,0.1646313422906589
347,0.16463133931358356
348,0.16463133633872942
349,0.16463133336609384
350,0.16463133039567507
351,0.16463132742747016
352,0.16463132446147674
353,0.16463132149769222
354,0.16463131853611437
355,0.1646313155767408
356,0.16463131261956895
357,0.16463130966459616
358,0.16463130671182047
359,0.16463130376123905
360,0.16463130081284968
361,0.16463129786664993
362,0.16463129492263717
363,0.16463129198080967
364,0.164631289041164
365,0.16463128610369843
366,0.16463128316841036
367,0.1646312802352974
368,0.16463127730435737
369,0.1646312743755874
370,0.16463127144898565
371,0.1646312685245491
372,0.16463126560227587
373,0.16463126268216358
374,0.16463125976420967
375,0.16463125684841193
376,0.16463125393476766
377,0.16463125102327467
378,0.16463124811393087
379,0.16463124520673356
380,0.16463124230168064
381,0.16463123939876953
382,0.16463123649799788
383,0.16463123359936357
384,0.16463123070286398
385,0.16463122780849695
386,0.1646312249162601
387,0.16463122202615119
388,0.16463121913816786
389,0.16463121625230778
390,0.16463121336856842
391,0.1646312104869477
392,0.16463120760744326
393,0.1646312047300528
394,0.16463120185477384
395,0.16463119898160428
396,0.16463119611054178
397,0.16463119324158382
398,0.1646311903747285
399,0.1646311875099735
400,0.16463118464731621
401,0.16463118178675437
402,0.16463117892828608
403,0.16463117607190864
404,0.1646311732176201
405,0.16463117036541788
406,0.1646311675153
407,0.16463116466726405
408,0.16463116182130771
409,0.16463115897742878
410,0.1646311561356249
411,0.16463115329589414
412,0.1646311504582342
413,0.16463114762264255
414,0.16463114478911686
415,0.1646311419576554
416,0.16463113912825575
417,0.16463113630091522
418,0.16463113347563202
419,0.16463113065240426
420,0.16463112783122882
421,0.1646311250121042
422,0.16463112219502765
423,0.16463111937999775
424,0.16463111656701154
425,0.16463111375606695
426,0.16463111094716207
427,0.16463110814029436
428,0.16463110533546216
429,0.16463110253266264
430,0.16463109973189388
431,0.16463109693315353
432,0.16463109413643975
433,0.16463109134175033
434,0.16463108854908265
435,0.16463108575843494
436,0.16463108296980497
437,0.16463108018319034
438,0.16463107739858923
439,0.16463107461599924
440,0.16463107183541828
441,0.16463106905684413
442,0.1646310662802746
443,0.1646310635057078
444,0.1646310607331414
445,0.16463105796257307
446,0.16463105519400104
447,0.16463105242742287
448,0.16463104966283668
449,0.16463104690024027
450,0.16463104413963126
451,0.16463104138100798
452,0.16463103862436776
453,0.16463103586970892
454,0.164631033117029
455,0.1646310303663262
456,0.16463102761759815
457,0.16463102487084294
458,0.16463102212605865
459,0.1646310193832428
460,0.16463101664239305
461,0.16463101390350812
462,0.16463101116658538
463,0.16463100843162268
464,0.1646310056986181
465,0.16463100296756938
466,0.16463100023847477
467,0.16463099751133217
468,0.1646309947861391
469,0.1646309920628937
470,0.16463098934159406
471,0.16463098662223802
472,0.1646309839048234
473,0.16463098118934832
474,0.16463097847581049
475,0.16463097576420796
476,0.1646309730545388
477,0.1646309703468009
478,0.16463096764099186
479,0.16463096493711044
480,0.16463096223515383
481,0.16463095953512025
482,0.16463095683700793
483,0.16463095414081433
484,0.1646309514465378
485,0.16463094875417622
486,0.16463094606372733
487,0.16463094337518955
488,0.1646309406885607
489,0.16463093800383855
490,0.1646309353210212
491,0.16463093264010678
492,0.1646309299610932
493,0.1646309272839785
494,0.16463092460876028
495,0.1646309219354373
496,0.16463091926400694
497,0.16463091659446744
498,0.16463091392681684
499,0.1646309112610531
500,0.164630908597174
501,0.1646309059351781
502,0.16463090327506294
503,0.16463090061682673
504,0.16463089796046756
505,0.16463089530598324
506,0.16463089265337205
507,0.16463089000263179
508,0.16463088735376064
509,0.16463088470675669
510,0.16463088206161786
511,0.16463087941834237
512,0.16463087677692823
513,0.16463087413737312
514,0.16463087149967554
515,0.16463086886383324
516,0.1646308662298445
517,0.1646308635977074
518,0.16463086096741986
519,0.16463085833898
520,0.16463085571238595
521,0.16463085308763575
522,0.16463085046472747
523,0.16463084784365903
524,0.1646308452244286
525,0.16463084260703462
526,0.16463083999147465
527,0.16463083737774692
528,0.16463083476584967
529,0.16463083215578103
530,0.16463082954753883
531,0.1646308269411214
532,0.16463082433652682
533,0.16463082173375307
534,0.16463081913279842
535,0.1646308165336608
536,0.16463081393633838
537,0.16463081134082935
538,0.1646308087471316
539,0.1646308061552439
540,0.16463080356516352
541,0.16463080097688915
542,0.16463079839041855
543,0.16463079580575038
544,0.16463079322288213
545,0.16463079064181216
546,0.16463078806253906
547,0.16463078548506016
548,0.1646307829093744
549,0.16463078033547943
550,0.16463077776337343
551,0.16463077519305486
552,0.1646307726245215
553,0.16463077005777166
554,0.16463076749280367
555,0.16463076492961537
556,0.16463076236820529
557,0.1646307598085712
558,0.1646307572507115
559,0.16463075469462415
