1,0.21112984422015146
2,0.16081184285764918
3,0.16056462385828207
4,0.1603626395618553
5,0.16016848521288113
6,0.15998150104825692
7,0.15980201189433893
8,0.15963026924770835
9,0.15946641818973475
10,0.15931050572214744
11,0.15916249222024959
12,0.15902226378148537
13,0.15888964472812978
14,0.15876440971433858
15,0.15864629503497554
16,0.15853500886964617
17,0.15843024031317018
18,0.158331667139188
19,0.1582389623160206
20,0.15815179934488185
21,0.15806985652311512
22,0.15799282025277062
23,0.15792038752114196
24,0.15785226767801738
25,0.1577881836271305
26,0.1577278725387385
27,0.15767108617808176
28,0.1576175909318584
29,0.15756716760256922
30,0.15751961102916004
31,0.1574747295820868
32,0.15743234457185978
33,0.15739228960231516
34,0.15735440989323243
35,0.15731856159138005
36,0.15728461108450942
37,0.1572524343290972
38,0.157221916199627
39,0.15719294986483306
40,0.15716543619442733
41,0.1571392831983802
42,0.15711440549970604
43,0.15709072384084585
44,0.15706816462313095
45,0.15704665947834753
46,0.1570261448711169
47,0.15700656173060182
48,0.15698785510992191
49,0.15696997387160505
50,0.15695287039739123
51,0.15693650032072184
52,0.15692082228030105
53,0.15690579769317248
54,0.15689139054583992
55,0.1568775672020317
56,0.15686429622580136
57,0.15685154821874528
58,0.15683929567019064
59,0.15682751281930912
60,0.1568161755281727
61,0.15680526116485394
62,0.1567947484957452
63,0.15678461758632833
64,0.15677484970970113
65,0.1567654272622147
66,0.156756333685636
67,0.15674755339529595
68,0.15673907171372817
69,0.15673087480935127
70,0.15672294963977637
71,0.1567152838993682
72,0.15670786597070757
73,0.15670068487964633
74,0.15669373025366048
75,0.1566869922832393
76,0.15668046168606878
77,0.15667412967378713
78,0.15666798792111014
79,0.1566620285371404
80,0.15665624403869163
81,0.15665062732546994
82,0.15664517165697142
83,0.15663987063096485
84,0.15663471816343655
85,0.15662970846989208
86,0.15662483604790772
87,0.1566200956608433
88,0.15661548232262867
89,0.1566109912835443
90,0.15660661801692516
91,0.1566023582067212
92,0.15659820773585215
93,0.15659416267529944
94,0.15659021927388472
95,0.15658637394868513
96,0.1565826232760437
97,0.15657896398312895
98,0.15657539294001008
99,0.1565719071522114
100,0.15656850375371295
101,0.15656518000036715
102,0.1565619332637053
103,0.1565587610251051
104,0.15655566087029937
105,0.15655263048420043
106,0.15654966764602005
107,0.15654677022466967
108,0.15654393617441456
109,0.15654116353077857
110,0.1565384504066683
111,0.1565357949887178
112,0.15653319553382916
113,0.1565306503659014
114,0.1565281578727383
115,0.15652571650311844
116,0.1565233247640222
117,0.15652098121800626
118,0.15651868448071254
119,0.15651643321850994
120,0.15651422614625587
121,0.15651206202517143
122,0.15650993966082824
123,0.15650785790123253
124,0.15650581563500904
125,0.15650381178967285
126,0.15650184532998843
127,0.15649991525640697
128,0.15649802060358345
129,0.15649616043896153
130,0.1564943338614292
131,0.156492540000038
132,0.1564907780127829
133,0.15648904708543926
134,0.1564873464304542
135,0.15648567528589147
136,0.15648403291442212
137,0.15648241860236284
138,0.15648083165875937
139,0.1564792714145089
140,0.156477737221524
141,0.15647622845193304
142,0.156474744497316
143,0.15647328476797465
144,0.156471848692234
145,0.1564704357157743
146,0.1564690453009932
147,0.15646767692639305
148,0.15646633008599634
149,0.15646500428878554
150,0.1564636990581653
151,0.15646241393144933
152,0.15646114845936723
153,0.1564599022055917
154,0.15645867474628672
155,0.15645746566967186
156,0.15645627457560668
157,0.15645510107519017
158,0.15645394479037786
159,0.1564528053536124
160,0.15645168240747065
161,0.15645057560432352
162,0.1564494846060098
163,0.1564484090835217
164,0.15644734871670446
165,0.15644630319396607
166,0.15644527221199817
167,0.1564442554755085
168,0.15644325269696233
169,0.15644226359633503
170,0.1564412879008726
171,0.15644032534486224
172,0.15643937566941035
173,0.15643843862222961
174,0.15643751395743377
175,0.1564366014353385
176,0.1564357008222732
177,0.15643481189039438
178,0.15643393441750947
179,0.15643306818690642
180,0.15643221298718843
181,0.15643136861211482
182,0.15643053486044795
183,0.15642971153580387
184,0.15642889844651148
185,0.15642809540547303
186,0.1564273022300313
187,0.1564265187418413
188,0.15642574476674492
189,0.15642498013465259
190,0.15642422467942524
191,0.15642347823876387
192,0.1564227406541001
193,0.15642201177049186
194,0.1564212914365221
195,0.1564205795042003
196,0.15641987582886843
197,0.1564191802691084
198,0.15641849268665411
199,0.15641781294630497
200,0.1564171409158429
201,0.15641647646595266
202,0.15641581947014221
203,0.15641516980466955
204,0.15641452734846722
205,0.1564138919830732
206,0.15641326359256233
207,0.15641264206347832
208,0.1564120272847711
209,0.15641141914773368
210,0.15641081754594105
211,0.15641022237519217
212,0.15640963353345375
213,0.15640905092080368
214,0.15640847443937791
215,0.15640790399331875
216,0.15640733948872498
217,0.15640678083360224
218,0.15640622793781508
219,0.15640568071304276
220,0.15640513907273226
221,0.15640460293205655
222,0.15640407220787195
223,0.15640354681867671
224,0.1564030266845717
225,0.156402511727222
226,0.15640200186981876
227,0.1564014970370432
228,0.15640099715503047
229,0.15640050215133697
230,0.1564000119549042
231,0.15639952649602837
232,0.15639904570632804
233,0.15639856951871345
234,0.15639809786735562
235,0.15639763068765886
236,0.1563971679162314
237,0.15639670949085838
238,0.1563962553504742
239,0.15639580543513748
240,0.15639535968600488
241,0.15639491804530656
242,0.15639448045632304
243,0.15639404686335998
244,0.15639361721172718
245,0.15639319144771502
246,0.1563927695185741
247,0.1563923513724927
248,0.15639193695857745
249,0.15639152622683342
250,0.15639111912814313
251,0.15639071561424953
252,0.1563903156377367
253,0.15638991915201056
254,0.15638952611128423
255,0.15638913647055788
256,0.15638875018560386
257,0.1563883672129501
258,0.15638798750986332
259,0.1563876110343356
260,0.15638723774506647
261,0.15638686760145099
262,0.15638650056356346
263,0.15638613659214423
264,0.1563857756485862
265,0.15638541769492037
266,0.15638506269380503
267,0.15638471060851045
268,0.15638436140290793
269,0.15638401504145763
270,0.15638367148919757
271,0.15638333071172933
272,0.1563829926752098
273,0.1563826573463393
274,0.15638232469234956
275,0.1563819946809952
276,0.15638166728054162
277,0.15638134245975682
278,0.15638102018790012
279,0.1563807004347136
280,0.15638038317041217
281,0.15638006836567453
282,0.15637975599163526
283,0.15637944601987452
284,0.1563791384224103
285,0.1563788331716904
286,0.15637853024058443
287,0.1563782296023747
288,0.15637793123074986
289,0.15637763509979583
290,0.15637734118399035
291,0.15637704945819395
292,0.15637675989764346
293,0.15637647247794534
294,0.1563761871750685
295,0.1563759039653378
296,0.15637562282542755
297,0.15637534373235512
298,0.1563750666634751
299,0.1563747915964722
300,0.15637451850935655
301,0.15637424738045666
302,0.15637397818841536
303,0.15637371091218172
304,0.15637344553100826
305,0.15637318202444372
306,0.1563729203723288
307,0.1563726605547903
308,0.156372402552237
309,0.1563721463453541
310,0.15637189191509793
311,0.1563716392426925
312,0.1563713883096242
313,0.15637113909763706
314,0.15637089158872847
315,0.15637064576514506
316,0.15637040160937835
317,0.15637015910416047
318,0.15636991823245994
319,0.15636967897747814
320,0.156369441322645
321,0.15636920525161493
322,0.15636897074826445
323,0.15636873779668609
324,0.15636850638118677
325,0.1563682764862836
326,0.1563680480967004
327,0.1563678211973638
328,0.15636759577340145
329,0.15636737181013644
330,0.15636714929308643
331,0.15636692820795842
332,0.15636670854064716
333,0.15636649027723162
334,0.15636627340397197
335,0.15636605790730626
336,0.15636584377384843
337,0.15636563099038486
338,0.156365419543872
339,0.15636520942143337
340,0.15636500061035666
341,0.15636479309809204
342,0.15636458687224888
343,0.15636438192059332
344,0.1563641782310462
345,0.1563639757916795
346,0.15636377459071626
347,0.15636357461652534
348,0.1563633758576221
349,0.1563631783026634
350,0.1563629819404477
351,0.1563627867599111
352,0.15636259275012668
353,0.15636239990030118
354,0.1563622081997742
355,0.15636201763801502
356,0.15636182820462144
357,0.15636163988931723
358,0.15636145268195129
359,0.15636126657249405
360,0.1563610815510374
361,0.15636089760779187
362,0.1563607147330852
363,0.15636053291736063
364,0.1563603521511747
365,0.15636017242519645
366,0.15635999373020532
367,0.15635981605708885
368,0.15635963939684222
369,0.15635946374056653
370,0.15635928907946628
371,0.15635911540484917
372,0.1563589427081236
373,0.15635877098079762
374,0.15635860021447776
375,0.15635843040086672
376,0.1563582615317636
377,0.15635809359906053
378,0.1563579265947429
379,0.1563577605108872
380,0.15635759533966082
381,0.15635743107331876
382,0.15635726770420452
383,0.15635710522474747
384,0.15635694362746255
385,0.15635678290494817
386,0.15635662304988585
387,0.1563564640550387
388,0.15635630591325042
389,0.15635614861744393
390,0.1563559921606204
391,0.1563558365358587
392,0.1563556817363134
393,0.1563555277552144
394,0.1563553745858654
395,0.15635522222164366
396,0.15635507065599868
397,0.15635491988245015
398,0.15635476989458894
399,0.15635462068607475
400,0.15635447225063567
401,0.15635432458206688
402,0.1563541776742306
403,0.15635403152105434
404,0.15635388611652978
405,0.15635374145471362
406,0.1563535975297248
407,0.1563534543357447
408,0.15635331186701615
409,0.15635317011784214
410,0.15635302908258594
411,0.15635288875566944
412,0.15635274913157277
413,0.15635261020483418
414,0.15635247197004776
415,0.156352334421864
416,0.1563521975549882
417,0.156352061364181
418,0.15635192584425653
419,0.15635179099008142
420,0.15635165679657584
421,0.15635152325871066
422,0.15635139037150877
423,0.15635125813004266
424,0.15635112652943522
425,0.15635099556485826
426,0.1563508652315322
427,0.1563507355247251
428,0.15635060643975224
429,0.15635047797197563
430,0.1563503501168035
431,0.15635022286968905
432,0.15635009622613041
433,0.15634997018166977
434,0.15634984473189248
435,0.15634971987242743
436,0.15634959559894518
437,0.15634947190715767
438,0.15634934879281806
439,0.1563492262517189
440,0.15634910427969242
441,0.15634898287260904
442,0.156348862026376
443,0.15634874173693714
444,0.15634862200027075
445,0.15634850281238807
446,0.15634838416933086
447,0.15634826606716895
448,0.15634814850199602
449,0.15634803146992418
450,0.1563479149670765
451,0.15634779898957465
452,0.15634768353352094
453,0.15634756859496768
454,0.1563474541698672
455,0.15634734025397956
456,0.15634722684269853
457,0.156347113930686
458,0.15634700151104083
459,0.15634688957311887
460,0.1563467780956864
461,0.15634666701852562
462,0.15634655605226513
463,0.15634643916791482
464,0.15656129545743183
465,0.15656076627876944
466,0.1565576066286761
467,0.156554371835222
468,0.15655112714215347
469,0.15654787440762422
470,0.15654461393540636
471,0.15654134599770206
472,0.156538070872621
473,0.15653478884509364
474,0.15653150020688136
475,0.15652820525655842
476,0.1565249042994845
477,0.15652159764777263
478,0.15651828562024855
479,0.1565149685424042
480,0.15651164674634238
481,0.15650832057071568
482,0.15650499036065643
483,0.1565016564676992
484,0.156498319249695
485,0.1564949790707189
486,0.15649163630096788
487,0.15648829131665085
488,0.1564849444998711
489,0.15648159623849908
490,0.15647824692603773
491,0.15647489696147923
492,0.15647154674915156
493,0.15646819669855982
494,0.15646484722421478
495,0.15646149874545653
496,0.1564581516862681
497,0.15645480647507884
498,0.15645146354456346
499,0.15644812333142932
500,0.1564447862761956
501,0.1564414528229675
502,0.15643812341919805
503,0.15643479851544642
504,0.15643147856512504
505,0.15642816402424198
506,0.15642485535113404
507,0.15642155300619515
508,0.15641825745159485
509,0.15641496915099445
510,0.15641168856925455
511,0.1564084161721354
512,0.1564051524259961
513,0.15640189779748506
514,0.1563986527532266
515,0.15639541775950505
516,0.1563921932819419
517,0.1563889797851726
518,0.15638577773251777
519,0.15638258758565388
520,0.15637940980428003
521,0.15637624484578438
522,0.15637309316491024
523,0.15636995521341845
524,0.1563668314397529
525,0.15636372228870551
526,0.15636062820108065
527,0.15635754961336337
528,0.15635448695738857
529,0.15635144066001247
530,0.1563484111427867
531,0.15634539882163917
532,0.1563424041065543
533,0.15633942740126183
534,0.15633646910292912
535,0.15633352960186006
536,0.1563306092811989
537,0.1563277085166433
538,0.1563248276761618
539,0.15632196711972116
540,0.15631912719902086
541,0.15631630825723708
542,0.1563135106287753
543,0.15631073463903158
544,0.15630798060416626
545,0.15630524883088479
546,0.15630253961623197
547,0.15629985324739523
548,0.1562971900015208
549,0.15629455014553942
550,0.15629193393600663
551,0.15628934161895217
552,0.15628677342974379
553,0.15628422959296348
554,0.15628171032229404
555,0.15627921582042137
556,0.15627674627894755
557,0.156274301878317
558,0.15627188278775753
559,0.15626948916523148
560,0.15626712115740107
561,0.15626477889960685
562,0.15626246251585987
563,0.15626017211884416
564,0.15625790780993304
