1,0.8103485853776093
2,0.8091563254208808
3,0.805655154570547
4,0.6042121058790152
5,0.1545787905931854
6,0.1547109947352045
7,0.15469019440593124
8,0.15466906665655764
9,0.15464754836115976
10,0.15462563510237234
11,0.1546033228370847
12,0.15458060785012734
13,0.1545574867877229
14,0.15453395669240205
15,0.15451001503918851
16,0.15448565977293463
17,0.15446088934666713
18,0.1544357027607703
19,0.15441009960280888
20,0.15438408008776303
21,0.15435764509840802
22,0.1543307962255534
23,0.15430353580780912
24,0.15427586697052592
25,0.15424779366352048
26,0.15421932069716865
27,0.15419045377642404
28,0.1541611995322978
29,0.15413156555031537
30,0.15410156039545314
31,0.15407119363305355
32,0.1540404758452152
33,0.1540094186421664
34,0.15397803466814272
35,0.15394633760132365
36,0.15391434214741312
37,0.15388206402649987
38,0.1538495199528896
39,0.15381672760766926
40,0.15378370560383664
41,0.15375047344392148
42,0.1537170514701076
43,0.1536834608069754
44,0.15364972329707655
45,0.1536158614296704
46,0.15358189826304772
47,0.15354785734098245
48,0.153513762603942
49,0.15347963829579028
50,0.15344550886679578
51,0.15341139887383165
52,0.1533773328787172
53,0.15334333534568928
54,0.1533094305390271
55,0.1532756424218554
56,0.15324199455715046
57,0.1532085100119427
58,0.1531752112656654
59,0.1531421201235379
60,0.15310925763579633
61,0.1530766440234897
62,0.15304429861146204
63,0.15301223976902315
64,0.15298048485869956
65,0.1529490501933278
66,0.15291795100163677
67,0.15288720140233877
68,0.15285681438663865
69,0.15282680180895492
70,0.1527971743855554
71,0.15276794170070912
72,0.15273911221988953
73,0.15271069330949516
74,0.1526826912625009
75,0.1526551113294206
76,0.15262795775393367
77,0.15260123381252005
78,0.15257494185744827
79,0.15254908336246853
80,0.1525236589705909
81,0.15249866854335245
82,0.15247411121101287
83,0.15244998542316607
84,0.15242628899928776
85,0.15240301917880025
86,0.15238017267027382
87,0.1523577456994417
88,0.15233573405574397
89,0.1523141331371747
90,0.1522929379932402
91,0.1522721433658843
92,0.15225174372827444
93,0.1522317333213753
94,0.15221210618827316
95,0.15219285620623393
96,0.15217397711651334
97,0.1521554625519516
98,0.15213730606239995
99,0.15211950113805298
100,0.1521020412307595
101,0.1520849197734013
102,0.15206813019743326
103,0.1520516659486862
104,0.152035520501529
105,0.15201968737149943
106,0.15200416012650128
107,0.1519889323966707
108,0.1519739978830128
109,0.1519593503649008
110,0.15194498370653456
111,0.15193089186244266
112,0.15191706888211487
113,0.15190350891384283
114,0.15189020620784488
115,0.1518771551187416
116,0.15186435010745228
117,0.1518517857425662
118,0.15183945670125137
119,0.15182735776974549
120,0.15181548384348176
121,0.15180382992688898
122,0.15179239113290788
123,0.15178116268225772
124,0.1517701399024872
125,0.15175931822683827
126,0.15174869319295
127,0.15173826044142497
128,0.151728015714283
129,0.15171795485331796
130,0.1517080737983763
131,0.15169836858557412
132,0.15168883534546262
133,0.15167947030115853
134,0.15167026976644699
135,0.15166123014386718
136,0.1516523479227896
137,0.15164361967749038
138,0.15163504206523276
139,0.15162661182435425
140,0.15161832577237336
141,0.15161018080411123
142,0.1516021738898363
143,0.15159430207343588
144,0.15158656247061214
145,0.15157895226710943
146,0.15157146871697155
147,0.15156410914083313
148,0.15155687092424155
149,0.1515497515160153
150,0.15154274842663656
151,0.15153585922667784
152,0.15152908154526448
153,0.15152241306857409
154,0.15151585153836666
155,0.15150939475055578
156,0.15150304055380925
157,0.15149678684818743
158,0.15149063158381393
159,0.15148457275958074
160,0.15147860842188604
161,0.15147273666340347
162,0.1514669556218853
163,0.15146126347899536
164,0.15145565845917214
165,0.1514501388285235
166,0.15144470289374953
167,0.15143934900109368
168,0.1514340755353238
169,0.15142888091873732
170,0.1514237636101971
171,0.15141872210418914
172,0.15141375492990905
173,0.15140886065037037
174,0.15140403786154008
175,0.1513992851914941
176,0.1513946012995989
177,0.15138998487571237
178,0.1513854346394087
179,0.15138094933922278
180,0.15137652775191568
181,0.1513721686817604
182,0.1513678709598457
183,0.15136363344340115
184,0.15135945501513676
185,0.15135533458260494
186,0.1513512710775757
187,0.15134726345543215
188,0.15134331069457907
189,0.15133941179587052
190,0.15133556578205
191,0.15133177169720885
192,0.1513280286062559
193,0.15132433559440428
194,0.1513206917666692
195,0.1513170962473828
196,0.1513135481797178
197,0.15131004672522774
198,0.1513065910633963
199,0.15130318039120116
200,0.15129981392268804
201,0.15129649088855637
202,0.15129321053575623
203,0.15128997212709597
204,0.15128677494085951
205,0.15128361827043454
206,0.15128050142395072
207,0.15127742372392616
208,0.15127438450692504
209,0.15127138312322225
210,0.15126841893647833
211,0.15126549132342232
212,0.15126259967354286
213,0.15125974338878703
214,0.15125692188326856
215,0.1512541345829812
216,0.1512513809255217
217,0.1512486603598184
218,0.15124597234586842
219,0.15124331635448013
220,0.15124069186702238
221,0.1512380983751815
222,0.15123553538072373
223,0.1512330023952629
224,0.15123049894003512
225,0.15122802454567927
226,0.15122557875202217
227,0.15122316110787018
228,0.15122077117080548
229,0.15121840850698764
230,0.15121607269096032
231,0.15121376330546255
232,0.15121147994124529
233,0.1512092221968914
234,0.15120698967864243
235,0.15120478200022702
236,0.151202598782695
237,0.15120043965425595
238,0.15119830425012076
239,0.15119619221234767
240,0.1511941031896925
241,0.15119203683746113
242,0.1511899928173677
243,0.15118797079739463
244,0.15118597045165605
245,0.15118399146026626
246,0.1511820335092097
247,0.15118009629021412
248,0.1511781795006284
249,0.15117628284330129
250,0.15117440602646476
251,0.15117254876361888
252,0.15117071077342045
253,0.1511688917795738
254,0.1511670915107243
255,0.151165309700354
256,0.15116354608668084
257,0.15116180041255917
258,0.15116007242538274
259,0.15115836187699097
260,0.151156668523576
261,0.15115499212559338
262,0.1511533324476732
263,0.15115168925853545
264,0.15115006233090453
265,0.15114845144142916
266,0.15114685637060044
267,0.1511452769026757
268,0.1511437128256004
269,0.15114216393093458
270,0.15114063001377942
271,0.1511391108727063
272,0.15113760630968764
273,0.15113611613002775
274,0.1511346401422976
275,0.15113317815826902
276,0.15113172999285196
277,0.15113029546403167
278,0.15112887439280914
279,0.15112746660314041
280,0.15112607192188005
281,0.1511246901787235
282,0.15112332120615254
283,0.15112196483938
284,0.15112062091629835
285,0.15111928927742677
286,0.1511179697658606
287,0.15111666222722256
288,0.1511153665096136
289,0.15111408246356578
290,0.15111280994199638
291,0.15111154880016198
292,0.15111029889561417
293,0.151109060088157
294,0.15110783223980334
295,0.1511066152147343
296,0.15110540887925833
297,0.151104213101771
298,0.15110302775271775
299,0.1511018527045535
300,0.1511006878317071
301,0.15109953301054452
302,0.15109838811933266
303,0.1510972530382049
304,0.15109612764912692
305,0.15109501183586338
306,0.1510939054839443
307,0.15109280848063406
308,0.15109172071489943
309,0.15109064207737904
310,0.1510895724603528
311,0.15108851175771326
312,0.15108745986493582
313,0.15108641667905115
314,0.1510853820986173
315,0.15108435602369238
316,0.15108333835580764
317,0.15108232899794308
318,0.15108132785449943
319,0.15108033483127545
320,0.1510793498354423
321,0.1510783727755195
322,0.1510774035613519
323,0.15107644210408672
324,0.15107548831615034
325,0.15107454211122692
326,0.15107360340423617
327,0.15107267211131237
328,0.15107174814978358
329,0.15107083143815134
330,0.15106992189607024
331,0.15106901944432893
332,0.1510681240048299
333,0.15106723550057213
334,0.15106635385563133
335,0.15106547899514242
336,0.15106461084528133
337,0.1510637493332483
338,0.15106289438725012
339,0.1510620459364838
340,0.15106120391111988
341,0.15106036824228636
342,0.15105953886205317
343,0.15105871570341606
344,0.15105789870028247
345,0.15105708778745533
346,0.15105628290061943
347,0.15105548397632632
348,0.1510546909519809
349,0.15105390376582722
350,0.15105312235693497
351,0.15105234666518616
352,0.15105157663126192
353,0.15105081219663033
354,0.15105005330353313
355,0.15104929989497357
356,0.15104855191470418
357,0.1510478093072156
358,0.151047072017724
359,0.1510463399921602
360,0.15104561317715817
361,0.15104489152004394
362,0.1510441749688249
363,0.15104346347217915
364,0.1510427569794452
365,0.1510420554406113
366,0.1510413588063059
367,0.15104066702778746
368,0.1510399800569344
369,0.15103929784623618
370,0.15103862034878351
371,0.1510379475182599
372,0.1510372793089311
373,0.15103661567563798
374,0.15103595657378646
375,0.15103530195933973
376,0.15103465178880945
377,0.15103400601924794
378,0.15103336460823927
379,0.15103272751389185
380,0.15103209469483062
381,0.15103146611018947
382,0.151030841719603
383,0.15103022148319936
384,0.15102960536159382
385,0.15102899331588007
386,0.15102838530762433
387,0.15102778129885805
388,0.15102718125207076
389,0.15102658513020414
390,0.1510259928966446
391,0.1510254045152169
392,0.15102481995017894
393,0.15102423916621388
394,0.15102366212842513
395,0.15102308880232918
396,0.15102251915385126
397,0.15102195314931832
398,0.15102139075545334
399,0.15102083193936983
400,0.151020276668567
401,0.15101972491092264
402,0.15101917663468947
403,0.1510186318084889
404,0.151018090401306
405,0.15101755238248482
406,0.1510170177217223
407,0.1510164863890643
408,0.1510159583549005
409,0.1510154335899599
410,0.15101491206530498
411,0.15101439375232822
412,0.1510138786227472
413,0.15101336664860024
414,0.15101285780224163
415,0.15101235205633723
416,0.15101184938386078
417,0.15101134975808955
418,0.15101085315259952
419,0.15101035954126232
420,0.15100986889824022
421,0.15100938119798318
422,0.1510088964152242
423,0.1510084145249757
424,0.15100793550252622
425,0.15100745932343598
426,0.15100698596353374
427,0.15100651539891327
428,0.15100604760592917
429,0.1510055825611945
430,0.15100512024157609
431,0.15100466062419232
432,0.1510042036864091
433,0.15100374940583666
434,0.1510032977603266
435,0.1510028487279689
436,0.1510024022870882
437,0.15100195841624084
438,0.15100151709421275
439,0.15100107830001527
440,0.15100064201288266
441,0.15100020821226967
442,0.1509997768778483
443,0.15099934798950437
444,0.1509989215273364
445,0.15099849747165123
446,0.15099807580296237
447,0.15099765650198693
448,0.15099723954964292
449,0.15099682492704744
450,0.150996412615513
451,0.15099600259654608
452,0.1509955948518445
453,0.1509951893632943
454,0.15099478611296796
455,0.1509943850831221
456,0.15099398625619528
457,0.1509935896148049
458,0.1509931951417462
459,0.1509928028199891
460,0.15099241263267635
461,0.15099202456312158
462,0.15099163859480705
463,0.15099125471138103
464,0.1509908728966568
465,0.15099049313461024
466,0.15099011540937707
467,0.15098973970525187
468,0.150989366006686
469,0.15098899429828502
470,0.1509886245648077
471,0.15098825679116357
472,0.15098789096241153
473,0.15098752706375732
474,0.1509871650805528
475,0.15098680499829323
476,0.15098644680261614
477,0.15098609047929942
478,0.15098573601425958
479,0.15098538339355047
480,0.15098503260336116
481,0.15098468363001463
482,0.15098433645996598
483,0.15098399107980126
484,0.15098364747623555
485,0.15098330563611137
486,0.15098296554639767
487,0.15098262719418784
488,0.1509822905666988
489,0.15098195565126887
490,0.1509816224353569
491,0.15098129090654067
492,0.15098096105251557
493,0.1509806328610932
494,0.1509803063202001
495,0.15097998141787614
496,0.1509796581422737
497,0.15097933648165612
498,0.1509790164243964
499,0.1509786979589758
500,0.15097838107398293
501,0.1509780657581125
502,0.15097775200016403
503,0.1509774397890403
504,0.1509771291137469
505,0.1509768199633905
506,0.15097651232717788
507,0.15097620619441524
508,0.15097590155450583
509,0.15097559839695077
510,0.15097529671134585
511,0.1509749964873826
512,0.15097469771484515
513,0.15097440038361093
514,0.15097410448364842
515,0.15097381000501703
516,0.15097351693786545
517,0.15097322527243082
518,0.15097293499903838
519,0.15097264610809932
520,0.15097235859011107
521,0.15097207243565522
522,0.1509717876353975
523,0.15097150418008667
524,0.15097122206055336
525,0.15097094126770902
526,0.15097066179254578
527,0.15097038362613485
528,0.15097010675962588
529,0.15096983118424648
530,0.15096955689130112
531,0.1509692838721697
532,0.15096901211830802
533,0.15096874162124554
534,0.15096847237258604
535,0.1509682043640058
536,0.15096793758725305
537,0.1509676720341474
538,0.15096740769657918
539,0.150967144566508
540,0.15096688263596303
541,0.15096662189704144
542,0.15096636234190822
543,0.15096610396279503
544,0.15096584675199987
545,0.15096559070188645
546,0.1509653358048828
547,0.1509650820534818
548,0.15096482944023873
549,0.150964577957773
550,0.15096432759876546
551,0.15096407835595843
552,0.15096383022215543
553,0.15096358319022016
554,0.15096333725307592
555,0.15096309240370512
556,0.1509628486351488
557,0.15096260594050545
558,0.15096236431293097
559,0.15096212374563828
560,0.15096188423189602
561,0.1509616457650284
562,0.15096140833841484
563,0.15096117194548891
564,0.15096093657973808
565,0.15096070223470356
566,0.1509604689039787
567,0.15096023658120963
568,0.15096000526009407
569,0.15095977493438084
570,0.15095954559786975
571,0.1509593172444106
572,0.15095908986790277
573,0.15095886346229567
574,0.15095863802158607
575,0.15095841353982042
576,0.15095819001109187
577,0.15095796742954148
578,0.15095774578935703
579,0.1509575250847727
580,0.15095730531006843
581,0.15095708645956993
582,0.15095686852764767
583,0.15095665150871693
584,0.15095643539723705
585,0.15095622018771085
586,0.1509560058746852
587,0.15095579245274932
588,0.15095557991653477
589,0.15095536826071596
590,0.15095515748000787
591,0.1509549475691676
592,0.15095473852299315
593,0.1509545303363223
594,0.15095432300403355
595,0.15095411652104485
596,0.15095391088231364
597,0.15095370608283634
598,0.15095350211764738
599,0.1509532989818208
600,0.15095309667046697
601,0.1509528951787347
602,0.1509526945018096
603,0.15095249463491422
604,0.15095229557330764
605,0.1509520973122849
606,0.15095189984717705
607,0.1509517031733502
608,0.15095150728620593
609,0.1509513121811808
610,0.15095111785374526
611,0.15095092429940424
612,0.15095073151369676
613,0.1509505394921948
614,0.1509503482305039
615,0.15095015772426273
616,0.15094996796914206
617,0.1509497789608453
618,0.1509495906951077
619,0.15094940316769653
620,0.15094921637441014
621,0.1509490303110781
622,0.15094884497356104
623,0.15094866035774995
624,0.15094847645956636
625,0.1509482932749616
626,0.1509481107999167
627,0.15094792903044257
628,0.15094774796257895
629,0.15094756759239492
630,0.1509473879159877
631,0.15094720892948327
632,0.15094703062903625
633,0.15094685301082827
634,0.15094667607106949
635,0.15094649980599698
636,0.1509463242118752
637,0.1509461492849956
638,0.15094597502167637
639,0.15094580141826197
640,0.15094562847112333
641,0.15094545617665725
642,0.15094528453128678
643,0.15094511353145956
644,0.15094494317364943
645,0.150944773454355
646,0.15094460437009993
647,0.1509444359174323
648,0.15094426809292497
649,0.1509441008931748
650,0.1509439343148027
651,0.15094376835445375
652,0.15094360300879614
653,0.15094343827452172
654,0.1509432741483458
655,0.1509431106270062
656,0.1509429477072642
657,0.1509427853859028
658,0.15094262365972833
659,0.15094246252556898
660,0.15094230198027497
661,0.15094214202071818
662,0.1509419826437927
663,0.1509418238464137
664,0.15094166562551764
665,0.1509415079780623
666,0.15094135090102603
667,0.1509411943914087
668,0.15094103844623014
669,0.1509408830625305
670,0.15094072823737065
671,0.15094057396783137
672,0.1509404202510131
673,0.15094026708403632
674,0.15094011446404124
675,0.1509399623881866
676,0.1509398108536517
677,0.15093965985763375
678,0.15093950939734962
679,0.15093935947003467
680,0.15093921007294292
681,0.15093906120334685
682,0.15093891285853742
683,0.1509387650358233
684,0.15093861773253167
685,0.15093847094600732
686,0.15093832467361257
687,0.15093817891272804
688,0.15093803366075084
689,0.150937888915096
690,0.1509377446731953
691,0.15093760093249783
692,0.15093745769046962
693,0.15093731494459298
694,0.15093717269236723
695,0.1509370309313077
696,0.15093688965894664
697,0.15093674887283207
698,0.1509366085705282
699,0.1509364687496152
700,0.15093632940768878
701,0.1509361905423608
702,0.15093605215125827
703,0.15093591423202377
704,0.15093577678231535
705,0.15093563979980576
706,0.15093550328218358
707,0.15093536722715153
708,0.1509352316324274
709,0.1509350964957441
710,0.15093496181484864
711,0.15093482758750276
712,0.1509346938114824
713,0.15093456048457768
714,0.15093442760459339
715,0.15093429516934756
716,0.1509341631766726
717,0.15093403162441466
718,0.15093390051043357
719,0.1509337698326025
720,0.1509336395888088
721,0.1509335097769521
722,0.1509333803949466
723,0.15093325144071845
724,0.15093312291220767
725,0.15093299480736688
726,0.1509328671241617
727,0.1509327398605706
728,0.1509326130145842
729,0.15093248658420666
730,0.1509323605674534
731,0.1509322349623534
732,0.15093210976694701
733,0.15093198497928725
734,0.15093186059743918
735,0.1509317366194797
736,0.15093161304349761
737,0.15093148986759403
738,0.15093136708988092
739,0.15093124470848251
740,0.1509311227215344
741,0.15093100112718408
742,0.15093087992358942
743,0.1509307591089204
744,0.1509306386813582
745,0.15093051863909482
746,0.1509303989803332
747,0.15093027970328757
748,0.15093016080618302
749,0.150930042287255
750,0.1509299241447501
751,0.15092980637692535
752,0.15092968898204853
753,0.15092957195839754
754,0.15092945530426105
755,0.1509293390179379
756,0.15092922309773701
757,0.1509291075419777
758,0.15092899234898907
759,0.15092887751711068
760,0.15092876304469172
761,0.15092864893009125
762,0.15092853517167834
763,0.15092842176783153
764,0.1509283087169391
765,0.15092819601739907
766,0.15092808366761865
767,0.15092797166601474
768,0.15092786001101363
769,0.15092774870105066
770,0.15092763773457069
771,0.15092752711002771
772,0.1509274168258845
773,0.15092730688061315
774,0.15092719727269482
775,0.1509270880006195
776,0.15092697906288574
777,0.15092687045800127
778,0.15092676218448217
779,0.15092665424085341
780,0.15092654662564856
781,0.15092643933740946
782,0.15092633237468694
783,0.15092622573603964
784,0.1509261194200349
785,0.1509260134252483
786,0.15092590775026338
787,0.15092580239367237
788,0.1509256973540751
789,0.15092559263007976
790,0.15092548822030233
791,0.15092538412336717
792,0.15092528033790573
793,0.15092517686255802
794,0.15092507369597163
795,0.15092497083680165
796,0.15092486828371104
797,0.15092476603537022
798,0.15092466409045746
799,0.15092456244765814
800,0.1509244611056653
801,0.1509243600631796
802,0.15092425931890838
803,0.15092415887156707
804,0.15092405871987796
805,0.15092395886257037
806,0.15092385929838098
807,0.15092376002605365
808,0.15092366104433938
809,0.15092356235199547
810,0.15092346394778686
811,0.1509233658304854
812,0.15092326799886932
813,0.15092317045172407
814,0.15092307318784184
815,0.15092297620602108
816,0.15092287950506766
817,0.15092278308379325
818,0.1509226869410167
819,0.15092259107556333
820,0.1509224954862645
821,0.15092240017195852
822,0.15092230513148983
823,0.15092221036370937
824,0.1509221158674742
825,0.15092202164164803
826,0.15092192768510032
827,0.150921833996707
828,0.15092174057535013
829,0.15092164741991781
830,0.15092155452930398
831,0.1509214619024092
832,0.1509213695381397
833,0.1509212774354071
834,0.15092118559312986
835,0.1509210940102316
836,0.1509210026856424
837,0.15092091161829727
838,0.1509208208071378
839,0.15092073025111089
840,0.1509206399491691
841,0.1509205499002705
842,0.15092046010337912
843,0.15092037055746424
844,0.1509202812615009
845,0.15092019221446953
846,0.15092010341535592
847,0.15092001486315104
848,0.15091992655685194
849,0.15091983849546037
850,0.1509197506779836
851,0.15091966310343433
852,0.15091957577083015
853,0.15091948867919416
854,0.1509194018275546
855,0.1509193152149446
856,0.15091922884040251
857,0.15091914270297205
858,0.15091905680170128
859,0.15091897113564426
860,0.15091888570385892
861,0.15091880050540893
862,0.15091871553936265
863,0.15091863080479304
864,0.15091854630077842
865,0.15091846202640133
866,0.15091837798074945
867,0.1509182941629154
868,0.15091821057199595
869,0.1509181272070929
870,0.15091804406731288
871,0.15091796115176678
872,0.15091787845957047
873,0.15091779598984376
874,0.15091771374171198
875,0.1509176317143041
876,0.15091754990675368
877,0.1509174683181992
878,0.15091738694778342
879,0.15091730579465304
880,0.15091722485795972
881,0.15091714413685936
882,0.15091706363051155
883,0.15091698333808112
884,0.1509169032587365
885,0.15091682339165052
886,0.1509167437360003
887,0.1509166642909671
888,0.15091658505573632
889,0.15091650602949747
890,0.15091642721144405
891,0.150916348600774
892,0.1509162701966891
893,0.15091619199839484
894,0.1509161140051014
895,0.1509160362160224
896,0.15091595863037552
897,0.15091588124738234
898,0.15091580406626853
899,0.15091572708626347
900,0.1509156503066005
901,0.1509155737265168
902,0.15091549734525309
903,0.1509154211620543
904,0.15091534517616884
905,0.15091526938684904
906,0.15091519379335072
907,0.15091511839493316
908,0.15091504319086035
909,0.15091496818039862
910,0.15091489336281902
911,0.1509148187373954
912,0.1509147443034055
913,0.15091467006013076
914,0.1509145960068561
915,0.1509145221428697
916,0.15091444846746344
917,0.15091437497993296
918,0.15091430167957645
919,0.15091422856569678
920,0.15091415563759886
921,0.1509140828945927
922,0.15091401033598947
923,0.15091393796110616
924,0.15091386576926086
925,0.15091379375977626
926,0.15091372193197822
927,0.1509136502851955
928,0.1509135788187603
929,0.150913507532008
930,0.1509134364242774
931,0.15091336549491016
932,0.1509132947432513
933,0.1509132241686489
934,0.15091315377045447
935,0.15091308354802224
936,0.15091301350070976
937,0.15091294362787772
938,0.1509128739288894
939,0.15091280440311186
