1,0.6212844984204188
2,0.16967471130453834
3,0.16927471259951618
4,0.16927372019268727
5,0.1692728988691876
6,0.16927208628469914
7,0.16927128214194057
8,0.16927048631779687
9,0.16926969869159814
10,0.1692689191448876
11,0.16926814756137248
12,0.16926738382687778
13,0.16926662782929977
14,0.1692658794585609
15,0.1692651386065668
16,0.16926440516716298
17,0.16926367903609338
18,0.16926296011096
19,0.1692622482911832
20,0.1692615434779633
21,0.16926084557424242
22,0.1692601544846684
23,0.16925947011555825
24,0.16925879237486374
25,0.1692581211721369
26,0.16925745641849685
27,0.1692567980265978
28,0.16925614591059623
29,0.1692554999861205
30,0.16925486017024066
31,0.1692542263814388
32,0.16925359853958025
33,0.1692529765658854
34,0.16925236038290253
35,0.16925174991448022
36,0.1692511450857417
37,0.16925054582305935
38,0.1692499520540291
39,0.16924936370744634
40,0.1692487807132823
41,0.16924820300266086
42,0.16924763050783415
43,0.1692470631621628
44,0.16924650090009186
45,0.1692459436571316
46,0.16924539136983488
47,0.16924484397577783
48,0.16924430141354022
49,0.16924376362268512
50,0.16924323054374088
51,0.16924270211818207
52,0.16924217828841115
53,0.16924165899774138
54,0.16924114419037947
55,0.1692406338114069
56,0.1692401278067666
57,0.16923962612324356
58,0.1692391287084509
59,0.16923863551081325
60,0.1692381464795521
61,0.1692376615646715
62,0.16923718071694233
63,0.1692367038878887
64,0.16923623102977448
65,0.16923576209558874
66,0.16923529703903326
67,0.16923483581450893
68,0.16923437837710334
69,0.16923392468257814
70,0.16923347468735714
71,0.16923302834851325
72,0.16923258562375862
73,0.16923214647143175
74,0.16923171085048616
75,0.16923127872048033
76,0.16923085004156674
77,0.1692304247744807
78,0.16923000288053006
79,0.16922958432158625
80,0.1692291690600729
81,0.1692287570589576
82,0.16922834828174044
83,0.16922794269244687
84,0.16922754025561737
85,0.16922714093629826
86,0.16922674470003388
87,0.16922635151285756
88,0.16922596134128282
89,0.16922557415229578
90,0.16922518991334706
91,0.16922480859234323
92,0.16922443015763958
93,0.16922405457803247
94,0.1692236818227515
95,0.16922331186145345
96,0.16922294466421325
97,0.16922258020151829
98,0.16922221844426083
99,0.16922185936373196
100,0.1692215029316143
101,0.16922114911997635
102,0.1692207979012653
103,0.16922044924830057
104,0.16922010313426897
105,0.1692197595327175
106,0.1692194184175482
107,0.1692190797630119
108,0.16921874354370237
109,0.16921840973455177
110,0.16921807831082428
111,0.16921774924811112
112,0.16921742252232475
113,0.16921709810969474
114,0.16921677598676188
115,0.16921645613037353
116,0.1692161385176788
117,0.1692158231261233
118,0.1692155099334455
119,0.16921519891767162
120,0.16921489005710905
121,0.1692145833303466
122,0.1692142787162451
123,0.16921397619393713
124,0.16921367574281962
125,0.16921337734255215
126,0.16921308097305218
127,0.16921278661448963
128,0.16921249424728552
129,0.16921220385210642
130,0.1692119154098605
131,0.16921162890169542
132,0.16921134430899323
133,0.16921106161336716
134,0.16921078079665877
135,0.16921050184093356
136,0.16921022472847833
137,0.1692099494417978
138,0.16920967596361042
139,0.16920940427684628
140,0.1692091343646438
141,0.16920886621034606
142,0.16920859979749855
143,0.16920833510984518
144,0.16920807213132638
145,0.1692078108460757
146,0.16920755123841683
147,0.16920729329286127
148,0.16920703699410505
149,0.16920678232702666
150,0.1692065292766838
151,0.16920627782831185
152,0.1692060279673192
153,0.1692057796792876
154,0.16920553294996646
155,0.16920528776527377
156,0.1692050441112914
157,0.16920480197426307
158,0.16920456134059336
159,0.16920432219684323
160,0.16920408452973046
161,0.1692038483261252
162,0.1692036135730483
163,0.16920338025767093
164,0.1692031483673099
165,0.16920291788942707
166,0.16920268881162778
167,0.16920246112165713
168,0.16920223480739996
169,0.16920200985687722
170,0.16920178625824608
171,0.16920156399979586
172,0.1692013430699477
173,0.16920112345725183
174,0.1692009051503875
175,0.16920068813815817
176,0.16920047240949346
177,0.16920025795344446
178,0.1692000447591835
179,0.1691998328160026
180,0.16919962211331133
181,0.1691994126406354
182,0.16919920438761496
183,0.16919899734400373
184,0.16919879149966668
185,0.16919858684457903
186,0.16919838336882403
187,0.1691981810625932
188,0.16919797991618282
189,0.16919777991999466
190,0.16919758106453175
191,0.16919738334040063
192,0.16919718673830741
193,0.1691969912490568
194,0.16919679686355213
195,0.16919660357279223
196,0.16919641136787203
197,0.16919622023997952
198,0.16919603018039642
199,0.16919584118049563
200,0.16919565323174013
201,0.16919546632568236
202,0.16919528045396326
203,0.1691950956083096
204,0.16919491178053558
205,0.1691947289625394
206,0.1691945471463024
207,0.1691943663238893
208,0.1691941864874465
209,0.16919400762920053
210,0.16919382974145752
211,0.16919365281660276
212,0.1691934768470983
213,0.1691933018254834
214,0.16919312774437265
215,0.16919295459645564
216,0.16919278237449548
217,0.16919261107132844
218,0.16919244067986272
219,0.16919227119307761
220,0.16919210260402234
221,0.16919193490581574
222,0.16919176809164568
223,0.1691916021547665
224,0.16919143708850087
225,0.16919127288623634
226,0.16919110954142622
227,0.16919094704758836
228,0.16919078539830412
229,0.1691906245872177
230,0.169190464608036
231,0.1691903054545262
232,0.1691901471205178
233,0.16918998959989875
234,0.16918983288661693
235,0.16918967697467935
236,0.1691895218581493
237,0.16918936753114877
238,0.16918921398785555
239,0.16918906122250316
240,0.1691889092293809
241,0.16918875800283195
242,0.16918860753725365
243,0.16918845782709652
244,0.16918830886686387
245,0.16918816065111092
246,0.16918801317444415
247,0.1691878664315212
248,0.16918772041705027
249,0.16918757512578814
250,0.16918743055254135
251,0.1691872866921652
252,0.16918714353956266
253,0.16918700108968399
254,0.16918685933752664
255,0.16918671827813384
256,0.16918657790659572
257,0.1691864382180466
258,0.16918629920766634
259,0.16918616087067828
260,0.16918602320235082
261,0.1691858861979944
262,0.1691857498529628
263,0.16918561416265235
264,0.1691854791225006
265,0.16918534472798682
266,0.16918521097463157
267,0.16918507785799594
268,0.16918494537367973
269,0.16918481351732387
270,0.16918468228460778
271,0.16918455167124963
272,0.16918442167300574
273,0.1691842922856706
274,0.16918416350507598
275,0.16918403532709073
276,0.1691839077476205
277,0.16918378076260682
278,0.1691836543680273
279,0.16918352855989502
280,0.1691834033342579
281,0.1691832786871991
282,0.16918315461483535
283,0.1691830311133184
284,0.1691829081788322
285,0.16918278580759522
286,0.16918266399585782
287,0.1691825427399037
288,0.16918242203604786
289,0.16918230188063815
290,0.16918218227005313
291,0.16918206320070295
292,0.16918194466902828
293,0.1691818266715004
294,0.16918170920462114
295,0.16918159226492177
296,0.169181475848963
297,0.16918135995333514
298,0.1691812445746576
299,0.1691811297095779
300,0.1691810153547724
301,0.16918090150694526
302,0.1691807881628282
303,0.16918067531918088
304,0.16918056297278966
305,0.16918045112046853
306,0.1691803397590572
307,0.16918022888542242
308,0.1691801184964566
309,0.16918000858907822
310,0.1691798991602312
311,0.16917979020688498
312,0.16917968172603387
313,0.16917957371469675
314,0.16917946616991744
315,0.16917935908876394
316,0.16917925246832807
317,0.16917914630572561
318,0.1691790405980958
319,0.1691789353426013
320,0.1691788305364281
321,0.1691787261767846
322,0.16917862226090175
323,0.16917851878603393
324,0.1691784157494563
325,0.16917831314846685
326,0.16917821098038507
327,0.1691781092425522
328,0.1691780079323302
329,0.1691779070471029
330,0.16917780658427442
331,0.1691777065412699
332,0.16917760691553518
333,0.16917750770453582
334,0.1691774089057578
335,0.16917731051670704
336,0.16917721253490894
337,0.16917711495790871
338,0.16917701778327074
339,0.16917692100857828
340,0.16917682463143394
341,0.16917672864945935
342,0.16917663306029357
343,0.16917653786159514
344,0.16917644305104107
345,0.16917634862632505
346,0.16917625458515995
347,0.16917616092527596
348,0.1691760676444201
349,0.1691759747403583
350,0.16917588221087257
351,0.16917579005376165
352,0.16917569826684206
353,0.16917560684794722
354,0.16917551579492585
355,0.16917542510564448
356,0.16917533477798463
357,0.1691752448098452
358,0.16917515519914028
359,0.16917506594380002
360,0.1691749770417698
361,0.16917488849101112
362,0.16917480028950044
363,0.1691747124352297
364,0.16917462492620589
365,0.16917453776045072
366,0.1691744509360011
367,0.16917436445090817
368,0.16917427830323803
369,0.16917419249107088
370,0.1691741070125015
371,0.16917402186563818
372,0.16917393704860426
373,0.16917385255953574
374,0.16917376839658368
375,0.1691736845579115
376,0.1691736010416973
377,0.1691735178461316
378,0.16917343496941856
379,0.16917335240977585
380,0.16917327016543382
381,0.16917318823463548
382,0.16917310661563725
383,0.16917302530670758
384,0.16917294430612798
385,0.16917286361219225
386,0.1691727832232067
387,0.16917270313748933
388,0.16917262335337085
389,0.16917254386919386
390,0.1691724646833126
391,0.16917238579409358
392,0.1691723071999145
393,0.16917222889916497
394,0.169172150890246
395,0.1691720731715699
396,0.1691719957415609
397,0.16917191859865346
398,0.16917184174129388
399,0.16917176516793891
400,0.16917168887705694
401,0.1691716128671258
402,0.16917153713663613
403,0.16917146168408717
404,0.16917138650799018
405,0.16917131160686533
406,0.16917123697924516
407,0.16917116262367043
408,0.16917108853869328
409,0.169171014722876
410,0.16917094117479017
411,0.1691708678930177
412,0.16917079487615008
413,0.16917072212278933
414,0.1691706496315456
415,0.16917057740104055
416,0.16917050542990364
417,0.16917043371677473
418,0.169170362260303
419,0.16917029105914608
420,0.1691702201119716
421,0.16917014941745628
422,0.1691700789742852
423,0.1691700087811529
424,0.1691699388367627
425,0.16916986913982718
426,0.1691697996890666
427,0.16916973048321077
428,0.16916966152099758
429,0.16916959280117377
430,0.1691695243224945
431,0.16916945608372305
432,0.16916938808363088
433,0.16916932032099852
434,0.16916925279461353
435,0.16916918550327256
436,0.16916911844577956
437,0.1691690516209466
438,0.16916898502759428
439,0.16916891866455028
440,0.16916885253065017
441,0.16916878662473753
442,0.1691687209456635
443,0.16916865549228652
444,0.16916859026347272
445,0.16916852525809623
446,0.16916846047503745
447,0.16916839591318508
448,0.1691683315714349
449,0.1691682674486892
450,0.16916820354385845
451,0.16916813985585993
452,0.16916807638361736
453,0.1691680131260622
454,0.16916795008213245
455,0.16916788725077317
456,0.16916782463093627
457,0.16916776222157984
458,0.16916770002166986
459,0.16916763803017779
460,0.16916757624608245
461,0.169167514668369
462,0.1691674532960287
463,0.16916739212806006
464,0.16916733116346738
465,0.16916727040126164
466,0.16916720984045974
467,0.16916714948008527
468,0.1691670893191679
469,0.16916702935674324
470,0.16916696959185304
471,0.1691669100235454
472,0.1691668506508744
473,0.16916679147289995
474,0.16916673248868733
475,0.16916667369730914
476,0.16916661509784212
477,0.16916655668936978
478,0.16916649847098153
479,0.16916644044177154
480,0.16916638260084074
481,0.1691663249472948
482,0.1691662674802454
483,0.16916621019880962
484,0.16916615310211022
485,0.16916609618927478
486,0.1691660394594369
487,0.16916598291173526
488,0.16916592654531407
489,0.1691658703593228
490,0.16916581435291544
491,0.1691657585252523
492,0.1691657028754981
493,0.1691656474028227
494,0.16916559210640172
495,0.16916553698541478
496,0.16916548203904722
497,0.16916542726648898
498,0.1691653726669353
499,0.1691653182395862
500,0.16916526398364595
501,0.16916520989832456
502,0.1691651559828363
503,0.1691651022364002
504,0.16916504865824006
505,0.16916499524758447
506,0.1691649420036664
507,0.1691648889257239
508,0.16916483601299886
509,0.1691647832647381
510,0.16916473068019372
511,0.1691646782586203
512,0.16916462599927884
513,0.16916457390143383
514,0.1691645219643545
515,0.16916447018731387
516,0.16916441856958964
517,0.16916436711046395
518,0.1691643158092227
519,0.16916426466515652
520,0.16916421367756013
521,0.16916416284573166
522,0.16916411216897445
523,0.1691640616465953
524,0.16916401127790542
525,0.16916396106221931
526,0.1691639109988565
527,0.1691638610871402
528,0.16916381132639663
529,0.16916376171595718
530,0.16916371225515683
531,0.16916366294333343
532,0.16916361377983022
533,0.16916356476399308
534,0.16916351589517248
535,0.16916346717272146
536,0.1691634185959982
537,0.1691633701643642
538,0.16916332187718336
539,0.16916327373382486
540,0.16916322573366113
541,0.1691631778760672
542,0.1691631301604232
543,0.16916308258611154
544,0.16916303515251876
545,0.1691629878590348
546,0.16916294070505292
547,0.1691628936899701
548,0.16916284681318647
549,0.16916280007410578
550,0.16916275347213483
551,0.16916270700668418
552,0.16916266067716743
553,0.1691626144830017
554,0.1691625684236072
555,0.16916252249840752
556,0.16916247670682893
557,0.1691624310483022
558,0.16916238552226032
559,0.16916234012813916
560,0.16916229486537884
