1,0.1760548289401142
2,0.15843555486785307
3,0.15772425078374122
4,0.15712630838736874
5,0.1566310669541281
6,0.15622400991349264
7,0.15589014325952005
8,0.15561579670260706
9,0.15538933138039532
10,0.15520122123603897
11,0.15504384222564682
12,0.15491116382954004
13,0.15479843925075829
14,0.1547019337353207
15,0.15461870151932533
16,0.154546409064864
17,0.15448319765129667
18,0.15442757760768996
19,0.154378347229131
20,0.15433453063674313
21,0.15429533005616658
22,0.1542600890346012
23,0.15422826395625333
24,0.15419940186656975
25,0.15417312310952297
26,0.15414910765313705
27,0.1541270842555256
28,0.15410682183034263
29,0.15408812252476548
30,0.15407081613846604
31,0.15405475559859552
32,0.15403981327104524
33,0.15402587793762418
34,0.15401285230637352
35,0.1540006509509542
36,0.15398919859713184
37,0.15397842869143039
38,0.153968282200277
39,0.15395870659830108
40,0.15394965501255167
41,0.15394108549580487
42,0.15393296040718193
43,0.15392524588234596
44,0.15391791137875394
45,0.15391092928403857
46,0.15390427457767764
47,0.15389792453780152
48,0.15389185848636214
49,0.15388605756701304
50,0.1538805045509671
51,0.15387518366685662
52,0.15387008045124714
53,0.15386518161697257
54,0.15386047493688548
55,0.15385594914098916
56,0.15385159382519528
57,0.15384739937023192
58,0.15384335686941047
59,0.15383945806416008
60,0.1538356952863781
61,0.15383206140678035
62,0.153828549788541
63,0.1538251542456013
64,0.15382186900512212
65,0.1538186886736
66,0.1538156082062471
67,0.15381262287927508
68,0.1538097282647661
69,0.1538069202078589
70,0.15380419480600485
71,0.1538015483900792
72,0.1537989775071583
73,0.15379647890479506
74,0.15379404951664355
75,0.15379168644929933
76,0.15378938697023917
77,0.1537871484967545
78,0.1537849685857838
79,0.1537828449245609
80,0.15378077532200599
81,0.15377875770078728
82,0.15377679008999898
83,0.15377487061839304
84,0.15377299750812773
85,0.15377116906897398
86,0.15376938369295406
87,0.15376763984936445
88,0.1537659360801619
89,0.1537642709956704
90,0.15376264327059555
91,0.15376105164030915
92,0.1537594948973956
93,0.15375797188842433
94,0.15375648151094562
95,0.15375502271068225
96,0.1537535944789043
97,0.15375219584997732
98,0.15375082589906555
99,0.15374948373998162
100,0.15374816852317127
101,0.15374687943382387
102,0.1537456156900977
103,0.15374437654145615
104,0.1537431612671012
105,0.15374196917450095
106,0.15374079959800718
107,0.1537396518975494
108,0.15373852545740713
109,0.15373741968505236
110,0.15373633401005776
111,0.1537352678830655
112,0.15373422077481488
113,0.1537331921752216
114,0.1537321815925101
115,0.15373118855239112
116,0.15373021259728387
117,0.153729253285579
118,0.1537283101909429
119,0.15372738290165364
120,0.15372647101997725
121,0.1537255741615707
122,0.15372469195491922
123,0.1537238240407987
124,0.1537229700717682
125,0.15372212971168567
126,0.15372130263524728
127,0.15372048852755063
128,0.15371968708367784
129,0.1537188980082997
130,0.15371812101529758
131,0.15371735582740412
132,0.1537166021758602
133,0.15371585980008753
134,0.15371512844737725
135,0.153714407872593
136,0.1537136978378853
137,0.15371299811242106
138,0.15371230847212392
139,0.15371162869942798
140,0.15371095858303893
141,0.15371029791770852
142,0.15370964650401822
143,0.15370900414817132
144,0.15370837066179438
145,0.1537077458617478
146,0.15370712956994262
147,0.15370652161316767
148,0.15370592182292023
149,0.15370533003524753
150,0.15370474609059168
151,0.15370416983364332
152,0.15370360111319836
153,0.1537030397820231
154,0.15370248569672418
155,0.15370193871762222
156,0.15370139870863087
157,0.15370086553714296
158,0.15370033907391722
159,0.15369981919297238
160,0.153699305771484
161,0.1536987986896853
162,0.15369829783077157
163,0.15369780308080921
164,0.1536973143286465
165,0.15369683146582985
166,0.1536963543865199
167,0.15369588298741407
168,0.1536954171676709
169,0.15369495682883416
170,0.1536945018747656
171,0.15369405221157448
172,0.15369360774755125
173,0.15369316839310634
174,0.15369273406070755
175,0.1536923046648203
176,0.15369188012185206
177,0.1536914603500961
178,0.15369104526967836
179,0.15369063480250658
180,0.15369022887221997
181,0.15368982740414183
182,0.15368943032523225
183,0.1536890375640438
184,0.153688649050678
185,0.15368826471674316
186,0.15368788449531387
187,0.15368750832089162
188,0.15368713612936735
189,0.15368676785798271
190,0.1536864034452972
191,0.1536860428311514
192,0.15368568595663434
193,0.15368533276405122
194,0.15368498319689178
195,0.1536846371998
196,0.15368429471854472
197,0.15368395569999055
198,0.15368362009207118
199,0.153683287843761
200,0.15368295890505093
201,0.15368263322692155
202,0.15368231076131933
203,0.15368199146113298
204,0.15368167528016966
205,0.1536813621731336
206,0.15368105209560312
207,0.15368074500401074
208,0.15368044085562194
209,0.15368013960851504
210,0.15367984122156297
211,0.1536795456544136
212,0.15367925286747067
213,0.15367896282187876
214,0.15367867547950284
215,0.15367839080291384
216,0.15367810875537102
217,0.15367782930080717
218,0.15367755240381167
219,0.1536772780296182
220,0.1536770061440867
221,0.15367673671369225
222,0.15367646970550947
223,0.15367620508719984
224,0.15367594282699812
225,0.15367568289370045
226,0.1536754252566511
227,0.15367516988573182
228,0.15367491675134765
229,0.1536746658244179
230,0.15367441707636384
231,0.15367417047909834
232,0.15367392600501523
233,0.1536736836269785
234,0.15367344331831306
235,0.15367320505279455
236,0.15367296880463985
237,0.15367273454849778
238,0.15367250225944065
239,0.1536722719129542
240,0.15367204348493024
241,0.15367181695165782
242,0.15367159228981458
243,0.15367136947646
244,0.1536711484890261
245,0.15367092930531148
246,0.153670711903472
247,0.1536704962620155
248,0.15367028235979358
249,0.1536700701759952
250,0.1536698596901392
251,0.15366965088206902
252,0.15366944373194605
253,0.15366923822024164
254,0.15366903432773338
255,0.15366883203549805
256,0.15366863132490555
257,0.15366843217761353
258,0.1536682345755622
259,0.15366803850096847
260,0.1536678439363204
261,0.15366765086437312
262,0.15366745926814257
263,0.1536672691309008
264,0.15366708043617222
265,0.15366689316772716
266,0.1536667073095785
267,0.1536665228459769
268,0.15366633976140642
269,0.15366615804057987
270,0.1536659776684349
271,0.1536657986301299
272,0.15366562091103939
273,0.15366544449675135
274,0.15366526937306205
275,0.15366509552597254
276,0.15366492294168627
277,0.15366475160660323
278,0.15366458150731843
279,0.15366441263061714
280,0.15366424496347228
281,0.15366407849304095
282,0.15366391320666029
283,0.1536637490918461
284,0.1536635861362881
285,0.1536634243278481
286,0.15366326365455546
287,0.15366310410460565
288,0.15366294566635688
289,0.1536627883283279
290,0.1536626320791933
291,0.1536624769077836
292,0.15366232280307998
293,0.15366216975421418
294,0.15366201775046365
295,0.153661866781251
296,0.15366171683613974
297,0.1536615679048342
298,0.15366141997717517
299,0.15366127304313812
300,0.1536611270928318
301,0.15366098211649518
302,0.15366083810449563
303,0.15366069504732685
304,0.15366055293560651
305,0.15366041176007475
306,0.15366027151159198
307,0.1536601321811363
308,0.15365999375980283
309,0.1536598562388007
310,0.15365971960945143
311,0.1536595838631884
312,0.15365944899155332
313,0.15365931498619517
314,0.15365918183886898
315,0.15365904954143308
316,0.15365891808584922
317,0.15365878746417938
318,0.15365865766858408
319,0.1536585286913224
320,0.1536584005247492
321,0.15365827316131386
322,0.15365814659355925
323,0.15365802081411942
324,0.15365789581571923
325,0.15365777159117247
326,0.1536576481333803
327,0.15365752543533037
328,0.15365740349009496
329,0.15365728229083048
330,0.1536571618307757
331,0.15365704210324993
332,0.15365692310165335
333,0.15365680481946448
334,0.15365668725023918
335,0.15365657038761024
336,0.15365645422528584
337,0.15365633875704782
338,0.15365622397675163
339,0.15365610987832465
340,0.15365599645576514
341,0.15365588370314145
342,0.15365577161459096
343,0.15365566018431867
344,0.15365554940659706
345,0.15365543927576444
346,0.15365532978622365
347,0.1536552209324425
348,0.15365511270895169
349,0.1536550051103439
350,0.15365489813127356
351,0.15365479176645602
352,0.1536546860106654
353,0.1536545808587358
354,0.15365447630555848
355,0.15365437234608217
356,0.15365426897531248
357,0.1536541661883102
358,0.15365406398019113
359,0.15365396234612508
360,0.15365386128133549
361,0.1536537607810982
362,0.15365366084074117
363,0.15365356145564313
364,0.153653462621234
365,0.15365336433299298
366,0.15365326658644865
367,0.15365316937717785
368,0.15365307270080591
369,0.15365297655300406
370,0.1536528809294913
371,0.15365278582603217
372,0.15365269123843636
373,0.1536525971625584
374,0.15365250359429694
375,0.153652410529594
376,0.15365231796443446
377,0.15365222589484615
378,0.15365213431689856
379,0.15365204322670184
380,0.1536519526204074
381,0.15365186249420698
382,0.15365177284433185
383,0.1536516836670522
384,0.15365159495867728
385,0.1536515067155544
386,0.15365141893406817
387,0.15365133161064093
388,0.15365124474173159
389,0.15365115832383514
390,0.1536510723534823
