1,0.1614999770279961
2,0.16015186833958697
3,0.1601515718394723
4,0.16015153124990256
5,0.16015149088227504
6,0.16015145070039255
7,0.16015141070299146
8,0.16015137088882483
9,0.16015133125665668
10,0.16015129180526247
11,0.16015125253342777
12,0.16015121343994906
13,0.16015117452363417
14,0.16015113578330042
15,0.1601510972177758
16,0.16015105882589897
17,0.16015102060651848
18,0.16015098255849283
19,0.16015094468069074
20,0.16015090697199075
21,0.16015086943128046
22,0.160150832057458
23,0.16015079484943073
24,0.16015075780611499
25,0.16015072092643737
26,0.16015068420933246
27,0.1601506476537448
28,0.1601506112586281
29,0.16015057502294447
30,0.16015053894566492
31,0.16015050302576947
32,0.16015046726224677
33,0.1601504316540939
34,0.16015039620031632
35,0.1601503608999278
36,0.16015032575195115
37,0.16015029075541642
38,0.16015025590936208
39,0.1601502212128353
40,0.16015018666489012
41,0.16015015226458917
42,0.16015011801100268
43,0.16015008390320848
44,0.16015004994029255
45,0.16015001612134755
46,0.16014998244547451
47,0.16014994891178128
48,0.16014991551938312
49,0.16014988226740276
50,0.16014984915496966
51,0.16014981618122107
52,0.16014978334530075
53,0.16014975064635978
54,0.1601497180835556
55,0.16014968565605284
56,0.1601496533630228
57,0.1601496212036439
58,0.16014958917710026
59,0.16014955728258337
60,0.16014952551929093
61,0.16014949388642696
62,0.16014946238320185
63,0.16014943100883272
64,0.16014939976254197
65,0.16014936864355894
66,0.16014933765111955
67,0.16014930678446448
68,0.16014927604284088
69,0.16014924542550285
70,0.16014921493170883
71,0.16014918456072438
72,0.1601491543118194
73,0.16014912418427088
74,0.16014909417736073
75,0.16014906429037676
76,0.16014903452261223
77,0.1601490048733657
78,0.16014897534194125
79,0.16014894592764864
80,0.16014891662980246
81,0.16014888744772304
82,0.16014885838073595
83,0.16014882942817113
84,0.16014880058936493
85,0.16014877186365803
86,0.16014874325039563
87,0.16014871474892897
88,0.1601486863586141
89,0.1601486580788111
90,0.1601486299088858
91,0.16014860184820826
92,0.16014857389615328
93,0.16014854605210138
94,0.1601485183154363
95,0.1601484906855475
96,0.16014846316182813
97,0.16014843574367696
98,0.16014840843049613
99,0.1601483812216928
100,0.16014835411667896
101,0.16014832711486998
102,0.16014830021568643
103,0.16014827341855253
104,0.1601482467228975
105,0.16014822012815408
106,0.1601481936337593
107,0.1601481672391548
108,0.1601481409437858
109,0.16014811474710175
110,0.16014808864855637
111,0.160148062647607
112,0.1601480367437152
113,0.16014801093634587
114,0.16014798522496917
115,0.16014795960905748
116,0.16014793408808764
117,0.16014790866154063
118,0.1601478833289011
119,0.16014785808965684
120,0.16014783294329996
121,0.1601478078893256
122,0.16014778292723314
123,0.16014775805652515
124,0.16014773327670778
125,0.16014770858729085
126,0.16014768398778753
127,0.16014765947771448
128,0.160147635056592
129,0.1601476107239434
130,0.16014758647929553
131,0.16014756232217892
132,0.16014753825212674
133,0.16014751426867557
134,0.16014749037136608
135,0.16014746655974124
136,0.1601474428333473
137,0.16014741919173422
138,0.16014739563445474
139,0.16014737216106434
140,0.16014734877112227
141,0.16014732546419064
142,0.16014730223983456
143,0.16014727909762191
144,0.16014725603712351
145,0.16014723305791373
146,0.16014721015956923
147,0.16014718734167022
148,0.16014716460379883
149,0.1601471419455411
150,0.16014711936648518
151,0.16014709686622255
152,0.16014707444434684
153,0.16014705210045474
154,0.1601470298341464
155,0.16014700764502318
156,0.16014698553269047
157,0.1601469634967555
158,0.160146941536829
159,0.1601469196525233
160,0.1601468978434538
161,0.16014687610923903
162,0.16014685444949883
163,0.1601468328638569
164,0.16014681135193848
165,0.16014678991337195
166,0.1601467685477877
167,0.1601467472548189
168,0.16014672603410088
169,0.1601467048852718
170,0.16014668380797184
171,0.1601466628018432
172,0.1601466418665315
173,0.16014662100168406
174,0.16014660020695023
175,0.1601465794819819
176,0.16014655882643375
177,0.16014653823996222
178,0.16014651772222577
179,0.16014649727288563
180,0.1601464768916047
181,0.16014645657804852
182,0.16014643633188463
183,0.16014641615278288
184,0.16014639604041486
185,0.16014637599445464
186,0.1601463560145781
187,0.16014633610046367
188,0.1601463162517914
189,0.16014629646824347
190,0.16014627674950438
191,0.16014625709526048
192,0.16014623750519966
193,0.16014621797901266
194,0.16014619851639159
195,0.1601461791170305
196,0.16014615978062594
197,0.16014614050687595
198,0.16014612129548014
199,0.160146102146141
200,0.16014608305856182
201,0.1601460640324487
202,0.16014604506750865
203,0.1601460261634513
204,0.16014600731998777
205,0.16014598853683126
206,0.16014596981369614
207,0.16014595115029917
208,0.16014593254635898
209,0.16014591400159495
210,0.1601458955157294
211,0.1601458770884858
212,0.16014585871958906
213,0.16014584040876662
214,0.1601458221557469
215,0.16014580396026012
216,0.16014578582203828
217,0.1601457677408151
218,0.1601457497163258
219,0.1601457317483073
220,0.16014571383649784
221,0.1601456959806378
222,0.16014567818046885
223,0.1601456604357339
224,0.1601456427461783
225,0.16014562511154787
226,0.1601456075315906
227,0.16014559000605644
228,0.16014557253469613
229,0.16014555511726153
230,0.16014553775350723
231,0.16014552044318833
232,0.1601455031860619
233,0.1601454859818862
234,0.1601454688304211
235,0.16014545173142772
236,0.16014543468466888
237,0.16014541768990875
238,0.16014540074691264
239,0.1601453838554474
240,0.16014536701528137
241,0.1601453502261842
242,0.16014533348792723
243,0.16014531680028243
244,0.1601453001630236
245,0.16014528357592592
246,0.16014526703876555
247,0.16014525055132042
248,0.1601452341133694
249,0.16014521772469292
250,0.16014520138507243
251,0.16014518509429093
252,0.16014516885213245
253,0.16014515265838253
254,0.1601451365128275
255,0.16014512041525578
256,0.160145104365456
257,0.16014508836321867
258,0.16014507240833561
259,0.16014505650059915
260,0.16014504063980364
261,0.1601450248257436
262,0.16014500905821633
263,0.16014499333701845
264,0.16014497766194932
265,0.16014496203280845
266,0.16014494644939667
267,0.16014493091151638
268,0.16014491541897044
269,0.16014489997156373
270,0.1601448845691013
271,0.1601448692113901
272,0.16014485389823763
273,0.16014483862945256
274,0.16014482340484487
275,0.16014480822422555
276,0.1601447930874065
277,0.1601447779942006
278,0.1601447629444225
279,0.16014474793788697
280,0.1601447329744104
281,0.16014471805381011
282,0.1601447031759041
283,0.16014468834051165
284,0.16014467354745326
285,0.16014465879655
286,0.16014464408762438
287,0.1601446294204995
288,0.160144614795
289,0.16014460021095075
290,0.1601445856681781
291,0.16014457116650901
292,0.16014455670577177
293,0.16014454228579558
294,0.1601445279064104
295,0.16014451356744694
296,0.16014449926873733
297,0.16014448501011438
298,0.16014447079141167
299,0.16014445661246415
300,0.16014444247310702
301,0.1601444283731766
302,0.160144414312511
303,0.16014440029094748
304,0.16014438630832573
305,0.16014437236448553
306,0.16014435845926767
307,0.16014434459251398
308,0.16014433076406714
309,0.16014431697377027
310,0.1601443032214679
311,0.16014428950700488
312,0.16014427583022756
313,0.16014426219098218
314,0.1601442485891166
315,0.16014423502447914
316,0.16014422149691923
317,0.16014420800628673
318,0.16014419455243242
319,0.16014418113520798
320,0.1601441677544657
321,0.16014415441005891
322,0.16014414110184194
323,0.1601441278296689
324,0.16014411459339553
325,0.16014410139287835
326,0.16014408822797427
327,0.16014407509854117
328,0.16014406200443726
329,0.16014404894552228
330,0.1601440359216559
331,0.1601440229326991
332,0.1601440099785134
333,0.16014399705896104
334,0.160143984173905
335,0.16014397132320882
336,0.16014395850673693
337,0.16014394572435453
338,0.16014393297592724
339,0.1601439202613216
340,0.16014390758040475
341,0.16014389493304487
342,0.16014388231911036
343,0.16014386973847008
344,0.16014385719099442
345,0.1601438446765537
346,0.16014383219501943
347,0.1601438197462632
348,0.16014380733015784
349,0.16014379494657643
350,0.16014378259539308
351,0.16014377027648194
352,0.1601437579897185
353,0.1601437457349783
354,0.16014373351213823
355,0.1601437213210751
356,0.16014370916166634
357,0.1601436970337906
358,0.16014368493732678
359,0.16014367287215442
360,0.1601436608381535
361,0.16014364883520493
362,0.16014363686319014
363,0.16014362492199102
364,0.1601436130114903
365,0.160143601131571
366,0.16014358928211664
367,0.1601435774630118
368,0.16014356567414154
369,0.16014355391539098
370,0.1601435421866466
371,0.1601435304877945
372,0.16014351881872235
373,0.16014350717931763
374,0.1601434955694689
375,0.16014348398906475
376,0.1601434724379949
377,0.1601434609161489
378,0.16014344942341774
379,0.16014343795969208
380,0.16014342652486405
381,0.1601434151188253
382,0.16014340374146863
383,0.1601433923926874
384,0.16014338107237494
385,0.16014336978042587
386,0.1601433585167348
387,0.16014334728119703
388,0.1601433360737086
389,0.16014332489416522
390,0.16014331374246432
391,0.16014330261850288
392,0.16014329152217865
393,0.16014328045339016
394,0.1601432694120362
395,0.16014325839801596
396,0.1601432474112292
397,0.1601432364515763
398,0.16014322551895793
399,0.16014321461327524
400,0.16014320373443047
401,0.16014319288232504
402,0.16014318205686223
403,0.16014317125794464
404,0.16014316048547622
405,0.160143149739361
406,0.16014313901950347
407,0.1601431283258084
408,0.16014311765818157
409,0.1601431070165285
410,0.16014309640075583
411,0.16014308581077014
412,0.16014307524647847
413,0.16014306470778902
414,0.16014305419460959
415,0.1601430437068483
416,0.1601430332444148
417,0.16014302280721815
418,0.16014301239516823
419,0.1601430020081754
420,0.1601429916461498
421,0.1601429813090033
422,0.16014297099664712
423,0.1601429607089931
424,0.16014295044595367
425,0.1601429402074414
426,0.16014292999336965
427,0.16014291980365186
428,0.16014290963820216
429,0.16014289949693503
430,0.16014288937976476
431,0.160142879286607
432,0.16014286921737728
433,0.16014285917199136
434,0.16014284915036542
435,0.16014283915241675
436,0.16014282917806225
437,0.16014281922721912
438,0.1601428092998057
439,0.16014279939573986
440,0.16014278951494074
441,0.16014277965732665
442,0.1601427698228176
443,0.16014276001133293
444,0.16014275022279323
445,0.16014274045711885
446,0.1601427307142305
447,0.16014272099404928
448,0.160142711296497
449,0.16014270162149577
450,0.16014269196896766
451,0.16014268233883525
452,0.16014267273102156
453,0.16014266314545014
454,0.16014265358204474
455,0.16014264404072925
456,0.16014263452142766
457,0.16014262502406565
458,0.16014261554856754
459,0.1601426060948588
460,0.16014259666286557
461,0.16014258725251385
462,0.16014257786372965
463,0.1601425684964402
464,0.1601425591505722
465,0.16014254982605333
466,0.1601425405228111
467,0.1601425312407739
468,0.16014252197986975
469,0.1601425127400277
470,0.16014250352117634
471,0.16014249432324548
472,0.1601424851461643
473,0.16014247598986303
474,0.1601424668542719
475,0.16014245773932123
476,0.16014244864494243
477,0.16014243957106628
478,0.16014243051762433
479,0.16014242148454877
480,0.16014241247177116
481,0.16014240347922407
482,0.16014239450684023
483,0.16014238555455282
484,0.16014237662229489
485,0.16014236770999982
486,0.1601423588176022
487,0.1601423499450355
488,0.16014234109223444
489,0.16014233225913374
490,0.1601423234456686
491,0.16014231465177386
492,0.16014230587738557
493,0.16014229712243913
494,0.16014228838687142
495,0.16014227967061817
496,0.1601422709736166
497,0.1601422622958031
498,0.16014225363711518
499,0.16014224499749086
500,0.16014223637686706
501,0.16014222777518258
502,0.16014221919237492
503,0.16014221062838355
504,0.16014220208314697
505,0.16014219355660417
506,0.16014218504869468
507,0.16014217655935784
508,0.16014216808853393
509,0.1601421596361633
510,0.1601421512021857
511,0.16014214278654224
512,0.16014213438917363
513,0.16014212601002126
514,0.16014211764902642
515,0.1601421093061308
516,0.16014210098127615
517,0.16014209267440488
518,0.16014208438545938
519,0.1601420761143822
520,0.16014206786111612
521,0.16014205962560482
522,0.16014205140779056
523,0.16014204320761813
524,0.1601420350250308
525,0.16014202685997314
526,0.16014201871238887
527,0.16014201058222285
528,0.1601420024694197
529,0.1601419943739247
530,0.16014198629568277
531,0.16014197823463988
532,0.1601419701907414
533,0.1601419621639331
534,0.16014195415416155
535,0.16014194616137298
536,0.16014193818551392
537,0.1601419302265313
538,0.16014192228437205
539,0.16014191435898345
540,0.1601419064503133
541,0.16014189855830901
542,0.16014189068291845
543,0.16014188282408998
544,0.16014187498177176
545,0.16014186715591258
546,0.1601418593464609
547,0.16014185155336602
548,0.1601418437765772
549,0.1601418360160434
550,0.1601418282717148
551,0.1601418205435406
552,0.16014181283147141
553,0.16014180513545714
554,0.16014179745544824
555,0.1601417897913954
556,0.16014178214324962
557,0.16014177451096173
558,0.16014176689448298
559,0.160141759293765
560,0.16014175170875905
