1,0.2041730198813642
2,0.17821902310554005
3,0.17345798581570937
4,0.17341538370408893
5,0.17336928042314168
6,0.17332095825161542
7,0.1732703447448206
8,0.17321737627760808
9,0.1731620009803526
10,0.1731041818466864
11,0.17304390012594226
12,0.17298115892601268
13,0.17291598691414684
14,0.17284844196077415
15,0.17277861452786591
16,0.17270663056349733
17,0.1726326536345388
18,0.17255688601731328
19,0.17247956847923732
20,0.17240097852919362
21,0.1723214269936838
22,0.17224125288778447
23,0.17216081668640526
24,0.1720804922479968
25,0.1720006577806897
26,0.1719216863492869
27,0.17184393648263974
28,0.171767743443347
29,0.17169341166357396
30,0.17162120874041217
31,0.1715513612382722
32,0.17148405238588524
33,0.17141942160320903
34,0.17135756566684776
35,0.1712985412328494
36,0.1712423683868886
37,0.17118903488142845
38,0.17113850074024417
39,0.17109070295324758
40,0.1710455600391251
41,0.17100297631143027
42,0.17096284573901888
43,0.17092505533997326
44,0.17088948808729745
45,0.17085602533425506
46,0.17082454878783784
47,0.17079494207178927
48,0.17076709192736733
49,0.17074088910212934
50,0.1707162289758722
51,0.17069301196956563
52,0.17067114377860484
53,0.17065053546664888
54,0.17063110345116717
55,0.17061276940688885
56,0.17059546010883445
57,0.1705791072325944
58,0.170563647126026
59,0.17054902056357096
60,0.17053517249190828
61,0.17052205177359953
62,0.17050961093371683
63,0.17049780591308045
64,0.17048659583067494
65,0.17047594275695965
66,0.17046581149913081
67,0.17045616939889816
68,0.17044698614294856
69,0.1704382335859954
70,0.17042988558610345
71,0.170421917851842
72,0.1704143078007171
73,0.1704070344282842
74,0.17040007818729944
75,0.17039342087627052
76,0.1703870455367651
77,0.17038093635885004
78,0.17037507859406398
79,0.17036945847534835
80,0.1703640631433961
81,0.17035888057891238
82,0.17035389954030744
83,0.17034910950638718
84,0.17034450062362416
85,0.1703400636576398
86,0.17033578994854112
87,0.17033167136979777
88,0.17032770029035904
89,0.17032386953974618
90,0.17032017237586802
91,0.17031660245533356
92,0.17031315380605735
93,0.170309820801963
94,0.17030659813961418
95,0.17030348081661575
96,0.1703004641116336
97,0.1702975435659091
98,0.17029471496614132
99,0.17029197432862705
100,0.1702893178845595
101,0.17028674206639163
102,0.17028424349517743
103,0.17028181896881978
104,0.17027946545114553
105,0.1702771800617511
106,0.1702749600665525
107,0.17027280286898971
108,0.17027070600183472
109,0.17026866711955324
110,0.17026668399118558
111,0.1702647544937003
112,0.17026287660579184
113,0.17026104840208303
114,0.17025926804770988
115,0.17025753379325373
116,0.17025584397000196
117,0.17025419698550665
118,0.1702525913194292
119,0.17025102551964083
120,0.17024949819856758
121,0.1702480080297616
122,0.17024655374468073
123,0.17024513412966377
124,0.17024374802308959
125,0.17024239431270438
126,0.17024107193310659
127,0.1702397798633826
128,0.17023851712487864
129,0.17023728277910022
130,0.17023607592573559
131,0.17023489570078998
132,0.17023374127482374
133,0.1702326118512936
134,0.17023150666498238
135,0.17023042498051746
136,0.17022936609096964
137,0.17022832931652981
138,0.1702273140032542
139,0.17022631952188108
140,0.17022534526670577
141,0.17022439065451916
142,0.17022345512359927
143,0.17022253813275665
144,0.17022163916042857
145,0.17022075770381986
146,0.17021989327808715
147,0.17021904541556465
148,0.17021821366503062
149,0.17021739759100474
150,0.17021659677308792
151,0.1702158108053292
152,0.1702150392956248
153,0.17021428186514764
154,0.17021353814780193
155,0.17021280778970624
156,0.17021209044870028
157,0.1702113857938731
158,0.17021069350511694
159,0.17021001327269897
160,0.17020934479685337
161,0.17020868778739273
162,0.17020804196333758
163,0.17020740705256113
164,0.17020678279145135
165,0.17020616892458734
166,0.1702055652044314
167,0.17020497139103177
168,0.17020438725174203
169,0.17020381256095116
170,0.170203247099823
171,0.17020269065605245
172,0.1702021430236245
173,0.17020160400259118
174,0.17020107339885307
175,0.17020055102395096
176,0.17020003669486666
177,0.17019953023383277
178,0.17019903146814835
179,0.17019854023000416
180,0.17019805635631244
181,0.17019757968854815
182,0.17019711007259014
183,0.17019664735857437
184,0.17019619140075096
185,0.17019574205734456
186,0.17019529919042412
187,0.17019486266577633
188,0.1701944323527806
189,0.17019400812429547
190,0.17019358985654373
191,0.17019317742900353
192,0.17019277072430528
193,0.17019236962813047
194,0.17019197402911437
195,0.17019158381875388
196,0.17019119889131787
197,0.1701908191437599
198,0.17019044447563522
199,0.17019007478902182
200,0.1701897099884415
201,0.17018934998078658
202,0.17018899467524667
203,0.17018864398324118
204,0.1701882978183516
205,0.17018795609625667
206,0.1701876187346708
207,0.17018728565328378
208,0.17018695677370313
209,0.17018663201939796
210,0.17018631131564452
211,0.1701859945894747
212,0.1701856817696255
213,0.17018537278648996
214,0.1701850675720702
215,0.17018476605993207
216,0.1701844681851619
217,0.17018417388432236
218,0.17018388309541224
219,0.17018359575782746
220,0.1701833118123212
221,0.17018303120096684
222,0.17018275386712375
223,0.17018247975539935
224,0.1701822088116186
225,0.17018194098278897
226,0.17018167621706962
227,0.17018141446374105
228,0.1701811556731751
229,0.17018089979680578
230,0.1701806467871027
231,0.17018039659754236
232,0.17018014918258356
233,0.17017990449764087
234,0.17017966249906044
235,0.17017942314409668
236,0.17017918639088792
237,0.17017895219843576
238,0.17017872052658095
239,0.1701784913359846
240,0.17017826458810617
241,0.17017804024518415
242,0.17017781827021708
243,0.17017759862694393
244,0.1701773812798265
245,0.17017716619403167
246,0.17017695333541452
247,0.17017674267050165
248,0.17017653416647374
249,0.17017632779115122
250,0.17017612351297962
251,0.17017592130101183
252,0.17017572112489732
253,0.1701755229548652
254,0.17017532676171232
255,0.17017513251678903
256,0.17017494019198715
257,0.1701747497597265
258,0.17017456119294302
259,0.17017437446507763
260,0.17017418955006386
261,0.17017400642231653
262,0.17017382505672204
263,0.17017364542862568
264,0.1701734675138234
265,0.17017329128855066
266,0.17017311672947216
267,0.1701729438136738
268,0.17017277251865176
269,0.1701726028223046
270,0.1701724347029237
271,0.17017226813918535
272,0.17017210311014172
273,0.17017193959521287
274,0.17017177757417948
275,0.17017161702717412
276,0.17017145793467414
277,0.17017130027749458
278,0.170171144036781
279,0.17017098919400114
280,0.17017083573094055
281,0.17017068362969345
282,0.1701705328726587
283,0.17017038344253138
284,0.1701702353222968
285,0.17017008849522675
286,0.1701699429448706
287,0.17016979865505144
288,0.17016965560986058
289,0.1701695137936513
290,0.1701693731910331
291,0.17016923378686813
292,0.17016909556626486
293,0.1701689585145733
294,0.17016882261738106
295,0.1701686878605071
296,0.17016855422999838
297,0.17016842171212518
298,0.17016829029337618
299,0.17016815996045426
300,0.17016803070027312
301,0.17016790249995242
302,0.17016777534681377
303,0.170167649228377
304,0.17016752413235678
305,0.17016740004665823
306,0.17016727695937314
307,0.17016715485877798
308,0.17016703373332762
309,0.17016691357165495
310,0.17016679436256532
311,0.17016667609503458
312,0.17016655875820536
313,0.17016644234138356
314,0.17016632683403676
315,0.1701662122257893
316,0.17016609850642106
317,0.17016598566586302
318,0.17016587369419645
319,0.17016576258164887
320,0.17016565231859088
321,0.17016554289553476
322,0.17016543430313166
323,0.17016532653216834
324,0.1701652195735663
325,0.17016511341837706
326,0.17016500805778226
327,0.17016490348308924
328,0.17016479968573084
329,0.17016469665726108
330,0.17016459438935516
331,0.17016449287380517
332,0.17016439210252066
333,0.17016429206752323
334,0.17016419276094827
335,0.1701640941750394
336,0.17016399630215037
337,0.17016389913473914
338,0.17016380266536948
339,0.17016370688670743
340,0.17016361179152
341,0.1701635173726733
342,0.17016342362313094
343,0.1701633305359523
344,0.17016323810429176
345,0.17016314632139523
346,0.17016305518060074
347,0.17016296467533545
348,0.17016287479911515
349,0.1701627855455413
350,0.17016269690830185
351,0.17016260888116788
352,0.17016252145799296
353,0.17016243463271208
354,0.17016234839934016
355,0.17016226275197002
356,0.17016217768477238
357,0.17016209319199369
358,0.1701620092679547
359,0.1701619259070509
360,0.17016184310374946
361,0.1701617608525884
362,0.1701616791481769
363,0.17016159798519187
364,0.17016151735837948
365,0.17016143726255184
366,0.17016135769258733
367,0.17016127864342873
368,0.17016120011008293
369,0.1701611220876192
370,0.17016104457116937
371,0.17016096755592475
372,0.17016089103713847
373,0.1701608150101206
374,0.1701607394702407
375,0.17016066441292516
376,0.1701605898336566
377,0.17016051572797283
378,0.1701604420914666
379,0.1701603689197849
380,0.17016029620862688
381,0.17016022395374392
382,0.1701601521509398
383,0.17016008079606806
384,0.17016000988503197
385,0.17015993941378474
386,0.17015986937832733
387,0.17015979977470902
388,0.1701597305990255
389,0.1701596618474186
390,0.17015959351607707
391,0.1701595256012329
392,0.170159458099164
393,0.17015939100619035
394,0.17015932431867622
395,0.17015925803302806
396,0.17015919214569403
397,0.17015912665316257
398,0.17015906155196453
399,0.1701589968386695
400,0.1701589325098867
401,0.17015886856226461
402,0.1701588049924899
403,0.17015874179728677
404,0.1701586789734171
405,0.17015861651767988
406,0.17015855442690914
407,0.17015849269797523
408,0.1701584313277843
409,0.17015837031327666
410,0.17015830965142725
411,0.1701582493392442
412,0.1701581893737692
413,0.17015812975207734
414,0.17015807047127565
415,0.17015801152850282
416,0.17015795292092925
417,0.17015789464575765
418,0.17015783670021942
419,0.1701577790815776
420,0.1701577217871247
421,0.17015766481418237
422,0.1701576081601018
423,0.17015755182226255
424,0.1701574957980731
425,0.1701574400849685
426,0.1701573846804124
427,0.1701573295818961
428,0.17015727478693585
429,0.17015722029307614
430,0.1701571660978869
431,0.17015711219896376
432,0.1701570585939275
433,0.17015700528042513
434,0.17015695225612698
435,0.17015689951872864
436,0.17015684706595016
437,0.17015679489553423
438,0.17015674300524838
439,0.17015669139288248
440,0.17015664005624948
441,0.17015658899318517
442,0.1701565382015474
443,0.1701564876792163
444,0.17015643742409373
445,0.17015638743410283
446,0.17015633770718763
447,0.17015628824131435
448,0.17015623903446886
449,0.1701561900846572
450,0.17015614138990687
451,0.1701560929482636
452,0.17015604475779458
453,0.1701559968165845
454,0.1701559491227391
455,0.1701559016743817
456,0.17015585446965523
457,0.17015580750672032
458,0.17015576078375622
459,0.17015571429896062
460,0.17015566805054796
461,0.17015562203675136
462,0.17015557625582106
463,0.1701555307060236
464,0.17015548538564373
465,0.17015544029298246
466,0.17015539542635655
467,0.1701553507841003
468,0.17015530636456364
469,0.17015526216611251
470,0.1701552181871284
471,0.1701551744260087
472,0.17015513088116596
473,0.1701550875510282
474,0.17015504443403826
475,0.17015500152865393
476,0.17015495883334747
477,0.17015491634660612
478,0.17015487406693047
479,0.17015483199283696
480,0.17015479012285423
481,0.17015474845552594
482,0.17015470698940885
483,0.1701546657230735
484,0.17015462465510367
485,0.17015458378409618
486,0.17015454310866185
487,0.170154502627423
488,0.17015446233901518
489,0.17015442224208754
490,0.17015438233530022
491,0.17015434261732662
492,0.17015430308685206
493,0.17015426374257403
494,0.1701542245832015
495,0.1701541856074556
496,0.17015414681406899
497,0.17015410820178622
498,0.17015406976936281
499,0.17015403151556482
500,0.17015399343917137
501,0.17015395553897047
502,0.1701539178137625
503,0.1701538802623579
504,0.1701538428835779
505,0.17015380567625438
506,0.1701537686392289
507,0.17015373177135465
508,0.17015369507149417
509,0.1701536585385196
510,0.17015362217131413
511,0.17015358596877023
512,0.1701535499297897
513,0.17015351405328497
514,0.17015347833817726
515,0.170153442783397
516,0.17015340738788487
517,0.17015337215058998
518,0.1701533370704707
519,0.17015330214649496
520,0.17015326737763903
521,0.1701532327628879
522,0.1701531983012359
523,0.17015316399168562
524,0.1701531298332483
525,0.17015309582494362
526,0.17015306196579946
527,0.17015302825485246
528,0.17015299469114714
529,0.17015296127373578
530,0.17015292800167936
531,0.17015289487404664
532,0.17015286188991371
533,0.170152829048365
534,0.17015279634849223
535,0.17015276378939542
536,0.17015273137018155
537,0.17015269908996478
538,0.17015266694786738
539,0.17015263494301874
540,0.17015260307455485
541,0.17015257134161968
542,0.17015253974336383
543,0.1701525082789453
544,0.17015247694752822
545,0.17015244574828445
546,0.17015241468039227
547,0.17015238374303657
548,0.17015235293540934
549,0.1701523222567083
550,0.17015229170613919
551,0.17015226128291253
552,0.17015223098624646
553,0.17015220081536453
554,0.17015217076949754
555,0.1701521408478815
556,0.17015211104975933
557,0.17015208137437945
558,0.17015205182099685
559,0.17015202238887248
560,0.17015199307727225
561,0.17015196388546902
562,0.1701519348127408
563,0.170151905858372
564,0.17015187702165158
565,0.170151848301875
566,0.17015181969834342
567,0.17015179121036272
568,0.1701517628372453
569,0.17015173457830704
570,0.17015170643287206
571,0.1701516784002671
572,0.17015165047982547
573,0.17015162267088543
574,0.17015159497279034
575,0.17015156738488896
576,0.17015153990653434
577,0.1701515125370852
578,0.17015148527590548
579,0.17015145812236288
580,0.17015143107583114
581,0.1701514041356878
582,0.17015137730131627
583,0.17015135057210384
584,0.1701513239474426
585,0.1701512974267295
586,0.1701512710093658
587,0.1701512446947577
588,0.17015121848231538
589,0.17015119237145387
590,0.1701511663615928
591,0.17015114045215568
592,0.17015111464257032
593,0.1701510889322694
594,0.1701510633206895
595,0.17015103780727092
596,0.1701510123914593
597,0.17015098707270332
598,0.1701509618504568
599,0.170150936724176
600,0.17015091169332322
601,0.17015088675736306
602,0.1701508619157649
603,0.17015083716800247
604,0.1701508125135521
605,0.1701507879518948
606,0.17015076348251557
607,0.1701507391049028
608,0.17015071481854838
609,0.17015069062294821
610,0.17015066651760202
611,0.17015064250201273
612,0.1701506185756877
613,0.17015059473813696
614,0.17015057098887448
615,0.1701505473274177
616,0.1701505237532876
617,0.1701505002660085
618,0.17015047686510784
619,0.1701504535501172
620,0.17015043032057084
621,0.17015040717600693
622,0.1701503841159665
623,0.17015036113999352
624,0.17015033824763587
625,0.17015031543844467
626,0.17015029271197366
627,0.17015027006778005
628,0.17015024750542476
629,0.1701502250244701
630,0.17015020262448308
631,0.17015018030503337
632,0.17015015806569364
633,0.17015013590603897
634,0.17015011382564788
635,0.17015009182410204
636,0.17015006990098602
637,0.17015004805588643
638,0.17015002628839407
639,0.17015000459810145
640,0.17014998298460432
641,0.17014996144750175
642,0.17014993998639405
643,0.17014991860088638
644,0.17014989729058497
645,0.17014987605509943
646,0.17014985489404194
647,0.17014983380702717
648,0.17014981279367272
649,0.17014979185359874
650,0.17014977098642747
651,0.1701497501917847
652,0.17014972946929752
653,0.17014970881859648
654,0.17014968823931442
655,0.17014966773108675
656,0.1701496472935507
657,0.17014962692634678
658,0.17014960662911682
659,0.17014958640150712
660,0.170149566243164
661,0.17014954615373692
662,0.1701495261328787
663,0.17014950618024338
664,0.17014948629548746
665,0.17014946647826978
666,0.17014944672825202
667,0.17014942704509672
668,0.17014940742847026
669,0.1701493878780403
670,0.1701493683934768
671,0.17014934897445197
672,0.1701493296206403
673,0.17014931033171796
674,0.17014929110736404
675,0.17014927194725898
676,0.17014925285108515
677,0.1701492338185283
678,0.17014921484927464
679,0.1701491959430134
680,0.17014917709943597
681,0.17014915831823402
682,0.17014913959910402
683,0.1701491209417417
684,0.1701491023458466
685,0.17014908381111896
686,0.17014906533726237
687,0.17014904692398067
688,0.17014902857098077
689,0.17014901027797105
690,0.17014899204466158
691,0.17014897387076466
692,0.170148955755994
693,0.17014893770006562
694,0.17014891970269694
695,0.17014890176360714
696,0.17014888388251773
697,0.17014886605915142
698,0.17014884829323257
699,0.17014883058448826
700,0.17014881293264594
701,0.1701487953374355
702,0.17014877779858864
703,0.17014876031583817
704,0.17014874288891935
705,0.17014872551756846
706,0.17014870820152359
707,0.1701486909405246
708,0.17014867373431294
709,0.17014865658263106
710,0.17014863948522424
711,0.17014862244183832
712,0.17014860545222102
713,0.17014858851612158
714,0.17014857163329067
715,0.17014855480348115
716,0.1701485380264466
717,0.17014852130194222
718,0.17014850462972472
719,0.17014848800955304
720,0.17014847144118686
721,0.17014845492438704
722,0.17014843845891686
723,0.17014842204454014
724,0.1701484056810228
725,0.17014838936813156
726,0.17014837310563494
727,0.170148356893303
728,0.17014834073090676
729,0.17014832461821916
730,0.17014830855501373
731,0.17014829254106584
732,0.17014827657615228
733,0.17014826066005156
734,0.17014824479254229
735,0.17014822897340534
736,0.17014821320242296
737,0.17014819747937787
738,0.17014818180405522
739,0.1701481661762404
740,0.170148150595721
741,0.17014813506228496
742,0.17014811957572165
743,0.17014810413582232
744,0.17014808874237936
745,0.17014807339518562
746,0.1701480580940357
747,0.1701480428387252
748,0.1701480276290516
749,0.17014801246481207
750,0.17014799734580663
751,0.17014798227183547
752,0.17014796724270034
753,0.17014795225820403
754,0.1701479373181504
755,0.17014792242234447
756,0.17014790757059245
757,0.17014789276270165
758,0.1701478779984803
759,0.1701478632777386
760,0.17014784860028645
761,0.1701478339659358
762,0.1701478193744996
763,0.17014780482579145
764,0.17014779031962649
765,0.1701477758558207
766,0.1701477614341908
767,0.17014774705455554
768,0.17014773271673336
