1,0.25055417465138463
2,0.17122534211940035
3,0.17122563300867108
4,0.17122563300867108
5,0.1712256330086711
6,0.17122563300867105
7,0.1712256330086711
8,0.17122563300867105
9,0.17122563300867105
10,0.1712256330086711
11,0.1712256330086711
12,0.1712256330086711
13,0.17122563300867105
14,0.17122563300867108
15,0.17122563300867108
16,0.17122563300867105
17,0.1712256330086711
18,0.17122563300867105
19,0.17122563300867108
20,0.17122563300867105
21,0.17122563300867105
22,0.17122563300867108
23,0.17122563300867105
24,0.1712256330086711
25,0.1712256330086711
26,0.17122563300867105
27,0.17122563300867108
28,0.17122563300867105
29,0.17122563300867105
30,0.17122563300867108
31,0.17122563300867105
32,0.1712256330086711
33,0.1712256330086711
34,0.17122563300867105
35,0.17122563300867108
36,0.17122563300867105
37,0.17122563300867105
38,0.17122563300867108
39,0.17122563300867105
40,0.1712256330086711
41,0.1712256330086711
42,0.17122563300867105
43,0.17122563300867108
44,0.17122563300867105
45,0.17122563300867105
46,0.17122563300867108
47,0.17122563300867105
48,0.1712256330086711
49,0.1712256330086711
50,0.17122563300867105
51,0.17122563300867108
52,0.17122563300867105
53,0.17122563300867105
54,0.17122563300867108
55,0.17122563300867105
56,0.1712256330086711
57,0.1712256330086711
58,0.17122563300867105
59,0.17122563300867108
60,0.17122563300867105
61,0.17122563300867105
62,0.17122563300867108
63,0.17122563300867105
64,0.1712256330086711
65,0.1712256330086711
66,0.17122563300867105
67,0.17122563300867108
68,0.17122563300867105
69,0.17122563300867105
70,0.17122563300867108
71,0.17122563300867105
72,0.1712256330086711
73,0.1712256330086711
74,0.17122563300867105
75,0.17122563300867108
76,0.17122563300867105
77,0.17122563300867105
78,0.17122563300867108
79,0.17122563300867105
80,0.1712256330086711
81,0.1712256330086711
82,0.17122563300867105
83,0.17122563300867108
84,0.17122563300867105
85,0.17122563300867105
86,0.17122563300867108
87,0.17122563300867105
88,0.1712256330086711
89,0.1712256330086711
90,0.17122563300867105
91,0.17122563300867108
92,0.17122563300867105
93,0.17122563300867105
94,0.17122563300867108
95,0.17122563300867105
96,0.1712256330086711
97,0.1712256330086711
98,0.17122563300867105
99,0.17122563300867108
100,0.17122563300867105
101,0.17122563300867105
102,0.17122563300867108
103,0.17122563300867105
104,0.1712256330086711
105,0.1712256330086711
106,0.17122563300867105
107,0.17122563300867108
108,0.17122563300867105
109,0.17122563300867105
110,0.17122563300867108
111,0.17122563300867105
112,0.1712256330086711
113,0.1712256330086711
114,0.17122563300867105
115,0.17122563300867108
116,0.17122563300867105
117,0.17122563300867105
118,0.17122563300867108
119,0.17122563300867105
120,0.1712256330086711
121,0.1712256330086711
122,0.17122563300867105
123,0.17122563300867108
124,0.17122563300867105
125,0.17122563300867105
126,0.17122563300867108
127,0.17122563300867105
128,0.1712256330086711
129,0.1712256330086711
130,0.17122563300867105
131,0.17122563300867108
132,0.17122563300867105
133,0.17122563300867105
134,0.17122563300867108
135,0.17122563300867105
136,0.1712256330086711
137,0.1712256330086711
138,0.17122563300867105
139,0.17122563300867108
140,0.17122563300867105
141,0.17122563300867105
142,0.17122563300867108
143,0.17122563300867105
144,0.1712256330086711
145,0.1712256330086711
146,0.17122563300867105
147,0.17122563300867108
148,0.17122563300867105
149,0.17122563300867105
150,0.17122563300867108
151,0.17122563300867105
152,0.1712256330086711
153,0.1712256330086711
154,0.17122563300867105
155,0.17122563300867108
156,0.17122563300867105
157,0.17122563300867105
158,0.17122563300867108
159,0.17122563300867105
160,0.1712256330086711
161,0.1712256330086711
162,0.17122563300867105
163,0.17122563300867108
164,0.17122563300867105
165,0.17122563300867105
166,0.17122563300867108
167,0.17122563300867105
168,0.1712256330086711
169,0.1712256330086711
170,0.17122563300867105
171,0.17122563300867108
172,0.17122563300867105
173,0.17122563300867105
174,0.17122563300867108
175,0.17122563300867105
176,0.1712256330086711
177,0.1712256330086711
178,0.17122563300867105
179,0.17122563300867108
180,0.17122563300867105
181,0.17122563300867105
182,0.17122563300867108
183,0.17122563300867105
184,0.1712256330086711
185,0.1712256330086711
186,0.17122563300867105
187,0.17122563300867108
188,0.17122563300867105
189,0.17122563300867105
190,0.17122563300867108
191,0.17122563300867105
192,0.1712256330086711
193,0.1712256330086711
194,0.17122563300867105
195,0.17122563300867108
196,0.17122563300867105
197,0.17122563300867105
198,0.17122563300867108
199,0.17122563300867105
200,0.1712256330086711
201,0.1712256330086711
202,0.17122563300867105
203,0.17122563300867108
204,0.17122563300867105
205,0.17122563300867105
206,0.17122563300867108
207,0.17122563300867105
208,0.1712256330086711
209,0.1712256330086711
210,0.17122563300867105
211,0.17122563300867108
212,0.17122563300867105
213,0.17122563300867105
214,0.17122563300867108
215,0.17122563300867105
216,0.1712256330086711
217,0.1712256330086711
218,0.17122563300867105
219,0.17122563300867108
220,0.17122563300867105
221,0.17122563300867105
222,0.17122563300867108
223,0.17122563300867105
224,0.1712256330086711
225,0.1712256330086711
226,0.17122563300867105
227,0.17122563300867108
228,0.17122563300867105
229,0.17122563300867105
230,0.17122563300867108
231,0.17122563300867105
232,0.1712256330086711
233,0.1712256330086711
234,0.17122563300867105
235,0.17122563300867108
236,0.17122563300867105
237,0.17122563300867105
238,0.17122563300867108
239,0.17122563300867105
240,0.1712256330086711
241,0.1712256330086711
242,0.17122563300867105
243,0.17122563300867108
244,0.17122563300867105
245,0.17122563300867105
246,0.17122563300867108
247,0.17122563300867105
248,0.1712256330086711
249,0.1712256330086711
250,0.17122563300867105
251,0.17122563300867108
252,0.17122563300867105
253,0.17122563300867105
254,0.17122563300867108
255,0.17122563300867105
256,0.1712256330086711
257,0.1712256330086711
258,0.17122563300867105
259,0.17122563300867108
260,0.17122563300867105
261,0.17122563300867105
262,0.17122563300867108
263,0.17122563300867105
264,0.1712256330086711
265,0.1712256330086711
266,0.17122563300867105
267,0.17122563300867108
268,0.17122563300867105
269,0.17122563300867105
270,0.17122563300867108
271,0.17122563300867105
272,0.1712256330086711
273,0.1712256330086711
274,0.17122563300867105
275,0.17122563300867108
276,0.17122563300867105
277,0.17122563300867105
278,0.17122563300867108
279,0.17122563300867105
280,0.1712256330086711
281,0.1712256330086711
282,0.17122563300867105
283,0.17122563300867108
284,0.17122563300867105
285,0.17122563300867105
286,0.17122563300867108
287,0.17122563300867105
288,0.1712256330086711
289,0.1712256330086711
290,0.17122563300867105
291,0.17122563300867108
292,0.17122563300867105
293,0.17122563300867105
294,0.17122563300867108
295,0.17122563300867105
296,0.1712256330086711
297,0.1712256330086711
298,0.17122563300867105
299,0.17122563300867108
300,0.17122563300867105
301,0.17122563300867105
302,0.17122563300867108
303,0.17122563300867105
304,0.1712256330086711
305,0.1712256330086711
306,0.17122563300867105
307,0.17122563300867108
308,0.17122563300867105
309,0.17122563300867105
310,0.17122563300867108
311,0.17122563300867105
312,0.1712256330086711
313,0.1712256330086711
314,0.17122563300867105
315,0.17122563300867108
316,0.17122563300867105
317,0.17122563300867105
318,0.17122563300867108
319,0.17122563300867105
320,0.1712256330086711
321,0.1712256330086711
322,0.17122563300867105
323,0.17122563300867108
324,0.17122563300867105
325,0.17122563300867105
326,0.17122563300867108
327,0.17122563300867105
328,0.1712256330086711
329,0.1712256330086711
330,0.17122563300867105
331,0.17122563300867108
332,0.17122563300867105
333,0.17122563300867105
334,0.17122563300867108
335,0.17122563300867105
336,0.1712256330086711
337,0.1712256330086711
338,0.17122563300867105
339,0.17122563300867108
340,0.17122563300867105
341,0.17122563300867105
342,0.17122563300867108
343,0.17122563300867105
344,0.1712256330086711
345,0.1712256330086711
346,0.17122563300867105
347,0.17122563300867108
348,0.17122563300867105
349,0.17122563300867105
350,0.17122563300867108
351,0.17122563300867105
352,0.1712256330086711
353,0.1712256330086711
354,0.17122563300867105
355,0.17122563300867108
356,0.17122563300867105
357,0.17122563300867105
358,0.17122563300867108
359,0.17122563300867105
360,0.1712256330086711
361,0.1712256330086711
362,0.17122563300867105
363,0.17122563300867108
364,0.17122563300867105
365,0.17122563300867105
366,0.17122563300867108
367,0.17122563300867105
368,0.1712256330086711
369,0.1712256330086711
370,0.17122563300867105
371,0.17122563300867108
372,0.17122563300867105
373,0.17122563300867105
374,0.17122563300867108
375,0.17122563300867105
376,0.1712256330086711
377,0.1712256330086711
378,0.17122563300867105
379,0.17122563300867108
380,0.17122563300867105
381,0.17122563300867105
382,0.17122563300867108
383,0.17122563300867105
384,0.1712256330086711
385,0.1712256330086711
386,0.17122563300867105
387,0.17122563300867108
388,0.17122563300867105
389,0.17122563300867105
390,0.17122563300867108
391,0.17122563300867105
392,0.1712256330086711
393,0.1712256330086711
394,0.17122563300867105
395,0.17122563300867108
396,0.17122563300867105
