1,0.20353676924919736
2,0.20342668902460953
3,0.20331192006698118
4,0.20319216853216854
5,0.20306711642589975
6,0.20293641916643007
7,0.20279970285858873
8,0.20265656124061876
9,0.20250655225960748
10,0.20234919422485953
11,0.2021839614811922
12,0.20201027953567635
13,0.20182751956171824
14,0.20163499219345618
15,0.20143194051112195
16,0.20121753210427817
17,0.20099085008467657
18,0.200750882904085
19,0.20049651281515463
20,0.2002265027959666
21,0.19993948174252504
22,0.19963392772019484
23,0.199308149058126
24,0.19896026307509737
25,0.19858817224865308
26,0.19818953769357694
27,0.19776174991813703
28,0.19730189700312883
29,0.19680673063776222
30,0.1962726309035388
31,0.19569557140246677
32,0.1950710873925008
33,0.1943942511776661
34,0.19365966131283446
35,0.19286145549105588
36,0.19199336159735378
37,0.19104880764328883
38,0.19002111930867954
39,0.18890384335379662
40,0.18769124500339707
41,0.1863790344306801
42,0.18496537533742685
43,0.18345220626465894
44,0.1818468463707845
45,0.18016374361025703
46,0.1784260454680672
47,0.17666645448973567
48,0.17492666072050736
49,0.1732546847368131
50,0.17169989867165894
51,0.17030635126366825
52,0.1691060054507512
53,0.16811399487171882
54,0.16732750788519743
55,0.16672852578443653
56,0.16628916383714748
57,0.1659776454514327
58,0.16576322897495566
59,0.16561927996177783
60,0.16552452836212603
61,0.16546302108890462
62,0.16542336825340398
63,0.16539775018463293
64,0.16538096444508732
65,0.16536963721506598
66,0.16536162649639485
67,0.1653555968732364
68,0.1653507292835897
69,0.16534652917049425
70,0.1653427027293448
71,0.16533907860397493
72,0.16533555911242287
73,0.16533209027073034
74,0.16532864359214497
75,0.16532520516615956
76,0.16532176918745556
77,0.16531833417683015
78,0.16531490081401054
79,0.16531147072501765
80,0.16530804582756184
81,0.16530462799741658
82,0.1653012189154143
83,0.16529782001292456
84,0.165294432468424
85,0.1652910572283588
86,0.1652876950375575
87,0.1652843464714251
88,0.16528101196612133
89,0.16527769184511393
90,0.16527438634168323
91,0.16527109561752884
92,0.16526781977790195
93,0.16526455888376812
94,0.1652613129614972
95,0.165258082010536
96,0.165254866009457
97,0.1652516649207052
98,0.16524847869431764
99,0.16524530727082803
100,0.16524215058353414
101,0.16523900856026244
102,0.16523588112474322
103,0.16523276819767693
104,0.16522966969756475
105,0.16522658554135147
106,0.16522351564492413
107,0.1652204599234986
108,0.16521741829191852
109,0.16521439066488552
110,0.1652113769571375
111,0.16520837708358535
112,0.16520539095941847
113,0.16520241850018416
114,0.1651994596218493
115,0.16519651424084644
116,0.16519358227410824
117,0.16519066363909393
118,0.16518775825380658
119,0.16518486603680754
120,0.16518198690722538
121,0.1651791207847621
122,0.1651762675896956
123,0.1651734272428824
124,0.16517059966575692
125,0.16516778478033142
126,0.16516498250919223
127,0.16516219277549882
128,0.16515941550298047
129,0.1651566506159317
130,0.16515389803920935
131,0.16515115769822886
132,0.16514842951895894
133,0.16514571342791845
134,0.16514300935217155
135,0.16514031721932323
136,0.1651376369575152
137,0.1651349684954211
138,0.1651323117622423
139,0.1651296666877037
140,0.16512703320204877
141,0.16512441123603527
142,0.16512180072093158
143,0.16511920158851137
144,0.1651166137710503
145,0.1651140372013204
146,0.1651114718125881
147,0.16510891753860726
148,0.16510637431361694
149,0.1651038420723369
150,0.16510132074996312
151,0.16509881028216417
152,0.1650963106050766
153,0.16509382165530212
154,0.165091343369902
155,0.16508887568639513
156,0.16508641854275272
157,0.16508397187739446
158,0.1650815356291856
159,0.165079109737433
160,0.16507669414188045
161,0.16507428878270697
162,0.16507189360052035
163,0.16506950853635635
164,0.16506713353167313
165,0.16506476852834884
166,0.16506241346867764
167,0.1650600682953662
168,0.16505773295153048
169,0.16505540738069188
170,0.1650530915267746
171,0.1650507853341017
172,0.16504848874739153
173,0.1650462017117554
174,0.16504392417269337
175,0.16504165607609178
176,0.16503939736821918
177,0.16503714799572405
178,0.16503490790563152
179,0.16503267704533892
180,0.16503045536261532
181,0.16502824280559572
182,0.16502603932277973
183,0.16502384486302824
184,0.1650216593755601
185,0.16501948280994952
186,0.16501731511612266
187,0.16501515624435575
188,0.16501300614527117
189,0.16501086476983498
190,0.16500873206935449
191,0.1650066079954748
192,0.1650044925001764
193,0.16500238553577332
194,0.1650002870549081
195,0.16499819701055174
196,0.16499611535599923
197,0.16499404204486778
198,0.16499197703109383
199,0.1649899202689309
200,0.16498787171294638
201,0.16498583131801953
202,0.16498379903933869
203,0.16498177483239918
204,0.16497975865300044
205,0.16497775045724303
206,0.16497575020152794
207,0.1649737578425524
208,0.1649717733373083
209,0.16496979664307995
210,0.16496782771744117
211,0.1649658665182539
212,0.16496391300366464
213,0.1649619671321035
214,0.1649600288622808
215,0.16495809815318593
216,0.1649561749640838
217,0.1649542592545144
218,0.16495235098428843
219,0.16495045011348775
220,0.16494855660246047
221,0.16494667041182115
222,0.16494479150244745
223,0.1649429198354782
224,0.16494105537231168
225,0.16493919807460383
226,0.16493734790426476
227,0.16493550482345856
228,0.16493366879460095
229,0.1649318397803555
230,0.16493001774363414
231,0.16492820264759434
232,0.16492639445563595
233,0.1649245931314017
234,0.16492279863877285
235,0.16492101094186887
236,0.1649192300050453
237,0.16491745579289202
238,0.1649156882702305
239,0.16491392740211303
240,0.16491217315382103
241,0.16491042549086188
242,0.16490868437896963
243,0.16490694978410017
244,0.1649052216724323
245,0.16490350001036386
246,0.1649017847645118
247,0.16490007590170958
248,0.16489837338900515
249,0.1648966771936603
250,0.1648949872831482
251,0.16489330362515223
252,0.16489162618756423
253,0.16488995493848296
254,0.1648882898462123
255,0.1648866308792599
256,0.16488497800633575
257,0.16488333119635037
258,0.16488169041841302
259,0.16488005564183142
260,0.16487842683610868
261,0.16487680397094262
262,0.1648751870162244
263,0.1648735759420368
264,0.1648719707186528
265,0.16487037131653412
266,0.16486877770633
267,0.1648671898588756
268,0.1648656077451906
269,0.16486403133647792
270,0.16486246060412207
271,0.16486089551968827
272,0.1648593360549211
273,0.1648577821817421
274,0.1648562338722499
275,0.16485469109871786
276,0.16485315383359356
277,0.16485162204949683
278,0.1648500957192186
279,0.16484857481572004
280,0.16484705931213084
281,0.1648455491817482
282,0.16484404439803552
283,0.16484254493462097
284,0.16484105076529687
285,0.16483956186401785
286,0.16483807820489987
287,0.16483659976221923
288,0.16483512651041077
289,0.16483365842406772
290,0.16483219547793976
291,0.16483073764693199
292,0.16482928490610357
293,0.16482783723066746
294,0.1648263945959887
295,0.16482495697758273
296,0.1648235243511156
297,0.16482209669240178
298,0.1648206739774033
299,0.16481925618222953
300,0.16481784328313465
301,0.1648164352565181
302,0.16481503207892192
303,0.16481363372703137
304,0.16481224017767276
305,0.1648108514078129
306,0.16480946739455787
307,0.16480808811515246
308,0.16480671354697826
309,0.16480534366755378
310,0.16480397845453282
311,0.16480261788570308
312,0.16480126193898656
313,0.16479991059243723
314,0.16479856382424082
315,0.16479722161271382
316,0.1647958839363019
317,0.16479455077358002
318,0.16479322210325098
319,0.164791897904144
320,0.16479057815521497
321,0.1647892628355447
322,0.16478795192433787
323,0.16478664540092314
324,0.1647853432447513
325,0.16478404543539482
326,0.16478275195254719
327,0.16478146277602138
328,0.16478017788574967
329,0.16477889726178296
330,0.16477762088428882
331,0.16477634873355174
332,0.1647750807899723
333,0.16477381703406543
334,0.16477255744646066
335,0.16477130200790072
336,0.16477005069924106
337,0.16476880350144824
338,0.16476756039560064
339,0.16476632136288638
340,0.16476508638460313
341,0.1647638554421577
342,0.16476262851706375
343,0.164761405590943
344,0.16476018664552347
345,0.16475897166263884
346,0.1647577606242277
347,0.16475655351233273
348,0.16475535030910046
349,0.16475415099677995
350,0.16475295555772274
351,0.16475176397438132
352,0.1647505762293092
353,0.1647493923051595
354,0.16474821218468547
355,0.16474703585073802
356,0.16474586328626695
357,0.16474469447431853
358,0.1647435293980364
359,0.16474236804065948
360,0.16474121038552283
361,0.16474005641605494
362,0.1647389061157801
363,0.16473775946831434
364,0.16473661645736712
365,0.16473547706674058
366,0.16473434128032702
367,0.16473320908211136
368,0.16473208045616705
369,0.16473095538665794
370,0.1647298338578377
371,0.1647287158540472
372,0.164727601359716
373,0.16472649035936052
374,0.16472538283758392
375,0.1647242787790758
376,0.1647231781686107
377,0.16472208099104862
378,0.16472098723133388
379,0.16471989687449443
380,0.16471880990564125
381,0.16471772630996884
382,0.16471664607275313
383,0.16471556917935182
384,0.16471449561520365
385,0.16471342536582842
386,0.16471235841682486
387,0.16471129475387225
388,0.16471023436272828
389,0.16470917722922881
390,0.1647081233392883
391,0.1647070726788979
392,0.1647060252341262
393,0.16470498099111766
394,0.16470393993609314
395,0.1647029020553482
396,0.16470186733525372
397,0.16470083576225522
398,0.1646998073228714
399,0.1646987820036949
400,0.16469775979139098
401,0.16469674067269766
402,0.16469572463442472
403,0.16469471166345373
404,0.16469370174673675
405,0.16469269487129706
406,0.16469169102422768
407,0.16469069019269122
408,0.16468969236392006
409,0.16468869752521456
410,0.16468770566394428
411,0.16468671676754562
412,0.16468573082352359
413,0.16468474781944945
414,0.164683767742961
415,0.16468279058176272
416,0.1646818163236242
417,0.16468084495638077
418,0.1646798764679328
419,0.16467891084624456
420,0.16467794807934463
421,0.16467698815532514
422,0.16467603106234188
423,0.16467507678861312
424,0.16467412532241937
425,0.16467317665210368
426,0.16467223076607035
427,0.16467128765278524
428,0.1646703473007745
429,0.16466940969862545
430,0.16466847483498506
431,0.16466754269856024
432,0.16466661327811713
433,0.1646656865624807
434,0.16466476254053475
435,0.1646638412012211
436,0.16466292253353954
437,0.1646620065265474
438,0.1646610931693587
439,0.16466018245114483
440,0.16465927436113312
441,0.16465836888860744
442,0.1646574660229067
443,0.16465656575342572
444,0.1646556680696141
445,0.16465477296097636
446,0.1646538804170707
447,0.16465299042750997
448,0.1646521029819603
449,0.1646512180701414
450,0.16465033568182588
451,0.1646494558068388
452,0.1646485784350577
453,0.16464770355641212
454,0.1646468311608833
455,0.1646459612385037
456,0.1646450937793572
457,0.1646442287735781
458,0.1646433662113509
459,0.16464250608291087
460,0.16464164837854262
461,0.16464079308858012
462,0.16463994020340675
463,0.1646390897134548
464,0.1646382416092053
465,0.16463739588118717
466,0.16463655251997766
467,0.16463571151620146
468,0.1646348728605311
469,0.1646340365436855
470,0.1646332025564313
471,0.1646323708895809
472,0.16463154153399348
473,0.1646307144805741
474,0.16462988972027326
475,0.1646290672440874
476,0.16462824704305756
477,0.16462742910826994
478,0.16462661343085552
479,0.16462580000198918
480,0.16462498881289034
481,0.16462417985482167
482,0.16462337311909017
483,0.16462256859704552
484,0.16462176628008035
485,0.16462096615963057
486,0.1646201682271743
487,0.1646193724742316
488,0.16461857889236528
489,0.1646177874731793
490,0.16461699820831918
491,0.164616211089472
492,0.16461542610836566
493,0.16461464325676883
494,0.1646138625264905
495,0.1646130839093802
496,0.16461230739732752
497,0.164611532982262
498,0.16461076065615204
499,0.16460999041100624
500,0.16460922223887162
501,0.16460845613183456
502,0.16460769208201972
503,0.16460693008159064
504,0.1646061701227483
505,0.16460541219773253
506,0.16460465629882018
507,0.16460390241832581
508,0.16460315054860147
509,0.16460240068203624
510,0.16460165281105604
511,0.16460090692812326
512,0.16460016302573674
513,0.16459942109643194
514,0.16459868113277987
515,0.16459794312738735
516,0.1645972070728972
517,0.1645964729619872
518,0.16459574078737055
519,0.16459501054179507
520,0.16459428221804406
521,0.1645935558089348
522,0.16459283130731897
523,0.16459210870608246
524,0.16459138799814552
525,0.1645906691764614
526,0.1645899522340178
527,0.16458923716383525
528,0.16458852395896742
529,0.16458781261250138
530,0.1645871031175569
531,0.16458639546728596
532,0.16458568965487386
533,0.16458498567353697
534,0.16458428351652488
535,0.16458358317711824
536,0.16458288464862972
537,0.16458218792440382
538,0.16458149299781571
539,0.16458079986227198
540,0.16458010851121083
541,0.16457941893810013
542,0.16457873113643934
543,0.16457804509975812
544,0.16457736082161625
545,0.1645766782956035
546,0.16457599751534002
547,0.16457531847447543
548,0.16457464116668913
549,0.16457396558568982
550,0.16457329172521556
551,0.16457261957903355
552,0.16457194914093995
553,0.1645712804047592
554,0.16457061336434542
555,0.1645699480135802
556,0.16456928434637377
557,0.16456862235666483
558,0.16456796203841956
559,0.1645673033856322
560,0.16456664639232474
561,0.1645659910525466
562,0.16456533736037446
563,0.16456468530991253
564,0.16456403489529178
565,0.16456338611067017
566,0.16456273895023232
567,0.16456209340818997
568,0.16456144947878068
569,0.1645608071562686
570,0.16456016643494428
571,0.1645595273091237
572,0.16455888977314959
573,0.16455825382138956
574,0.16455761944823727
575,0.16455698664811202
576,0.16455635541545788
577,0.16455572574474467
578,0.16455509763046688
579,0.164554471067144
580,0.1645538460493203
581,0.16455322257156474
582,0.1645526006284708
583,0.16455198021465606
584,0.1645513613247627
585,0.16455074395345706
586,0.16455012809542888
587,0.16454951374539198
588,0.16454890089808424
589,0.16454828954826695
590,0.16454767969072456
591,0.16454707132026533
592,0.1645464644317201
593,0.16454585901994329
594,0.16454525507981219
595,0.16454465260622664
596,0.1645440515941095
597,0.16454345203840623
598,0.16454285393408433
599,0.16454225727613414
600,0.1645416620595677
601,0.1645410682794196
602,0.1645404759307462
603,0.16453988500862568
604,0.16453929550815827
605,0.16453870742446527
606,0.16453812075268998
607,0.1645375354879969
608,0.16453695162557203
609,0.16453636916062178
610,0.1645357880883747
611,0.16453520840407942
612,0.16453463010300612
613,0.16453405318044495
614,0.164533477631707
615,0.1645329034521242
616,0.16453233063704828
617,0.16453175918185187
618,0.16453118908192696
619,0.16453062033268664
620,0.16453005292956288
621,0.16452948686800853
622,0.16452892214349524
623,0.16452835875151506
624,0.16452779668757925
625,0.16452723594721852
626,0.16452667652598282
627,0.16452611841944184
628,0.16452556162318374
629,0.16452500613281623
630,0.1645244519439654
631,0.16452389905227707
632,0.16452334745341468
633,0.16452279714306123
634,0.1645222481169179
635,0.16452170037070432
636,0.16452115390015826
637,0.16452060870103644
638,0.164520064769113
639,0.1645195221001805
640,0.16451898069004922
641,0.16451844053454773
642,0.16451790162952204
643,0.16451736397083602
644,0.16451682755437103
645,0.1645162923760263
646,0.16451575843171784
647,0.16451522571737948
648,0.16451469422896206
649,0.164514163962434
650,0.1645136349137801
651,0.16451310707900269
652,0.16451258045412065
653,0.16451205503517013
654,0.1645115308182033
655,0.16451100779928962
656,0.1645104859745147
657,0.16450996533998063
658,0.16450944589180636
659,0.16450892762612634
660,0.16450841053909185
661,0.16450789462687002
662,0.16450737988564437
663,0.1645068663116137
664,0.16450635390099358
665,0.1645058426500144
666,0.16450533255492325
667,0.16450482361198243
668,0.16450431581746938
669,0.1645038091676777
670,0.16450330365891605
671,0.16450279928750874
672,0.16450229604979477
673,0.1645017939421288
674,0.16450129296088023
675,0.1645007931024341
676,0.1645002943631895
677,0.1644997967395613
678,0.16449930022797846
679,0.16449880482488496
680,0.1644983105267395
681,0.1644978173300151
682,0.1644973252311998
683,0.16449683422679537
684,0.1644963443133185
685,0.1644958554872997
686,0.16449536774528437
687,0.1644948810838313
688,0.16449439549951372
689,0.16449391098891913
690,0.1644934275486482
691,0.16449294517531646
692,0.16449246386555225
693,0.1644919836159983
694,0.16449150442331104
695,0.1644910262841599
696,0.1644905491952284
697,0.16449007315321315
698,0.1644895981548244
699,0.1644891241967856
700,0.16448865127583384
701,0.16448817938871851
702,0.16448770853220313
703,0.1644872387030635
704,0.16448676989808897
705,0.16448630211408177
706,0.16448583534785666
707,0.16448536959624135
708,0.16448490485607656
709,0.1644844411242154
710,0.16448397839752352
711,0.16448351667287964
712,0.16448305594717452
713,0.16448259621731157
714,0.16448213748020643
715,0.164481679732787
716,0.16448122297199372
717,0.16448076719477905
718,0.16448031239810804
719,0.16447985857895683
720,0.1644794057343143
721,0.16447895386118142
722,0.16447850295657046
723,0.16447805301750634
724,0.16447760404102485
725,0.16447715602417434
726,0.16447670896401453
727,0.1644762628576162
728,0.16447581770206274
729,0.16447537349444846
730,0.16447493023187895
731,0.1644744879114719
732,0.16447404653035536
733,0.16447360608566983
734,0.1644731665745657
735,0.16447272799420587
736,0.1644722903417634
737,0.16447185361442318
738,0.16447141780938035
739,0.1644709829238418
740,0.16447054895502472
741,0.1644701159001576
742,0.1644696837564792
743,0.1644692525212398
744,0.16446882219169992
745,0.1644683927651305
746,0.16446796423881405
747,0.16446753661004218
748,0.16446710987611843
749,0.16446668403435624
750,0.16446625908207915
751,0.16446583501662132
752,0.16446541183532776
753,0.16446498953555272
754,0.16446456811466129
755,0.16446414757002878
756,0.16446372789904035
757,0.16446330909909157
758,0.1644628911675875
759,0.16446247410194365
760,0.16446205789958543
761,0.16446164255794798
762,0.16446122807447627
763,0.16446081444662522
764,0.16446040167185916
765,0.16445998974765272
766,0.16445957867148955
767,0.16445916844086353
768,0.16445875905327734
769,0.1644583505062439
770,0.16445794279728532
771,0.1644575359239331
772,0.1644571298837283
773,0.16445672467422123
774,0.1644563202929711
775,0.16445591673754745
776,0.16445551400552783
777,0.16445511209449962
778,0.16445471100205936
779,0.16445431072581246
780,0.16445391126337341
781,0.164453512612366
782,0.16445311477042238
783,0.16445271773518433
784,0.164452321504302
785,0.16445192607543443
786,0.1644515314462498
787,0.16445113761442495
788,0.16445074457764508
789,0.16445035233360455
790,0.16444996088000613
791,0.16444957021456105
792,0.16444918033498931
793,0.16444879123901954
794,0.16444840292438853
795,0.164448015388842
796,0.1644476286301333
797,0.16444724264602498
798,0.16444685743428755
799,0.16444647299269968
800,0.1644460893190487
801,0.16444570641112963
802,0.16444532426674618
803,0.16444494288370984
804,0.16444456225984033
805,0.16444418239296568
806,0.16444380328092165
807,0.1644434249215521
808,0.16444304731270867
809,0.1644426704522512
810,0.16444229433804744
811,0.16444191896797283
812,0.16444154433991073
813,0.16444117045175208
814,0.16444079730139605
815,0.16444042488674865
816,0.16444005320572483
817,0.1644396822562458
818,0.1644393120362416
819,0.16443894254364907
820,0.1644385737764129
821,0.16443820573248538
822,0.16443783840982598
823,0.16443747180640184
824,0.1644371059201872
825,0.16443674074916423
826,0.1644363762913221
827,0.16443601254465723
828,0.1644356495071735
829,0.16443528717688202
830,0.16443492555180078
831,0.16443456462995557
832,0.16443420440937873
833,0.16443384488811025
834,0.16443348606419686
835,0.16443312793569237
836,0.1644327705006576
837,0.16443241375716058
838,0.16443205770327635
839,0.16443170233708634
840,0.1644313476566796
841,0.16443099366015138
842,0.1644306403456044
843,0.16443028771114768
844,0.16442993575489753
845,0.16442958447497644
846,0.16442923386951375
847,0.16442888393664637
848,0.16442853467451676
849,0.16442818608127405
850,0.1644278381550748
851,0.16442749089408162
852,0.16442714429646385
853,0.1644267983603968
854,0.1644264530840632
855,0.1644261084656516
856,0.16442576450335708
857,0.16442542119538142
858,0.1644250785399325
859,0.16442473653522455
860,0.16442439517947824
861,0.1644240544709204
862,0.16442371440778442
863,0.1644233749883096
864,0.1644230362107416
865,0.1644226980733324
866,0.16442236057434
