1,0.1697014738573172
2,0.16957706861227453
3,0.16958400401137558
4,0.16959436198695774
5,0.16959868752371784
6,0.16959983961916517
7,0.16959972333873746
8,0.169599135475884
9,0.16959837539941147
10,0.16959755183363484
11,0.16959670380357666
12,0.16959584525440757
13,0.16959498115695312
14,0.16959411327707755
15,0.16959324223686587
16,0.16959236825029506
17,0.16959149138571483
18,0.16959061165948572
19,0.16958972906938172
20,0.16958884360650445
21,0.16958795525953405
22,0.16958706401624318
23,0.16958616986403935
24,0.16958527279015656
25,0.16958437278172317
26,0.16958346982578684
27,0.1695825639093229
28,0.16958165501923653
29,0.16958074314236446
30,0.16957982826547366
31,0.16957891037526246
32,0.16957798945835897
33,0.16957706550132207
34,0.16957613849063963
35,0.1695752084127295
36,0.16957427525393787
37,0.16957333900053978
38,0.16957239963873802
39,0.16957145715466374
40,0.16957051153437505
41,0.16956956276385693
42,0.16956861082902128
43,0.1695676557157059
44,0.16956669740967414
45,0.16956573589661542
46,0.16956477116214352
47,0.16956380319179712
48,0.1695628319710389
49,0.1695618574852553
50,0.16956087971975606
51,0.1695598986597742
52,0.16955891429046485
53,0.16955792659690558
54,0.16955693556409537
55,0.16955594117695463
56,0.1695549434203248
57,0.16955394227896742
58,0.16955293773756466
59,0.16955192978071754
60,0.1695509183929468
61,0.1695499035586916
62,0.16954888526230993
63,0.1695478634880774
64,0.16954683822018693
65,0.1695458094427485
66,0.16954477713978927
67,0.16954374129525207
68,0.1695427018929954
69,0.16954165891679351
70,0.16954061235033527
71,0.16953956217722432
72,0.16953850838097737
73,0.1695374509450258
74,0.16953638985271388
75,0.169535325087298
76,0.16953425663194716
77,0.16953318446974236
78,0.1695321085836755
79,0.16953102895664976
80,0.16952994557147852
81,0.16952885841088533
82,0.1695277674575032
83,0.1695266726938741
84,0.16952557410244898
85,0.1695244716655865
86,0.16952336536555374
87,0.1695222551845245
88,0.16952114110457941
89,0.1695200231077059
90,0.1695189011757969
91,0.1695177752906509
92,0.1695166454339715
93,0.16951551158736655
94,0.16951437373234837
95,0.1695132318503328
96,0.16951208592263828
97,0.1695109359304868
98,0.16950978185500182
99,0.16950862367720915
100,0.1695074613780354
101,0.1695062949383081
102,0.16950512433875564
103,0.16950394956000556
104,0.16950277058258553
105,0.16950158738692186
106,0.1695003999533392
107,0.16949920826206055
108,0.1694980122932064
109,0.1694968120267941
110,0.16949560744273806
111,0.16949439852084866
112,0.16949318524083185
113,0.1694919675822891
114,0.16949074552471646
115,0.16948951904750467
116,0.16948828812993783
117,0.1694870527511935
118,0.16948581289034262
119,0.16948456852634808
120,0.16948331963806537
121,0.16948206620424075
122,0.16948080820351238
123,0.1694795456144085
124,0.16947827841534763
125,0.1694770065846384
126,0.16947573010047817
127,0.16947444894095332
128,0.1694731630840386
129,0.16947187250759707
130,0.1694705771893785
131,0.16946927710702014
132,0.16946797223804577
133,0.16946666255986534
134,0.1694653480497741
135,0.16946402868495325
136,0.16946270444246803
137,0.16946137529926872
138,0.16946004123218894
139,0.16945870221794623
140,0.16945735823314123
141,0.1694560092542568
142,0.16945465525765877
143,0.16945329621959362
144,0.16945193211619064
145,0.16945056292345906
146,0.16944918861728903
147,0.16944780917345087
148,0.1694464245675947
149,0.16944503477524978
150,0.16944363977182456
151,0.16944223953260584
152,0.16944083403275892
153,0.16943942324732672
154,0.16943800715122923
155,0.16943658571926404
156,0.16943515892610528
157,0.16943372674630314
158,0.16943228915428388
159,0.16943084612434933
160,0.16942939763067658
161,0.16942794364731756
162,0.1694264841481988
163,0.16942501910712116
164,0.1694235484977591
165,0.1694220722936606
166,0.16942059046824734
167,0.16941910299481366
168,0.1694176098465263
169,0.16941611099642498
170,0.16941460641742037
171,0.16941309608229616
172,0.16941157996370693
173,0.16941005803417816
174,0.16940853026610686
175,0.16940699663176062
176,0.1694054571032771
177,0.1694039116526648
178,0.16940236025180205
179,0.16940080287243645
180,0.16939923948618577
181,0.1693976700645371
182,0.16939609457884652
183,0.1693945130003394
184,0.16939292530010955
185,0.1693913314491201
186,0.16938973141820196
187,0.16938812517805515
188,0.1693865126992476
189,0.1693848939522155
190,0.16938326890726335
191,0.16938163753456317
192,0.16937999980415513
193,0.16937835568594756
194,0.16937670514971595
195,0.16937504816510415
196,0.16937338470162325
197,0.16937171472865242
198,0.16937003821543853
199,0.16936835513109608
200,0.16936666544460732
201,0.16936496912482246
202,0.16936326614045946
203,0.16936155646010456
204,0.1693598400522117
205,0.16935811688510308
206,0.16935638692696953
207,0.16935465014586984
208,0.16935290650973198
209,0.16935115598635236
210,0.1693493985433966
211,0.16934763414839943
212,0.16934586276876493
213,0.1693440843717677
214,0.16934229892455097
215,0.16934050639412973
216,0.1693387067473886
217,0.16933689995108375
218,0.16933508597184269
219,0.16933326477616417
220,0.16933143633041994
221,0.1693296006008534
222,0.1693277575535816
223,0.16932590715459503
224,0.16932404936975828
225,0.16932218416481035
226,0.1693203115053654
227,0.1693184313569134
228,0.1693165436848208
229,0.1693146484543306
230,0.16931274563056387
231,0.16931083517851964
232,0.16930891706307644
233,0.16930699124899198
234,0.1693050577009055
235,0.16930311638333684
236,0.16930116726068842
237,0.1692992102972458
238,0.16929724545717875
239,0.16929527270454134
240,0.16929329200327486
241,0.16929130331720638
242,0.16928930661005173
243,0.16928730184541552
244,0.1692852889867927
245,0.1692832679975699
246,0.16928123884102564
247,0.1692792014803331
248,0.16927715587855988
249,0.1692751019986705
250,0.1692730398035268
251,0.16927096925588997
252,0.16926889031842177
253,0.16926680295368624
254,0.16926470712415068
255,0.16926260279218763
256,0.16926048992007617
257,0.16925836847000444
258,0.16925623840406992
259,0.16925409968428243
260,0.16925195227256548
261,0.16924979613075736
262,0.16924763122061515
263,0.1692454575038137
264,0.16924327494195024
265,0.16924108349654488
266,0.16923888312904375
267,0.16923667380081983
268,0.16923445547317661
269,0.16923222810734942
270,0.1692299916645081
271,0.16922774610575936
272,0.1692254913921488
273,0.16922322748466453
274,0.16922095434423798
275,0.16921867193174825
276,0.16921638020802407
277,0.1692140791338456
278,0.16921176866994947
279,0.16920944877702934
280,0.16920711941574024
281,0.16920478054670113
282,0.16920243213049788
283,0.1692000741276868
284,0.16919770649879706
285,0.16919532920433528
286,0.16919294220478762
287,0.1691905454606235
288,0.1691881389322997
289,0.16918572258026368
290,0.16918329636495624
291,0.16918086024681697
292,0.16917841418628668
293,0.16917595814381195
294,0.169173492079849
295,0.16917101595486736
296,0.16916852972935473
297,0.16916603336382058
298,0.16916352681880026
299,0.16916101005486053
300,0.1691584830326024
301,0.16915594571266726
302,0.16915339805574048
303,0.16915084002255668
304,0.1691482715739041
305,0.16914569267062993
306,0.1691431032736452
307,0.16914050334392994
308,0.16913789284253805
309,0.16913527173060325
310,0.16913263996934405
311,0.169129997520069
312,0.16912734434418294
313,0.16912468040319212
314,0.16912200565871058
315,0.1691193200724653
316,0.16911662360630275
317,0.1691139162221957
318,0.16911119788224735
319,0.16910846854870015
320,0.16910572818394004
321,0.1691029767505048
322,0.16910021421108964
323,0.16909744052855455
324,0.16909465566593038
325,0.1690918595864271
326,0.16908905225343998
327,0.1690862336305567
328,0.16908340368156574
329,0.1690805623704624
330,0.1690777096614582
331,0.16907484551898683
332,0.1690719699077132
333,0.16906908279254065
334,0.16906618413861965
335,0.1690632739113557
336,0.16906035207641726
337,0.16905741859974516
338,0.16905447344756055
339,0.1690515165863736
340,0.16904854798299282
341,0.169045567604533
342,0.16904257541842593
343,0.16903957139242823
344,0.169036555494631
345,0.16903352769347055
346,0.16903048795773562
347,0.16902743625657993
348,0.16902437255952973
349,0.16902129683649533
350,0.1690182090577807
351,0.16901510919409393
352,0.16901199721655744
353,0.16900887309671922
354,0.16900573680656197
355,0.16900258831851656
356,0.16899942760547024
357,0.1689962546407798
358,0.168993069398282
359,0.16898987185230468
360,0.1689866619776793
361,0.16898343974975139
362,0.1689802051443937
363,0.16897695813801697
364,0.16897369870758278
365,0.16897042683061556
366,0.1689671424852146
367,0.16896384565006736
368,0.16896053630446148
369,0.1689572144282976
370,0.16895388000210262
371,0.1689505330070426
372,0.16894717342493537
373,0.1689438012382648
374,0.1689404164301941
375,0.1689370189845785
376,0.16893360888597972
377,0.16893018611967955
378,0.16892675067169444
379,0.16892330252878837
380,0.1689198416784883
381,0.16891636810909744
382,0.16891288180971015
383,0.16890938277022746
384,0.1689058709813699
385,0.16890234643469365
386,0.16889880912260516
387,0.1688952590383758
388,0.16889169617615754
389,0.16888812053099794
390,0.16888453209885573
391,0.1688809308766151
392,0.1688773168621034
393,0.16887369005410505
394,0.16887005045237735
395,0.16886639805766754
396,0.16886273287172754
397,0.16885905489732975
398,0.16885536413828484
399,0.16885166059945578
400,0.16884794428677555
401,0.16884421520726275
402,0.16884047336903785
403,0.16883671878134002
404,0.1688329514545436
405,0.16882917140017406
406,0.1688253786309252
407,0.16882157316067523
408,0.16881775500450377
409,0.16881392417870836
410,0.16881008070082085
411,0.168806224589625
412,0.1688023558651724
413,0.1687984745487988
414,0.16879458066314237
415,0.16879067423215896
416,0.16878675528113926
417,0.16878282383672594
418,0.16877887992693014
419,0.16877492358114746
420,0.1687709548301749
421,0.16876697370622867
422,0.16876298024295824
423,0.1687589744754653
424,0.16875495644031824
425,0.16875092617556967
426,0.16874688372077207
427,0.16874282911699431
428,0.1687387624068367
429,0.16873468363444888
430,0.1687305928455433
431,0.1687264900874129
432,0.16872237540894508
433,0.16871824886063852
434,0.16871411049461732
435,0.16870996036464675
436,0.1687057985261485
437,0.16870162503621375
438,0.16869743995362
439,0.1686932433388441
440,0.1686890352540761
441,0.16868481576323474
442,0.1686805849319793
443,0.1686763428277246
444,0.16867208951965276
445,0.16866782507872763
446,0.16866354957770663
447,0.16865926309115306
448,0.1686549656954486
449,0.16865065746880478
450,0.1686463384912749
451,0.16864200884476432
452,0.1686376686130424
453,0.1686333178817519
454,0.16862895673841993
455,0.1686245852724667
456,0.1686202035752164
457,0.16861581173990403
458,0.16861140986168563
459,0.1686069980376455
460,0.16860257636680434
461,0.16859814495012648
462,0.16859370389052566
463,0.16858925329287283
464,0.16858479326400064
465,0.1685803239127096
466,0.1685758453497723
467,0.16857135768793843
468,0.16856686104193794
469,0.16856235552848398
470,0.16855784126627668
471,0.1685533183760038
472,0.16854878698034356
473,0.16854424720396513
474,0.16853969917352846
475,0.1685351430176847
476,0.1685305788670751
477,0.16852600685432914
478,0.16852142711406318
479,0.16851683978287663
480,0.1685122449993494
481,0.16850764290403716
482,0.16850303363946684
483,0.16849841735013107
484,0.1684937941824815
485,0.16848916428492272
486,0.16848452780780382
487,0.16847988490341057
488,0.16847523572595585
489,0.16847058043157068
490,0.16846591917829226
491,0.1684612521260536
492,0.16845657943667136
493,0.16845190127383242
494,0.16844721780308067
495,0.1684425291918025
496,0.16843783560921138
497,0.1684331372263318
498,0.16842843421598255
499,0.16842372675275935
500,0.1684190150130156
501,0.16841429917484413
502,0.16840957941805632
503,0.1684048559241616
504,0.1684001288763456
505,0.1683953984594481
506,0.16839066485993878
507,0.16838592826589396
508,0.16838118886697115
509,0.16837644685438274
510,0.16837170242087146
511,0.16836695576068011
512,0.16836220706952534
513,0.16835745654456818
514,0.1683527043843836
515,0.16834795078893053
516,0.16834319595952016
517,0.16833844009878376
518,0.16833368341063942
519,0.1683289261002591
520,0.16832416837403288
521,0.16831941043953452
522,0.16831465250548508
523,0.16830989478171618
524,0.16830513747913256
525,0.16830038080967347
526,0.168295624986274
527,0.16829087022282577
528,0.1682861167341359
529,0.1682813647358859
530,0.16827661444459127
531,0.16827186607755715
532,0.16826711985283746
533,0.16826237598918986
534,0.1682576347060323
535,0.16825289622339798
536,0.16824816076189014
537,0.16824342854263624
538,0.16823869978724185
539,0.1682339747177432
540,0.16822925355655996
541,0.16822453652644812
542,0.16821982385045078
543,0.16821511575184958
544,0.16821041245411691
545,0.16820571418086427
546,0.16820102115579394
547,0.16819633360264866
548,0.168191651745161
549,0.16818697580700195
550,0.1681823060117308
551,0.1681776425827436
552,0.16817298574322193
553,0.16816833571608059
554,0.1681636927239157
555,0.16815905698895445
556,0.16815442873300077
557,0.16814980817738456
558,0.1681451955429095
559,0.16814059104979986
560,0.1681359949176498
561,0.16813140736536955
562,0.16812682861113465
563,0.1681222588723332
564,0.16811769836551396
565,0.16811314730633484
566,0.16810860590951152
567,0.16810407438876476
568,0.16809955295677098
569,0.1680950418251102
570,0.16809054120421532
571,0.16808605130332258
572,0.1680815723304209
573,0.1680771044922021
574,0.16807264799401245
575,0.1680682030398028
576,0.16806376983208096
577,0.16805934857186325
578,0.16805493945862784
579,0.16805054269026654
580,0.1680461584630398
581,0.16804178697153002
582,0.16803742840859684
583,0.16803308296533218
584,0.16802875083101682
585,0.16802443219307622
586,0.16802012723703968
587,0.1680158361464963
588,0.16801155910305562
589,0.16800729628630645
590,0.16800304787377718
591,0.16799881404089792
592,0.16799459496096159
593,0.16799039080508718
594,0.1679862017421833
595,0.16798202793891323
596,0.16797786955966035
597,0.16797372676649397
598,0.16796959971913733
599,0.16796548857493554
600,0.16796139348882516
601,0.16795731461330407
602,0.1679532520984026
603,0.16794920609165626
604,0.1679451767380778
605,0.16794116418013333
606,0.16793716855771504
607,0.1679331900081202
608,0.16792922866602542
609,0.16792528466346793
610,0.167921358129823
611,0.16791744919178492
612,0.167913557973349
613,0.16790968459579395
614,0.16790582917766472
615,0.16790199183475846
616,0.16789817268010954
617,0.16789437182397696
618,0.16789058937383144
619,0.16788682543434616
620,0.1678830801073846
621,0.16787935349199387
622,0.16787564568439559
623,0.1678719567779802
624,0.16786828686330033
625,0.16786463602806717
626,0.16786100435714701
627,0.16785739193255755
628,0.16785379883346843
629,0.16785022513619938
630,0.16784667091422129
631,0.16784313623815864
632,0.16783962117579068
633,0.16783612579205684
634,0.16783265014906001
635,0.16782919430607302
636,0.16782575831954485
637,0.16782234224310819
638,0.16781894612758858
639,0.16781557002101266
640,0.16781221396861945
641,0.1678088780128716
642,0.16780556219346637
643,0.16780226654734975
644,0.16779899110873017
645,0.16779573590909239
646,0.16779250097721388
647,0.16778928633918033
648,0.16778609201840286
649,0.16778291803563605
650,0.1677797644089966
651,0.16777663115398203
652,0.16777351828349102
653,0.16777042580784404
654,0.16776735373480522
655,0.16776430206960277
656,0.16776127081495376
657,0.16775825997108568
658,0.16775526953576073
659,0.1677522995043005
660,0.16774934986961126
661,0.1677464206222082
662,0.16774351175024269
663,0.1677406232395284
664,0.167737755073568
665,0.16773490723358078
666,0.16773207969853116
667,0.1677292724451557
668,0.16772648544799282
669,0.16772371867941174
670,0.16772097210964146
671,0.1677182457068011
672,0.16771553943692957
673,0.16771285326401592
674,0.16771018715003072
675,0.16770754105495603
676,0.16770491493681683
677,0.16770230875171338
678,0.16769972245385148
679,0.16769715599557478
680,0.16769460932739721
681,0.16769208239803446
682,0.16768957515443608
683,0.16768708754181944
684,0.16768461950369962
685,0.16768217098192423
686,0.16767974191670476
687,0.16767733224664993
688,0.16767494190879745
689,0.16767257083864823
690,0.16767021897019785
691,0.16766788623596962
692,0.16766557256704762
693,0.16766327789310856
694,0.16766100214245575
695,0.1676587452420499
696,0.16765650711754299
697,0.1676542876933098
698,0.16765208689248023
699,0.16764990463697219
700,0.16764774084752268
701,0.1676455954437195
702,0.1676434683440341
703,0.1676413594658519
704,0.16763926872550455
705,0.16763719603830016
706,0.1676351413185551
707,0.16763310447962393
708,0.1676310854339311
709,0.16762908409299987
710,0.16762710036748338
711,0.16762513416719385
712,0.16762318540113308
713,0.1676212539775203
714,0.16761933980382246
715,0.1676174427867824
716,0.16761556283244772
717,0.16761369984619853
718,0.16761185373277554
719,0.1676100243963079
720,0.16760821174034016
721,0.1676064156678593
722,0.1676046360813221
723,0.16760287288268003
724,0.16760112597340643
725,0.16759939525452236
726,0.16759768062662098
727,0.16759598198989353
728,0.16759429924415345
729,0.1675926322888607
730,0.16759098102314643
731,0.16758934534583575
732,0.16758772515547163
733,0.1675861203503378
734,0.1675845308284813
735,0.16758295648773425
736,0.16758139722573673
737,0.1675798529399576
738,0.16757832352771565
739,0.1675768088862005
740,0.16757530891249378
741,0.16757382350358824
742,0.16757235255640784
743,0.16757089596782745
744,0.1675694536346913
745,0.1675680254538325
746,0.16756661132209014
747,0.1675652111363286
748,0.16756382479345405
749,0.16756245219043236
750,0.16756109322430557
751,0.1675597477922093
752,0.16755841579138753
753,0.16755709711920946
754,0.1675557916731853
755,0.16755449935098002
756,0.16755322005042994
757,0.16755195366955608
758,0.167550700106578
759,0.16754945925992906
760,0.16754823102826874
761,0.16754701531049593
762,0.16754581200576185
763,0.1675446210134832
764,0.16754344223335302
765,0.16754227556535392
766,0.16754112090976883
767,0.16753997816719218
768,0.16753884723854182
769,0.1675377280250679
770,0.16753662042836534
771,0.16753552435038205
772,0.16753443969342968
773,0.16753336636019295
774,0.16753230425373816
775,0.16753125327752325
776,0.16753021333540513
777,0.1675291843316487
778,0.16752816617093563
779,0.16752715875837007
780,0.16752616199948836
781,0.16752517580026538
782,0.16752420006712085
783,0.1675232347069277
784,0.16752227962701696
785,0.1675213347351852
786,0.16752039993969997
787,0.16751947514930543
788,0.16751856027322862
789,0.167517655221184
790,0.16751675990337925
791,0.16751587423051906
792,0.16751499811381143
793,0.16751413146497035
794,0.1675132741962213
795,0.16751242622030466
796,0.16751158745047948
797,0.1675107578005278
798,0.16750993718475707
799,0.1675091255180042
800,0.16750832271563812
801,0.16750752869356267
802,0.16750674336821972
803,0.16750596665659084
804,0.16750519847620057
805,0.16750443874511792
806,0.16750368738195875
807,0.16750294430588702
808,0.16750220943661723
809,0.1675014826944154
810,0.16750076400010025
811,0.16750005327504494
812,0.1674993504411784
813,0.16749865542098455
814,0.16749796813750545
815,0.16749728851434015
816,0.1674966164756457
817,0.16749595194613837
818,0.16749529485109196
819,0.16749464511634007
820,0.16749400266827488
821,0.1674933674338472
822,0.16749273934056624
823,0.16749211831649996
824,0.16749150429027343
825,0.16749089719106894
826,0.16749029694862572
827,0.16748970349323847
828,0.16748911675575665
829,0.1674885366675836
830,0.16748796316067602
831,0.16748739616754246
832,0.1674868356212413
833,0.16748628145538036
834,0.16748573360411598
835,0.16748519200215012
836,0.16748465658473002
837,0.16748412728764597
838,0.16748360404722992
839,0.16748308680035348
840,0.1674825754844264
841,0.16748207003739424
842,0.16748157039773673
843,0.1674810765044657
844,0.16748058829712317
845,0.1674801057157788
846,0.1674796287010281
847,0.16747915719398962
848,0.16747869113630354
849,0.16747823047012858
850,0.16747777513813983
851,0.16747732508352645
852,0.16747688024998889
853,0.16747644058173689
854,0.1674760060234862
855,0.16747557652045658
856,0.16747515201836907
857,0.16747473246344252
858,0.16747431780239241
859,0.16747390798242662
