1,0.18924856518927033
2,0.16955628976029136
3,0.16828526079211914
4,0.1683926012938383
5,0.16839672434283204
6,0.16839686041105165
7,0.16839686487934957
8,0.16839686502605847
9,0.1683968650308756
10,0.16839686503103357
11,0.16839686503103873
12,0.16839686503103887
13,0.1683968650310389
14,0.1683968650310389
15,0.16839686503103893
16,0.16839686503103893
17,0.16839686503103893
18,0.16839686503103893
19,0.1683968650310389
20,0.1683968650310389
21,0.1683968650310389
22,0.16839686503103893
23,0.16839686503103893
24,0.1683968650310389
25,0.16839686503103893
26,0.1683968650310389
27,0.16839686503103893
28,0.1683968650310389
29,0.1683968650310389
30,0.1683968650310389
31,0.16839686503103893
32,0.16839686503103893
33,0.1683968650310389
34,0.16839686503103893
35,0.1683968650310389
36,0.16839686503103893
37,0.1683968650310389
38,0.1683968650310389
39,0.1683968650310389
40,0.16839686503103893
41,0.16839686503103893
42,0.1683968650310389
43,0.16839686503103893
44,0.1683968650310389
45,0.16839686503103893
46,0.1683968650310389
47,0.1683968650310389
48,0.1683968650310389
49,0.16839686503103893
50,0.16839686503103893
51,0.1683968650310389
52,0.16839686503103893
53,0.1683968650310389
54,0.16839686503103893
55,0.1683968650310389
56,0.1683968650310389
57,0.1683968650310389
58,0.16839686503103893
59,0.16839686503103893
60,0.1683968650310389
61,0.16839686503103893
62,0.1683968650310389
63,0.16839686503103893
64,0.1683968650310389
65,0.1683968650310389
66,0.1683968650310389
67,0.16839686503103893
68,0.16839686503103893
69,0.1683968650310389
70,0.16839686503103893
71,0.1683968650310389
72,0.16839686503103893
73,0.1683968650310389
74,0.1683968650310389
75,0.1683968650310389
76,0.16839686503103893
77,0.16839686503103893
78,0.1683968650310389
79,0.16839686503103893
80,0.1683968650310389
81,0.16839686503103893
82,0.1683968650310389
83,0.1683968650310389
84,0.1683968650310389
85,0.16839686503103893
86,0.16839686503103893
87,0.1683968650310389
88,0.16839686503103893
89,0.1683968650310389
90,0.16839686503103893
91,0.1683968650310389
92,0.1683968650310389
93,0.1683968650310389
94,0.16839686503103893
95,0.16839686503103893
96,0.1683968650310389
97,0.16839686503103893
98,0.1683968650310389
99,0.16839686503103893
100,0.1683968650310389
101,0.1683968650310389
102,0.1683968650310389
103,0.16839686503103893
104,0.16839686503103893
105,0.1683968650310389
106,0.16839686503103893
107,0.1683968650310389
108,0.16839686503103893
109,0.1683968650310389
110,0.1683968650310389
111,0.1683968650310389
112,0.16839686503103893
113,0.16839686503103893
114,0.1683968650310389
115,0.16839686503103893
116,0.1683968650310389
117,0.16839686503103893
118,0.1683968650310389
119,0.1683968650310389
120,0.1683968650310389
121,0.16839686503103893
122,0.16839686503103893
123,0.1683968650310389
124,0.16839686503103893
125,0.1683968650310389
126,0.16839686503103893
127,0.1683968650310389
128,0.1683968650310389
129,0.1683968650310389
130,0.16839686503103893
131,0.16839686503103893
132,0.1683968650310389
133,0.16839686503103893
134,0.1683968650310389
135,0.16839686503103893
136,0.1683968650310389
137,0.1683968650310389
138,0.1683968650310389
139,0.16839686503103893
140,0.16839686503103893
141,0.1683968650310389
142,0.16839686503103893
143,0.1683968650310389
144,0.16839686503103893
145,0.1683968650310389
146,0.1683968650310389
147,0.1683968650310389
148,0.16839686503103893
149,0.16839686503103893
150,0.1683968650310389
151,0.16839686503103893
152,0.1683968650310389
153,0.16839686503103893
154,0.1683968650310389
155,0.1683968650310389
156,0.1683968650310389
157,0.16839686503103893
158,0.16839686503103893
159,0.1683968650310389
160,0.16839686503103893
161,0.1683968650310389
162,0.16839686503103893
163,0.1683968650310389
164,0.1683968650310389
165,0.1683968650310389
166,0.16839686503103893
167,0.16839686503103893
168,0.1683968650310389
169,0.16839686503103893
170,0.1683968650310389
171,0.16839686503103893
172,0.1683968650310389
173,0.1683968650310389
174,0.1683968650310389
175,0.16839686503103893
176,0.16839686503103893
177,0.1683968650310389
178,0.16839686503103893
179,0.1683968650310389
180,0.16839686503103893
181,0.1683968650310389
182,0.1683968650310389
183,0.1683968650310389
184,0.16839686503103893
185,0.16839686503103893
186,0.1683968650310389
187,0.16839686503103893
188,0.1683968650310389
189,0.16839686503103893
190,0.1683968650310389
191,0.1683968650310389
192,0.1683968650310389
193,0.16839686503103893
194,0.16839686503103893
195,0.1683968650310389
196,0.16839686503103893
197,0.1683968650310389
198,0.16839686503103893
199,0.1683968650310389
200,0.1683968650310389
201,0.1683968650310389
202,0.16839686503103893
203,0.16839686503103893
204,0.1683968650310389
205,0.16839686503103893
206,0.1683968650310389
207,0.16839686503103893
208,0.1683968650310389
209,0.1683968650310389
210,0.1683968650310389
211,0.16839686503103893
212,0.16839686503103893
213,0.1683968650310389
214,0.16839686503103893
215,0.1683968650310389
216,0.16839686503103893
217,0.1683968650310389
218,0.1683968650310389
219,0.1683968650310389
220,0.16839686503103893
221,0.16839686503103893
222,0.1683968650310389
223,0.16839686503103893
224,0.1683968650310389
225,0.16839686503103893
226,0.1683968650310389
227,0.1683968650310389
228,0.1683968650310389
229,0.16839686503103893
230,0.16839686503103893
231,0.1683968650310389
232,0.16839686503103893
233,0.1683968650310389
234,0.16839686503103893
235,0.1683968650310389
236,0.1683968650310389
237,0.1683968650310389
238,0.16839686503103893
239,0.16839686503103893
240,0.1683968650310389
241,0.16839686503103893
242,0.1683968650310389
243,0.16839686503103893
244,0.1683968650310389
245,0.1683968650310389
246,0.1683968650310389
247,0.16839686503103893
248,0.16839686503103893
249,0.1683968650310389
250,0.16839686503103893
251,0.1683968650310389
252,0.16839686503103893
253,0.1683968650310389
254,0.1683968650310389
255,0.1683968650310389
256,0.16839686503103893
257,0.16839686503103893
258,0.1683968650310389
259,0.16839686503103893
260,0.1683968650310389
261,0.16839686503103893
262,0.1683968650310389
263,0.1683968650310389
264,0.1683968650310389
265,0.16839686503103893
266,0.16839686503103893
267,0.1683968650310389
268,0.16839686503103893
269,0.1683968650310389
270,0.16839686503103893
271,0.1683968650310389
272,0.1683968650310389
273,0.1683968650310389
274,0.16839686503103893
275,0.16839686503103893
276,0.1683968650310389
277,0.16839686503103893
278,0.1683968650310389
279,0.16839686503103893
280,0.1683968650310389
281,0.1683968650310389
282,0.1683968650310389
283,0.16839686503103893
284,0.16839686503103893
285,0.1683968650310389
286,0.16839686503103893
287,0.1683968650310389
288,0.16839686503103893
289,0.1683968650310389
290,0.1683968650310389
291,0.1683968650310389
292,0.16839686503103893
293,0.16839686503103893
294,0.1683968650310389
295,0.16839686503103893
296,0.1683968650310389
297,0.16839686503103893
298,0.1683968650310389
299,0.1683968650310389
300,0.1683968650310389
301,0.16839686503103893
302,0.16839686503103893
303,0.1683968650310389
304,0.16839686503103893
305,0.1683968650310389
306,0.16839686503103893
307,0.1683968650310389
308,0.1683968650310389
309,0.1683968650310389
310,0.16839686503103893
311,0.16839686503103893
312,0.1683968650310389
313,0.16839686503103893
314,0.1683968650310389
315,0.16839686503103893
316,0.1683968650310389
317,0.1683968650310389
318,0.1683968650310389
319,0.16839686503103893
320,0.16839686503103893
321,0.1683968650310389
322,0.16839686503103893
323,0.1683968650310389
324,0.16839686503103893
325,0.1683968650310389
326,0.1683968650310389
327,0.1683968650310389
328,0.16839686503103893
329,0.16839686503103893
330,0.1683968650310389
331,0.16839686503103893
332,0.1683968650310389
333,0.16839686503103893
334,0.1683968650310389
335,0.1683968650310389
336,0.1683968650310389
337,0.16839686503103893
338,0.16839686503103893
339,0.1683968650310389
340,0.16839686503103893
341,0.1683968650310389
342,0.16839686503103893
343,0.1683968650310389
344,0.1683968650310389
345,0.1683968650310389
346,0.16839686503103893
347,0.16839686503103893
348,0.1683968650310389
349,0.16839686503103893
350,0.1683968650310389
351,0.16839686503103893
352,0.1683968650310389
353,0.1683968650310389
354,0.1683968650310389
355,0.16839686503103893
356,0.16839686503103893
357,0.1683968650310389
358,0.16839686503103893
359,0.1683968650310389
360,0.16839686503103893
361,0.1683968650310389
362,0.1683968650310389
363,0.1683968650310389
364,0.16839686503103893
365,0.16839686503103893
366,0.1683968650310389
367,0.16839686503103893
368,0.1683968650310389
369,0.16839686503103893
370,0.1683968650310389
371,0.1683968650310389
372,0.1683968650310389
373,0.16839686503103893
374,0.16839686503103893
375,0.1683968650310389
376,0.16839686503103893
377,0.1683968650310389
378,0.16839686503103893
379,0.1683968650310389
380,0.1683968650310389
381,0.1683968650310389
382,0.16839686503103893
383,0.16839686503103893
384,0.1683968650310389
385,0.16839686503103893
386,0.1683968650310389
387,0.16839686503103893
388,0.1683968650310389
389,0.1683968650310389
390,0.1683968650310389
391,0.16839686503103893
392,0.16839686503103893
393,0.1683968650310389
394,0.16839686503103893
395,0.1683968650310389
396,0.16839686503103893
397,0.1683968650310389
398,0.1683968650310389
399,0.1683968650310389
400,0.16839686503103893
401,0.16839686503103893
402,0.1683968650310389
403,0.16839686503103893
404,0.1683968650310389
405,0.16839686503103893
406,0.1683968650310389
407,0.1683968650310389
408,0.1683968650310389
409,0.16839686503103893
410,0.16839686503103893
411,0.1683968650310389
412,0.16839686503103893
413,0.1683968650310389
414,0.16839686503103893
415,0.1683968650310389
416,0.1683968650310389
417,0.1683968650310389
418,0.16839686503103893
419,0.16839686503103893
420,0.1683968650310389
421,0.16839686503103893
422,0.1683968650310389
423,0.16839686503103893
424,0.1683968650310389
425,0.1683968650310389
426,0.1683968650310389
427,0.16839686503103893
428,0.16839686503103893
429,0.1683968650310389
430,0.16839686503103893
431,0.1683968650310389
432,0.16839686503103893
433,0.1683968650310389
434,0.1683968650310389
435,0.1683968650310389
436,0.16839686503103893
437,0.16839686503103893
438,0.1683968650310389
439,0.16839686503103893
440,0.1683968650310389
441,0.16839686503103893
442,0.1683968650310389
443,0.1683968650310389
444,0.1683968650310389
445,0.16839686503103893
446,0.16839686503103893
447,0.1683968650310389
448,0.16839686503103893
449,0.1683968650310389
450,0.16839686503103893
451,0.1683968650310389
452,0.1683968650310389
453,0.1683968650310389
454,0.16839686503103893
455,0.16839686503103893
456,0.1683968650310389
457,0.16839686503103893
458,0.1683968650310389
459,0.16839686503103893
460,0.1683968650310389
461,0.1683968650310389
462,0.1683968650310389
463,0.16839686503103893
464,0.16839686503103893
465,0.1683968650310389
466,0.16839686503103893
467,0.1683968650310389
468,0.16839686503103893
469,0.1683968650310389
470,0.1683968650310389
471,0.1683968650310389
472,0.16839686503103893
473,0.16839686503103893
474,0.1683968650310389
475,0.16839686503103893
476,0.1683968650310389
477,0.16839686503103893
478,0.1683968650310389
479,0.1683968650310389
480,0.1683968650310389
481,0.16839686503103893
482,0.16839686503103893
483,0.1683968650310389
484,0.16839686503103893
485,0.1683968650310389
486,0.16839686503103893
487,0.1683968650310389
488,0.1683968650310389
489,0.1683968650310389
490,0.16839686503103893
491,0.16839686503103893
492,0.1683968650310389
493,0.16839686503103893
494,0.1683968650310389
495,0.16839686503103893
496,0.1683968650310389
497,0.1683968650310389
498,0.1683968650310389
499,0.16839686503103893
500,0.16839686503103893
501,0.1683968650310389
502,0.16839686503103893
503,0.1683968650310389
504,0.16839686503103893
505,0.1683968650310389
506,0.1683968650310389
507,0.1683968650310389
508,0.16839686503103893
509,0.16839686503103893
510,0.1683968650310389
511,0.16839686503103893
512,0.1683968650310389
513,0.16839686503103893
514,0.1683968650310389
515,0.1683968650310389
516,0.1683968650310389
517,0.16839686503103893
518,0.16839686503103893
519,0.1683968650310389
