1,0.19160999334581436
2,0.16561633484061514
3,0.1656426848404321
4,0.1655939328137937
5,0.165516678245105
6,0.16543192095415235
7,0.16534560283882904
8,0.16525927734855145
9,0.16517336162846324
10,0.1650879863654698
11,0.16500320994122983
12,0.16491907180777285
13,0.1648356057044021
14,0.1647528428935987
15,0.16467081292694466
16,0.16458954380517318
17,0.16450906199385276
18,0.16442939240852275
19,0.16435055839686252
20,0.1642725817234466
21,0.1641954825545054
22,0.164119279425539
23,0.16404398908586168
24,0.1639696249562896
25,0.1638960623859995
26,0.16207664887896853
27,0.16429692502853574
28,0.16378162080999298
29,0.16382470787408276
30,0.16379176024377878
31,0.16373315176008077
32,0.16366875490872201
33,0.1636037185728268
34,0.16353927351747993
35,0.16347570844398285
36,0.16341309041284668
37,0.16335143413889283
38,0.16329074145461758
39,0.16323101050159242
40,0.1631722378941123
41,0.16311441925604644
42,0.16305754938188885
43,0.16300162231090035
44,0.16294663138077767
45,0.16289256927600299
46,0.16283942807423615
47,0.16278719929142202
48,0.1627358739256826
49,0.16268544249993797
50,0.16263589510318374
51,0.16258722143035675
52,0.16253941082073764
53,0.16249245229484774
54,0.16244633458980842
55,0.162401046193147
56,0.16235657537503556
57,0.16231291021896707
58,0.16227003865086984
59,0.1622279484666811
60,0.16218662735839803
61,0.16214606293863026
62,0.16210624276369143
63,0.16206715435525884
64,0.16202878522064426
65,0.16199112287171694
66,0.1619541548425233
67,0.1619178687056483
68,0.16188225208736734
69,0.1618472926816378
70,0.16181297826297714
71,0.16177929669827879
72,0.1617462359576161
73,0.16171378412407844
74,0.1616819294026957
75,0.16165066012849139
76,0.16161996477371593
77,0.16158983195430404
78,0.16156025043560054
79,0.16153120913739905
80,0.16150269713833376
81,0.16147470367966582
82,0.1614472181685038
83,0.16142023018049292
84,0.16139372946201241
85,0.16136770593191227
86,0.16134214968282456
87,0.16131705098207852
88,0.1612924002722497
89,0.16126818817137317
90,0.1612444054728434
91,0.16122104314503058
92,0.1611980923306343
93,0.16117554434579928
94,0.16115339067901094
95,0.16113162298979533
96,0.16111023310723946
97,0.16108921302834875
98,0.16106855491626182
99,0.16104825109833323
100,0.16102829406410293
101,0.16100867646316364
102,0.16098939110293856
103,0.16097043094638172
104,0.1609517891096131
105,0.16093345885949364
106,0.16091543361115854
107,0.16089770692550562
108,0.16088027250665812
109,0.16086312419940046
110,0.16084625598660027
111,0.16082966198661713
112,0.16081333645070847
113,0.16079727376043554
114,0.16078146842507338
115,0.16076591507903062
116,0.1607506084792844
117,0.1607355435028284
118,0.1607207151441445
119,0.1607061185126956
120,0.1606917488304432
121,0.16067760142939458
122,0.16066367174917842
123,0.16064995533465168
124,0.16063644783354117
125,0.16062314499411762
126,0.1606100426629074
127,0.16059713678243867
128,0.16058442338902706
129,0.16057189861059828
130,0.16055955866455002
131,0.16054739985565186
132,0.16053541857398668
133,0.16052361129293
134,0.16051197456716934
135,0.1605005050307638
136,0.16048919939524325
137,0.1604780544477472
138,0.16046706704920255
139,0.1604562341325404
140,0.16044555270095323
141,0.16043501982618824
142,0.1604246326468811
143,0.1604143883669244
144,0.1604042842538775
145,0.1603943176374085
146,0.1603844859077754
147,0.16037478651434198
148,0.160365216964129
149,0.1603557748203988
150,0.160346457701275
151,0.16033726327839565
152,0.16032818927559753
153,0.16031923346763446
154,0.16031039367892472
155,0.1603016677823327
156,0.1602930536979763
157,0.16028454939206827
158,0.1602761528757831
159,0.1602678622041545
160,0.16025967547499928
161,0.16025159082786866
162,0.16024360644302665
163,0.16023572054045315
164,0.16022793137887345
165,0.16022023725481163
166,0.16021263650166814
167,0.16020512748882224
168,0.16019770862075483
169,0.16019037833619618
170,0.1601831351072944
171,0.16017597743880485
172,0.16016890386730126
173,0.16016191296040663
174,0.16015500331604435
175,0.16014817356170746
176,0.16014142235374848
177,0.16013474837668545
178,0.16012815034252814
179,0.16012162699011934
180,0.1601151770844948
181,0.1601087994162589
182,0.16010249280097638
183,0.16009625607858
184,0.16009008811279357
185,0.16008398779056857
186,0.1600779540215378
187,0.16007198573748022
188,0.16006608189180102
189,0.16006024145902503
190,0.16005446343430296
191,0.16004874683293036
192,0.1600430906898777
193,0.16003749405933473
194,0.16003195601426465
195,0.16002647564596992
196,0.1600210520636701
197,0.1600156843940891
198,0.1600103717810539
199,0.16000511338510287
200,0.15999990838310482
201,0.15999475596788584
202,0.1599896553478686
203,0.15998460574671705
204,0.1599796064029933
205,0.1599746565698216
206,0.15996975551456033
207,0.1599649025184837
208,0.15996009687646923
209,0.1599553378966961
210,0.15995062490034798
211,0.1599459572213246
212,0.1599413342059608
213,0.15993675521275197
214,0.15993221961208656
215,0.15992772678598502
216,0.15992327612784477
217,0.15991886704219285
218,0.15991449894444304
219,0.15991017126065946
220,0.1599058834273264
221,0.15990163489112344
222,0.15989742510870594
223,0.15989325354649084
224,0.15988911968044806
225,0.15988502299589588
226,0.1598809629873034
227,0.15987693915809476
228,0.15987295102046115
229,0.15986899809517477
230,0.1598650799114089
231,0.15986119600656115
232,0.1598573459260828
233,0.15985352922330867
234,0.15984974545929492
235,0.15984599420265863
236,0.1598422750294212
237,0.15983858752285557
238,0.15983493127333773
239,0.15983130587820077
240,0.1598277109415928
241,0.15982414607433845
242,0.15982061089380253
243,0.15981710502375826
244,0.1598136280942577
245,0.15981017974150513
246,0.15980675960773372
247,0.159803367341085
248,0.15980000259549026
249,0.15979666503055667
250,0.15979335431145328
251,0.15979007010880192
252,0.1597868120985694
253,0.15978357996196246
254,0.15978037338532508
255,0.15977719206003757
256,0.1597740356824196
257,0.1597709039536329
258,0.1597677965795886
259,0.15976471327085465
260,0.15976165374256673
261,0.1597586177143402
262,0.15975560491018467
263,0.15975261505841995
264,0.1597496478915939
265,0.15974670314640285
266,0.15974378056361227
267,0.15974087988798066
268,0.15973800086818432
269,0.1597351432567438
270,0.1597323068099524
271,0.15972949128780561
272,0.15972669645393198
273,0.15972392207552674
274,0.15972116792328545
275,0.15971843377133887
276,0.1597157193971912
277,0.159713024581658
278,0.15971034910880486
279,0.15970769276588892
280,0.1597050553433014
281,0.15970243663451045
282,0.15969983643600577
283,0.1596972545472439
284,0.15969469077059567
285,0.1596921449112942
286,0.1596896167773832
287,0.15968710617966742
288,0.15968461293166417
289,0.15968213684955437
290,0.15967967775213726
291,0.15967723546078247
292,0.15967480979938686
293,0.1596724005943296
294,0.15967000767442843
295,0.15966763087089844
296,0.1596652700173102
297,0.15966292494954906
298,0.15966059550577497
299,0.15965828152638437
300,0.15965598285397145
301,0.15965369933329068
302,0.15965143081121988
303,0.15964917713672547
304,0.1596469381608254
305,0.1596447137365558
306,0.15964250371893685
307,0.1596403079649397
308,0.15963812633345303
309,0.1596359586852529
310,0.15963380488296935
311,0.15963166479105748
312,0.15962953827576606
313,0.15962742520510886
314,0.15962532544883562
315,0.15962323887840277
316,0.159621165366947
317,0.15961910478925703
318,0.15961705702174672
319,0.15961502194242963
320,0.15961299943089244
321,0.15961098936827017
322,0.15960899163722087
323,0.15960700612190168
324,0.1596050327079451
325,0.15960307128243506
326,0.1596011217338844
327,0.15959918395221184
328,0.15959725782872047
329,0.15959534325607533
330,0.15959344012828244
331,0.15959154834066813
332,0.15958966778985778
333,0.15958779837375622
334,0.15958593999152806
335,0.15958409254357742
336,0.15958225593152975
337,0.15958043005821282
338,0.15957861482763833
339,0.15957681014498307
340,0.15957501591657278
341,0.15957323204986332
342,0.15957145845342408
343,0.15956969503692148
344,0.15956794171110195
345,0.15956619838777597
346,0.15956446497980226
347,0.15956274140107182
348,0.1595610275664932
349,0.15955932339197665
350,0.15955762879441948
351,0.15955594369169232
352,0.15955426800262368
353,0.15955260164698642
354,0.15955094454548382
355,0.15954929661973674
356,0.15954765779226882
357,0.1595460279864949
358,0.15954440712670673
359,0.15954279513806174
360,0.15954119194656916
361,0.15953959747907953
362,0.15953801166327058
363,0.15953643442763757
364,0.15953486570147932
365,0.15953330541488953
366,0.1595317534987432
367,0.1595302098846869
368,0.15952867450512734
369,0.15952714729322107
370,0.15952562818286375
371,0.15952411710867997
372,0.15952261400601317
373,0.15952111881091535
374,0.15951963146013737
375,0.15951815189112012
376,0.15951668004198347
377,0.15951521585151815
378,0.1595137592591762
379,0.15951231020506215
380,0.1595108686299237
381,0.1595094344751433
382,0.1595080076827294
383,0.15950658819530847
384,0.15950517595611569
385,0.1595037709089881
386,0.15950237299835524
387,0.15950098216923198
388,0.1594995983672109
389,0.1594982215384537
390,0.1594968516296845
391,0.1594954885881823
392,0.15949413236177348
393,0.15949278289882407
394,0.15949144014823408
395,0.159490104059429
396,0.15948877458235436
397,0.15948745166746708
398,0.15948613526573113
399,0.15948482532860916
400,0.1594835218080569
401,0.15948222465651654
402,0.1594809338269107
403,0.15947964927263625
404,0.1594783709475579
405,0.15947709880600278
406,0.15947583280275396
407,0.15947457289304523
408,0.15947331903255538
409,0.1594720711774018
410,0.15947082928413603
411,0.15946959330973753
412,0.1594683632116091
413,0.1594671389475706
414,0.1594659204758545
415,0.1594647077551008
416,0.15946350074435103
417,0.15946229940304493
418,0.15946110369101377
419,0.15945991356847705
420,0.1594587289960367
421,0.15945754993467262
422,0.15945637634573873
423,0.15945520819095738
424,0.15945404543241587
425,0.15945288803256139
426,0.15945173595419704
427,0.15945058916047686
428,0.1594494476149027
429,0.15944831128131934
430,0.1594471801239104
431,0.1594460541071943
432,0.15944493319602104
433,0.15944381735556695
434,0.15944270655133194
435,0.15944160074913513
436,0.15944049991511106
437,0.15943940401570664
438,0.15943831301767644
439,0.15943722688808012
440,0.15943614559427813
441,0.15943506910392863
442,0.15943399738498382
443,0.1594329304056866
444,0.15943186813456736
445,0.15943081054044062
446,0.15942975759240144
447,0.15942870925982255
448,0.15942766551235124
449,0.1594266263199058
450,0.15942559165267317
451,0.15942456148110462
452,0.15942353577591475
453,0.15942251450807618
454,0.15942149764881838
455,0.15942048516962443
456,0.1594194770422272
457,0.15941847323860814
458,0.15941747373099308
459,0.15941647849185028
460,0.15941548749388773
461,0.15941450071005023
462,0.1594135181135167
463,0.15941253967769814
464,0.15941156537623422
465,0.1594105951829913
466,0.15940962907206066
467,0.15940866701775463
468,0.15940770899460457
469,0.15940675497735932
470,0.1594058049409822
471,0.1594048588606486
472,0.15940391671174395
473,0.15940297846986126
474,0.15940204411079897
475,0.1594011136105591
476,0.1594001869453445
477,0.1593992640915568
478,0.15939834502579478
479,0.1593974297248518
480,0.15939651816571368
481,0.15939561032555702
482,0.1593947061817474
483,0.15939380571183648
484,0.15939290889356086
485,0.1593920157048394
486,0.15939112612377296
487,0.15939024012864003
488,0.15938935769789683
489,0.15938847881017468
490,0.1593876034442784
491,0.15938673157918434
492,0.1593858631940389
493,0.15938499826815614
494,0.15938413678101707
495,0.15938327871226707
496,0.15938242404171446
497,0.15938157274932904
498,0.1593807248152403
499,0.15937988021973595
500,0.1593790389432596
501,0.1593782009664104
502,0.1593773662699405
503,0.15937653483475395
504,0.1593757066419049
505,0.15937488167259656
506,0.15937405990817904
507,0.1593732413301484
508,0.1593724259201452
509,0.15937161365995275
510,0.159370804531496
511,0.1593699985168395
512,0.15936919559818732
513,0.1593683957578802
514,0.15936759897839545
515,0.15936680524234442
516,0.15936601453247232
517,0.15936522683165605
518,0.1593644421229036
519,0.15936366038935243
520,0.1593628816142678
521,0.15936210578104226
522,0.15936133287319443
523,0.159360562874367
524,0.15935979576832612
525,0.1593590315389603
526,0.15935827017027884
527,0.15935751164641102
528,0.15935675595160498
529,0.15935600307022604
530,0.1593552529867562
531,0.159354505685793
532,0.1593537611520477
533,0.15935301937034538
534,0.15935228032562282
535,0.1593515440029279
536,0.15935081038741877
537,0.15935007946436253
538,0.15934935121913382
539,0.15934862563721455
540,0.15934790270419305
541,0.15934718240576193
542,0.159346464727718
543,0.15934574965596146
544,0.15934503717649418
545,0.15934432727541956
546,0.1593436199389409
547,0.1593429151533612
548,0.1593422129050814
549,0.15934151318060036
550,0.15934081596651337
551,0.1593401212495114
552,0.1593394290163805
553,0.15933873925400058
554,0.15933805194934478
555,0.15933736708947838
556,0.1593366846615585
557,0.15933600465283249
558,0.15933532705063796
559,0.1593346518424013
560,0.1593339790156373
561,0.15933330855794822
562,0.15933264045702278
563,0.1593319747006358
564,0.1593313112766474
565,0.15933065017300208
566,0.15932999137772738
567,0.1593293348789348
568,0.15932868066481717
569,0.15932802872364907
570,0.15932737904378586
571,0.1593267316136632
572,0.1593260864217957
573,0.15932544345677668
574,0.1593248027072776
575,0.15932416416204734
576,0.15932352780991102
577,0.1593228936397701
578,0.159322261640601
579,0.1593216318014552
580,0.15932100411145783
581,0.1593203785598075
582,0.15931975513577581
583,0.15931913382870652
584,0.1593185146280143
585,0.1593178975231854
586,0.159317282503776
587,0.1593166695594124
588,0.15931605867978954
589,0.159315449854671
590,0.1593148430738887
591,0.15931423832734165
592,0.15931363560499537
593,0.15931303489688226
594,0.15931243619310037
595,0.15931183948381217
596,0.15931124475924566
597,0.1593106520096922
598,0.1593100612255074
599,0.15930947239710924
600,0.15930888551497832
601,0.15930830056965772
602,0.15930771755175116
603,0.15930713645192418
604,0.15930655726090218
605,0.15930597996947077
606,0.15930540456847495
607,0.1593048310488186
608,0.1593042594014645
609,0.159303689617433
610,0.15930312168780228
611,0.1593025556037076
612,0.1593019913563406
613,0.15930142893694937
614,0.15930086833683765
615,0.1593003095473642
616,0.15929975255994294
617,0.1592991973660421
618,0.1592986439571838
619,0.15929809232494344
620,0.15929754246094993
621,0.1592969943568846
622,0.15929644800448095
623,0.15929590339552455
624,0.1592953605218522
625,0.15929481937535164
626,0.15929427994796175
627,0.1592937422316709
628,0.15929320621851756
629,0.15929267190058946
630,0.1592921392700239
631,0.1592916083190063
632,0.15929107903977063
633,0.15929055142459833
634,0.1592900254658189
635,0.15928950115580884
636,0.15928897848699114
637,0.1592884574518354
638,0.15928793804285726
639,0.15928742025261827
640,0.15928690407372492
641,0.15928638949882903
642,0.15928587652062703
643,0.15928536513185934
644,0.15928485532531092
645,0.15928434709380987
646,0.1592838404302279
647,0.1592833353274791
648,0.15928283177852126
649,0.15928232977635348
650,0.15928182931401755
651,0.15928133038459666
652,0.15928083298121493
653,0.15928033709703843
654,0.15927984272527332
655,0.15927934985916645
656,0.15927885849200468
657,0.15927836861711486
658,0.15927788022786324
659,0.1592773933176551
660,0.1592769078799353
661,0.1592764239081868
662,0.15927594139593085
663,0.1592754603367272
664,0.1592749807241734
665,0.159274502551904
666,0.1592740258135915
667,0.15927355050294467
668,0.1592730766137095
669,0.15927260413966807
670,0.15927213307463878
671,0.159271663412476
672,0.15927119514706947
673,0.1592707282723446
674,0.15927026278226156
675,0.1592697986708159
676,0.15926933593203707
677,0.15926887455998956
678,0.1592684145487716
679,0.1592679558925152
680,0.15926749858538608
681,0.1592670426215835
682,0.15926658799533958
683,0.15926613470091958
684,0.15926568273262104
685,0.15926523208477444
686,0.159264782751742
687,0.15926433472791787
688,0.15926388800772856
689,0.15926344258563127
690,0.15926299845611513
691,0.15926255561369976
692,0.15926211405293594
693,0.15926167376840494
694,0.15926123475471887
695,0.1592607970065192
696,0.15926036051847817
697,0.15925992528529728
698,0.15925949130170763
699,0.1592590585624701
700,0.15925862706237387
701,0.1592581967962381
702,0.15925776775890998
703,0.1592573399452651
704,0.15925691335020808
705,0.15925648796867115
706,0.1592560637956145
707,0.15925564082602617
708,0.15925521905492188
709,0.1592547984773446
710,0.15925437908836426
711,0.15925396088307825
712,0.15925354385661034
713,0.1592531280041111
714,0.15925271332075755
715,0.15925229980175282
716,0.15925188744232624
717,0.15925147623773325
718,0.15925106618325438
719,0.1592506572741962
720,0.15925024950589067
721,0.15924984287369484
722,0.15924943737299083
723,0.1592490329991852
724,0.15924862974770962
725,0.15924822761402077
726,0.15924782659359846
727,0.15924742668194766
728,0.15924702787459716
729,0.15924663016709956
730,0.15924623355503076
731,0.15924583803399092
732,0.15924544359960327
733,0.15924505024751406
734,0.15924465797339313
735,0.15924426677293285
736,0.15924387664184825
737,0.15924348757587745
738,0.15924309957078078
739,0.15924271262234083
740,0.15924232672636252
741,0.1592419418786726
742,0.15924155807512008
743,0.15924117531157528
744,0.15924079358393037
745,0.15924041288809895
746,0.1592400332200159
747,0.15923965457563727
748,0.15923927695093998
749,0.15923890034192248
750,0.15923852474460312
751,0.15923815015502166
752,0.15923777656923765
753,0.1592374039833315
754,0.1592370323934038
755,0.1592366617955751
756,0.15923629218598578
757,0.1592359235607966
758,0.15923555591618743
759,0.15923518924835797
760,0.1592348235535275
761,0.1592344588279345
762,0.15923409506783662
763,0.15923373226951065
764,0.15923337042925265
765,0.15923300954337688
766,0.15923264960821681
767,0.1592322906201246
768,0.1592319325754703
769,0.15923157547064293
770,0.15923121930204967
771,0.1592308640661156
772,0.15923050975928393
773,0.1592301563780158
774,0.15922980391879057
775,0.15922945237810404
776,0.15922910175247096
777,0.15922875203842268
778,0.1592284032325087
779,0.15922805533129483
780,0.15922770833136457
781,0.15922736222931855
782,0.1592270170217741
783,0.1592266727053651
784,0.15922632927674238
785,0.1592259867325739
786,0.15922564506954354
787,0.15922530428435142
788,0.15922496437371436
789,0.1592246253343652
790,0.15922428716305326
791,0.15922394985654323
792,0.15922361341161625
793,0.1592232778250691
794,0.15922294309371376
795,0.15922260921437872
796,0.15922227618390747
797,0.1592219439991589
798,0.15922161265700727
799,0.15922128215434236
800,0.15922095248806847
801,0.15922062365510573
802,0.1592202956523888
803,0.159219968476867
804,0.1592196421255047
805,0.1592193165952813
806,0.15921899188319
807,0.15921866798623927
808,0.15921834490145148
809,0.15921802262586326
810,0.1592177011565262
811,0.15921738049050552
812,0.1592170606248805
813,0.15921674155674465
814,0.15921642328320498
815,0.15921610580138293
816,0.15921578910841325
817,0.1592154732014444
818,0.15921515807763878
819,0.15921484373417136
820,0.1592145301682318
821,0.15921421737702218
822,0.15921390535775828
823,0.15921359410766875
824,0.15921328362399567
825,0.15921297390399386
826,0.15921266494493133
827,0.1592123567440888
828,0.1592120492987597
829,0.1592117426062506
830,0.15921143666388016
831,0.15921113146898008
832,0.15921082701889436
833,0.15921052331097948
834,0.15921022034260396
835,0.15920991811114957
836,0.15920961661400887
837,0.15920931584858752
838,0.15920901581230315
839,0.15920871650258528
840,0.15920841791687526
841,0.15920812005262625
842,0.15920782290730354
843,0.15920752647838404
844,0.159207230763356
845,0.15920693575971942
846,0.15920664146498614
847,0.15920634787667917
848,0.1592060549923328
849,0.15920576280949272
850,0.1592054713257161
851,0.1592051805385711
852,0.15920489044563718
853,0.15920460104450454
854,0.1592043123327747
855,0.15920402430806016
856,0.15920373696798398
857,0.15920345031018024
858,0.15920316433229365
859,0.1592028790319801
860,0.15920259440690526
861,0.15920231045474623
862,0.15920202717318996
863,0.15920174455993433
864,0.1592014626126875
865,0.15920118132916763
