1,0.22754510375401676
2,0.22711651903460803
3,0.2265075332872763
4,0.22557747360546096
5,0.22399654514489203
6,0.22079912705498747
7,0.2121585156042993
8,0.1905356667498958
9,0.1811667051516256
10,0.18086972613467625
11,0.1808538009402339
12,0.18084311885891935
13,0.18083269315017292
14,0.18082242558411904
15,0.18081231215196025
16,0.18080235066358105
17,0.1807925389670682
18,0.18078287491620365
19,0.18077335637153769
20,0.18076398120200277
21,0.18075474728643606
22,0.18074565251500313
23,0.1807366947905239
24,0.18072787202970778
25,0.18071918216429758
26,0.18071062314212916
27,0.18070219292810932
28,0.18069388950511484
29,0.1806857108748172
30,0.18067765505843295
31,0.18066972009741186
32,0.18066190405405289
33,0.18065420501206314
34,0.18064662107705737
35,0.1806391503769995
36,0.18063179106259467
37,0.18062454130762826
38,0.18061739930925916
39,0.1806103632882687
40,0.18060343148926616
41,0.1805966021808561
42,0.1805898736557667
43,0.18058324423094502
44,0.18057671224761765
45,0.1805702760713216
46,0.18056393409190608
47,0.18055768472350642
48,0.18055152640449554
49,0.1805454575974089
50,0.18053947678884952
51,0.18053358248937262
52,0.18052777323335212
53,0.18052204757882825
54,0.18051640410734104
55,0.1805108414237488
56,0.18050535815603302
57,0.18049995295509097
58,0.1804946244945176
59,0.18048937147037702
60,0.18048419260096485
61,0.18047908662656365
62,0.18047405230918873
63,0.18046908843232973
64,0.1804641938006846
65,0.1804593672398904
66,0.18045460759624868
67,0.18044991373644714
68,0.18044528454727857
69,0.1804407189353572
70,0.18043621582683309
71,0.18043177416710549
72,0.18042739292053353
73,0.18042307107014838
74,0.18041880761736337
75,0.18041460158168593
76,0.18041045200042835
77,0.18040635792842055
78,0.18040231843772317
79,0.18039833261734284
80,0.18039439957294742
81,0.180390518426586
82,0.18038668831640697
83,0.1803829083963821
84,0.18037917783603066
85,0.1803754958201465
86,0.1803718615485285
87,0.1803682742357139
88,0.18036473311071288
89,0.18036123741674867
90,0.18035778641099867
91,0.18035437936434
92,0.1803510155610983
93,0.1803476942987988
94,0.18034441488792205
95,0.18034117665166297
96,0.1803379789256922
97,0.18033482105792248
98,0.18033170240827703
99,0.18032862234846314
100,0.18032558026174839
101,0.1803225755427395
102,0.1803196075971674
103,0.18031667584167285
104,0.18031377970359777
105,0.18031091862077891
106,0.18030809204134546
107,0.1803052994235208
108,0.1803025402354265
109,0.18029981395489003
110,0.18029712006925677
111,0.1802944580752056
112,0.1802918274785655
113,0.18028922779413814
114,0.18028665854552298
115,0.18028411926494448
116,0.18028160949308414
117,0.1802791287789151
118,0.18027667667953923
119,0.18027425276002818
120,0.18027185659326758
121,0.1802694877598035
122,0.18026714584769168
123,0.18026483045235145
124,0.1802625411764205
125,0.18026027762961375
126,0.18025803942858404
127,0.18025582619678673
128,0.18025363756434615
129,0.18025147316792456
130,0.1802493326505946
131,0.18024721566171348
132,0.1802451218568001
133,0.18024305089741474
134,0.18024100245104088
135,0.18023897619096887
136,0.18023697179618361
137,0.18023498895125348
138,0.18023302734621996
139,0.18023108667649326
140,0.18022916664274663
141,0.18022726695081412
142,0.18022538731159093
143,0.18022352744093492
144,0.18022168705957056
145,0.18021986589299466
146,0.1802180636713847
147,0.18021628012950794
148,0.18021451500663296
149,0.18021276804644343
150,0.18021103899695268
151,0.18020932761042158
152,0.18020763364327552
153,0.18020595685602644
154,0.18020429701319388
155,0.180202653883228
156,0.1802010272384354
157,0.1801994168549059
158,0.18019782251244004
159,0.18019624399447925
160,0.1801946810880363
161,0.1801931335836286
162,0.18019160127521128
163,0.18019008396011288
164,0.18018858143897198
165,0.1801870935156747
166,0.18018561999729407
167,0.1801841606940306
168,0.18018271541915298
169,0.18018128398894206
170,0.18017986622263457
171,0.1801784619423675
172,0.18017707097312471
173,0.18017569314268492
174,0.18017432828156896
175,0.18017297622299042
176,0.18017163680280468
177,0.18017030985946228
178,0.18016899523395968
179,0.18016769276979344
180,0.18016640231291453
181,0.18016512371168406
182,0.18016385681682828
183,0.18016260148139704
184,0.1801613575607209
185,0.18016012491237035
186,0.18015890339611518
187,0.18015769287388483
188,0.18015649320972998
189,0.18015530426978402
190,0.18015412592222665
191,0.18015295803724665
192,0.18015180048700594
193,0.1801506531456059
194,0.180149515889051
195,0.1801483885952165
196,0.18014727114381549
197,0.1801461634163658
198,0.18014506529615854
199,0.1801439766682274
200,0.18014289741931758
201,0.18014182743785614
202,0.1801407666139233
203,0.18013971483922261
204,0.1801386720070534
205,0.18013763801228339
206,0.18013661275132123
207,0.18013559612209
208,0.1801345880240012
209,0.1801335883579294
210,0.18013259702618709
211,0.18013161393249993
212,0.18013063898198292
213,0.18012967208111721
214,0.18012871313772552
215,0.1801277620609514
216,0.1801268187612351
217,0.18012588315029265
218,0.1801249551410947
219,0.18012403464784507
220,0.18012312158595978
221,0.18012221587204733
222,0.1801213174238886
223,0.18012042616041793
224,0.18011954200170288
225,0.18011866486892658
226,0.18011779468436873
227,0.18011693137138765
228,0.1801160748544028
229,0.18011522505887675
230,0.18011438191129941
231,0.18011354533916937
232,0.18011271527097972
233,0.1801118916361995
234,0.18011107436526042
235,0.1801102633895386
236,0.18010945864134212
237,0.18010866005389364
238,0.18010786756131703
239,0.18010708109862303
240,0.1801063006016941
241,0.1801055260072712
242,0.18010475725294064
243,0.18010399427711915
244,0.18010323701904252
245,0.1801024854187511
246,0.18010173941707824
247,0.18010099895563725
248,0.1801002639768092
249,0.18009953442373122
250,0.18009881024028473
251,0.1800980913710828
252,0.18009737776146026
253,0.1800966693574618
254,0.18009596610583076
255,0.18009526795399836
256,0.18009457485007424
257,0.18009388674283452
258,0.18009320358171185
259,0.18009252531678666
260,0.18009185189877563
261,0.18009118327902332
262,0.18009051940949122
263,0.18008986024274973
264,0.18008920573196857
265,0.1800885558309072
266,0.18008791049390674
267,0.18008726967588048
268,0.18008663333230596
269,0.18008600141921619
270,0.1800853738931914
271,0.18008475071135016
272,0.18008413183134395
273,0.180083517211346
274,0.18008290681004518
275,0.18008230058663866
276,0.18008169850082398
277,0.18008110051279191
278,0.18008050658321823
279,0.1800799166732586
280,0.1800793307445398
281,0.1800787487591535
282,0.1800781706796501
283,0.18007759646903096
284,0.18007702609074236
285,0.18007645950866996
286,0.1800758966871311
287,0.18007533759086913
288,0.18007478218504772
289,0.18007423043524437
290,0.18007368230744472
291,0.1800731377680367
292,0.1800725967838047
293,0.18007205932192424
294,0.18007152534995594
295,0.1800709948358409
296,0.18007046774789467
297,0.18006994405480214
298,0.1800694237256124
299,0.1800689067297339
300,0.180068393036929
301,0.18006788261730922
302,0.18006737544133067
303,0.1800668714797892
304,0.18006637070381484
305,0.18006587308486913
306,0.1800653785947379
307,0.1800648872055294
308,0.18006439888966827
309,0.1800639136198915
310,0.18006343136924513
311,0.18006295211107845
312,0.18006247581904106
313,0.18006200246707862
314,0.18006153202942857
315,0.18006106448061596
316,0.18006059979545042
317,0.18006013794902168
318,0.18005967891669605
319,0.1800592226741124
320,0.1800587691971794
321,0.18005831846207032
322,0.18005787044522156
323,0.18005742512332734
324,0.18005698247333757
325,0.1800565424724537
326,0.18005610509812575
327,0.180055670328049
328,0.18005523814016064
329,0.18005480851263672
330,0.18005438142388921
331,0.18005395685256276
332,0.18005353477753125
333,0.18005311517789552
334,0.1800526980329802
335,0.18005228332233045
336,0.18005187102570988
337,0.18005146112309714
338,0.18005105359468265
339,0.18005064842086738
340,0.18005024558225907
341,0.1800498450596694
342,0.18004944683411286
343,0.18004905088680204
344,0.1800486571991468
345,0.180048265752751
346,0.18004787652941054
347,0.18004748951111033
348,0.18004710468002233
349,0.18004672201850333
350,0.1800463415090921
351,0.18004596313450782
352,0.18004558687764707
353,0.1800452127215822
354,0.180044840649559
355,0.1800444706449941
356,0.180044102691474
357,0.18004373677275176
358,0.18004337287274538
359,0.18004301097553613
360,0.18004265106536588
361,0.1800422931266356
362,0.18004193714390376
363,0.1800415831018834
364,0.18004123098544086
365,0.18004088077959426
366,0.18004053246951116
367,0.18004018604050648
368,0.18003984147804164
369,0.18003949876772174
370,0.18003915789529504
371,0.18003881884665018
372,0.18003848160781483
373,0.18003814616495384
374,0.18003781250436868
375,0.18003748061249425
376,0.18003715047589866
377,0.1800368220812802
378,0.18003649541546743
379,0.1800361704654164
380,0.18003584721820978
381,0.18003552566105507
382,0.1800352057812836
383,0.1800348875663482
384,0.1800345710038226
385,0.1800342560813999
386,0.18003394278689092
387,0.1800336311082224
388,0.18003332103343717
389,0.1800330125506913
390,0.18003270564825288
391,0.1800324003145019
392,0.1800320965379283
393,0.18003179430713004
394,0.1800314936108127
395,0.18003119443778806
396,0.18003089677697307
397,0.180030600617388
398,0.18003030594815614
399,0.18003001275850172
400,0.1800297210377498
401,0.1800294307753239
402,0.18002914196074618
403,0.18002885458363527
404,0.1800285686337059
405,0.18002828410076768
406,0.1800280009747233
407,0.18002771924556857
408,0.18002743890339085
409,0.18002715993836813
410,0.18002688234076775
411,0.18002660610094603
412,0.18002633120934652
413,0.18002605765649943
414,0.18002578543302133
415,0.18002551452961263
416,0.18002524493705785
417,0.18002497664622483
418,0.18002470964806297
419,0.18002444393360306
420,0.18002417949395536
421,0.18002391632031087
422,0.1800236544039378
423,0.18002339373618256
424,0.1800231343084683
425,0.18002287611229392
426,0.18002261913923392
427,0.1800223633809368
428,0.18002210882912442
429,0.18002185547559207
430,0.18002160331220626
431,0.1800213523309052
432,0.1800211025236974
433,0.18002085388266098
434,0.18002060639994322
435,0.1800203600677595
436,0.18002011487839292
437,0.18001987082419302
438,0.18001962789757547
439,0.18001938609102192
440,0.18001914539707803
441,0.18001890580835364
442,0.18001866731752242
443,0.18001842991732037
444,0.18001819360054552
445,0.18001795836005724
446,0.18001772418877604
447,0.18001749107968226
448,0.18001725902581578
449,0.18001702802027542
450,0.1800167980562186
451,0.1800165691268599
452,0.18001634122547133
453,0.18001611434538145
454,0.18001588847997452
455,0.18001566362269034
456,0.18001543976702358
457,0.18001521690652314
458,0.18001499503479124
459,0.18001477414548406
460,0.18001455423230936
461,0.18001433528902783
462,0.18001411730945144
463,0.18001390028744296
464,0.1800136842169161
465,0.1800134690918342
466,0.1800132549062105
467,0.1800130416541068
468,0.18001282932963372
469,0.18001261792695025
470,0.1800124074402623
471,0.18001219786382314
472,0.18001198919193312
473,0.1800117814189377
474,0.18001157453922922
475,0.1800113685472448
476,0.1800111634374661
477,0.1800109592044195
478,0.1800107558426753
479,0.18001055334684707
480,0.18001035171159183
481,0.18001015093160933
482,0.18000995100164074
483,0.18000975191647
484,0.18000955367092256
485,0.18000935625986375
486,0.18000915967820055
487,0.18000896392088003
488,0.18000876898288892
489,0.18000857485925364
490,0.18000838154503948
491,0.18000818903535046
492,0.18000799732532907
493,0.18000780641015593
494,0.18000761628504874
495,0.18000742694526298
496,0.1800072383860909
497,0.18000705060286118
498,0.18000686359093884
499,0.18000667734572487
500,0.18000649186265547
501,0.18000630713720206
502,0.1800061231648715
503,0.18000593994120456
504,0.18000575746177616
505,0.18000557572219578
506,0.18000539471810584
507,0.18000521444518225
508,0.1800050348991338
509,0.180004856075702
510,0.1800046779706607
511,0.18000450057981604
512,0.1800043238990049
513,0.18000414792409722
514,0.18000397265099266
515,0.1800037980756225
516,0.18000362419394847
517,0.18000345100196238
518,0.18000327849568637
519,0.18000310667117206
520,0.18000293552450083
521,0.18000276505178336
522,0.18000259524915851
523,0.18000242611279485
524,0.1800022576388886
525,0.1800020898236648
526,0.1800019226633759
527,0.180001756154302
528,0.18000159029275062
529,0.18000142507505706
530,0.18000126049758308
531,0.18000109655671653
532,0.18000093324887273
533,0.18000077057049257
534,0.18000060851804314
535,0.18000044708801735
536,0.18000028627693304
537,0.1800001260813343
538,0.17999996649778938
539,0.17999980752289182
540,0.1799996491532598
541,0.1799994913855355
542,0.17999933421638564
543,0.17999917764250098
544,0.1799990216605957
545,0.17999886626740794
546,0.1799987114596987
547,0.17999855723425234
548,0.17999840358787625
549,0.1799982505174006
550,0.17999809801967787
551,0.17999794609158298
552,0.1799977947300129
553,0.17999764393188705
554,0.17999749369414575
555,0.17999734401375173
556,0.17999719488768853
557,0.17999704631296137
558,0.1799968982865959
559,0.1799967508056394
560,0.17999660386715893
561,0.17999645746824272
562,0.17999631160599913
563,0.17999616627755669
564,0.1799960214800633
565,0.17999587721068772
566,0.17999573346661754
567,0.1799955902450602
568,0.17999544754324218
569,0.17999530535840913
570,0.1799951636878262
571,0.17999502252877636
572,0.17999488187856236
573,0.17999474173450408
574,0.17999460209394147
575,0.17999446295423094
576,0.1799943243127482
577,0.17999418616688628
578,0.17999404851405604
579,0.17999391135168605
580,0.17999377467722202
581,0.17999363848812702
582,0.17999350278188184
583,0.17999336755598372
584,0.17999323280794657
585,0.17999309853530174
586,0.17999296473559673
587,0.1799928314063954
588,0.179992698545278
589,0.17999256614984133
590,0.17999243421769806
591,0.1799923027464763
592,0.17999217173382084
593,0.17999204117739143
594,0.17999191107486334
595,0.1799917814239277
596,0.179991652222291
597,0.17999152346767416
598,0.17999139515781382
599,0.1799912672904615
600,0.17999113986338305
601,0.17999101287435917
602,0.17999088632118546
603,0.1799907602016718
604,0.17999063451364222
605,0.17999050925493507
606,0.17999038442340262
607,0.17999026001691165
608,0.17999013603334213
609,0.17999001247058838
610,0.17998988932655818
611,0.17998976659917248
612,0.17998964428636613
613,0.1799895223860874
614,0.17998940089629747
615,0.17998927981497048
616,0.17998915914009403
617,0.17998903886966836
618,0.17998891900170672
619,0.17998879953423494
620,0.17998868046529154
621,0.17998856179292727
622,0.17998844351520563
623,0.1799883256302024
624,0.17998820813600572
625,0.17998809103071522
626,0.1799879743124433
627,0.17998785797931385
628,0.17998774202946294
629,0.17998762646103794
630,0.17998751127219842
631,0.17998739646111528
632,0.17998728202597056
633,0.17998716796495856
634,0.17998705427628378
635,0.17998694095816306
636,0.17998682800882365
637,0.17998671542650382
638,0.17998660320945326
639,0.17998649135593225
640,0.1799863798642119
641,0.17998626873257437
642,0.17998615795931164
643,0.17998604754272718
644,0.17998593748113426
645,0.179985827772857
646,0.17998571841622965
647,0.1799856094095966
648,0.1799855007513125
649,0.17998539243974207
650,0.17998528447326026
651,0.17998517685025145
652,0.17998506956911034
653,0.17998496262824124
654,0.17998485602605818
655,0.17998474976098497
656,0.17998464383145468
657,0.17998453823591004
658,0.17998443297280342
659,0.17998432804059616
660,0.1799842234377591
661,0.17998411916277235
662,0.1799840152141254
663,0.1799839115903162
664,0.17998380828985167
665,0.17998370531124866
666,0.17998360265303212
667,0.17998350031373597
668,0.17998339829190274
669,0.1799832965860842
670,0.17998319519483988
671,0.1799830941167386
672,0.17998299335035745
673,0.179982892894282
674,0.179982792747106
675,0.17998269290743166
676,0.17998259337386946
677,0.17998249414503842
678,0.17998239521956472
679,0.17998229659608353
680,0.17998219827323775
681,0.17998210024967806
682,0.17998200252406354
683,0.17998190509506062
684,0.17998180796134364
685,0.17998171112159472
686,0.17998161457450365
687,0.17998151831876813
688,0.17998142235309278
689,0.17998132667619035
690,0.17998123128678065
691,0.17998113618359135
692,0.17998104136535703
693,0.17998094683081947
694,0.1799808525787284
695,0.17998075860784024
696,0.1799806649169185
697,0.1799805715047341
698,0.1799804783700646
699,0.17998038551169504
700,0.1799802929284169
701,0.17998020061902917
702,0.17998010858233718
703,0.17998001681715334
704,0.1799799253222964
705,0.1799798340965926
706,0.17997974313887402
707,0.17997965244798023
708,0.17997956202275606
709,0.1799794718620545
710,0.17997938196473356
711,0.17997929232965873
712,0.17997920295570127
713,0.17997911384173892
714,0.17997902498665608
715,0.179978936389343
716,0.17997884804869604
717,0.17997875996361834
718,0.17997867213301855
719,0.17997858455581167
720,0.17997849723091885
721,0.17997841015726693
722,0.17997832333378896
723,0.1799782367594241
724,0.17997815043311696
725,0.17997806435381797
726,0.17997797852048422
727,0.17997789293207725
728,0.17997780758756518
729,0.179977722485922
730,0.1799776376261265
731,0.17997755300716387
732,0.1799774686280244
733,0.17997738448770428
734,0.1799773005852047
735,0.17997721691953292
736,0.17997713348970093
737,0.17997705029472683
738,0.17997696733363355
739,0.17997688460544967
740,0.17997680210920866
741,0.17997671984394964
742,0.17997663780871648
743,0.17997655600255888
744,0.17997647442453094
745,0.1799763930736926
746,0.17997631194910807
747,0.17997623104984747
748,0.17997615037498516
749,0.17997606992360096
750,0.17997598969477918
751,0.17997590968760976
752,0.17997582990118666
753,0.17997575033460947
754,0.1799756709869818
755,0.17997559185741271
756,0.17997551294501576
757,0.17997543424890897
758,0.17997535576821552
759,0.17997527750206285
760,0.1799751994495834
761,0.17997512160991372
762,0.17997504398219524
763,0.179974966565574
764,0.1799748893592004
765,0.17997481236222904
766,0.1799747355738199
767,0.17997465899313614
768,0.1799745826193461
769,0.17997450645162252
770,0.17997443048914175
771,0.1799743547310852
772,0.17997427917663814
773,0.17997420382499071
774,0.17997412867533613
775,0.179974053726873
776,0.17997397897880332
777,0.17997390443033356
778,0.17997383008067433
779,0.17997375592904008
780,0.1799736819746494
781,0.17997360821672512
782,0.17997353465449398
783,0.1799734612871867
784,0.1799733881140379
785,0.17997331513428605
786,0.17997324234717357
787,0.17997316975194724
788,0.1799730973478569
789,0.17997302513415703
790,0.1799729531101051
791,0.17997288127496322
792,0.17997280962799644
793,0.17997273816847417
794,0.1799726668956694
795,0.17997259580885858
796,0.17997252490732202
797,0.1799724541903435
798,0.1799723836572111
799,0.17997231330721525
800,0.17997224313965135
801,0.17997217315381708
802,0.17997210334901487
803,0.17997203372454973
804,0.1799719642797303
805,0.1799718950138693
806,0.17997182592628225
807,0.17997175701628848
808,0.1799716882832103
809,0.17997161972637413
810,0.17997155134510887
811,0.17997148313874753
812,0.17997141510662606
813,0.1799713472480836
814,0.17997127956246287
815,0.1799712120491097
816,0.17997114470737316
817,0.17997107753660602
818,0.17997101053616305
819,0.17997094370540342
820,0.17997087704368905
821,0.17997081055038475
822,0.179970744224859
823,0.17997067806648265
824,0.1799706120746303
825,0.17997054624867945
826,0.1799704805880103
827,0.1799704150920067
828,0.17997034976005474
829,0.17997028459154427
830,0.17997021958586784
831,0.17997015474242056
832,0.1799700900606011
833,0.17997002553981084
834,0.17996996117945382
835,0.17996989697893728
836,0.17996983293767127
837,0.17996976905506834
838,0.17996970533054465
839,0.17996964176351835
840,0.1799695783534108
841,0.1799695150996462
842,0.1799694520016516
843,0.17996938905885634
844,0.17996932627069304
845,0.1799692636365965
846,0.17996920115600473
847,0.17996913882835838
848,0.17996907665310038
849,0.17996901462967643
850,0.17996895275753533
851,0.1799688910361282
852,0.1799688294649085
853,0.17996876804333267
854,0.17996870677085974
855,0.17996864564695092
856,0.17996858467107021
857,0.17996852384268455
858,0.17996846316126267
859,0.1799684026262763
860,0.1799683422371996
861,0.1799682819935088
862,0.17996822189468303
863,0.17996816194020404
864,0.1799681021295555
865,0.17996804246222378
866,0.17996798293769753
867,0.17996792355546817
868,0.1799678643150289
