1,0.20040548076360262
2,0.17972612737072965
3,0.17929631409276267
4,0.17886115441405046
5,0.17842384926730093
6,0.17798916833929762
7,0.1775616934417799
8,0.17714557181250273
9,0.17674433291073585
10,0.17636077830223842
11,0.17599694510934524
12,0.17565413247400266
13,0.17533297418781071
14,0.1750335390742763
15,0.17475544263535472
16,0.17449795728164672
17,0.17426011275178363
18,0.1740407821704428
19,0.17383875215935746
20,0.17365277742180746
21,0.17348162139187995
22,0.17332408507886848
23,0.17317902635093402
24,0.17304537176226695
25,0.17292212276042349
26,0.17280835779870315
27,0.1727032315722466
28,0.17260597232198835
29,0.1725158779182966
30,0.17243231124742098
31,0.17235469527530065
32,0.17228250804920506
33,0.1722152778119893
34,0.17215257834063255
35,0.1720940245751527
36,0.1720392685717649
37,0.17198799579189517
38,0.17193992172376213
39,0.1718947888236525
40,0.17185236375824645
41,0.17181243492623102
42,0.1717748102361674
43,0.17173931511751916
44,0.17170579074249018
45,0.17167409243754198
46,0.1716440882649436
47,0.17161565775632223
48,0.17158869078180586
49,0.17156308653994368
50,0.17153875265508836
51,0.17151560437033617
52,0.17149356382540304
53,0.17147255940998746
54,0.17145252518423526
55,0.17143340035886115
56,0.17141512882833734
57,0.1713976587513097
58,0.17138094217307473
59,0.1713649346855375
60,0.17134959512060607
61,0.17133488527342797
62,0.17132076965229742
63,0.1713072152524093
64,0.17129419135096385
65,0.17128166932140682
66,0.1712696224648279
67,0.1712580258567725
68,0.17124685620790606
69,0.17123609173714044
70,0.17122571205598938
71,0.1712156980630485
72,0.17120603184761138
73,0.17119669660154405
74,0.1711876765386266
75,0.17117895682065876
76,0.17117052348969322
77,0.17116236340583055
78,0.17115446419006403
79,0.1711468141717153
80,0.17113940234004918
81,0.1711322182996925
82,0.1711252522295233
83,0.1711184948447269
84,0.17111193736174266
85,0.17110557146585623
86,0.17109938928121166
87,0.17109338334304
88,0.17108754657191932
89,0.1710818722498991
90,0.17107635399833762
91,0.17107098575731144
92,0.1710657617664739
93,0.17106067654724438
94,0.1710557248862273
95,0.17105090181976096
96,0.17104620261951287
97,0.17104162277903898
98,0.17103715800123456
99,0.17103280418660907
100,0.17102855742232662
101,0.1710244139719499
102,0.1710203702658426
103,0.1710164228921776
104,0.17101256858851016
105,0.17100880423387477
106,0.17100512684136934
107,0.17100153355119163
108,0.17099802162409786
109,0.17099458843525459
110,0.1709912314684533
111,0.17098794831066993
112,0.17098473664694025
113,0.17098159425553183
114,0.1709785190033957
115,0.1709755088418748
116,0.17097256180265652
117,0.17096967599395155
118,0.17096684959688502
119,0.1709640808620867
120,0.17096136810646748
121,0.17095870971017135
122,0.17095610411369005
123,0.17095354981513355
124,0.17095104536764305
125,0.17094858937694127
126,0.17094618049901034
127,0.17094381743788933
128,0.17094149894358418
129,0.17093922381008622
130,0.17093699087348835
131,0.17093479901019806
132,0.17093264713523665
133,0.170930534200625
134,0.17092845919384822
135,0.17092642113639284
136,0.17092441908235712
137,0.1709224521171274
138,0.1709205193561169
139,0.17091861994356417
140,0.17091675305138995
141,0.17091491787810287
142,0.1709131136477617
143,0.1709113396089803
144,0.1709095950339805
145,0.17090787921768713
146,0.17090619147686487
147,0.17090453114929183
148,0.17090289759297136
149,0.17090129018537784
150,0.17089970832273665
151,0.17089815141933345
152,0.17089661890685529
153,0.1708951102337589
154,0.17089362486466683
155,0.17089216227978768
156,0.17089072197436303
157,0.17088930345813466
158,0.1708879062548368
159,0.17088652990170755
160,0.17088517394902053
161,0.17088383795963616
162,0.17088252150857133
163,0.17088122418258544
164,0.17087994557978403
165,0.17087868530923714
166,0.170877442990614
167,0.17087621825383095
168,0.17087501073871406
169,0.17087382009467428
170,0.17087264598039445
171,0.17087148806353056
172,0.17087034602042261
173,0.17086921953581494
174,0.17086810830259208
175,0.1708670120215191
176,0.1708659304009946
177,0.17086486315681265
178,0.1708638100119321
179,0.17086277069625652
180,0.17086174494641945
181,0.1708607325055804
182,0.17085973312322536
183,0.1708587465549768
184,0.170857772562409
185,0.17085681091287053
186,0.17085586137931208
187,0.17085492374012265
188,0.17085399777896818
189,0.17085308328463822
190,0.17085218005089736
191,0.17085128787634046
192,0.17085040656425557
193,0.17084953592248808
194,0.17084867576331242
195,0.17084782590330563
196,0.17084698616322763
197,0.17084615636790343
198,0.17084533634610985
199,0.17084452593046662
200,0.17084372495733025
201,0.1708429332666913
202,0.17084215070207615
203,0.17084137711045025
204,0.17084061234212566
205,0.17083985625067122
206,0.17083910869282543
207,0.1708383695284121
208,0.17083763862025914
209,0.1708369158341188
210,0.17083620103859218
211,0.17083549410505317
212,0.17083479490757883
213,0.17083410332287777
214,0.17083341923022344
215,0.17083274251138808
216,0.1708320730505799
217,0.1708314107343806
218,0.17083075545168636
219,0.1708301070936485
220,0.17082946555361847
221,0.17082883072709346
222,0.17082820251166142
223,0.1708275808069518
224,0.17082696551458373
225,0.1708263565381191
226,0.17082575378301412
227,0.1708251571565744
228,0.17082456656790956
229,0.17082398192789147
230,0.1708234031491105
231,0.17082283014583627
232,0.17082226283397658
233,0.17082170113104056
234,0.17082114495609943
235,0.17082059422975132
236,0.17082004887408533
237,0.17081950881264701
238,0.17081897397040519
239,0.17081844427371876
240,0.17081791965030615
241,0.17081740002921292
242,0.17081688534078307
243,0.17081637551662882
244,0.17081587048960298
245,0.1708153701937706
246,0.17081487456438255
247,0.1708143835378489
248,0.17081389705171315
249,0.17081341504462824
250,0.17081293745633147
251,0.1708124642276213
252,0.17081199530033414
253,0.1708115306173217
254,0.17081107012242988
255,0.1708106137604764
256,0.17081016147723205
257,0.1708097132193975
258,0.17080926893458626
259,0.17080882857130403
260,0.17080839207893053
261,0.1708079594077011
262,0.17080753050868844
263,0.17080710533378618
264,0.17080668383569061
265,0.17080626596788584
266,0.17080585168462636
267,0.17080544094092126
268,0.17080503369251973
269,0.17080462989589595
270,0.17080422950823346
271,0.1708038324874118
272,0.1708034387919927
273,0.17080304838120566
274,0.17080266121493545
275,0.1708022772537084
276,0.1708018964586807
277,0.1708015187916253
278,0.1708011442149196
279,0.17080077269153454
280,0.17080040418502238
281,0.1708000386595056
282,0.17079967607966634
283,0.17079931641073462
284,0.17079895961847896
285,0.17079860566919525
286,0.17079825452969755
287,0.17079790616730758
288,0.17079756054984502
289,0.17079721764561917
290,0.17079687742341848
291,0.17079653985250262
292,0.17079620490259304
293,0.17079587254386505
294,0.17079554274693867
295,0.17079521548287072
296,0.1707948907231477
297,0.17079456843967608
298,0.1707942486047766
299,0.17079393119117547
300,0.1707936161719975
301,0.17079330352075875
302,0.1707929932113596
303,0.170792685218078
304,0.17079237951556264
305,0.17079207607882607
306,0.1707917748832385
307,0.17079147590452148
308,0.17079117911874206
309,0.170790884502306
310,0.17079059203195227
311,0.17079030168474704
312,0.17079001343807854
313,0.17078972726965091
314,0.17078944315747865
315,0.17078916107988185
316,0.17078888101548065
317,0.17078860294319018
318,0.1707883268422149
319,0.1707880526920453
320,0.17078778047245077
321,0.17078751016347737
322,0.17078724174544108
323,0.1707869751989244
324,0.17078671050477204
325,0.1707864476440853
326,0.17078618659821973
327,0.1707859273487789
328,0.1707856698776122
329,0.17078541416680876
330,0.17078516019869586
331,0.1707849079558326
332,0.17078465742100854
333,0.17078440857723767
334,0.17078416140775662
335,0.17078391589602
336,0.1707836720256969
337,0.17078342978066866
338,0.17078318914502344
339,0.1707829501030551
340,0.1707827126392581
341,0.17078247673832517
342,0.17078224238514483
343,0.1707820095647967
344,0.1707817782625501
345,0.17078154846385982
346,0.1707813201543641
347,0.17078109331988126
348,0.17078086794640737
349,0.1707806440201129
350,0.17078042152734077
351,0.17078020045460268
352,0.17077998078857773
353,0.17077976251610902
354,0.17077954562420125
355,0.17077933010001853
356,0.17077911593088232
357,0.17077890310426766
358,0.17077869160780226
359,0.17077848142926408
360,0.17077827255657785
361,0.17077806497781445
362,0.17077785868118783
363,0.17077765365505318
364,0.1707774498879044
365,0.1707772473683727
366,0.17077704608522426
367,0.1707768460273583
368,0.1707766471838051
369,0.1707764495437235
370,0.17077625309640063
371,0.1707760578312482
372,0.17077586373780212
373,0.1707756708057193
374,0.17077547902477808
375,0.17077528838487366
376,0.17077509887601872
377,0.17077491048834081
378,0.1707747232120806
379,0.17077453703759074
380,0.17077435195533408
381,0.1707741679558817
382,0.170773985029912
383,0.17077380316820906
384,0.17077362236166102
385,0.17077344260125807
386,0.17077326387809252
387,0.1707730861833559
388,0.17077290950833815
389,0.17077273384442643
390,0.17077255918310377
391,0.17077238551594728
392,0.1707722128346272
393,0.17077204113090577
394,0.17077187039663577
395,0.1707717006237594
396,0.1707715318043066
397,0.17077136393039488
398,0.17077119699422694
399,0.17077103098809024
400,0.17077086590435625
401,0.17077070173547798
402,0.1707705384739902
403,0.17077037611250756
404,0.17077021464372444
405,0.1707700540604126
406,0.17076989435542092
407,0.17076973552167463
408,0.17076957755217362
409,0.17076942043999224
410,0.1707692641782774
411,0.17076910876024862
412,0.1707689541791961
413,0.17076880042848058
414,0.17076864750153223
415,0.17076849539184918
416,0.17076834409299788
417,0.17076819359861065
418,0.170768043902386
419,0.17076789499808762
420,0.17076774687954324
421,0.1707675995406436
422,0.17076745297534257
423,0.17076730717765515
424,0.17076716214165788
425,0.17076701786148699
426,0.17076687433133858
427,0.17076673154546715
428,0.17076658949818513
429,0.1707664481838623
430,0.17076630759692524
431,0.17076616773185582
432,0.17076602858319123
433,0.17076589014552354
434,0.17076575241349795
435,0.1707656153818131
436,0.17076547904521988
437,0.17076534339852123
438,0.17076520843657128
439,0.17076507415427455
440,0.17076494054658564
441,0.17076480760850835
442,0.17076467533509535
443,0.1707645437214476
444,0.17076441276271295
445,0.17076428245408717
446,0.17076415279081186
447,0.17076402376817462
448,0.1707638953815087
449,0.17076376762619142
450,0.17076364049764545
451,0.17076351399133619
452,0.17076338810277233
453,0.1707632628275058
454,0.17076313816113114
455,0.1707630140992831
456,0.17076289063763894
457,0.17076276777191615
458,0.17076264549787232
459,0.17076252381130544
460,0.17076240270805212
461,0.17076228218398842
462,0.17076216223502855
463,0.17076204285712462
464,0.1707619240462667
465,0.17076180579848138
466,0.1707616881098322
467,0.17076157097641928
468,0.1707614543943782
469,0.1707613383598798
470,0.17076122286913087
471,0.1707611079183719
472,0.1707609935038778
473,0.17076087962195757
474,0.17076076626895406
475,0.17076065344124242
476,0.17076054113523106
477,0.17076042934736077
478,0.17076031807410394
479,0.17076020731196498
480,0.17076009705747963
481,0.17075998730721417
482,0.17075987805776616
483,0.170759769305763
484,0.17075966104786167
485,0.1707595532807497
486,0.1707594460011431
487,0.17075933920578712
488,0.17075923289145603
489,0.17075912705495144
490,0.170759021693104
491,0.1707589168027718
492,0.1707588123808401
493,0.17075870842422128
494,0.1707586049298551
495,0.17075850189470693
496,0.17075839931576958
497,0.17075829719006083
498,0.17075819551462457
499,0.17075809428653
500,0.1707579935028716
501,0.17075789316076878
502,0.17075779325736554
503,0.1707576937898299
504,0.17075759475535446
505,0.17075749615115546
506,0.17075739797447262
507,0.17075730022256927
508,0.17075720289273155
509,0.17075710598226884
510,0.17075700948851288
511,0.17075691340881785
512,0.17075681774055998
513,0.17075672248113746
514,0.17075662762797045
515,0.1707565331785006
516,0.17075643913018992
517,0.17075634548052276
518,0.17075625222700344
519,0.17075615936715702
520,0.17075606689852918
521,0.17075597481868557
522,0.17075588312521214
523,0.17075579181571376
524,0.17075570088781614
525,0.1707556103391635
526,0.17075552016741916
527,0.1707554303702661
528,0.17075534094540565
529,0.17075525189055776
530,0.17075516320346099
531,0.17075507488187164
532,0.17075498692356478
533,0.17075489932633278
534,0.17075481208798626
535,0.17075472520635285
536,0.17075463867927745
537,0.17075455250462263
538,0.1707544666802677
539,0.17075438120410893
540,0.17075429607405887
541,0.170754211288047
542,0.17075412684401933
543,0.17075404273993725
544,0.17075395897377899
545,0.1707538755435384
546,0.17075379244722447
547,0.1707537096828628
548,0.17075362724849347
549,0.17075354514217245
550,0.17075346336197075
551,0.17075338190597356
552,0.17075330077228226
553,0.1707532199590118
554,0.170753139464292
555,0.17075305928626724
556,0.17075297942309625
557,0.17075289987295147
558,0.1707528206340196
559,0.17075274170450117
560,0.17075266308261047
561,0.17075258476657543
562,0.1707525067546376
563,0.17075242904505114
564,0.17075235163608427
565,0.170752274526018
566,0.1707521977131462
567,0.17075212119577593
568,0.17075204497222657
569,0.17075196904083031
570,0.17075189339993171
571,0.17075181804788825
572,0.1707517429830686
573,0.17075166820385498
574,0.17075159370864024
575,0.1707515194958302
576,0.170751445563842
577,0.1707513719111045
578,0.1707512985360585
579,0.17075122543715587
580,0.1707511526128602
581,0.170751080061646
582,0.17075100778199953
583,0.17075093577241754
584,0.1707508640314081
585,0.17075079255749007
586,0.1707507213491932
587,0.17075065040505769
588,0.1707505797236344
589,0.17075050930348515
590,0.17075043914318133
591,0.17075036924130516
592,0.17075029959644927
593,0.1707502302072157
594,0.1707501610722173
595,0.17075009219007645
596,0.17075002355942526
597,0.17074995517890598
598,0.17074988704717028
599,0.17074981916287948
600,0.17074975152470445
601,0.17074968413132594
602,0.17074961698143276
603,0.17074955007372433
604,0.17074948340690857
605,0.1707494169797027
606,0.1707493507908327
607,0.1707492848390342
608,0.17074921912305058
609,0.17074915364163515
610,0.1707490883935491
611,0.1707490233775628
612,0.17074895859245465
613,0.17074889403701216
614,0.17074882971003053
615,0.170748765610314
616,0.17074870173667464
617,0.17074863808793292
618,0.17074857466291748
619,0.17074851146046463
620,0.17074844847941908
621,0.17074838571863363
622,0.17074832317696814
623,0.17074826085329106
624,0.1707481987464782
625,0.17074813685541287
626,0.1707480751789866
627,0.1707480137160979
628,0.17074795246565255
629,0.17074789142656446
630,0.17074783059775422
631,0.17074776997815022
632,0.17074770956668747
633,0.17074764936230857
634,0.1707475893639635
635,0.17074752957060843
636,0.17074746998120718
637,0.17074741059473011
638,0.1707473514101548
639,0.17074729242646558
640,0.1707472336426529
641,0.17074717505771497
642,0.17074711667065587
643,0.1707470584804863
644,0.17074700048622402
645,0.17074694268689258
646,0.1707468850815226
647,0.17074682766915056
648,0.1707467704488194
649,0.17074671341957878
650,0.17074665658048369
651,0.17074659993059604
652,0.1707465434689838
653,0.17074648719472052
654,0.17074643110688606
655,0.17074637520456643
656,0.17074631948685323
657,0.1707462639528442
658,0.17074620860164297
659,0.17074615343235847
660,0.17074609844410585
661,0.1707460436360056
662,0.17074598900718427
663,0.17074593455677356
664,0.17074588028391097
665,0.17074582618773976
666,0.1707457722674079
667,0.17074571852206955
668,0.17074566495088392
669,0.1707456115530153
670,0.17074555832763422
671,0.17074550527391516
672,0.17074545239103867
673,0.17074539967819044
674,0.17074534713456077
675,0.17074529475934566
676,0.170745242551746
677,0.17074519051096718
678,0.17074513863622012
679,0.17074508692672088
680,0.17074503538168948
681,0.17074498400035182
682,0.17074493278193803
683,0.1707448817256831
684,0.17074483083082698
685,0.1707447800966141
686,0.17074472952229347
687,0.17074467910711927
688,0.17074462885034972
689,0.1707445787512478
690,0.17074452880908134
691,0.17074447902312193
692,0.17074442939264625
693,0.17074437991693533
694,0.17074433059527408
695,0.17074428142695283
696,0.17074423241126493
697,0.1707441835475092
698,0.1707441348349878
699,0.17074408627300788
700,0.17074403786088005
701,0.17074398959791975
702,0.170743941483446
703,0.1707438935167826
704,0.17074384569725692
705,0.17074379802420028
706,0.17074375049694832
707,0.1707437031148406
708,0.17074365587722065
709,0.17074360878343547
710,0.170743561832837
711,0.17074351502477988
712,0.17074346835862345
713,0.17074342183373042
714,0.17074337544946736
715,0.17074332920520452
716,0.17074328310031614
717,0.17074323713418
718,0.17074319130617738
719,0.17074314561569356
720,0.17074310006211715
721,0.17074305464484038
722,0.17074300936325942
723,0.17074296421677337
724,0.17074291920478524
725,0.17074287432670152
726,0.17074282958193215
727,0.1707427849698901
728,0.17074274048999238
729,0.17074269614165913
730,0.1707426519243137
731,0.170742607837383
732,0.17074256388029713
733,0.17074252005248952
734,0.17074247635339668
735,0.17074243278245918
736,0.1707423893391193
737,0.17074234602282412
738,0.17074230283302289
739,0.1707422597691681
740,0.17074221683071591
741,0.17074217401712516
742,0.1707421313278578
743,0.17074208876237904
744,0.17074204632015677
745,0.17074200400066225
746,0.17074196180336998
747,0.1707419197277564
748,0.17074187777330224
749,0.17074183593949027
750,0.17074179422580624
751,0.17074175263173916
752,0.17074171115678066
753,0.17074166980042563
754,0.17074162856217115
755,0.17074158744151738
756,0.1707415464379675
757,0.1707415055510273
758,0.1707414647802056
759,0.17074142412501317
760,0.17074138358496416
761,0.17074134315957532
762,0.1707413028483661
763,0.17074126265085876
764,0.17074122256657762
765,0.17074118259505047
766,0.17074114273580673
767,0.1707411029883793
768,0.1707410633523031
769,0.1707410238271157
770,0.17074098441235763
771,0.17074094510757148
772,0.1707409059123022
773,0.17074086682609774
774,0.17074082784850836
775,0.17074078897908662
776,0.17074075021738763
777,0.17074071156296872
778,0.17074067301539
779,0.17074063457421354
780,0.17074059623900437
781,0.1707405580093288
782,0.17074051988475702
783,0.1707404818648604
784,0.17074044394921242
785,0.17074040613739003
786,0.17074036842897158
787,0.17074033082353773
788,0.17074029332067167
789,0.17074025591995873
790,0.17074021862098626
791,0.17074018142334427
792,0.17074014432662457
793,0.17074010733042091
794,0.17074007043433004
795,0.17074003363795004
796,0.17073999694088135
797,0.1707399603427269
798,0.17073992384309106
799,0.17073988744158114
800,0.17073985113780582
801,0.17073981493137563
802,0.17073977882190428
803,0.1707397428090064
804,0.17073970689229928
805,0.17073967107140184
806,0.17073963534593506
807,0.17073959971552236
808,0.17073956417978822
809,0.17073952873836004
810,0.17073949339086686
811,0.17073945813693897
812,0.1707394229762098
813,0.1707393879083136
814,0.170739352932887
815,0.17073931804956868
816,0.17073928325799875
817,0.1707392485578194
818,0.17073921394867478
819,0.17073917943021077
820,0.17073914500207496
821,0.17073911066391687
822,0.1707390764153878
823,0.17073904225614078
824,0.17073900818583077
825,0.17073897420411452
826,0.17073894031065018
827,0.17073890650509796
828,0.1707388727871196
829,0.17073883915637902
830,0.1707388056125411
831,0.170738772155273
832,0.17073873878424345
833,0.17073870549912273
834,0.17073867229958306
835,0.1707386391852977
836,0.17073860615594225
837,0.17073857321119382
838,0.17073854035073066
839,0.17073850757423295
840,0.170738474881383
841,0.1707384422718635
842,0.17073840974536014
843,0.1707383773015589
844,0.17073834494014822
845,0.17073831266081785
846,0.1707382804632587
847,0.17073824834716372
848,0.17073821631222738
849,0.17073818435814514
850,0.17073815248461463
851,0.17073812069133443
852,0.17073808897800485
853,0.17073805734432787
854,0.1707380257900067
855,0.170737994314746
856,0.17073796291825205
857,0.1707379316002323
858,0.17073790036039593
859,0.17073786919845335
860,0.17073783811411658
861,0.17073780710709893
862,0.1707377761771151
863,0.17073774532388103
864,0.17073771454711417
865,0.17073768384653384
866,0.17073765322186
867,0.17073762267281437
868,0.1707375921991195
869,0.1707375618005003
870,0.17073753147668175
871,0.17073750122739106
872,0.1707374710523567
