1,0.17145189976895234
2,0.16668248197948166
3,0.16658359321233462
4,0.16551012295814715
5,0.16431088487441114
6,0.16428736215930595
7,0.1642626397256498
8,0.1642375087661417
9,0.1642120191482538
10,0.1641861879907244
11,0.16416003251573205
12,0.16413357156808026
13,0.16410682567239782
14,0.16407981700672072
15,0.16405256935518592
16,0.16402510804208542
17,0.16399745984701908
18,0.1639696529011075
19,0.1639417165646007
20,0.16391368128661624
21,0.1638855784481667
22,0.16385744019003293
23,0.16382929922745446
24,0.16380118865395943
25,0.16377314173698498
26,0.16374519170819032
27,0.16371737155156058
28,0.1636897137924975
29,0.16366225029111828
30,0.16363501204291475
31,0.1636080289897627
32,0.16358132984403817
33,0.16355494192828482
34,0.16352889103250223
35,0.1635032012907037
36,0.16347789507794908
37,0.16345299292858753
38,0.16342851347598802
39,0.16340447341358824
40,0.16338088747668528
41,0.16335776844401872
42,0.1633351271578779
43,0.16331297256120794
44,0.16329131174998995
45,0.1632701500390221
46,0.163249491039163
47,0.1632293367440582
48,0.16320968762440133
49,0.16319054272784994
50,0.1631718997828066
51,0.16315375530441897
52,0.16313610470128878
53,0.1631189423815521
54,0.16310226185715548
55,0.16308605584533395
56,0.1630703163664523
57,0.1630550348375433
58,0.16304020216102333
59,0.16302580880820214
60,0.16301184489733644
61,0.16299830026608106
62,0.16298516453829456
63,0.16297242718522942
64,0.16296007758122452
65,0.16294810505404947
66,0.16293649893011672
67,0.16292524857479865
68,0.16291434342811728
69,0.1629037730360893
70,0.16289352707801671
71,0.16288359539002126
72,0.16287396798511536
73,0.16286463507009816
74,0.16285558705955755
75,0.16284681458724656
76,0.16283830851509193
77,0.16283005994007346
78,0.16282206019920517
79,0.16281430087282678
80,0.1628067737864055
81,0.16279947101102304
82,0.1627923848627221
83,0.16278550790085655
84,0.16277883292558887
85,0.16277235297465675
86,0.16276606131952143
87,0.16275995146100405
88,0.1627540171244929
89,0.16274825225480832
90,0.16274265101079644
91,0.16273720775971165
92,0.16273191707144938
93,0.16272677371267202
94,0.1627217726408756
95,0.1627169089984341
96,0.16271217810664895
97,0.1627075754598364
98,0.16270309671947492
99,0.16269873770842946
100,0.1626944944052744
101,0.16269036293872316
102,0.16268633958218082
103,0.16268242074842615
104,0.16267860298442682
105,0.16267488296630273
106,0.16267125749442984
107,0.1626677234886944
108,0.16266427798389657
109,0.16266091812530362
110,0.16265764116435213
111,0.16265444445450153
112,0.16265132544722902
113,0.16264828168817322
114,0.16264531081341962
115,0.16264241054592063
116,0.16263957869205667
117,0.1626368131383246
118,0.1626341118481592
119,0.1626314728588739
120,0.16262889427872892
121,0.16262637428411117
122,0.16262391111682936
123,0.16262150308152004
124,0.16261914854315626
125,0.16261684592466005
126,0.16261459370461173
127,0.1626123904150539
128,0.16261023463938723
129,0.1626081250103508
130,0.16260606020808757
131,0.1626040389582917
132,0.1626020600304302
133,0.16260012223604045
134,0.16259822442709776
135,0.1625963654944516
136,0.16259454436632634
137,0.16259276000688436
138,0.16259101141485036
139,0.16258929762219052
140,0.16258761769284918
141,0.16258597072153497
142,0.16258435583256065
143,0.16258277217872782
144,0.16258121894025918
145,0.162579695323775
146,0.1625782005613115
147,0.16257673390937855
148,0.16257529464805734
149,0.16257388208013393
150,0.1625724955302686
151,0.16257113434419865
152,0.1625697978879741
153,0.16256848554722333
154,0.16256719672644865
155,0.16256593084835078
156,0.1625646873531793
157,0.16256346569811067
158,0.16256226535664775
159,0.16256108581804807
160,0.16255992658676988
161,0.16255878718194228
162,0.16255766713685704
163,0.16255656599847726
164,0.16255548332696929
165,0.1625544186952482
166,0.16255337168854533
167,0.1625523419039886
168,0.16255132895020155
169,0.162550332446917
170,0.16254935202460546
171,0.16254838732411533
172,0.16254743799633195
173,0.16254650370184423
174,0.16254558411062642
175,0.1625446789017314
176,0.16254378776299505
177,0.16254291039075155
178,0.16254204648956
179,0.16254119577193935
180,0.16254035795811572
181,0.1625395327757755
182,0.1625387199598304
183,0.16253791925219
184,0.1625371304015411
185,0.16253635316313805
186,0.16253558729859718
187,0.16253483257570042
188,0.1625340887682065
189,0.16253335565566607
190,0.16253263302324653
191,0.16253192066156186
192,0.16253121836650614
193,0.16253052593909686
194,0.1625298431853203
195,0.1625291699159839
196,0.16252850594657298
197,0.16252785109711293
198,0.16252720519203598
199,0.16252656806005122
200,0.1625259395340219
201,0.16252531945084284
202,0.16252470765132548
203,0.16252410398008546
204,0.1625235082854328
205,0.16252292041926716
206,0.16252234023697665
207,0.16252176759733933
208,0.16252120236242648
209,0.16252064439751296
210,0.16252009357098568
211,0.16251954975425947
212,0.16251901282169115
213,0.1625184826505014
214,0.1625179591206943
215,0.16251744211498254
216,0.16251693151871344
217,0.16251642721979892
218,0.1625159291086452
219,0.162515437078087
220,0.1625149510233222
221,0.16251447084185047
222,0.16251399643341025
223,0.1625135276999222
224,0.16251306454543046
225,0.1625126068760482
226,0.16251215459990373
227,0.16251170762708766
228,0.16251126586960352
229,0.16251082924131835
230,0.16251039765791472
231,0.16250997103684525
232,0.16250954929728667
233,0.16250913236009865
234,0.1625087201477786
235,0.1625083125844231
236,0.1625079095956875
237,0.16250751110874653
238,0.16250711705225757
239,0.16250672735632402
240,0.1625063419524595
241,0.16250596077355456
242,0.1625055837538421
243,0.1625052108288657
244,0.16250484193544737
245,0.1625044770116577
246,0.16250411599678508
247,0.16250375883130752
248,0.16250340545686456
249,0.1625030558162294
250,0.1625027098532818
251,0.1625023675129835
252,0.16250202874135208
253,0.16250169348543625
254,0.1625013616932929
255,0.1625010333139628
256,0.1625007082974492
257,0.1625003865946946
258,0.16250006815756055
259,0.16249975293880595
260,0.16249944089206675
261,0.162499131971837
262,0.16249882613344888
263,0.16249852333305453
264,0.1624982235276073
265,0.16249792667484378
266,0.1624976327332678
267,0.16249734166213206
268,0.16249705342142287
269,0.16249676797184276
270,0.16249648527479715
271,0.16249620529237643
272,0.16249592798734314
273,0.16249565332311697
274,0.1624953812637602
275,0.1624951117739648
276,0.1624948448190382
277,0.16249458036489137
278,0.16249431837802442
279,0.16249405882551615
280,0.16249380167501024
281,0.16249354689470452
282,0.16249329445333904
283,0.16249304432018516
284,0.16249279646503365
285,0.16249255085818537
286,0.16249230747044008
287,0.16249206627308566
288,0.16249182723788938
289,0.16249159033708765
290,0.16249135554337574
291,0.16249112282990053
292,0.16249089217024887
293,0.1624906635384414
294,0.16249043690892145
295,0.1624902122565489
296,0.16248998955659016
297,0.16248976878471116
298,0.1624895499169689
299,0.16248933292980453
300,0.16248911780003517
301,0.16248890450484688
302,0.16248869302178773
303,0.16248848332876015
304,0.16248827540401478
305,0.16248806922614334
306,0.1624878647740727
307,0.16248766202705794
308,0.16248746096467587
309,0.16248726156681959
310,0.16248706381369285
311,0.1624868676858027
312,0.1624866731639558
313,0.16248648022925052
314,0.16248628886307406
315,0.162486099047095
316,0.16248591076325908
317,0.16248572399378397
318,0.1624855387211545
319,0.16248535492811672
320,0.16248517259767487
321,0.16248499171308506
322,0.16248481225785172
323,0.16248463421572248
324,0.16248445757068442
325,0.16248428230695894
326,0.16248410840899874
327,0.1624839358614822
328,0.16248376464931072
329,0.16248359475760427
330,0.16248342617169703
331,0.16248325887713436
332,0.16248309285966908
333,0.16248292810525694
334,0.16248276460005392
335,0.16248260233041295
336,0.16248244128287942
337,0.16248228144418908
338,0.16248212280126395
339,0.16248196534120907
340,0.16248180905131007
341,0.1624816539190296
342,0.16248149993200428
343,0.16248134707804185
344,0.1624811953451183
345,0.16248104472137512
346,0.16248089519511624
347,0.16248074675480575
348,0.16248059938906437
349,0.16248045308666825
350,0.16248030783654518
351,0.16248016362777187
352,0.16248002044957358
353,0.16247987829131835
354,0.16247973714251768
355,0.16247959699282316
356,0.16247945783202272
357,0.16247931965004125
358,0.16247918243693568
359,0.16247904618289447
360,0.162478910878235
361,0.1624787765134019
362,0.16247864307896367
363,0.1624785105656124
364,0.16247837896416115
365,0.1624782482655413
366,0.16247811846080168
367,0.1624779895411062
368,0.16247786149773288
369,0.16247773432207036
370,0.16247760800561734
371,0.16247748253998162
372,0.16247735791687604
373,0.1624772341281196
374,0.16247711116563351
375,0.16247698902144125
376,0.16247686768766595
377,0.1624767471565295
378,0.16247662742035035
379,0.16247650847154327
380,0.16247639030261646
381,0.1624762729061705
382,0.16247615627489795
383,0.16247604040158078
384,0.16247592527908955
385,0.16247581090038204
386,0.1624756972585018
387,0.1624755843465772
388,0.162475472157819
389,0.16247536068552193
390,0.16247524992305942
391,0.16247513986388615
392,0.1624750305015346
393,0.16247492182961465
394,0.1624748138418126
395,0.16247470653188956
396,0.1624745998936808
397,0.16247449392109456
398,0.16247438860811114
399,0.16247428394878105
400,0.16247417993722543
401,0.1624740765676334
402,0.16247397383426254
403,0.1624738717314367
404,0.16247377025354623
405,0.16247366939504618
406,0.16247356915045533
407,0.16247346951435598
408,0.16247337048139254
409,0.1624732720462708
410,0.1624731742037571
411,0.16247307694867738
412,0.16247298027591583
413,0.16247288418041575
414,0.16247278865717657
415,0.16247269370125508
416,0.16247259930776287
417,0.16247250547186673
418,0.1624724121887873
419,0.1624723194537993
420,0.16247222726222868
421,0.16247213560945473
422,0.16247204449090763
423,0.16247195390206687
424,0.16247186383846338
425,0.16247177429567594
426,0.16247168526933292
427,0.1624715967551096
428,0.16247150874872865
429,0.16247142124595937
430,0.16247133424261767
431,0.16247124773456326
432,0.16247116171770223
433,0.16247107618798326
434,0.1624709911413999
435,0.16247090657398766
436,0.16247082248182496
437,0.16247073886103192
438,0.16247065570777
439,0.16247057301824117
440,0.16247049078868822
441,0.16247040901539284
442,0.16247032769467648
443,0.16247024682289912
444,0.16247016639645856
445,0.16247008641179123
446,0.1624700068653695
447,0.16246992775370325
448,0.16246984907333864
449,0.1624697708208571
450,0.1624696929928761
451,0.16246961558604747
452,0.16246953859705737
453,0.16246946202262644
454,0.1624693858595086
455,0.16246931010449114
456,0.16246923475439384
457,0.1624691598060688
458,0.16246908525640072
459,0.1624690111023046
460,0.16246893734072754
461,0.16246886396864726
462,0.16246879098307135
463,0.16246871838103796
464,0.1624686461596147
465,0.16246857431589806
466,0.16246850284701408
467,0.1624684317501171
468,0.162468361022389
469,0.1624682906610407
470,0.16246822066330988
471,0.16246815102646137
472,0.16246808174778726
473,0.16246801282460602
474,0.16246794425426167
475,0.16246787603412538
476,0.16246780816159315
477,0.16246774063408587
478,0.16246767344905036
479,0.1624676066039576
480,0.1624675400963027
481,0.16246747392360555
482,0.16246740808340918
483,0.1624673425732806
484,0.16246727739081004
485,0.16246721253361027
486,0.16246714799931714
487,0.1624670837855891
488,0.1624670198901066
489,0.16246695631057173
490,0.1624668930447086
491,0.16246683009026286
492,0.16246676744500085
493,0.1624667051067102
494,0.16246664307319933
495,0.16246658134229658
496,0.16246651991185093
497,0.16246645877973145
498,0.16246639794382606
499,0.16246633740204403
500,0.16246627715231166
501,0.16246621719257637
502,0.16246615752080296
503,0.16246609813497584
504,0.16246603903309734
505,0.1624659802131881
506,0.16246592167328688
507,0.16246586341145053
508,0.1624658054257532
509,0.16246574771428673
510,0.16246569027515925
511,0.16246563310649756
512,0.16246557620644403
513,0.1624655195731583
514,0.16246546320481606
515,0.16246540709961008
516,0.16246535125574837
517,0.1624652956714554
518,0.1624652403449713
519,0.1624651852745518
520,0.16246513045846805
521,0.16246507589500614
522,0.16246502158246837
523,0.16246496751917047
524,0.16246491370344407
525,0.16246486013363465
526,0.1624648068081027
527,0.16246475372522295
528,0.1624647008833838
529,0.1624646482809885
530,0.16246459591645324
531,0.16246454378820813
532,0.1624644918946973
533,0.16246444023437798
534,0.1624643888057205
535,0.16246433760720858
536,0.16246428663733903
537,0.16246423589462106
538,0.1624641853775766
539,0.16246413508474095
540,0.1624640850146608
541,0.16246403516589594
542,0.1624639855370181
543,0.1624639361266109
544,0.16246388693327
545,0.16246383795560318
546,0.16246378919222934
547,0.16246374064177946
548,0.16246369230289556
549,0.1624636441742314
550,0.16246359625445198
551,0.16246354854223236
552,0.1624635010362601
553,0.16246345373523252
554,0.16246340663785838
555,0.16246335974285692
556,0.1624633130489575
557,0.1624632665549003
558,0.16246322025943594
559,0.16246317416132525
560,0.16246312825933867
561,0.16246308255225725
562,0.16246303703887166
563,0.1624629917179825
564,0.16246294658840024
565,0.16246290164894459
566,0.16246285689844506
567,0.16246281233574064
568,0.16246276795967957
569,0.1624627237691191
570,0.16246267976292614
571,0.1624626359399764
572,0.1624625922991544
573,0.16246254883935407
574,0.16246250555947742
575,0.16246246245843549
576,0.16246241953514837
577,0.1624623767885445
578,0.1624623342175599
579,0.16246229182114041
580,0.16246224959823913
581,0.16246220754781768
582,0.16246216566884597
583,0.16246212396030174
584,0.16246208242117083
585,0.16246204105044706
586,0.16246199984713192
587,0.1624619588102347
588,0.1624619179387726
589,0.16246187723176997
590,0.16246183668825906
591,0.1624617963072796
592,0.16246175608787822
593,0.16246171602910967
594,0.16246167613003526
595,0.16246163638972372
596,0.1624615968072509
597,0.1624615573817
598,0.1624615181121608
599,0.16246147899773
600,0.16246144003751153
601,0.16246140123061525
602,0.16246136257615892
603,0.1624613240732664
604,0.16246128572106772
605,0.16246124751870009
606,0.1624612094653069
607,0.16246117156003823
608,0.1624611338020502
609,0.1624610961905053
610,0.16246105872457217
611,0.16246102140342591
612,0.1624609842262478
613,0.16246094719222484
614,0.16246091030055018
615,0.16246087355042294
616,0.16246083694104796
617,0.16246080047163688
618,0.16246076414140573
619,0.16246072794957706
620,0.16246069189537907
621,0.16246065597804568
622,0.16246062019681604
623,0.1624605845509353
624,0.16246054903965373
625,0.16246051366222683
626,0.1624604784179166
627,0.1624604433059892
628,0.16246040832571668
629,0.162460373476376
630,0.16246033875724963
631,0.162460304167625
632,0.16246026970679484
633,0.16246023537405677
634,0.16246020116871346
635,0.16246016709007277
636,0.16246013313744714
637,0.1624600993101543
638,0.16246006560751627
639,0.16246003202886064
640,0.1624599985735191
641,0.16245996524082823
642,0.16245993203012937
643,0.16245989894076895
644,0.16245986597209672
645,0.16245983312346848
646,0.1624598003942437
647,0.16245976778378662
648,0.16245973529146535
649,0.16245970291665343
650,0.16245967065872813
651,0.16245963851707065
652,0.16245960649106767
653,0.1624595745801086
654,0.1624595427835886
655,0.1624595111009058
656,0.16245947953146317
657,0.1624594480746677
658,0.1624594167299302
659,0.1624593854966656
660,0.16245935437429293
661,0.16245932336223542
662,0.16245929245991964
663,0.1624592616667766
664,0.16245923098224088
665,0.16245920040575118
666,0.16245916993674978
667,0.16245913957468291
668,0.16245910931899993
669,0.16245907916915522
670,0.16245904912460543
671,0.1624590191848118
672,0.16245898934923847
673,0.1624589596173543
674,0.16245892998863015
675,0.16245890046254188
676,0.16245887103856782
677,0.16245884171619032
678,0.1624588124948954
679,0.16245878337417166
680,0.1624587543535115
681,0.1624587254324112
682,0.16245869661036944
683,0.1624586678868889
684,0.1624586392614755
685,0.16245861073363801
686,0.1624585823028887
687,0.16245855396874312
688,0.16245852573071973
689,0.1624584975883403
690,0.1624584695411297
691,0.16245844158861591
692,0.16245841373033007
693,0.1624583859658063
694,0.16245835829458158
695,0.162458330716196
696,0.16245830323019292
697,0.16245827583611833
698,0.162458248533521
699,0.16245822132195284
700,0.16245819420096852
701,0.16245816717012612
702,0.16245814022898572
703,0.162458113377111
704,0.16245808661406758
705,0.1624580599394243
706,0.1624580333527531
707,0.16245800685362816
708,0.16245798044162643
709,0.16245795411632766
710,0.16245792787731403
711,0.16245790172417096
712,0.1624578756564857
713,0.16245784967384858
714,0.1624578237758527
715,0.16245779796209303
716,0.16245777223216773
717,0.1624577465856773
718,0.16245772102222414
719,0.16245769554141448
720,0.16245767014285548
721,0.16245764482615804
722,0.1624576195909344
723,0.16245759443680005
724,0.16245756936337244
725,0.16245754437027166
726,0.16245751945711956
727,0.16245749462354103
728,0.16245746986916304
729,0.16245744519361463
730,0.16245742059652746
731,0.16245739607753534
732,0.16245737163627363
733,0.16245734727238137
734,0.16245732298549873
735,0.16245729877526835
736,0.16245727464133497
737,0.1624572505833455
738,0.1624572266009491
739,0.1624572026937973
740,0.16245717886154312
741,0.1624571551038424
742,0.1624571314203523
743,0.1624571078107326
744,0.1624570842746452
745,0.1624570608117531
746,0.16245703742172304
747,0.16245701410422186
748,0.1624569908589198
749,0.16245696768548853
750,0.16245694458360146
751,0.16245692155293437
752,0.16245689859316476
753,0.16245687570397208
754,0.1624568528850376
755,0.1624568301360447
756,0.16245680745667881
757,0.16245678484662632
758,0.16245676230557632
759,0.16245673983321976
760,0.16245671742924872
761,0.16245669509335792
762,0.16245667282524312
763,0.16245665062460238
764,0.1624566284911355
765,0.16245660642454365
766,0.16245658442453006
767,0.1624565624907995
768,0.16245654062305892
769,0.16245651882101647
770,0.16245649708438192
771,0.1624564754128676
772,0.16245645380618612
773,0.16245643226405287
774,0.1624564107861848
775,0.1624563893722997
776,0.16245636802211777
777,0.16245634673536075
778,0.16245632551175124
779,0.16245630435101452
780,0.16245628325287656
781,0.16245626221706544
782,0.16245624124331046
783,0.1624562203313426
784,0.16245619948089446
785,0.1624561786917001
786,0.16245615796349475
787,0.1624561372960161
788,0.16245611668900198
789,0.1624560961421928
790,0.16245607565532988
791,0.16245605522815615
792,0.16245603486041635
793,0.16245601455185602
794,0.16245599430222235
795,0.16245597411126408
796,0.16245595397873164
797,0.16245593390437607
798,0.1624559138879505
799,0.16245589392920892
800,0.16245587402790732
801,0.16245585418380248
802,0.1624558343966529
803,0.1624558146662181
804,0.16245579499225918
805,0.16245577537453837
806,0.16245575581281965
807,0.16245573630686763
808,0.16245571685644902
809,0.16245569746133093
810,0.16245567812128228
811,0.1624556588360732
812,0.16245563960547516
813,0.16245562042926087
814,0.1624556013072039
815,0.16245558223907958
816,0.1624555632246641
817,0.162455544263735
818,0.1624555253560713
819,0.1624555065014527
820,0.16245548769966048
821,0.16245546895047688
822,0.1624554502536857
823,0.16245543160907133
824,0.16245541301641958
825,0.16245539447551793
826,0.16245537598615434
827,0.16245535754811788
828,0.1624553391611991
829,0.16245532082518974
830,0.16245530253988244
831,0.16245528430507086
832,0.16245526612054992
833,0.16245524798611571
834,0.16245522990156533
835,0.1624552118666968
836,0.16245519388130975
837,0.1624551759452041
838,0.16245515805818117
839,0.16245514022004354
840,0.1624551224305948
841,0.16245510468963914
842,0.16245508699698233
843,0.1624550693524312
844,0.16245505175579283
845,0.16245503420687607
846,0.16245501670549034
847,0.16245499925144663
848,0.162454981844556
849,0.1624549644846316
850,0.16245494717148665
851,0.16245492990493576
852,0.16245491268479434
853,0.16245489551087883
854,0.16245487838300715
855,0.16245486130099712
856,0.1624548442646684
857,0.1624548272738408
858,0.1624548103283358
859,0.16245479342797586
860,0.16245477657258323
861,0.16245475976198226
862,0.1624547429959981
863,0.16245472627445606
864,0.1624547095971828
865,0.16245469296400591
866,0.16245467637475394
867,0.1624546598292561
868,0.16245464332734258
869,0.1624546268688445
870,0.1624546104535935
871,0.16245459408142265
872,0.16245457775216512
873,0.1624545614656561
874,0.1624545452217299
875,0.16245452902022356
876,0.16245451286097326
877,0.16245449674381754
878,0.16245448066859447
879,0.1624544646351438
880,0.16245444864330544
881,0.16245443269292079
882,0.16245441678383124
883,0.1624544009158796
884,0.16245438508890941
885,0.16245436930276497
886,0.16245435355729093
887,0.16245433785233296
888,0.162454322187738
889,0.16245430656335336
890,0.16245429097902664
891,0.16245427543460683
892,0.16245425992994372
893,0.16245424446488746
894,0.16245422903928902
895,0.1624542136530002
896,0.16245419830587357
897,0.16245418299776226
898,0.16245416772852056
899,0.16245415249800266
900,0.1624541373060645
901,0.16245412215256191
902,0.16245410703735153
903,0.1624540919602914
904,0.16245407692123934
905,0.162454061920054
906,0.16245404695659568
907,0.1624540320307244
908,0.16245401714230084
909,0.16245400229118695
910,0.162453987477245
911,0.16245397270033804
912,0.1624539579603295
913,0.16245394325708382
914,0.1624539285904662
915,0.1624539139603419
916,0.16245389936657723
917,0.16245388480903936
918,0.1624538702875958
919,0.16245385580211458
920,0.16245384135246468
921,0.16245382693851543
922,0.16245381256013683
923,0.16245379821720016
924,0.16245378390957618
925,0.162453769637137
926,0.16245375539975515
927,0.16245374119730388
928,0.16245372702965694
929,0.16245371289668853
930,0.16245369879827395
931,0.16245368473428848
932,0.16245367070460837
933,0.1624536567091104
934,0.16245364274767185
935,0.16245362882017061
936,0.1624536149264849
937,0.16245360106649445
938,0.16245358724007827
939,0.16245357344711703
940,0.1624535596874907
941,0.1624535459610814
942,0.16245353226777062
943,0.16245351860744084
944,0.16245350497997513
945,0.16245349138525678
946,0.16245347782316988
947,0.16245346429359928
948,0.16245345079643017
949,0.1624534373315477
950,0.16245342389883874
951,0.16245341049818934
952,0.16245339712948742
953,0.1624533837926203
954,0.1624533704874764
955,0.16245335721394474
956,0.1624533439719142
957,0.16245333076127508
958,0.16245331758191747
959,0.16245330443373232
960,0.16245329131661113
961,0.16245327823044556
962,0.1624532651751278
963,0.1624532521505511
964,0.16245323915660836
965,0.16245322619319374
966,0.16245321326020148
967,0.16245320035752606
968,0.1624531874850632
969,0.1624531746427084
970,0.16245316183035782
971,0.16245314904790834
972,0.16245313629525715
973,0.16245312357230146
974,0.16245311087893977
975,0.1624530982150706
976,0.1624530855805927
977,0.1624530729754059
978,0.16245306039940968
979,0.16245304785250475
980,0.1624530353345916
981,0.16245302284557184
982,0.16245301038534699
983,0.16245299795381932
984,0.16245298555089122
985,0.16245297317646595
986,0.16245296083044652
987,0.1624529485127374
988,0.16245293622324228
989,0.16245292396186653
990,0.16245291172851484
991,0.16245289952309283
992,0.16245288734550672
993,0.1624528751956631
994,0.16245286307346807
995,0.16245285097882947
996,0.16245283891165518
997,0.1624528268718524
998,0.16245281485933036
999,0.16245280287399746
1000,0.1624527909157634
1001,0.16245277898453744
1002,0.16245276708023
1003,0.16245275520275151
1004,0.16245274335201246
1005,0.16245273152792425
1006,0.16245271973039874
1007,0.16245270795934771
1008,0.1624526962146837
1009,0.16245268449631944
1010,0.16245267280416828
1011,0.16245266113814327
1012,0.16245264949815885
1013,0.1624526378841291
1014,0.16245262629596885
1015,0.16245261473359274
1016,0.16245260319691648
1017,0.1624525916858557
1018,0.16245258020032663
1019,0.16245256874024572
1020,0.16245255730553
1021,0.1624525458960963
1022,0.16245253451186262
1023,0.16245252315274655
1024,0.16245251181866666
1025,0.1624525005095414
1026,0.16245248922528951
1027,0.16245247796583076
1028,0.16245246673108432
1029,0.16245245552097073
1030,0.16245244433540995
1031,0.1624524331743231
1032,0.16245242203763055
1033,0.16245241092525425
1034,0.16245239983711568
1035,0.16245238877313684
1036,0.16245237773324034
1037,0.1624523667173483
1038,0.1624523557253841
1039,0.1624523447572713
1040,0.16245233381293323
1041,0.16245232289229397
1042,0.16245231199527782
1043,0.16245230112180947
1044,0.16245229027181382
1045,0.16245227944521598
1046,0.16245226864194204
1047,0.1624522578619174
1048,0.16245224710506817
1049,0.16245223637132108
1050,0.1624522256606031
1051,0.16245221497284104
1052,0.1624522043079624
1053,0.16245219366589508
1054,0.16245218304656692
1055,0.16245217244990637
1056,0.1624521618758419
1057,0.16245215132430257
1058,0.1624521407952176
1059,0.1624521302885162
1060,0.16245211980412863
1061,0.16245210934198465
1062,0.16245209890201498
1063,0.16245208848414966
1064,0.1624520780883201
1065,0.16245206771445755
1066,0.16245205736249352
1067,0.1624520470323597
1068,0.1624520367239881
1069,0.1624520264373112
1070,0.16245201617226157
1071,0.16245200592877232
1072,0.16245199570677646
1073,0.16245198550620726
1074,0.1624519753269987
1075,0.1624519651690849
1076,0.16245195503239984
1077,0.1624519449168782
1078,0.16245193482245487
1079,0.1624519247490645
1080,0.1624519146966433
