1,0.16215005443637853
2,0.15495349287995758
3,0.15482817078038014
4,0.15470211225424338
5,0.15457840349273513
6,0.15445990925440697
7,0.15434892500986372
8,0.15424698095876352
9,0.1541548224036493
10,0.15407252478412026
11,0.15399967408737222
12,0.1539355519295929
13,0.1538792895660956
14,0.1538299787304769
15,0.1537867420110069
16,0.1537487717147649
17,0.15371534699487036
18,0.153685837387341
19,0.15365969866088913
20,0.15363646487636295
21,0.15361573904130957
22,0.15359718371432277
23,0.15358051225767413
24,0.15356548104229237
25,0.15355188268530126
26,0.15353954028218467
27,0.1535283025401708
28,0.15351803969948483
29,0.1535086401282335
30,0.15350000748511883
31,0.15349205835649538
32,0.15348472028745302
33,0.1534779301391534
34,0.15347163271589218
35,0.15346577961508734
36,0.15346032826161948
37,0.15345524109481237
38,0.15345048488201876
39,0.15344603013743066
40,0.15344185062855234
41,0.15343792295588582
42,0.15343422619392097
43,0.15343074158360498
44,0.1534274522681509
45,0.15342434306544211
46,0.15342140027142148
47,0.15341861148978755
48,0.1534159654840865
49,0.1534134520489254
50,0.1534110618975517
51,0.15340878656347764
52,0.15340661831419097
53,0.1534045500752903
54,0.1534025753636364
55,0.15340068822831562
56,0.15339888319839454
57,0.15339715523658695
58,0.15339549969808153
59,0.15339391229388255
60,0.15339238905810879
61,0.1533909263187677
62,0.15338952067158956
63,0.15338816895655738
64,0.15338686823682413
65,0.15338561577973783
66,0.15338440903973827
67,0.1533832456429196
68,0.15338212337306886
69,0.15338104015902654
70,0.1533799940632243
71,0.15337898327127594
72,0.15337800608251345
73,0.15337706090136916
74,0.15337614622951742
75,0.15337526065870374
76,0.15337440286418813
77,0.1533735715987458
78,0.1533727656871712
79,0.1533719840212366
80,0.15337122555506227
81,0.15337048930086175
82,0.15336977432502494
83,0.15336907974451092
84,0.15336840472352106
85,0.1533677484704292
86,0.15336711023494254
87,0.15336648930548033
88,0.15336588500674267
89,0.1533652966974621
90,0.153364723768315
91,0.15336416563998576
92,0.1533636217613671
93,0.15336309160788758
94,0.15336257467995415
95,0.15336207050150444
96,0.15336157861865443
97,0.15336109859843972
98,0.15336063002763903
99,0.15336017251167683
100,0.15335972567359613
101,0.15335928915309913
102,0.15335886260564807
103,0.15335844570162419
104,0.15335803812553792
105,0.15335763957528997
106,0.15335724976147658
107,0.15335686840673843
108,0.15335649524514625
109,0.153356130021627
110,0.15335577249142107
111,0.15335542241957217
112,0.153355079580448
113,0.15335474375728614
114,0.15335441474176909
115,0.15335409233362043
116,0.15335377634022518
117,0.15335346657627194
118,0.1533531628634122
119,0.15335286502994142
120,0.15335257291049514
121,0.15335228634576265
122,0.15335200518221473
123,0.1533517292718476
124,0.15335145847193876
125,0.15335119264481548
126,0.15335093165763639
127,0.15335067538218378
128,0.1533504236946657
129,0.1533501764755292
130,0.15334993360928129
131,0.15334969498432138
132,0.15334946049277887
133,0.1533492300303613
134,0.15334900349620736
135,0.15334878079274974
136,0.15334856182558276
137,0.15334834650333565
138,0.15334813473755418
139,0.15334792644258483
140,0.15334772153546758
141,0.15334751993583068
142,0.1533473215657914
143,0.1533471263498619
144,0.15334693421485904
145,0.15334674508981685
146,0.15334655890590498
147,0.15334637559634956
148,0.1533461950963566
149,0.1533460173430411
150,0.15334584227535836
151,0.15334566983403541
152,0.15334549996151037
153,0.15334533260186992
154,0.15334516770079298
155,0.15334500520549244
156,0.15334484506466436
157,0.1533446872284353
158,0.15334453164831385
159,0.15334437827714295
160,0.15334422706905534
161,0.15334407797942978
162,0.1533439309648493
163,0.1533437859830616
164,0.15334364299294018
165,0.1533435019544476
166,0.15334336282860037
167,0.15334322557743363
168,0.15334309016396988
169,0.15334295655218622
170,0.15334282470698418
171,0.15334269459416136
172,0.15334256618038222
173,0.1533424394331512
174,0.1533423143207876
175,0.15334219081239892
176,0.1533420688778577
177,0.15334194848777796
178,0.15334182961349271
179,0.15334171222703222
180,0.15334159630110306
181,0.15334148180906804
182,0.15334136872492693
183,0.1533412570232972
184,0.15334114667939655
185,0.15334103766902465
186,0.15334092996854767
187,0.15334082355487977
188,0.15334071840546942
189,0.1533406144982834
190,0.15334051181179176
191,0.15334041032495407
192,0.15334031001720597
193,0.15334021086844532
194,0.15334011285901888
195,0.153340015969712
196,0.15333992018173423
197,0.15333982547670894
198,0.15333973183666189
199,0.15333963924401062
200,0.15333954768155325
201,0.15333945713245886
202,0.15333936758025749
203,0.15333927900883026
204,0.15333919140240104
205,0.15333910474552637
206,0.15333901902308733
207,0.1533389342202811
208,0.153338850322613
209,0.15333876731588797
210,0.1533386851862033
211,0.1533386039199415
212,0.15333852350376287
213,0.15333844392459775
214,0.15333836516964108
215,0.15333828722634463
216,0.15333821008241172
217,0.15333813372578972
218,0.15333805814466522
219,0.1533379833274572
220,0.15333790926281302
221,0.1533378359396004
222,0.15333776334690422
223,0.15333769147402002
224,0.15333762031045023
225,0.1533375498458976
226,0.15333748007026216
227,0.15333741097363504
228,0.1533373425462953
229,0.15333727477870462
230,0.15333720766150363
231,0.15333714118550687
232,0.15333707534170038
233,0.15333701012123632
234,0.15333694551542937
235,0.15333688151575367
236,0.15333681811383923
237,0.1533367553014673
238,0.15333669307056802
239,0.15333663141321746
240,0.15333657032163245
241,0.1533365097881699
242,0.1533364498053219
243,0.15333639036571356
244,0.15333633146209985
245,0.15333627308736295
246,0.15333621523450955
247,0.15333615789666755
248,0.15333610106708398
249,0.153336044739123
250,0.15333598890626207
251,0.15333593356209066
252,0.15333587870030707
253,0.15333582431471665
254,0.15333577039923016
255,0.1533357169478594
256,0.15333566395471804
257,0.1533356114140173
258,0.15333555932006412
259,0.15333550766726095
260,0.15333545645010166
261,0.15333540566317072
262,0.15333535530114126
263,0.1533353053587737
264,0.15333525583091298
265,0.15333520671248757
266,0.15333515799850767
267,0.15333510968406322
268,0.15333506176432324
269,0.15333501423453347
270,0.15333496709001448
271,0.1533349203261616
272,0.15333487393844206
273,0.15333482792239472
274,0.1533347822736277
275,0.15333473698781716
276,0.1533346920607073
277,0.15333464748810702
278,0.15333460326589043
279,0.15333455938999446
280,0.15333451585641825
281,0.1533344726612218
282,0.15333442980052503
283,0.15333438727050602
284,0.15333434506740104
285,0.15333430318750216
286,0.15333426162715738
287,0.15333422038276875
288,0.15333417945079136
289,0.1533341388277337
290,0.1533340985101546
291,0.15333405849466433
292,0.15333401877792205
293,0.15333397935663573
294,0.1533339402275615
295,0.1533339013875021
296,0.1533338628333063
297,0.15333382456186861
298,0.15333378657012725
299,0.15333374885506526
300,0.15333371141370716
301,0.1533336742431208
302,0.15333363734041502
303,0.15333360070273933
304,0.15333356432728318
305,0.15333352821127538
306,0.15333349235198346
307,0.1533334567467127
308,0.15333342139280579
309,0.15333338628764198
310,0.1533333514286367
311,0.15333331681324044
312,0.15333328243893896
313,0.15333324830325187
314,0.1533332144037328
315,0.153333180737968
316,0.1533331473035765
317,0.15333311409820966
318,0.1533330811195493
319,0.1533330483653092
320,0.15333301583323322
321,0.1533329835210946
322,0.15333295142669712
323,0.153332919547872
324,0.15333288788248062
325,0.153332856428411
326,0.15333282518357919
327,0.15333279414592874
328,0.15333276331342943
329,0.15333273268407677
330,0.1533327022558937
331,0.15333267202692663
332,0.1533326419952484
333,0.15333261215895602
334,0.15333258251617016
335,0.15333255306503618
336,0.1533325238037223
337,0.15333249473042027
338,0.15333246584334465
339,0.15333243714073144
340,0.15333240862083958
341,0.1533323802819496
342,0.1533323521223631
343,0.15333232414040296
344,0.15333229633441237
345,0.15333226870275538
346,0.15333224124381595
347,0.1533322139559976
348,0.1533321868377237
349,0.15333215988743637
350,0.15333213310359672
351,0.15333210648468504
352,0.1533320800291991
353,0.1533320537356551
354,0.1533320276025869
355,0.15333200162854652
356,0.1533319758121023
357,0.15333195015183995
358,0.15333192464636222
359,0.15333189929428795
360,0.15333187409425228
361,0.15333184904490685
362,0.15333182414491836
363,0.15333179939296984
364,0.15333177478775897
365,0.1533317503279992
366,0.15333172601241823
367,0.1533317018397588
368,0.1533316778087784
369,0.15333165391824785
370,0.1533316301669533
371,0.15333160655369382
372,0.1533315830772824
373,0.15333155973654541
374,0.15333153653032325
375,0.15333151345746818
376,0.1533314905168463
377,0.15333146770733608
378,0.15333144502782883
379,0.15333142247722772
380,0.1533314000544489
381,0.15333137775841965
382,0.15333135558807975
383,0.1533313335423807
384,0.15333131162028532
385,0.15333128982076796
386,0.15333126814281403
387,0.15333124658542022
388,0.15333122514759404
389,0.15333120382835377
390,0.15333118262672876
391,0.1533311615417581
392,0.15333114057249211
393,0.15333111971799027
394,0.153331098977323
395,0.15333107834957063
396,0.15333105783382298
397,0.15333103742917933
398,0.15333101713474953
399,0.15333099694965166
400,0.1533309768730139
401,0.15333095690397328
402,0.1533309370416759
403,0.153330917285277
404,0.15333089763394064
405,0.15333087808683918
406,0.1533308586431544
407,0.15333083930207572
408,0.1533308200628015
409,0.15333080092453796
410,0.15333078188650032
411,0.15333076294791065
412,0.1533307441079998
413,0.15333072536600637
414,0.15333070672117657
415,0.15333068817276443
416,0.15333066972003126
417,0.1533306513622465
418,0.1533306330986862
419,0.15333061492863392
420,0.1533305968513809
421,0.15333057886622484
422,0.15333056097247064
423,0.1533305431694304
424,0.15333052545642292
425,0.1533305078327736
426,0.15333049029781487
427,0.1533304728508853
428,0.15333045549132995
429,0.15333043821850123
430,0.1533304210317565
431,0.15333040393046102
432,0.1533303869139843
433,0.15333036998170402
434,0.15333035313300236
435,0.1533303363672683
436,0.15333031968389643
437,0.15333030308228737
438,0.1533302865618472
439,0.15333027012198777
440,0.15333025376212692
441,0.15333023748168778
442,0.1533302212800989
443,0.15333020515679444
444,0.1533301891112137
445,0.15333017314280192
446,0.1533301572510085
447,0.15333014143528909
448,0.15333012569510338
449,0.1533301100299174
450,0.15333009443920126
451,0.15333007892243017
452,0.15333006347908448
453,0.15333004810864925
454,0.15333003281061425
455,0.15333001758447373
456,0.15333000242972727
457,0.15332998734587852
458,0.15332997233243592
459,0.1533299573889123
460,0.1533299425148247
461,0.15332992770969547
462,0.15332991297305026
463,0.1533298983044194
464,0.15332988370333772
465,0.15332986916934427
466,0.1533298547019817
467,0.15332984030079733
468,0.1533298259653424
469,0.15332981169517207
470,0.1533297974898457
471,0.1533297833489263
472,0.15332976927198083
473,0.15332975525858042
474,0.1533297413082996
475,0.1533297274207168
476,0.15332971359541447
477,0.15332969983197825
478,0.1533296861299975
479,0.15332967248906568
480,0.15332965890877914
481,0.15332964538873836
482,0.15332963192854684
483,0.15332961852781185
484,0.15332960518614397
485,0.15332959190315698
486,0.15332957867846786
487,0.15332956551169774
488,0.15332955240247007
489,0.15332953935041202
490,0.1533295263551538
491,0.15332951341632886
492,0.15332950053357372
493,0.15332948770652796
494,0.1533294749348344
495,0.15332946221813903
496,0.1533294495560898
497,0.15332943694833906
498,0.15332942439454117
499,0.15332941189435387
500,0.15332939944743754
501,0.15332938705345528
502,0.1533293747120734
503,0.15332936242296052
504,0.15332935018578836
505,0.15332933800023138
506,0.1533293258659665
507,0.15332931378267353
508,0.15332930175003473
509,0.15332928976773516
510,0.15332927783546246
511,0.15332926595290686
512,0.1533292541197606
513,0.15332924233571946
514,0.1533292306004807
515,0.15332921891374454
516,0.15332920727521396
517,0.15332919568459355
518,0.15332918414159066
519,0.15332917264591528
520,0.1533291611972794
521,0.1533291497953974
