1,0.791232731728326
2,0.7911692495799407
3,0.7910846457538042
4,0.7909665835710247
5,0.7907910827979684
6,0.7905050030220161
7,0.7899647176199512
8,0.7886200639062177
9,0.778801153384841
10,0.21053025247303775
11,0.1711796652814888
12,0.17117599600848632
13,0.1711759960052844
14,0.1711759960021054
15,0.1711759959989257
16,0.17117599599574537
17,0.17117599599256447
18,0.1711759959893828
19,0.17117599598620056
20,0.17117599598301808
21,0.1711759959798344
22,0.17117599597665015
23,0.17117599597346506
24,0.1711759959702789
25,0.1711759959670922
26,0.17117599596390434
27,0.1711759959607156
28,0.17117599595752597
29,0.1711759959543349
30,0.17117599595114313
31,0.17117599594794974
32,0.17117599594475522
33,0.17117599594155922
34,0.1711759959383618
35,0.17117599593516314
36,0.17117599593196267
37,0.17117599592876076
38,0.17117599592555666
39,0.17117599592235083
40,0.17117599591914304
41,0.17117599591593285
42,0.1711759959127207
43,0.17117599590950597
44,0.17117599590628857
45,0.17117599590306856
46,0.17117599589984558
47,0.17117599589661917
48,0.17117599589338983
49,0.17117599589015647
50,0.17117599588691976
51,0.17117599588367854
52,0.17117599588043295
53,0.17117599587718252
54,0.17117599587392682
55,0.1711759958706658
56,0.17117599586739857
57,0.17117599586412469
58,0.17117599586084398
59,0.1711759958575554
60,0.17117599585425833
61,0.171175995850952
62,0.17117599584763563
63,0.1711759958443081
64,0.1711759958409684
65,0.17117599583761506
66,0.17117599583424692
67,0.1711759958308619
68,0.17117599582745843
69,0.17117599582403364
70,0.1711759958205857
71,0.1711759958171113
72,0.1711759958136063
73,0.17117599581006684
74,0.17117599580648768
75,0.17117599580286239
76,0.17117599579918336
77,0.17117599579544152
78,0.17117599579162468
79,0.17117599578771844
80,0.17117599578370396
81,0.1711759957795563
82,0.17117599577524364
83,0.17117599577072168
84,0.17117599576593087
85,0.17117599576078485
86,0.17117599575515868
87,0.17117599574886036
88,0.17117599574158449
89,0.17117599573281111
90,0.1711759957215875
91,0.17117599570597536
92,0.17117599568141076
93,0.17117599563443472
94,0.17117599550540522
95,0.17117599235823322
96,0.17149089038293766
97,0.17183280510794802
98,0.1718427727650248
99,0.17184277264341796
100,0.17184277252181898
101,0.17184277240024876
102,0.17184277227870803
103,0.17184277215719615
104,0.17184277203571355
105,0.1718427719142601
106,0.17184277179283564
107,0.17184277167144008
108,0.17184277155007371
109,0.17184277142873636
110,0.17184277130742798
111,0.17184277118614874
112,0.17184277106489845
113,0.17184277094367706
114,0.17184277082248475
115,0.1718427707013214
116,0.17184277058018696
117,0.17184277045908167
118,0.17184277033800519
119,0.17184277021695768
120,0.17184277009593907
121,0.17184276997494938
122,0.17184276985398847
123,0.1718427697330565
124,0.17184276961215347
125,0.17184276949127938
126,0.1718427693704341
127,0.17184276924961764
128,0.17184276912883006
129,0.17184276900807124
130,0.1718427688873412
131,0.17184276876664015
132,0.1718427686459679
133,0.17184276852532443
134,0.17184276840470944
135,0.1718427682841238
136,0.17184276816356656
137,0.17184276804303789
138,0.1718427679225382
139,0.17184276780206711
140,0.17184276768162499
141,0.17184276756121117
142,0.1718427674408264
143,0.17184276732047027
144,0.17184276720014255
145,0.17184276707984378
146,0.17184276695957354
147,0.171842766839332
148,0.17184276671911916
149,0.1718427665989349
150,0.171842766478779
151,0.17184276635865203
152,0.17184276623855355
153,0.17184276611848387
154,0.1718427659984424
155,0.1718427658784296
156,0.1718427657584455
157,0.17184276563848985
158,0.17184276551856267
159,0.17184276539866405
160,0.171842765278794
161,0.1718427651589525
162,0.1718427650391395
163,0.17184276491935482
164,0.17184276479959865
165,0.171842764679871
166,0.17184276456017178
167,0.17184276444050112
168,0.17184276432085868
169,0.17184276420124472
170,0.17184276408165938
171,0.17184276396210224
172,0.17184276384257366
173,0.1718427637230734
174,0.17184276360360132
175,0.1718427634841577
176,0.17184276336474266
177,0.1718427632453556
178,0.17184276312599722
179,0.17184276300666707
180,0.17184276288736497
181,0.17184276276809146
182,0.1718427626488461
183,0.17184276252962913
184,0.17184276241044041
185,0.17184276229127998
186,0.17184276217214758
187,0.17184276205304372
188,0.17184276193396775
189,0.17184276181492025
190,0.171842761695901
191,0.1718427615769099
192,0.1718427614579471
193,0.17184276133901208
194,0.17184276122010556
195,0.17184276110122723
196,0.17184276098237672
197,0.17184276086355468
198,0.17184276074476085
199,0.17184276062599496
200,0.17184276050725703
201,0.17184276038854743
202,0.17184276026986592
203,0.17184276015121225
204,0.17184276003258692
205,0.17184275991398978
206,0.1718427597954202
207,0.171842759676879
208,0.1718427595583659
209,0.1718427594398808
210,0.17184275932142337
211,0.17184275920299424
212,0.17184275908459307
213,0.17184275896621998
214,0.17184275884787473
215,0.17184275872955737
216,0.171842758611268
217,0.1718427584930066
218,0.17184275837477317
219,0.17184275825656772
220,0.1718427581383903
221,0.1718427580202405
222,0.1718427579021186
223,0.17184275778402483
224,0.17184275766595855
225,0.17184275754792047
226,0.17184275742991026
227,0.1718427573119275
228,0.17184275719397302
229,0.17184275707604635
230,0.1718427569581472
231,0.17184275684027608
232,0.17184275672243277
233,0.17184275660461695
234,0.17184275648682906
235,0.1718427563690691
236,0.17184275625133677
237,0.17184275613363215
238,0.1718427560159553
239,0.17184275589830617
240,0.17184275578068486
241,0.1718427556630911
242,0.17184275554552522
243,0.17184275542798694
244,0.17184275531047608
245,0.17184275519299333
246,0.17184275507553803
247,0.1718427549581102
248,0.1718427548407103
249,0.17184275472333796
250,0.17184275460599308
251,0.17184275448867614
252,0.17184275437138655
253,0.1718427542541246
254,0.17184275413689026
255,0.1718427540196834
256,0.17184275390250425
257,0.17184275378535263
258,0.1718427536682285
259,0.17184275355113177
260,0.17184275343406266
261,0.17184275331702115
262,0.17184275320000714
263,0.1718427530830204
264,0.17184275296606147
265,0.17184275284912987
266,0.17184275273222563
267,0.17184275261534898
268,0.1718427524984996
269,0.17184275238167784
270,0.17184275226488357
271,0.1718427521481167
272,0.17184275203137694
273,0.17184275191466475
274,0.17184275179797995
275,0.17184275168132268
276,0.17184275156469253
277,0.17184275144808991
278,0.1718427513315147
279,0.1718427512149666
280,0.171842751098446
281,0.17184275098195254
282,0.17184275086548678
283,0.17184275074904803
284,0.17184275063263643
285,0.17184275051625242
286,0.17184275039989536
287,0.17184275028356583
288,0.1718427501672635
289,0.1718427500509883
290,0.17184274993474036
291,0.17184274981851977
292,0.17184274970232644
293,0.1718427495861601
294,0.1718427494700211
295,0.17184274935390914
296,0.1718427492378245
297,0.17184274912176692
298,0.17184274900573676
299,0.17184274888973353
300,0.17184274877375746
301,0.17184274865780852
302,0.17184274854188678
303,0.17184274842599206
304,0.1718427483101243
305,0.1718427481942841
306,0.17184274807847058
307,0.17184274796268414
308,0.171842747846925
309,0.1718427477311927
310,0.17184274761548743
311,0.1718427474998094
312,0.17184274738415825
313,0.17184274726853424
314,0.17184274715293707
315,0.17184274703736685
316,0.1718427469218238
317,0.17184274680630762
318,0.17184274669081845
319,0.1718427465753562
320,0.1718427464599211
321,0.17184274634451255
322,0.17184274622913134
323,0.1718427461137769
324,0.1718427459984491
325,0.17184274588314863
326,0.17184274576787487
327,0.17184274565262805
328,0.1718427455374078
329,0.171842745422215
330,0.17184274530704854
331,0.17184274519190906
332,0.17184274507679645
333,0.17184274496171065
334,0.17184274484665193
335,0.17184274473161962
336,0.17184274461661447
337,0.17184274450163584
338,0.17184274438668398
339,0.1718427442717589
340,0.17184274415686077
341,0.17184274404198918
342,0.17184274392714458
343,0.17184274381232645
344,0.17184274369753524
345,0.17184274358277066
346,0.1718427434680328
347,0.17184274335332173
348,0.17184274323863707
349,0.17184274312397937
350,0.1718427430093483
351,0.17184274289474397
352,0.17184274278016606
353,0.1718427426656148
354,0.17184274255109033
355,0.17184274243659245
356,0.17184274232212107
357,0.1718427422076764
358,0.17184274209325823
359,0.17184274197886665
360,0.17184274186450185
361,0.17184274175016342
362,0.17184274163585164
363,0.1718427415215664
364,0.17184274140730763
365,0.17184274129307553
366,0.17184274117886972
367,0.17184274106469077
368,0.17184274095053814
369,0.17184274083641188
370,0.1718427407223122
371,0.17184274060823915
372,0.17184274049419218
373,0.17184274038017194
374,0.17184274026617805
375,0.1718427401522108
376,0.17184274003826983
377,0.1718427399243553
378,0.17184273981046735
379,0.17184273969660532
380,0.17184273958277008
381,0.1718427394689611
382,0.1718427393551786
383,0.1718427392414224
384,0.1718427391276925
385,0.171842739013989
386,0.17184273890031182
387,0.17184273878666104
388,0.1718427386730365
389,0.17184273855943816
390,0.1718427384458664
391,0.17184273833232058
392,0.17184273821880133
393,0.17184273810530834
394,0.17184273799184147
395,0.17184273787840101
396,0.1718427377649866
397,0.17184273765159855
398,0.1718427375382366
399,0.1718427374249012
400,0.17184273731159191
401,0.17184273719830853
402,0.1718427370850515
403,0.17184273697182087
404,0.17184273685861612
405,0.17184273674543762
406,0.17184273663228541
407,0.17184273651915913
408,0.17184273640605904
409,0.17184273629298516
410,0.17184273617993742
411,0.17184273606691558
412,0.1718427359539201
413,0.1718427358409506
414,0.1718427357280074
415,0.17184273561508986
416,0.1718427355021986
417,0.1718427353893336
418,0.17184273527649438
419,0.17184273516368123
420,0.1718427350508941
421,0.17184273493813318
422,0.171842734825398
423,0.17184273471268904
424,0.17184273460000576
425,0.1718427344873491
426,0.17184273437471775
427,0.1718427342621128
428,0.17184273414953333
429,0.1718427340369804
430,0.17184273392445304
431,0.1718427338119516
432,0.17184273369947625
433,0.17184273358702667
434,0.17184273347460305
435,0.17184273336220537
436,0.17184273324983346
437,0.17184273313748746
438,0.17184273302516753
439,0.17184273291287333
440,0.17184273280060502
441,0.17184273268836228
442,0.17184273257614566
443,0.17184273246395482
444,0.17184273235178976
445,0.17184273223965038
446,0.171842732127537
447,0.17184273201544933
448,0.1718427319033874
449,0.17184273179135146
450,0.17184273167934122
451,0.17184273156735633
452,0.17184273145539752
453,0.17184273134346442
454,0.17184273123155705
455,0.17184273111967532
456,0.17184273100781927
457,0.1718427308959892
458,0.1718427307841845
459,0.1718427306724056
460,0.17184273056065247
461,0.17184273044892476
462,0.17184273033722297
463,0.17184273022554677
464,0.17184273011389617
465,0.171842730002271
466,0.1718427298906719
467,0.1718427297790979
468,0.17184272966754996
469,0.1718427295560275
470,0.17184272944453025
471,0.17184272933305894
472,0.17184272922161326
473,0.17184272911019305
474,0.17184272899879827
475,0.17184272888742905
476,0.1718427287760855
477,0.17184272866476735
478,0.1718427285534748
479,0.17184272844220763
480,0.17184272833096606
481,0.17184272821974977
482,0.17184272810855922
483,0.17184272799739422
484,0.17184272788625435
485,0.17184272777514015
486,0.1718427276640513
487,0.17184272755298802
488,0.17184272744195012
489,0.17184272733093767
490,0.17184272721995053
491,0.17184272710898874
492,0.17184272699805245
493,0.17184272688714153
494,0.17184272677625603
495,0.1718427266653957
496,0.17184272655456093
497,0.17184272644375156
498,0.17184272633296746
499,0.17184272622220872
500,0.1718427261114753
501,0.17184272600076694
502,0.17184272589008415
503,0.17184272577942658
504,0.17184272566879416
505,0.17184272555818728
506,0.17184272544760565
507,0.17184272533704914
508,0.17184272522651797
509,0.17184272511601206
510,0.17184272500553122
511,0.17184272489507593
512,0.17184272478464543
513,0.1718427246742405
514,0.1718427245638606
515,0.17184272445350604
516,0.1718427243431764
517,0.17184272423287236
518,0.17184272412259316
