1,0.18247076178135613
2,0.1637340751824613
3,0.16373411028111248
4,0.1637341100931732
5,0.16373410990468898
6,0.1637341097163091
7,0.16373410952803413
8,0.1637341093398637
9,0.16373410915179798
10,0.16373410896383644
11,0.16373410877597933
12,0.1637341085882266
13,0.16373410840057748
14,0.16373410821303266
15,0.16373410802559196
16,0.16373410783825507
17,0.16373410765102184
18,0.16373410746389253
19,0.1637341072768668
20,0.1637341070899444
21,0.16373410690312576
22,0.1637341067164102
23,0.1637341065297981
24,0.163734106343289
25,0.1637341061568832
26,0.16373410597058047
27,0.16373410578438044
28,0.1637341055982835
29,0.16373410541228905
30,0.16373410522639775
31,0.16373410504060887
32,0.16373410485492232
33,0.16373410466933808
34,0.16373410448385678
35,0.1637341042984774
36,0.1637341041132002
37,0.16373410392802495
38,0.16373410374295186
39,0.1637341035579806
40,0.1637341033731112
41,0.16373410318834367
42,0.1637341030036779
43,0.16373410281911344
44,0.16373410263465077
45,0.1637341024502893
46,0.16373410226602936
47,0.1637341020818706
48,0.16373410189781287
49,0.16373410171385624
50,0.16373410153000106
51,0.16373410134624655
52,0.16373410116259265
53,0.16373410097904
54,0.16373410079558767
55,0.1637341006122359
56,0.16373410042898495
57,0.16373410024583399
58,0.1637341000627837
59,0.16373409987983356
60,0.16373409969698374
61,0.16373409951423398
62,0.16373409933158414
63,0.16373409914903447
64,0.1637340989665845
65,0.16373409878423414
66,0.16373409860198357
67,0.1637340984198329
68,0.16373409823778154
69,0.16373409805582959
70,0.16373409787397725
71,0.16373409769222394
72,0.16373409751057003
73,0.1637340973290152
74,0.16373409714755924
75,0.16373409696620234
76,0.16373409678494458
77,0.16373409660378507
78,0.16373409642272477
79,0.16373409624176294
80,0.16373409606089984
81,0.16373409588013507
82,0.1637340956994688
83,0.16373409551890075
84,0.163734095338431
85,0.16373409515805942
86,0.163734094977786
87,0.16373409479761053
88,0.16373409461753297
89,0.16373409443755324
90,0.1637340942576713
91,0.163734094077887
92,0.1637340938982003
93,0.1637340937186113
94,0.16373409353911966
95,0.16373409335972533
96,0.16373409318042845
97,0.16373409300122857
98,0.163734092822126
99,0.1637340926431205
100,0.16373409246421172
101,0.1637340922854004
102,0.16373409210668538
103,0.16373409192806732
104,0.16373409174954584
105,0.16373409157112093
106,0.16373409139279274
107,0.16373409121456078
108,0.1637340910364251
109,0.1637340908583859
110,0.1637340906804429
111,0.16373409050259574
112,0.163734090324845
113,0.16373409014718993
114,0.16373408996963099
115,0.1637340897921679
116,0.16373408961480027
117,0.1637340894375285
118,0.16373408926035213
119,0.16373408908327136
120,0.16373408890628624
121,0.16373408872939635
122,0.1637340885526015
123,0.16373408837590214
124,0.16373408819929763
125,0.1637340880227885
126,0.1637340878463739
127,0.16373408767005443
128,0.1637340874938301
129,0.16373408731769998
130,0.1637340871416646
131,0.16373408696572414
132,0.16373408678987783
133,0.16373408661412625
134,0.16373408643846896
135,0.16373408626290573
136,0.16373408608743717
137,0.1637340859120622
138,0.16373408573678164
139,0.16373408556159516
140,0.16373408538650217
141,0.16373408521150323
142,0.16373408503659836
143,0.16373408486178678
144,0.1637340846870688
145,0.16373408451244453
146,0.16373408433791342
147,0.16373408416347604
148,0.16373408398913186
149,0.16373408381488097
150,0.163734083640723
151,0.16373408346665835
152,0.1637340832926866
153,0.16373408311880808
154,0.16373408294502226
155,0.16373408277132884
156,0.1637340825977285
157,0.16373408242422105
158,0.1637340822508057
159,0.16373408207748327
160,0.1637340819042528
161,0.16373408173111487
162,0.1637340815580691
163,0.16373408138511575
164,0.16373408121225477
165,0.1637340810394852
166,0.1637340808668081
167,0.1637340806942226
168,0.16373408052172922
169,0.1637340803493274
170,0.16373408017701738
171,0.1637340800047988
172,0.16373407983267205
173,0.1637340796606364
174,0.1637340794886926
175,0.16373407931683956
176,0.16373407914507834
177,0.16373407897340791
178,0.16373407880182864
179,0.16373407863034073
180,0.16373407845894328
181,0.16373407828763725
182,0.16373407811642182
183,0.16373407794529699
184,0.1637340777742632
185,0.16373407760331968
186,0.1637340774324667
187,0.16373407726170444
188,0.16373407709103238
189,0.16373407692045028
190,0.16373407674995902
191,0.16373407657955774
192,0.16373407640924653
193,0.16373407623902544
194,0.16373407606889426
195,0.16373407589885294
196,0.16373407572890147
197,0.16373407555903988
198,0.16373407538926787
199,0.16373407521958525
200,0.16373407504999232
201,0.16373407488048897
202,0.1637340747110749
203,0.16373407454175024
204,0.16373407437251467
205,0.16373407420336847
206,0.16373407403431137
207,0.16373407386534322
208,0.16373407369646406
209,0.163734073527674
210,0.16373407335897258
211,0.16373407319035987
212,0.16373407302183607
213,0.16373407285340064
214,0.1637340726850541
215,0.16373407251679584
216,0.16373407234862603
217,0.1637340721805443
218,0.16373407201255144
219,0.16373407184464633
220,0.16373407167682952
221,0.16373407150910071
222,0.16373407134145984
223,0.1637340711739074
224,0.16373407100644208
225,0.163734070839065
226,0.16373407067177545
227,0.1637340705045737
228,0.16373407033745976
229,0.16373407017043293
230,0.16373407000349374
231,0.16373406983664193
232,0.16373406966987747
233,0.16373406950320005
234,0.1637340693366104
235,0.1637340691701073
236,0.16373406900369122
237,0.16373406883736227
238,0.1637340686711203
239,0.16373406850496527
240,0.16373406833889678
241,0.16373406817291503
242,0.16373406800702
243,0.1637340678412114
244,0.16373406767548954
245,0.1637340675098541
246,0.16373406734430485
247,0.16373406717884187
248,0.1637340670134655
249,0.16373406684817493
250,0.1637340666829707
251,0.16373406651785224
252,0.16373406635281978
253,0.16373406618787353
254,0.16373406602301274
255,0.16373406585823802
256,0.16373406569354856
257,0.1637340655289455
258,0.16373406536442722
259,0.1637340651999948
260,0.163734065035648
261,0.16373406487138614
262,0.16373406470720966
263,0.16373406454311878
264,0.16373406437911261
265,0.16373406421519204
266,0.16373406405135635
267,0.16373406388760522
268,0.16373406372393937
269,0.16373406356035827
270,0.16373406339686197
271,0.16373406323345016
272,0.16373406307012334
273,0.16373406290688122
274,0.16373406274372326
275,0.1637340625806496
276,0.16373406241766056
277,0.163734062254756
278,0.16373406209193564
279,0.16373406192919923
280,0.1637340617665472
281,0.1637340616039792
282,0.16373406144149483
283,0.16373406127909465
284,0.16373406111677855
285,0.16373406095454582
286,0.1637340607923973
287,0.16373406063033213
288,0.1637340604683506
289,0.16373406030645235
290,0.16373406014463784
291,0.16373405998290716
292,0.16373405982125921
293,0.1637340596596949
294,0.16373405949821399
295,0.16373405933681554
296,0.16373405917550077
297,0.16373405901426877
298,0.16373405885311978
299,0.1637340586920536
300,0.1637340585310704
301,0.16373405837016985
302,0.16373405820935208
303,0.1637340580486173
304,0.16373405788796447
305,0.1637340577273946
306,0.16373405756690687
307,0.16373405740650168
308,0.16373405724617893
309,0.16373405708593836
310,0.16373405692578008
311,0.16373405676570377
312,0.16373405660570975
313,0.16373405644579742
314,0.16373405628596735
315,0.16373405612621908
316,0.16373405596655258
317,0.16373405580696812
318,0.16373405564746496
319,0.16373405548804362
320,0.16373405532870397
321,0.16373405516944559
322,0.16373405501026897
323,0.16373405485117337
324,0.16373405469215946
325,0.1637340545332265
326,0.16373405437437485
327,0.16373405421560447
328,0.16373405405691496
329,0.16373405389830667
330,0.16373405373977926
331,0.16373405358133283
332,0.163734053422967
333,0.16373405326468216
334,0.1637340531064779
335,0.16373405294835405
336,0.16373405279031145
337,0.1637340526323488
338,0.16373405247446704
339,0.16373405231666538
340,0.16373405215894415
341,0.16373405200130325
342,0.16373405184374243
343,0.16373405168626187
344,0.16373405152886145
345,0.16373405137154096
346,0.16373405121430054
347,0.1637340510571399
348,0.16373405090005924
349,0.16373405074305844
350,0.16373405058613727
351,0.1637340504292959
352,0.1637340502725339
353,0.1637340501158516
354,0.1637340499592488
355,0.1637340498027256
356,0.16373404964628147
357,0.16373404948991677
358,0.16373404933363137
359,0.163734049177425
360,0.16373404902129807
361,0.16373404886524973
362,0.16373404870928074
363,0.1637340485533908
364,0.16373404839757963
365,0.1637340482418473
366,0.16373404808619377
367,0.16373404793061913
368,0.1637340477751228
369,0.16373404761970506
370,0.16373404746436607
371,0.16373404730910557
372,0.16373404715392323
373,0.16373404699881955
374,0.1637340468437941
375,0.16373404668884686
376,0.16373404653397783
377,0.1637340463791867
378,0.163734046224474
379,0.163734046069839
380,0.16373404591528198
381,0.16373404576080325
382,0.16373404560640173
383,0.16373404545207834
384,0.16373404529783256
385,0.16373404514366463
386,0.163734044989574
387,0.16373404483556123
388,0.16373404468162558
389,0.1637340445277677
390,0.163734044373987
391,0.1637340442202838
392,0.16373404406665756
393,0.16373404391310867
394,0.1637340437596369
395,0.16373404360624197
396,0.16373404345292447
397,0.1637340432996835
398,0.16373404314651985
399,0.16373404299343275
400,0.16373404284042256
401,0.1637340426874891
402,0.16373404253463222
403,0.16373404238185213
404,0.16373404222914847
405,0.16373404207652126
406,0.16373404192397062
407,0.1637340417714964
408,0.16373404161909838
409,0.16373404146677636
410,0.1637340413145311
411,0.16373404116236165
412,0.16373404101026823
413,0.1637340408582513
414,0.16373404070630998
415,0.1637340405544448
416,0.16373404040265552
417,0.16373404025094168
418,0.1637340400993038
419,0.1637340399477416
420,0.16373403979625523
421,0.16373403964484448
422,0.16373403949350926
423,0.16373403934224898
424,0.1637340391910646
425,0.16373403903995548
426,0.16373403888892177
427,0.163734038737963
428,0.16373403858707994
429,0.16373403843627155
430,0.16373403828553865
431,0.1637340381348805
432,0.16373403798429723
433,0.16373403783378926
434,0.16373403768335565
435,0.16373403753299723
436,0.16373403738271358
437,0.1637340372325043
438,0.1637340370823702
439,0.16373403693231
440,0.1637340367823248
441,0.163734036632414
442,0.16373403648257762
443,0.16373403633281533
444,0.1637340361831276
445,0.1637340360335142
446,0.163734035883975
447,0.1637340357345098
448,0.16373403558511868
449,0.16373403543580145
450,0.16373403528655883
451,0.1637340351373896
452,0.16373403498829417
453,0.1637340348392727
454,0.1637340346903251
455,0.16373403454145116
456,0.1637340343926509
457,0.1637340342439241
458,0.1637340340952708
459,0.16373403394669125
460,0.1637340337981849
461,0.16373403364975211
462,0.16373403350139246
463,0.1637340333531065
464,0.1637340332048933
465,0.16373403305675338
466,0.16373403290868652
467,0.16373403276069282
468,0.16373403261277217
469,0.16373403246492435
470,0.16373403231714945
471,0.16373403216944735
472,0.16373403202181805
473,0.16373403187426167
474,0.16373403172677764
475,0.16373403157936664
476,0.16373403143202797
477,0.1637340312847619
478,0.16373403113756835
479,0.16373403099044706
480,0.16373403084339824
481,0.1637340306964217
482,0.16373403054951746
483,0.1637340304026853
484,0.1637340302559254
485,0.16373403010923748
486,0.1637340299626217
487,0.1637340298160779
488,0.16373402966960596
489,0.1637340295232059
490,0.16373402937687787
491,0.1637340292306213
492,0.1637340290844368
493,0.16373402893832356
494,0.16373402879228244
495,0.16373402864631262
496,0.1637340285004143
497,0.16373402835458775
498,0.1637340282088321
499,0.16373402806314824
500,0.1637340279175355
501,0.16373402777199414
502,0.16373402762652375
503,0.16373402748112442
504,0.16373402733579664
505,0.16373402719053953
506,0.16373402704535367
507,0.16373402690023872
508,0.16373402675519447
509,0.16373402661022124
510,0.1637340264653188
511,0.16373402632048706
512,0.16373402617572583
513,0.16373402603103554
514,0.1637340258864157
515,0.16373402574186627
516,0.16373402559738748
517,0.1637340254529791
518,0.16373402530864095
519,0.16373402516437344
520,0.16373402502017587
521,0.16373402487604874
522,0.1637340247319919
523,0.16373402458800473
524,0.16373402444408794
525,0.16373402430024145
526,0.16373402415646432
527,0.16373402401275733
528,0.16373402386912045
529,0.1637340237255531
530,0.16373402358205572
531,0.16373402343862783
532,0.16373402329526984
533,0.16373402315198146
534,0.16373402300876247
535,0.16373402286561292
536,0.16373402272253332
537,0.16373402257952271
538,0.16373402243658147
539,0.16373402229370965
540,0.1637340221509071
541,0.16373402200817364
542,0.16373402186550945
543,0.16373402172291457
544,0.16373402158038836
545,0.16373402143793134
546,0.16373402129554343
547,0.16373402115322427
548,0.16373402101097392
549,0.16373402086879257
550,0.1637340207266799
551,0.1637340205846359
552,0.16373402044266042
553,0.16373402030075387
554,0.16373402015891572
555,0.16373402001714607
556,0.16373401987544503
557,0.16373401973381224
558,0.16373401959224787
559,0.16373401945075186
560,0.16373401930932419
561,0.16373401916796443
562,0.1637340190266732
563,0.1637340188854498
564,0.16373401874429452
565,0.16373401860320774
566,0.16373401846218844
567,0.1637340183212369
568,0.1637340181803538
569,0.1637340180395382
570,0.16373401789879052
571,0.1637340177581104
572,0.16373401761749784
573,0.1637340174769532
574,0.16373401733647608
575,0.1637340171960665
576,0.1637340170557245
577,0.1637340169154497
578,0.16373401677524257
579,0.1637340166351025
580,0.16373401649502978
581,0.16373401635502433
582,0.16373401621508638
583,0.16373401607521523
584,0.16373401593541126
585,0.16373401579567465
586,0.16373401565600437
587,0.1637340155164016
588,0.16373401537686572
589,0.16373401523739653
590,0.1637340150979938
591,0.16373401495865864
592,0.16373401481938973
593,0.1637340146801874
594,0.16373401454105163
595,0.16373401440198293
596,0.1637340142629806
597,0.16373401412404442
598,0.16373401398517481
599,0.16373401384637187
600,0.163734013707635
601,0.1637340135689645
602,0.1637340134303603
603,0.16373401329182213
604,0.16373401315335032
605,0.16373401301494436
606,0.16373401287660447
607,0.16373401273833083
608,0.16373401260012305
609,0.1637340124619813
610,0.16373401232390514
611,0.16373401218589492
612,0.1637340120479504
613,0.16373401191007178
614,0.16373401177225877
615,0.16373401163451157
616,0.16373401149682953
617,0.16373401135921345
618,0.1637340112216625
619,0.16373401108417726
620,0.1637340109467572
621,0.16373401080940286
622,0.1637340106721134
623,0.1637340105348896
624,0.1637340103977309
625,0.1637340102606372
626,0.1637340101236087
627,0.16373400998664514
628,0.1637340098497469
629,0.16373400971291358
630,0.1637340095761448
631,0.16373400943944127
632,0.1637340093028028
633,0.16373400916622882
634,0.16373400902971955
635,0.16373400889327525
636,0.16373400875689523
637,0.16373400862058016
638,0.16373400848432954
639,0.16373400834814358
640,0.16373400821202197
641,0.16373400807596472
642,0.16373400793997198
643,0.1637340078040434
644,0.1637340076681793
645,0.1637340075323794
646,0.16373400739664373
647,0.1637340072609723
648,0.16373400712536476
649,0.16373400698982157
650,0.16373400685434236
651,0.16373400671892674
652,0.16373400658357543
653,0.16373400644828798
654,0.16373400631306426
655,0.16373400617790462
656,0.16373400604280827
657,0.16373400590777615
658,0.16373400577280714
659,0.1637340056379022
660,0.1637340055030607
661,0.16373400536828267
662,0.16373400523356815
663,0.16373400509891717
664,0.16373400496432955
665,0.16373400482980494
666,0.16373400469534416
667,0.1637340045609464
668,0.16373400442661196
669,0.16373400429234058
670,0.16373400415813213
671,0.16373400402398725
672,0.16373400388990525
673,0.16373400375588598
674,0.16373400362193
675,0.1637340034880367
676,0.16373400335420646
677,0.1637340032204388
678,0.16373400308673394
679,0.1637340029530921
680,0.16373400281951261
681,0.16373400268599594
682,0.16373400255254192
683,0.1637340024191505
684,0.16373400228582147
685,0.16373400215255482
686,0.1637340020193508
687,0.1637340018862091
688,0.16373400175312935
689,0.16373400162011245
690,0.16373400148715772
691,0.16373400135426497
692,0.16373400122143464
693,0.16373400108866615
694,0.16373400095596002
695,0.16373400082331574
696,0.1637340006907333
697,0.1637340005582133
698,0.16373400042575476
699,0.16373400029335813
700,0.1637340001610234
701,0.16373400002875066
702,0.16373399989653942
703,0.16373399976438996
704,0.1637339996323021
705,0.1637339995002758
706,0.16373399936831104
707,0.1637339992364078
708,0.1637339991045662
709,0.1637339989727858
710,0.1637339988410671
711,0.16373399870940947
712,0.16373399857781334
713,0.16373399844627815
714,0.16373399831480445
715,0.1637339981833921
716,0.16373399805204034
717,0.1637339979207501
718,0.16373399778952086
719,0.16373399765835264
720,0.16373399752724524
721,0.16373399739619904
722,0.1637339972652134
723,0.1637339971342888
724,0.16373399700342478
725,0.16373399687262147
726,0.1637339967418793
727,0.1637339966111975
728,0.16373399648057632
729,0.1637339963500157
730,0.16373399621951576
731,0.16373399608907632
732,0.16373399595869736
733,0.16373399582837883
734,0.1637339956981203
735,0.16373399556792237
736,0.16373399543778505
737,0.16373399530770744
738,0.1637339951776904
739,0.16373399504773342
740,0.1637339949178366
741,0.16373399478799955
742,0.16373399465822294
743,0.1637339945285065
744,0.16373399439884948
745,0.16373399426925256
746,0.16373399413971582
747,0.1637339940102386
748,0.16373399388082135
749,0.16373399375146355
750,0.16373399362216584
751,0.16373399349292758
752,0.1637339933637491
753,0.16373399323462992
754,0.1637339931055706
755,0.16373399297657046
756,0.1637339928476302
757,0.163733992718749
758,0.1637339925899274
759,0.16373399246116493
760,0.1637339923324623
761,0.16373399220381826
762,0.16373399207523368
763,0.1637339919467084
764,0.16373399181824222
765,0.16373399168983502
766,0.1637339915614871
767,0.16373399143319795
768,0.16373399130496807
769,0.1637339911767969
770,0.16373399104868464
771,0.16373399092063132
772,0.1637339907926366
773,0.163733990664701
774,0.16373399053682386
775,0.16373399040900571
776,0.16373399028124572
