1,0.31443431901637264
2,0.1719759185187113
3,0.17156279044765846
4,0.17130953550096664
5,0.17107673584913366
6,0.1708610856740711
7,0.17066024091154322
8,0.1704726519343434
9,0.17029737230125686
10,0.17013387019119816
11,0.16998185824007492
12,0.16984115204281636
13,0.16971156359955983
14,0.16959283177427745
15,0.16948458743214484
16,0.16938634720416104
17,0.1692975276404085
18,0.16921747115263924
19,0.16914547629742588
20,0.1690808269483626
21,0.1690228170691043
22,0.16897076965069768
23,0.16892404970039507
24,0.1688820719554663
25,0.16884430434958742
26,0.1688102683210676
27,0.16877953694777464
28,0.16875173171637176
29,0.16872651854227042
30,0.16870360348309638
31,0.16868272844559823
32,0.16866366707594352
33,0.1686462209430735
34,0.1686302160687984
35,0.16861549982103013
36,0.16860193816300223
37,0.16858941323746307
38,0.16857782125758608
39,0.1685670706734185
40,0.16855708058253133
41,0.16854777935494997
42,0.16853910344478298
43,0.16853099636366448
44,0.16852340779393057
45,0.16851629282215833
46,0.16850961127620936
47,0.1685033271512097
48,0.1684974081119089
49,0.16849182506065286
50,0.1684865517617415
51,0.1684815645142817
52,0.1684768418667875
53,0.16847236436776375
54,0.16846811434734435
55,0.16846407572577246
56,0.16846023384511044
57,0.16845657532109984
58,0.16845308791250738
59,0.1684497604056946
60,0.16844658251244454
61,0.1684435447793662
62,0.16844063850741878
63,0.16843785568030448
64,0.16843518890064058
65,0.16843263133297023
66,0.1684301766527945
67,0.16842781900091697
68,0.16842555294247835
69,0.16842337343014704
70,0.16842127577098642
71,0.16841925559659254
72,0.16841730883613654
73,0.1684154316919977
74,0.16841362061770032
75,0.16841187229791635
76,0.1684101836303135
77,0.1684085517090535
78,0.1684069738097761
79,0.16840544737591256
80,0.16840397000620347
81,0.1684025394432893
82,0.16840115356328225
83,0.16839981036621465
84,0.168398507967282
85,0.16839724458881036
86,0.16839601855287514
87,0.16839482827451344
88,0.16839367225547477
89,0.1683925490784624
90,0.16839145740182235
91,0.1683903959546392
92,0.16838936353220235
93,0.16838835899181256
94,0.16838738124890215
95,0.16838642927343328
96,0.16838550208656503
97,0.16838459875755007
98,0.1683837184008618
99,0.16838286017351464
100,0.16838202327257296
101,0.16838120693283395
102,0.1683804104246624
103,0.168379633051976
104,0.16837887415036246
105,0.16837813308532015
106,0.16837740925061492
107,0.16837670206674238
108,0.168376010979488
109,0.16837533545857922
110,0.16837467499642153
111,0.16837402910691257
112,0.1683733973243303
113,0.16837277920228763
114,0.16837217431275114
115,0.1683715822451179
116,0.16837100260534615
117,0.16837043501513935
118,0.1683698791111749
119,0.16836933454437872
120,0.1683688009792417
121,0.16836827809317337
122,0.16836776557589303
123,0.16836726312885406
124,0.16836677046470042
125,0.16836628730675243
126,0.16836581338852066
127,0.16836534845324608
128,0.16836489225346385
129,0.1683644445505911
130,0.16836400511453645
131,0.1683635737233282
132,0.16836315016276432
133,0.16836273422607712
134,0.16836232571361773
135,0.1683619244325552
136,0.16836153019659014
137,0.1683611428256841
138,0.16836076214579995
139,0.1683603879886578
140,0.16836002019149932
141,0.1683596585968676
142,0.16835930305239194
143,0.16835895341058918
144,0.1683586095286689
145,0.1683582712683509
146,0.16835793849569028
147,0.16835761108090896
148,0.16835728889823917
149,0.1683569718257682
150,0.16835665974529462
151,0.16835635254218892
152,0.16835605010526186
153,0.16835575232663547
154,0.16835545910162383
155,0.1683551703286154
156,0.1683548859089628
157,0.16835460574687625
158,0.16835432974932224
159,0.1683540578259242
160,0.1683537898888712
161,0.16835352585282726
162,0.16835326563484593
163,0.16835300915428714
164,0.16835275633273933
165,0.16835250709394337
166,0.16835226136371895
167,0.1683520190698958
168,0.16835178014224617
169,0.16835154451242107
170,0.16835131211388712
171,0.16835108288186892
172,0.16835085675328962
173,0.16835063366671812
174,0.16835041356231564
175,0.16835019638178322
176,0.16834998206831592
177,0.1683497705665527
178,0.1683495618225334
179,0.16834935578365331
180,0.16834915239862303
181,0.16834895161742622
182,0.16834875339128166
183,0.16834855767260562
184,0.168348364414975
185,0.16834817357309292
186,0.1683479851027554
187,0.16834779896081814
188,0.1683476151051652
189,0.1683474334946796
190,0.16834725408921353
191,0.16834707684955952
192,0.1683469017374249
193,0.16834672871540374
194,0.16834655774695328
195,0.1683463887963673
196,0.1683462218287547
197,0.16834605681001477
198,0.168345893706816
199,0.16834573248657453
200,0.16834557311743353
201,0.16834541556824323
202,0.16834525980854043
203,0.16834510580853224
204,0.16834495353907503
205,0.16834480297165968
206,0.16834465407839241
207,0.16834450683197927
208,0.16834436120571072
209,0.1683442171734449
210,0.1683440747095936
211,0.1683439337891085
212,0.16834379438746516
213,0.16834365648065128
214,0.1683435200451526
215,0.16834338505794055
216,0.16834325149645923
217,0.16834311933861446
218,0.16834298856276092
219,0.16834285914769193
220,0.1683427310726283
221,0.1683426043172069
222,0.16834247886147088
223,0.16834235468586037
224,0.16834223177120136
225,0.1683421100986969
226,0.16834198964991864
227,0.1683418704067973
228,0.16834175235161333
229,0.16834163546698977
230,0.16834151973588354
231,0.16834140514157706
232,0.1683412916676716
233,0.16834117929807874
234,0.16834106801701387
235,0.16834095780898894
236,0.16834084865880436
237,0.1683407405515448
238,0.1683406334725706
239,0.16834052740751265
240,0.16834042234226448
241,0.16834031826297907
242,0.1683402151560599
243,0.1683401130081584
244,0.16834001180616562
245,0.16833991153720881
246,0.1683398121886449
247,0.16833971374805656
248,0.16833961620324664
249,0.16833951954223322
250,0.16833942375324487
251,0.16833932882471642
252,0.16833923474528448
253,0.16833914150378276
254,0.16833904908923863
255,0.1683389574908672
256,0.1683388666980695
257,0.16833877670042735
258,0.16833868748770017
259,0.16833859904981918
260,0.1683385113768878
261,0.16833842445917327
262,0.16833833828710784
263,0.16833825285128198
264,0.1683381681424421
265,0.1683380841514888
266,0.168338000869471
267,0.1683379182875858
268,0.16833783639717345
269,0.1683377551897149
270,0.16833767465682936
271,0.16833759479027144
272,0.1683375155819283
273,0.16833743702381698
274,0.16833735910808237
275,0.16833728182699292
276,0.16833720517294115
277,0.16833712913843854
278,0.16833705371611457
279,0.16833697889871416
280,0.16833690467909482
281,0.16833683105022643
282,0.1683367580051859
283,0.16833668553715822
284,0.16833661363943253
285,0.1683365423054005
286,0.16833647152855524
287,0.16833640130248825
288,0.16833633162088787
289,0.16833626247753847
290,0.16833619386631693
291,0.16833612578119217
292,0.1683360582162231
293,0.16833599116555717
294,0.1683359246234279
295,0.1683358585841549
296,0.16833579304214064
297,0.16833572799186886
298,0.168335663427906
299,0.1683355993448953
300,0.16833553573755947
301,0.1683354726006961
302,0.16833540992917864
303,0.1683353477179535
304,0.16833528596203973
305,0.1683352246565274
306,0.16833516379657568
307,0.16833510337741334
308,0.1683350433943356
309,0.16833498384270368
310,0.16833492471794437
311,0.1683348660155484
312,0.16833480773106863
313,0.16833474986011993
314,0.1683346923983777
315,0.16833463534157672
316,0.1683345786855111
317,0.16833452242603184
318,0.16833446655904633
319,0.16833441108051772
320,0.1683343559864649
321,0.16833430127295887
322,0.16833424693612442
323,0.1683341929721388
324,0.1683341393772294
325,0.1683340861476742
326,0.1683340332798009
327,0.1683339807699854
328,0.16833392861465227
329,0.16833387681027226
330,0.1683338253533626
331,0.16833377424048632
332,0.16833372346825137
333,0.16833367303330934
334,0.1683336229323554
335,0.16833357316212733
336,0.1683335237194049
337,0.16833347460100972
338,0.16833342580380273
339,0.16833337732468673
340,0.16833332916060212
341,0.16833328130852965
342,0.16833323376548678
343,0.16833318652852972
344,0.168333139594751
345,0.1683330929612792
346,0.16833304662528048
347,0.16833300058395384
348,0.1683329548345347
349,0.16833290937429182
350,0.16833286420052873
351,0.16833281931058097
352,0.16833277470181743
353,0.16833273037163876
354,0.16833268631747728
355,0.1683326425367967
356,0.16833259902709188
357,0.16833255578588688
358,0.16833251281073658
359,0.1683324700992248
360,0.16833242764896442
361,0.16833238545759627
362,0.16833234352279017
363,0.1683323018422432
364,0.16833226041367957
365,0.16833221923485026
