1,0.7821091025416421
2,0.782018662983706
3,0.7819240441184518
4,0.7818249503176946
5,0.7817210574670325
6,0.7816120094571783
7,0.7814974141445293
8,0.7813768386850427
9,0.7812498041251608
10,0.7811157791082529
11,0.7809741725234147
12,0.7808243248836751
13,0.780665498170279
14,0.7804968638155688
15,0.7803174884147113
16,0.780126316650265
17,0.7799221507754182
18,0.779703625820462
19,0.7794691794475214
20,0.7792170150589134
21,0.778945056334104
22,0.7786508907847313
23,0.7783316991119844
24,0.7779841660305289
25,0.7776043666453053
26,0.7771876202147648
27,0.7767282998705722
28,0.776219582060782
29,0.7756531122919145
30,0.7750185527732493
31,0.7743029604771272
32,0.7734899168986986
33,0.7725582863009535
34,0.7714804044425515
35,0.7702193700591959
36,0.7687248781867665
37,0.7669265979271064
38,0.7647232412684606
39,0.7619636977647145
40,0.7584127026434887
41,0.7536842167679666
42,0.7471015236976319
43,0.7373728522506388
44,0.7217386918552788
45,0.6933554767416434
46,0.6321171293797778
47,0.4855775949849438
48,0.28408532205123205
49,0.19731134528134883
50,0.17704439728417584
51,0.17150246123131835
52,0.16962585760760018
53,0.1689033947640286
54,0.16860580673608633
55,0.1684802689428814
56,0.1684282940145453
57,0.16840851326056253
58,0.16840273051159524
59,0.16840275693908288
60,0.16840490404872327
61,0.1684075530475142
62,0.1684100422528834
63,0.1684121465440183
64,0.16841383175032631
65,0.16841513946767359
66,0.16841613438785255
67,0.1684168815566504
68,0.16841743774706702
69,0.1684178492566607
70,0.16841815241963548
71,0.16841837508470114
72,0.16841853827114275
73,0.16841865768029643
74,0.16841874495767484
75,0.16841880869761525
76,0.16841885522031658
77,0.1684188891618809
78,0.1684189139169056
79,0.16841893196770347
80,0.16841894512776062
81,0.1684189547210377
82,0.16841896171363005
83,0.1684189668102445
84,0.16841897052478577
85,0.16841897323194563
86,0.16841897520487695
87,0.16841897664268943
88,0.16841897769050945
89,0.16841897845411177
90,0.16841897901058533
91,0.1684189794161125
92,0.16841897971163677
93,0.16841897992699742
94,0.16841898008393877
95,0.16841898019830778
96,0.1684189802816525
97,0.1684189803423891
98,0.1684189803866497
99,0.1684189804189043
100,0.1684189804424089
101,0.1684189804595379
102,0.1684189804720203
103,0.1684189804811167
104,0.1684189804877455
105,0.16841898049257623
106,0.1684189804960966
107,0.16841898049866186
108,0.16841898050053125
109,0.16841898050189358
110,0.16841898050288628
111,0.1684189805036099
112,0.16841898050413714
113,0.16841898050452117
114,0.16841898050480114
115,0.16841898050500528
116,0.16841898050515397
117,0.16841898050526233
118,0.16841898050534104
119,0.16841898050539883
120,0.16841898050544074
121,0.16841898050547133
122,0.16841898050549353
123,0.16841898050550957
124,0.1684189805055215
125,0.16841898050553006
126,0.16841898050553644
127,0.16841898050554094
128,0.16841898050554438
129,0.16841898050554677
130,0.16841898050554868
131,0.16841898050554996
132,0.16841898050555085
133,0.16841898050555157
134,0.16841898050555193
135,0.16841898050555246
136,0.16841898050555265
137,0.1684189805055527
138,0.16841898050555285
139,0.168418980505553
140,0.16841898050555312
141,0.16841898050555318
142,0.16841898050555318
143,0.16841898050555326
144,0.16841898050555326
145,0.1684189805055533
146,0.16841898050555332
147,0.1684189805055532
148,0.16841898050555326
149,0.16841898050555335
150,0.16841898050555335
151,0.16841898050555332
152,0.16841898050555332
153,0.16841898050555332
154,0.16841898050555332
155,0.16841898050555332
156,0.16841898050555332
157,0.16841898050555332
158,0.16841898050555332
159,0.16841898050555332
160,0.16841898050555332
161,0.16841898050555332
162,0.16841898050555332
163,0.16841898050555332
164,0.16841898050555332
165,0.16841898050555332
166,0.16841898050555332
167,0.16841898050555332
168,0.16841898050555332
169,0.16841898050555332
170,0.16841898050555332
171,0.16841898050555332
172,0.16841898050555332
173,0.16841898050555332
174,0.16841898050555332
175,0.16841898050555332
176,0.16841898050555332
177,0.16841898050555332
178,0.16841898050555332
179,0.16841898050555332
180,0.16841898050555332
181,0.16841898050555332
182,0.16841898050555332
183,0.16841898050555332
184,0.16841898050555332
185,0.16841898050555332
186,0.16841898050555332
187,0.16841898050555332
188,0.16841898050555332
189,0.16841898050555332
190,0.16841898050555332
191,0.16841898050555332
192,0.16841898050555332
193,0.16841898050555332
194,0.16841898050555332
195,0.16841898050555332
196,0.16841898050555332
197,0.16841898050555332
198,0.16841898050555332
199,0.16841898050555332
200,0.16841898050555332
201,0.16841898050555332
202,0.16841898050555332
203,0.16841898050555332
204,0.16841898050555332
205,0.16841898050555332
206,0.16841898050555332
207,0.16841898050555332
208,0.16841898050555332
209,0.16841898050555332
210,0.16841898050555332
211,0.16841898050555332
212,0.16841898050555332
213,0.16841898050555332
214,0.16841898050555332
215,0.16841898050555332
216,0.16841898050555332
217,0.16841898050555332
218,0.16841898050555332
219,0.16841898050555332
220,0.16841898050555332
221,0.16841898050555332
222,0.16841898050555332
223,0.16841898050555332
224,0.16841898050555332
225,0.16841898050555332
226,0.16841898050555332
227,0.16841898050555332
228,0.16841898050555332
229,0.16841898050555332
230,0.16841898050555332
231,0.16841898050555332
232,0.16841898050555332
233,0.16841898050555332
234,0.16841898050555332
235,0.16841898050555332
236,0.16841898050555332
237,0.16841898050555332
238,0.16841898050555332
239,0.16841898050555332
240,0.16841898050555332
241,0.16841898050555332
242,0.16841898050555332
243,0.16841898050555332
244,0.16841898050555332
245,0.16841898050555332
246,0.16841898050555332
247,0.16841898050555332
248,0.16841898050555332
249,0.16841898050555332
250,0.16841898050555332
251,0.16841898050555332
252,0.16841898050555332
253,0.16841898050555332
254,0.16841898050555332
255,0.16841898050555332
256,0.16841898050555332
257,0.16841898050555332
258,0.16841898050555332
259,0.16841898050555332
260,0.16841898050555332
261,0.16841898050555332
262,0.16841898050555332
263,0.16841898050555332
264,0.16841898050555332
265,0.16841898050555332
266,0.16841898050555332
267,0.16841898050555332
268,0.16841898050555332
269,0.16841898050555332
270,0.16841898050555332
271,0.16841898050555332
272,0.16841898050555332
273,0.16841898050555332
274,0.16841898050555332
275,0.16841898050555332
276,0.16841898050555332
277,0.16841898050555332
278,0.16841898050555332
279,0.16841898050555332
280,0.16841898050555332
281,0.16841898050555332
282,0.16841898050555332
283,0.16841898050555332
284,0.16841898050555332
285,0.16841898050555332
286,0.16841898050555332
287,0.16841898050555332
288,0.16841898050555332
289,0.16841898050555332
290,0.16841898050555332
291,0.16841898050555332
292,0.16841898050555332
293,0.16841898050555332
294,0.16841898050555332
295,0.16841898050555332
296,0.16841898050555332
297,0.16841898050555332
298,0.16841898050555332
299,0.16841898050555332
300,0.16841898050555332
301,0.16841898050555332
302,0.16841898050555332
303,0.16841898050555332
304,0.16841898050555332
305,0.16841898050555332
306,0.16841898050555332
307,0.16841898050555332
308,0.16841898050555332
309,0.16841898050555332
310,0.16841898050555332
311,0.16841898050555332
312,0.16841898050555332
313,0.16841898050555332
314,0.16841898050555332
315,0.16841898050555332
316,0.16841898050555332
317,0.16841898050555332
318,0.16841898050555332
319,0.16841898050555332
320,0.16841898050555332
321,0.16841898050555332
322,0.16841898050555332
323,0.16841898050555332
324,0.16841898050555332
325,0.16841898050555332
326,0.16841898050555332
327,0.16841898050555332
328,0.16841898050555332
329,0.16841898050555332
330,0.16841898050555332
331,0.16841898050555332
332,0.16841898050555332
333,0.16841898050555332
334,0.16841898050555332
335,0.16841898050555332
336,0.16841898050555332
337,0.16841898050555332
338,0.16841898050555332
339,0.16841898050555332
340,0.16841898050555332
341,0.16841898050555332
342,0.16841898050555332
343,0.16841898050555332
344,0.16841898050555332
345,0.16841898050555332
346,0.16841898050555332
347,0.16841898050555332
348,0.16841898050555332
349,0.16841898050555332
350,0.16841898050555332
351,0.16841898050555332
352,0.16841898050555332
353,0.16841898050555332
354,0.16841898050555332
355,0.16841898050555332
356,0.16841898050555332
357,0.16841898050555332
358,0.16841898050555332
359,0.16841898050555332
360,0.16841898050555332
361,0.16841898050555332
362,0.16841898050555332
363,0.16841898050555332
364,0.16841898050555332
365,0.16841898050555332
366,0.16841898050555332
367,0.16841898050555332
368,0.16841898050555332
369,0.16841898050555332
370,0.16841898050555332
371,0.16841898050555332
372,0.16841898050555332
373,0.16841898050555332
374,0.16841898050555332
375,0.16841898050555332
376,0.16841898050555332
377,0.16841898050555332
378,0.16841898050555332
379,0.16841898050555332
380,0.16841898050555332
381,0.16841898050555332
382,0.16841898050555332
383,0.16841898050555332
384,0.16841898050555332
385,0.16841898050555332
386,0.16841898050555332
387,0.16841898050555332
388,0.16841898050555332
389,0.16841898050555332
390,0.16841898050555332
391,0.16841898050555332
392,0.16841898050555332
393,0.16841898050555332
394,0.16841898050555332
395,0.16841898050555332
396,0.16841898050555332
397,0.16841898050555332
398,0.16841898050555332
399,0.16841898050555332
400,0.16841898050555332
401,0.16841898050555332
402,0.16841898050555332
403,0.16841898050555332
404,0.16841898050555332
405,0.16841898050555332
406,0.16841898050555332
407,0.16841898050555332
408,0.16841898050555332
409,0.16841898050555332
410,0.16841898050555332
411,0.16841898050555332
412,0.16841898050555332
413,0.16841898050555332
414,0.16841898050555332
415,0.16841898050555332
416,0.16841898050555332
417,0.16841898050555332
418,0.16841898050555332
419,0.16841898050555332
420,0.16841898050555332
421,0.16841898050555332
422,0.16841898050555332
423,0.16841898050555332
424,0.16841898050555332
425,0.16841898050555332
426,0.16841898050555332
427,0.16841898050555332
428,0.16841898050555332
429,0.16841898050555332
430,0.16841898050555332
431,0.16841898050555332
432,0.16841898050555332
433,0.16841898050555332
434,0.16841898050555332
435,0.16841898050555332
436,0.16841898050555332
437,0.16841898050555332
438,0.16841898050555332
439,0.16841898050555332
440,0.16841898050555332
441,0.16841898050555332
442,0.16841898050555332
443,0.16841898050555332
444,0.16841898050555332
445,0.16841898050555332
446,0.16841898050555332
447,0.16841898050555332
448,0.16841898050555332
449,0.16841898050555332
450,0.16841898050555332
451,0.16841898050555332
452,0.16841898050555332
453,0.16841898050555332
454,0.16841898050555332
455,0.16841898050555332
456,0.16841898050555332
457,0.16841898050555332
458,0.16841898050555332
459,0.16841898050555332
460,0.16841898050555332
461,0.16841898050555332
462,0.16841898050555332
463,0.16841898050555332
464,0.16841898050555332
465,0.16841898050555332
466,0.16841898050555332
467,0.16841898050555332
468,0.16841898050555332
469,0.16841898050555332
470,0.16841898050555332
471,0.16841898050555332
472,0.16841898050555332
473,0.16841898050555332
474,0.16841898050555332
475,0.16841898050555332
476,0.16841898050555332
477,0.16841898050555332
478,0.16841898050555332
479,0.16841898050555332
480,0.16841898050555332
481,0.16841898050555332
482,0.16841898050555332
483,0.16841898050555332
484,0.16841898050555332
485,0.16841898050555332
486,0.16841898050555332
487,0.16841898050555332
488,0.16841898050555332
489,0.16841898050555332
490,0.16841898050555332
491,0.16841898050555332
492,0.16841898050555332
493,0.16841898050555332
494,0.16841898050555332
495,0.16841898050555332
496,0.16841898050555332
497,0.16841898050555332
498,0.16841898050555332
499,0.16841898050555332
500,0.16841898050555332
501,0.16841898050555332
502,0.16841898050555332
503,0.16841898050555332
504,0.16841898050555332
505,0.16841898050555332
506,0.16841898050555332
507,0.16841898050555332
508,0.16841898050555332
509,0.16841898050555332
510,0.16841898050555332
511,0.16841898050555332
512,0.16841898050555332
513,0.16841898050555332
514,0.16841898050555332
515,0.16841898050555332
516,0.16841898050555332
517,0.16841898050555332
518,0.16841898050555332
519,0.16841898050555332
520,0.16841898050555332
521,0.16841898050555332
522,0.16841898050555332
523,0.16841898050555332
524,0.16841898050555332
525,0.16841898050555332
526,0.16841898050555332
527,0.16841898050555332
528,0.16841898050555332
529,0.16841898050555332
530,0.16841898050555332
531,0.16841898050555332
532,0.16841898050555332
533,0.16841898050555332
534,0.16841898050555332
535,0.16841898050555332
536,0.16841898050555332
537,0.16841898050555332
538,0.16841898050555332
539,0.16841898050555332
540,0.16841898050555332
541,0.16841898050555332
542,0.16841898050555332
543,0.16841898050555332
544,0.16841898050555332
545,0.16841898050555332
546,0.16841898050555332
547,0.16841898050555332
548,0.16841898050555332
549,0.16841898050555332
550,0.16841898050555332
551,0.16841898050555332
552,0.16841898050555332
553,0.16841898050555332
554,0.16841898050555332
555,0.16841898050555332
556,0.16841898050555332
557,0.16841898050555332
558,0.16841898050555332
559,0.16841898050555332
560,0.16841898050555332
561,0.16841898050555332
562,0.16841898050555332
563,0.16841898050555332
564,0.16841898050555332
565,0.16841898050555332
566,0.16841898050555332
567,0.16841898050555332
568,0.16841898050555332
569,0.16841898050555332
570,0.16841898050555332
571,0.16841898050555332
572,0.16841898050555332
573,0.16841898050555332
574,0.16841898050555332
575,0.16841898050555332
576,0.16841898050555332
577,0.16841898050555332
578,0.16841898050555332
579,0.16841898050555332
580,0.16841898050555332
581,0.16841898050555332
582,0.16841898050555332
583,0.16841898050555332
584,0.16841898050555332
585,0.16841898050555332
586,0.16841898050555332
587,0.16841898050555332
588,0.16841898050555332
589,0.16841898050555332
590,0.16841898050555332
591,0.16841898050555332
592,0.16841898050555332
593,0.16841898050555332
594,0.16841898050555332
595,0.16841898050555332
596,0.16841898050555332
597,0.16841898050555332
598,0.16841898050555332
599,0.16841898050555332
600,0.16841898050555332
601,0.16841898050555332
602,0.16841898050555332
603,0.16841898050555332
604,0.16841898050555332
605,0.16841898050555332
606,0.16841898050555332
607,0.16841898050555332
608,0.16841898050555332
609,0.16841898050555332
610,0.16841898050555332
611,0.16841898050555332
612,0.16841898050555332
613,0.16841898050555332
614,0.16841898050555332
615,0.16841898050555332
616,0.16841898050555332
617,0.16841898050555332
618,0.16841898050555332
619,0.16841898050555332
620,0.16841898050555332
621,0.16841898050555332
622,0.16841898050555332
623,0.16841898050555332
624,0.16841898050555332
625,0.16841898050555332
626,0.16841898050555332
627,0.16841898050555332
628,0.16841898050555332
629,0.16841898050555332
630,0.16841898050555332
631,0.16841898050555332
632,0.16841898050555332
633,0.16841898050555332
634,0.16841898050555332
635,0.16841898050555332
636,0.16841898050555332
637,0.16841898050555332
638,0.16841898050555332
639,0.16841898050555332
640,0.16841898050555332
641,0.16841898050555332
642,0.16841898050555332
643,0.16841898050555332
644,0.16841898050555332
645,0.16841898050555332
646,0.16841898050555332
647,0.16841898050555332
648,0.16841898050555332
649,0.16841898050555332
650,0.16841898050555332
651,0.16841898050555332
652,0.16841898050555332
653,0.16841898050555332
654,0.16841898050555332
655,0.16841898050555332
656,0.16841898050555332
657,0.16841898050555332
658,0.16841898050555332
659,0.16841898050555332
660,0.16841898050555332
661,0.16841898050555332
662,0.16841898050555332
663,0.16841898050555332
664,0.16841898050555332
665,0.16841898050555332
666,0.16841898050555332
667,0.16841898050555332
668,0.16841898050555332
669,0.16841898050555332
670,0.16841898050555332
671,0.16841898050555332
672,0.16841898050555332
673,0.16841898050555332
674,0.16841898050555332
675,0.16841898050555332
676,0.16841898050555332
677,0.16841898050555332
678,0.16841898050555332
679,0.16841898050555332
680,0.16841898050555332
681,0.16841898050555332
682,0.16841898050555332
683,0.16841898050555332
684,0.16841898050555332
685,0.16841898050555332
686,0.16841898050555332
687,0.16841898050555332
688,0.16841898050555332
689,0.16841898050555332
690,0.16841898050555332
691,0.16841898050555332
692,0.16841898050555332
693,0.16841898050555332
694,0.16841898050555332
695,0.16841898050555332
696,0.16841898050555332
697,0.16841898050555332
698,0.16841898050555332
699,0.16841898050555332
700,0.16841898050555332
701,0.16841898050555332
702,0.16841898050555332
703,0.16841898050555332
704,0.16841898050555332
705,0.16841898050555332
706,0.16841898050555332
707,0.16841898050555332
708,0.16841898050555332
709,0.16841898050555332
710,0.16841898050555332
711,0.16841898050555332
712,0.16841898050555332
713,0.16841898050555332
714,0.16841898050555332
715,0.16841898050555332
716,0.16841898050555332
717,0.16841898050555332
718,0.16841898050555332
719,0.16841898050555332
720,0.16841898050555332
721,0.16841898050555332
722,0.16841898050555332
723,0.16841898050555332
724,0.16841898050555332
725,0.16841898050555332
726,0.16841898050555332
727,0.16841898050555332
728,0.16841898050555332
729,0.16841898050555332
730,0.16841898050555332
731,0.16841898050555332
732,0.16841898050555332
733,0.16841898050555332
734,0.16841898050555332
735,0.16841898050555332
736,0.16841898050555332
737,0.16841898050555332
738,0.16841898050555332
739,0.16841898050555332
740,0.16841898050555332
741,0.16841898050555332
742,0.16841898050555332
743,0.16841898050555332
744,0.16841898050555332
745,0.16841898050555332
746,0.16841898050555332
747,0.16841898050555332
748,0.16841898050555332
749,0.16841898050555332
750,0.16841898050555332
751,0.16841898050555332
752,0.16841898050555332
753,0.16841898050555332
754,0.16841898050555332
755,0.16841898050555332
756,0.16841898050555332
757,0.16841898050555332
758,0.16841898050555332
759,0.16841898050555332
760,0.16841898050555332
761,0.16841898050555332
762,0.16841898050555332
763,0.16841898050555332
764,0.16841898050555332
765,0.16841898050555332
766,0.16841898050555332
767,0.16841898050555332
768,0.16841898050555332
769,0.16841898050555332
770,0.16841898050555332
771,0.16841898050555332
772,0.16841898050555332
773,0.16841898050555332
774,0.16841898050555332
775,0.16841898050555332
776,0.16841898050555332
777,0.16841898050555332
778,0.16841898050555332
779,0.16841898050555332
780,0.16841898050555332
781,0.16841898050555332
782,0.16841898050555332
783,0.16841898050555332
784,0.16841898050555332
785,0.16841898050555332
786,0.16841898050555332
