1,0.6675022634897584
2,0.18798964830808543
3,0.18598674967703996
4,0.18350768253616667
5,0.18045910875240678
6,0.17680816980729602
7,0.1726987075754742
8,0.1685852670772768
9,0.1651723613160094
10,0.16297581928659544
11,0.16192543216346808
12,0.16156591598669545
13,0.1614935222782184
14,0.16150411263158382
15,0.16152638474175834
16,0.16154321889467363
17,0.16155351336483142
18,0.16155927851539656
19,0.16156235128173263
20,0.1615639220083278
21,0.1615646795136123
22,0.16156500328704818
23,0.1615650975265045
24,0.16156507081416827
25,0.16156498053858925
26,0.16156485693550704
27,0.16156471590864177
28,0.16156456581592366
29,0.16156441104766953
30,0.16156425390944823
31,0.16156409561181304
32,0.1615639367902726
33,0.16156377777838052
34,0.16156361875114453
35,0.1615634598003282
36,0.1615633009739884
37,0.16156314229723442
38,0.16156298378312767
39,0.16156282543840414
40,0.16156266726647928
41,0.1615625092690255
42,0.16156235144679967
43,0.16156219380007864
44,0.16156203632888733
45,0.161561879033119
46,0.1615617219125978
47,0.1615615649671111
48,0.16156140819642814
49,0.16156125160030874
50,0.1615610951785069
51,0.16156093893077608
52,0.1615607828568665
53,0.16156062695652984
54,0.16156047122951703
55,0.1615603156755792
56,0.16156016029446837
57,0.16156000508593582
58,0.1615598500497348
59,0.16155969518561744
60,0.16155954049333712
61,0.16155938597264766
62,0.1615592316233029
63,0.1615590774450576
64,0.1615589234376664
65,0.16155876960088458
66,0.16155861593446805
67,0.16155846243817282
68,0.1615583091117557
69,0.1615581559549733
70,0.1615580029675831
71,0.161557850149343
72,0.1615576975000114
73,0.16155754501934652
74,0.16155739270710748
75,0.16155724056305393
76,0.1615570885869453
77,0.1615569367785423
78,0.1615567851376049
79,0.1615566336638947
80,0.1615564823571729
81,0.16155633121720142
82,0.1615561802437424
83,0.16155602943655864
84,0.16155587879541267
85,0.16155572832006834
86,0.1615555780102893
87,0.16155542786584
88,0.16155527788648466
89,0.16155512807198844
90,0.16155497842211664
91,0.16155482893663525
92,0.16155467961531
93,0.16155453045790782
94,0.16155438146419546
95,0.16155423263394017
96,0.16155408396690957
97,0.1615539354628722
98,0.16155378712159613
99,0.1615536389428502
100,0.16155349092640378
101,0.1615533430720266
102,0.16155319537948834
103,0.16155304784855945
104,0.16155290047901086
105,0.16155275327061358
106,0.1615526062231389
107,0.16155245933635923
108,0.16155231261004643
109,0.16155216604397296
110,0.16155201963791244
111,0.16155187339163793
112,0.16155172730492298
113,0.1615515813775421
114,0.1615514356092694
115,0.16155128999988033
116,0.1615511445491493
117,0.1615509992568527
118,0.1615508541227661
119,0.16155070914666617
120,0.16155056432832907
121,0.1615504196675326
122,0.16155027516405362
123,0.16155013081767022
124,0.1615499866281606
125,0.1615498425953033
126,0.16154969871887698
127,0.16154955499866128
128,0.16154941143443555
129,0.16154926802598013
130,0.1615491247730753
131,0.16154898167550139
132,0.16154883873303977
133,0.16154869594547197
134,0.16154855331257964
135,0.16154841083414495
136,0.16154826850995063
137,0.1615481263397793
138,0.16154798432341425
139,0.16154784246063894
140,0.16154770075123764
141,0.16154755919499442
142,0.16154741779169385
143,0.1615472765411212
144,0.16154713544306162
145,0.16154699449730078
146,0.16154685370362484
147,0.16154671306182017
148,0.16154657257167343
149,0.161546432232972
150,0.16154629204550291
151,0.16154615200905428
152,0.16154601212341435
153,0.1615458723883711
154,0.16154573280371412
155,0.16154559336923177
156,0.16154545408471419
157,0.16154531494995122
158,0.1615451759647326
159,0.1615450371288495
160,0.1615448984420923
161,0.16154475990425246
162,0.16154462151512175
163,0.16154448327449167
164,0.1615443451821549
165,0.1615442072379038
166,0.16154406944153138
167,0.1615439317928309
168,0.16154379429159613
169,0.16154365693762077
170,0.1615435197306995
171,0.1615433826706264
172,0.16154324575719675
173,0.16154310899020602
174,0.1615429723694494
175,0.16154283589472332
176,0.16154269956582387
177,0.16154256338254755
178,0.16154242734469157
179,0.16154229145205284
180,0.1615421557044295
181,0.16154202010161917
182,0.16154188464342017
183,0.1615417493296312
184,0.16154161416005097
185,0.1615414791344793
186,0.16154134425271507
187,0.1615412095145587
188,0.16154107491981018
189,0.1615409404682701
190,0.1615408061597398
191,0.16154067199401972
192,0.16154053797091206
193,0.16154040409021847
194,0.161540270351741
195,0.16154013675528234
196,0.1615400033006452
197,0.16153986998763295
198,0.16153973681604858
199,0.16153960378569632
200,0.1615394708963803
201,0.16153933814790486
202,0.1615392055400746
203,0.16153907307269463
204,0.16153894074557051
205,0.16153880855850794
206,0.16153867651131265
207,0.16153854460379108
208,0.16153841283575018
209,0.16153828120699656
210,0.1615381497173375
211,0.1615380183665809
212,0.16153788715453418
213,0.16153775608100596
214,0.16153762514580466
215,0.16153749434873907
216,0.16153736368961827
217,0.16153723316825153
218,0.16153710278444913
219,0.16153697253802088
220,0.161536842428777
221,0.16153671245652843
222,0.16153658262108594
223,0.1615364529222611
224,0.16153632335986504
225,0.1615361939337102
226,0.16153606464360856
227,0.16153593548937267
228,0.16153580647081525
229,0.16153567758774948
230,0.1615355488399888
231,0.16153542022734696
232,0.16153529174963802
233,0.16153516340667626
234,0.16153503519827628
235,0.16153490712425317
236,0.16153477918442175
237,0.16153465137859827
238,0.16153452370659793
239,0.16153439616823712
240,0.1615342687633321
241,0.1615341414917
242,0.1615340143531573
243,0.16153388734752164
244,0.1615337604746105
245,0.16153363373424193
246,0.16153350712623415
247,0.16153338065040548
248,0.16153325430657467
249,0.16153312809456077
250,0.1615330020141835
251,0.16153287606526215
252,0.16153275024761704
253,0.16153262456106812
254,0.16153249900543593
255,0.16153237358054137
256,0.16153224828620566
257,0.16153212312224996
258,0.16153199808849633
259,0.16153187318476625
260,0.16153174841088266
261,0.16153162376666744
262,0.16153149925194363
263,0.16153137486653443
264,0.16153125061026338
265,0.16153112648295403
266,0.1615310024844302
267,0.16153087861451645
268,0.1615307548730371
269,0.16153063125981706
270,0.16153050777468161
271,0.16153038441745585
272,0.16153026118796562
273,0.16153013808603692
274,0.16153001511149573
275,0.16152989226416867
276,0.16152976954388276
277,0.16152964695046484
278,0.1615295244837422
279,0.16152940214354294
280,0.16152927992969432
281,0.16152915784202498
282,0.16152903588036288
283,0.1615289140445375
284,0.16152879233437734
285,0.16152867074971164
286,0.16152854929037022
287,0.16152842795618258
288,0.1615283067469793
289,0.16152818566259028
290,0.16152806470284656
291,0.16152794386757854
292,0.16152782315661818
293,0.1615277025697962
294,0.1615275821069449
295,0.16152746176789567
296,0.16152734155248144
297,0.16152722146053436
298,0.1615271014918876
299,0.16152698164637372
300,0.16152686192382626
301,0.16152674232407915
302,0.16152662284696567
303,0.16152650349232064
304,0.16152638425997826
305,0.16152626514977292
306,0.16152614616153968
307,0.16152602729511378
308,0.1615259085503309
309,0.16152578992702663
310,0.16152567142503685
311,0.16152555304419786
312,0.1615254347843465
313,0.16152531664531927
314,0.16152519862695303
315,0.16152508072908553
316,0.16152496295155383
317,0.16152484529419622
318,0.16152472775685056
319,0.16152461033935553
320,0.16152449304154892
321,0.16152437586327043
322,0.16152425880435872
323,0.16152414186465347
324,0.1615240250439942
325,0.16152390834222055
326,0.1615237917591728
327,0.16152367529469153
328,0.16152355894861745
329,0.16152344272079108
330,0.1615233266110539
331,0.16152321061924704
332,0.16152309474521265
333,0.16152297898879237
334,0.16152286334982816
335,0.16152274782816284
336,0.1615226324236387
337,0.161522517136099
338,0.16152240196538675
339,0.1615222869113454
340,0.1615221719738186
341,0.16152205715265053
342,0.16152194244768492
343,0.16152182785876648
344,0.16152171338573978
345,0.16152159902845
346,0.1615214847867419
347,0.1615213706604612
348,0.16152125664945344
349,0.16152114275356458
350,0.1615210289726406
351,0.1615209153065279
352,0.16152080175507338
353,0.16152068831812394
354,0.16152057499552627
355,0.16152046178712828
356,0.16152034869277704
357,0.16152023571232071
358,0.1615201228456074
359,0.16152001009248565
360,0.1615198974528035
361,0.16151978492641006
362,0.16151967251315427
363,0.16151956021288588
364,0.16151944802545382
365,0.16151933595070816
366,0.16151922398849897
367,0.16151911213867629
368,0.161519000401091
369,0.1615188887755931
370,0.16151877726203429
371,0.16151866586026556
372,0.16151855457013814
373,0.16151844339150395
374,0.1615183323242147
375,0.16151822136812255
376,0.16151811052308004
377,0.16151799978893955
378,0.16151788916555415
379,0.16151777865277697
380,0.16151766825046093
381,0.16151755795845985
382,0.16151744777662755
383,0.16151733770481788
384,0.161517227742885
385,0.16151711789068357
386,0.16151700814806827
387,0.16151689851489387
388,0.16151678899101576
389,0.1615166795762892
390,0.1615165702705697
391,0.16151646107371315
392,0.16151635198557562
393,0.1615162430060136
394,0.16151613413488328
395,0.16151602537204182
396,0.16151591671734575
397,0.1615158081706524
398,0.16151569973181942
399,0.16151559140070426
400,0.1615154831771647
401,0.16151537506105926
402,0.16151526705224575
403,0.16151515915058323
404,0.16151505135592986
405,0.161514943668145
406,0.16151483608708808
407,0.16151472861261804
408,0.16151462124459487
409,0.16151451398287836
410,0.16151440682732834
411,0.16151429977780565
412,0.1615141928341705
413,0.1615140859962838
414,0.16151397926400646
415,0.16151387263719952
416,0.16151376611572443
417,0.1615136596994432
418,0.16151355338821732
419,0.1615134471819088
420,0.16151334108038023
421,0.16151323508349397
422,0.16151312919111255
423,0.16151302340309937
424,0.16151291771931692
425,0.16151281213962917
426,0.16151270666389927
427,0.16151260129199127
428,0.16151249602376924
429,0.1615123908590971
430,0.1615122857978394
431,0.16151218083986082
432,0.16151207598502626
433,0.1615119712332008
434,0.16151186658424962
435,0.16151176203803816
436,0.16151165759443237
437,0.16151155325329788
438,0.16151144901450104
439,0.1615113448779082
440,0.16151124084338547
441,0.16151113691080016
442,0.16151103308001893
443,0.16151092935090902
444,0.1615108257233379
445,0.16151072219717283
446,0.16151061877228182
447,0.16151051544853307
448,0.16151041222579443
449,0.16151030910393446
450,0.16151020608282193
451,0.1615101031623255
452,0.16151000034231403
453,0.1615098976226571
454,0.16150979500322385
455,0.16150969248388403
456,0.16150959006450763
457,0.1615094877449644
458,0.16150938552512495
459,0.16150928340485937
460,0.1615091813840384
461,0.16150907946253326
462,0.16150897764021435
463,0.1615088759169535
464,0.16150877429262203
465,0.1615086727670914
466,0.16150857134023378
467,0.16150847001192087
468,0.16150836878202526
469,0.1615082676504192
470,0.16150816661697534
471,0.16150806568156656
472,0.16150796484406604
473,0.1615078641043469
474,0.16150776346228263
475,0.16150766291774696
476,0.16150756247061376
477,0.16150746212075673
478,0.16150736186805034
