1,0.2046351232824309
2,0.20449090056078062
3,0.2042933014937221
4,0.20416524386112983
5,0.20402895045460742
6,0.20388362623968023
7,0.20372837345590492
8,0.20356217495875498
9,0.20338387431395943
10,0.20319215190789777
11,0.20298549614915928
12,0.20276216859515206
13,0.20252016152842933
14,0.20225714611071788
15,0.20197040873423233
16,0.20165677254070083
17,0.20131250025587985
18,0.20093317345941633
19,0.20051354215733808
20,0.20004733706619782
21,0.19952703546766756
22,0.19894357017511155
23,0.1982859708438028
24,0.19754092925451358
25,0.19669228887102774
26,0.1957204811408113
27,0.19460198084745384
28,0.1933089569520841
29,0.1918095002610765
30,0.19006918487444133
31,0.18805533488546572
32,0.1857461568133867
33,0.1831472639899972
34,0.1803161499399171
35,0.17738737416709408
36,0.1745766946519475
37,0.17213501361178682
38,0.17025281229633302
39,0.16897729456962984
40,0.1682141908907237
41,0.16780455124252122
42,0.1676023996101237
43,0.16750785393310166
44,0.16746416916675674
45,0.16744289192722017
46,0.16743093325640693
47,0.16742263701376867
48,0.16741568018222866
49,0.16740915605874873
50,0.16740273381449278
51,0.16739630639444542
52,0.16738984850914593
53,0.16738336163287806
54,0.16737685387068207
55,0.1673703333006455
56,0.16736380625945105
57,0.1673572772784153
58,0.16735074945909958
59,0.16734422488048617
60,0.16733770492577987
61,0.16733119051751297
62,0.1673246822779811
63,0.16731818063562015
64,0.1673116858943686
65,0.16730519827844823
66,0.1672987179610877
67,0.16729224508288154
68,0.1672857797634953
69,0.16727932210911042
70,0.1672728722171612
71,0.16726643017934256
72,0.16725999608351708
73,0.16725357001492716
74,0.1672471520569612
75,0.1672407422916388
76,0.16723434079991775
77,0.16722794766188517
78,0.16722156295687965
79,0.16721518676356623
80,0.16720881915998065
81,0.16720246022355928
82,0.16719611003115245
83,0.16718976865903637
84,0.16718343618291379
85,0.1671771126779169
86,0.16717079821860684
87,0.16716449287897042
88,0.1671581967324186
89,0.1671519098517839
90,0.16714563230931567
91,0.1671393641766788
92,0.16713310552494887
93,0.16712685642461075
94,0.1671206169455515
95,0.16711438715706245
96,0.1671081671278322
97,0.16710195692594454
98,0.16709575661887624
99,0.1670895662734942
100,0.16708338595605057
101,0.16707721573218356
102,0.16707105566691122
103,0.167064905824632
104,0.16705876626911995
105,0.16705263706352405
106,0.16704651827036474
107,0.16704040995153305
108,0.16703431216828699
109,0.16702822498125094
110,0.1670221484504133
111,0.16701608263512382
112,0.16701002759409353
113,0.16700398338539202
114,0.1669979500664459
115,0.16699192769403812
116,0.16698591632430523
117,0.1669799160127379
118,0.16697392681417886
119,0.16696794878282037
120,0.16696198197220635
121,0.16695602643522858
122,0.16695008222412774
123,0.16694414939049126
124,0.16693822798525418
125,0.1669323180586964
126,0.16692641966044489
127,0.16692053283947061
128,0.16691465764409055
129,0.16690879412196552
130,0.1669029423201014
131,0.1668971022848478
132,0.1668912740618996
133,0.16688545769629543
134,0.16687965323241907
135,0.16687386071399876
136,0.16686808018410787
137,0.1668623116851654
138,0.16685655525893658
139,0.16685081094653317
140,0.1668450787884137
141,0.1668393588243848
142,0.16683365109360135
143,0.1668279556345682
144,0.16682227248514053
145,0.16681660168252427
146,0.16681094326327792
147,0.16680529726331386
148,0.16679966371789853
149,0.16679404266165485
150,0.16678843412856242
151,0.16678283815195988
152,0.16677725476454572
153,0.16677168399838013
154,0.16676612588488665
155,0.16676058045485337
156,0.16675504773843508
157,0.1667495277651545
158,0.166744020563905
159,0.16673852616295187
160,0.1667330445899346
161,0.1667275758718682
162,0.16672212003514572
163,0.16671667710554094
164,0.16671124710820923
165,0.1667058300676916
166,0.1667004260079156
167,0.16669503495219729
168,0.16668965692324414
169,0.16668429194315984
170,0.1666789400334425
171,0.16667360121499009
172,0.16666827550810231
173,0.1666629629324833
174,0.16665766350724376
175,0.16665237725090437
176,0.1666471041813989
177,0.1666418443160756
178,0.1666365976717009
179,0.16663136426446382
180,0.16662614410997514
181,0.1666209372232748
182,0.16661574361883158
183,0.1666105633105478
184,0.16660539631176194
185,0.16660024263525192
186,0.16659510229323787
187,0.1665899752973867
188,0.16658486165881287
189,0.16657976138808392
190,0.1665746744952229
191,0.16656960098971213
192,0.1665645408804957
193,0.16655949417598304
194,0.16655446088405393
195,0.1665494410120593
196,0.1665444345668271
197,0.1665394415546644
198,0.1665344619813617
199,0.1665294958521956
200,0.16652454317193352
201,0.16651960394483611
202,0.166514678174662
203,0.16650976586467056
204,0.16650486701762632
205,0.16649998163580168
206,0.16649510972098167
207,0.1664902512744666
208,0.16648540629707745
209,0.16648057478915737
210,0.16647575675057746
211,0.16647095218073943
212,0.16646616107857937
213,0.1664613834425726
214,0.1664566192707363
215,0.16645186856063388
216,0.16644713130937908
217,0.16644240751363887
218,0.1664376971696385
219,0.16643300027316488
220,0.1664283168195701
221,0.16642364680377583
222,0.16641899022027723
223,0.16641434706314578
224,0.16640971732603524
225,0.16640510100218334
226,0.16640049808441776
227,0.1663959085651576
228,0.1663913324364201
229,0.1663867696898227
230,0.1663822203165871
231,0.1663776843075438
232,0.1663731616531355
233,0.16636865234342196
234,0.16636415636808238
235,0.16635967371642063
236,0.1663552043773688
237,0.16635074833949104
238,0.16634630559098676
239,0.16634187611969603
240,0.16633745991310214
241,0.16633305695833692
242,0.16632866724218268
243,0.16632429075107782
244,0.16631992747112032
245,0.16631557738807046
246,0.16631124048735593
247,0.16630691675407666
248,0.16630260617300488
249,0.1662983087285937
250,0.16629402440497745
251,0.1662897531859771
252,0.1662854950551036
253,0.1662812499955621
254,0.16627701799025496
255,0.16627279902178654
256,0.16626859307246547
257,0.1662644001243106
258,0.1662602201590526
259,0.16625605315813882
260,0.16625189910273702
261,0.1662477579737384
262,0.166243629751762
263,0.1662395144171578
264,0.16623541195001101
265,0.16623132233014506
266,0.16622724553712598
267,0.1662231815502646
268,0.1662191303486222
269,0.16621509191101222
270,0.16621106621600484
271,0.16620705324193036
272,0.16620305296688234
273,0.166199065368722
274,0.16619509042508013
275,0.16619112811336278
276,0.1661871784107523
277,0.16618324129421286
278,0.16617931674049233
279,0.16617540472612696
280,0.16617150522744342
281,0.1661676182205636
282,0.16616374368140596
283,0.16615988158569198
284,0.16615603190894587
285,0.1661521946265006
286,0.1661483697134995
287,0.16614455714490053
288,0.16614075689547897
289,0.16613696893983076
290,0.16613319325237574
291,0.16612942980736023
292,0.16612567857886176
293,0.16612193954078977
294,0.16611821266689059
295,0.16611449793075075
296,0.1661107953057977
297,0.1661071047653052
298,0.1661034262823959
299,0.16609975983004316
300,0.16609610538107514
301,0.16609246290817706
302,0.16608883238389513
303,0.1660852137806376
304,0.16608160707067962
305,0.16607801222616514
306,0.16607442921910978
307,0.16607085802140328
308,0.1660672986048133
309,0.16606375094098755
310,0.16606021500145593
311,0.16605669075763427
312,0.16605317818082713
313,0.16604967724222913
314,0.16604618791292836
315,0.16604271016391023
316,0.16603924396605768
317,0.16603578929015544
318,0.16603234610689188
319,0.16602891438686296
320,0.16602549410057166
321,0.16602208521843387
322,0.16601868771077916
323,0.16601530154785307
324,0.16601192669981937
325,0.16600856313676424
326,0.1660052108286966
327,0.16600186974555123
328,0.16599853985719137
329,0.16599522113341056
330,0.16599191354393525
331,0.16598861705842693
332,0.16598533164648432
333,0.16598205727764553
334,0.16597879392139064
335,0.16597554154714309
336,0.1659723001242733
337,0.16596906962209862
338,0.16596585000988737
339,0.16596264125686036
340,0.1659594433321919
