1,0.18427415430537736
2,0.18064894318746752
3,0.17369322780889174
4,0.1634315239655403
5,0.15809353862310185
6,0.1574654068147356
7,0.15741478066541517
8,0.15740113888069207
9,0.15739105064770098
10,0.1573813717912942
11,0.15737175431622286
12,0.15736215825898642
13,0.15735257843445774
14,0.15734301360196445
15,0.15733346297621023
16,0.1573239258322514
17,0.15731440146059472
18,0.15730488916193466
19,0.1572953882463976
20,0.15728589803331156
21,0.1572764178510471
22,0.15726694703687366
23,0.15725748493682357
24,0.15724803090556358
25,0.15723858430626952
26,0.15722914451050754
27,0.15721971089811823
28,0.1572102828571055
29,0.1572008597835287
30,0.15719144108139918
31,0.15718202616257906
32,0.15717261444668454
33,0.15716320536099262
34,0.15715379834035015
35,0.15714439282708728
36,0.15713498827093234
37,0.1571255841289327
38,0.15711617986537554
39,0.15710677495171316
40,0.15709736886649253
41,0.15708796109528472
42,0.15707855113061997
43,0.15706913847192472
44,0.15705972262546034
45,0.15705030310426685
46,0.15704087942810782
47,0.15703145112341757
48,0.15702201772325283
49,0.15701257876724603
50,0.15700313380156047
51,0.15699368237884886
52,0.15698422405821594
53,0.15697475840517996
54,0.1569652849916397
55,0.15695580339584314
56,0.1569463132023577
57,0.15693681400204407
58,0.15692730539203137
59,0.15691778697569567
60,0.15690825836263952
61,0.156898719168675
62,0.15688916901580766
63,0.15687960753222427
64,0.15687003435228097
65,0.15686044911649505
66,0.15685085147153835
67,0.15684124107023126
68,0.15683161757154154
69,0.15682198064058267
70,0.15681232994861596
71,0.15680266517305208
72,0.15679298599745845
73,0.156783292111564
74,0.1567735832112694
75,0.15676385899865655
76,0.156754119182002
77,0.15674436347578924
78,0.15673459160072653
79,0.15672480328376234
80,0.15671499825810514
81,0.15670517626324373
82,0.1566953370449692
83,0.1566854803553987
84,0.15667560595299962
85,0.15666571360261689
86,0.1566558030754998
87,0.15664587414933184
88,0.15663592660825984
89,0.156625960242927
90,0.1566159748505041
91,0.1566059702347246
92,0.1565959462059186
93,0.15658590258104912
94,0.1565758391837499
95,0.1565657558443618
96,0.1565556523999727
97,0.1565455286944571
98,0.15653538457851593
99,0.15652521990971877
100,0.15651503455254448
101,0.15650482837842453
102,0.15649460126578643
103,0.1564843531000957
104,0.15647408377390146
105,0.15646379318688067
106,0.15645348124588213
107,0.15644314786497188
108,0.1564327929654785
109,0.15642241647603844
110,0.1564120183326413
111,0.15640159847867519
112,0.1563911568649727
113,0.15638069344985517
114,0.1563702081991789
115,0.1563597010863785
116,0.15634917209251242
117,0.15633862120630668
118,0.1563280484241983
119,0.1563174537503777
120,0.1563068371968322
121,0.15629619878338633
122,0.15628553853774385
123,0.15627485649552608
124,0.15626415270031255
125,0.15625342720367755
126,0.15624268006522796
127,0.15623191135263784
128,0.15622112114168366
129,0.15621030951627676
130,0.15619947656849498
131,0.15618862239861273
132,0.15617774711512927
133,0.15616685083479548
134,0.15615593368263914
135,0.15614499579198657
136,0.15613403730448602
137,0.15612305837012508
138,0.1561120591472483
139,0.1561010398025714
140,0.15609000051119487
141,0.1560789414566135
142,0.15606786283072396
143,0.15605676483383038
144,0.15604564767464735
145,0.1560345115702989
146,0.15602335674631648
147,0.15601218343663342
148,0.15600099188357575
149,0.1559897823378516
150,0.15597855505853614
151,0.15596731031305372
152,0.15595604837715804
153,0.15594476953490652
154,0.15593347407863464
155,0.15592216230892358
156,0.15591083453456744
157,0.15589949107253417
158,0.15588813224792514
159,0.15587675839393003
160,0.15586536985177823
161,0.1558539669706863
162,0.15584255010780299
163,0.1558311196281476
164,0.1558196759045483
165,0.15580821931757308
166,0.15579675025545936
167,0.155785269114038
168,0.15577377629665373
169,0.15576227221408293
170,0.15575075728444535
171,0.155739231933113
172,0.1557276965926153
173,0.1557161517025394
174,0.15570459770942635
175,0.15569303506666463
176,0.15568146423437804
177,0.15566988567931073
178,0.15565829987470717
179,0.15564670730018992
180,0.1556351084416312
181,0.15562350379102236
182,0.1556118938463382
183,0.15560027911139887
184,0.15558866009572697
185,0.15557703731440048
186,0.1555654112879032
187,0.15555378254197116
188,0.15554215160743481
189,0.15553051902005838
190,0.15551888532037633
191,0.15550725105352445
192,0.1554956167690704
193,0.1554839830208388
194,0.1554723503667345
195,0.1554607193685625
196,0.15544909059184503
197,0.15543746460563576
198,0.155425841982331
199,0.15541422329747925
200,0.1554026091295879
201,0.1553910000599268
202,0.1553793966723304
203,0.15536779955299865
204,0.15535620929029398
205,0.15534462647453767
206,0.15533305169780498
207,0.15532148555371736
208,0.155309928637235
209,0.15529838154444586
210,0.15528684487235686
211,0.15527531921868035
212,0.15526380518162244
213,0.15525230335967033
214,0.1552408143513778
215,0.15522933875515257
216,0.15521787716904062
217,0.15520643019051314
218,0.15519499841625334
219,0.15518358244194028
220,0.15517218286203874
221,0.15516080026958495
222,0.15514943525597533
223,0.15513808841075524
224,0.15512676032141037
225,0.15511545157315737
226,0.15510416274873765
227,0.15509289442821164
228,0.1550816471887551
229,0.15507042160445755
230,0.155059218246123
231,0.15504803768107164
232,0.1550368804729455
233,0.15502574718151543
234,0.155014638362491
235,0.15500355456733353
236,0.15499249634307158
237,0.15498146423211992
238,0.1549704587721004
239,0.15495948049566863
240,0.15494852993034108
241,0.1549376075983281
242,0.154926714016369
243,0.15491584969557162
244,0.15490501514125588
245,0.1548942108528009
246,0.15488343732349558
247,0.15487269504039505
248,0.15486198448417918
249,0.1548513061290175
250,0.15484066044243647
251,0.15483004788519283
252,0.15481946891115017
253,0.15480892396716145
254,0.1547984134929545
255,0.1547879379210232
256,0.15477749767652357
257,0.15476709317717394
258,0.1547567248331597
259,0.15474639304704413
260,0.1547360982136827
261,0.15472584072014248
262,0.15471562094562716
263,0.15470543926140615
264,0.15469529603074858
265,0.15468519160886302
266,0.15467512634284034
267,0.15466510057160335
268,0.15465511462585965
269,0.15464516882806065
270,0.1546352634923639
271,0.1546253989246013
272,0.1546155754222521
273,0.1546057932744183
274,0.15459605276180896
275,0.1545863541567242
276,0.1545766977230472
277,0.15456708371623917
278,0.15455751238333904
279,0.15454798396296723
280,0.15453849868533429
281,0.1545290567722528
282,0.15451965843715396
283,0.1545103038851089
284,0.15450099331285205
285,0.1544917269088099
286,0.1544825048531341
287,0.1544733273177357
288,0.15446419446632606
289,0.15445510645445892
290,0.15444606342957798
291,0.15443706553106534
292,0.15442811289029532
293,0.15441920563069111
294,0.15441034386778296
295,0.15440152770927137
296,0.15439275725509133
297,0.1543840325974813
298,0.1543753538210525
299,0.1543667210028628
300,0.1543581342124921
301,0.15434959351211947
302,0.15434109895660528
303,0.1543326505935707
304,0.1543242484634847
305,0.1543158925997485
306,0.15430758302878467
307,0.15429931977012704
308,0.15429110283651182
309,0.15428293223397116
310,0.1542748079619278
311,0.1542667300132906
312,0.15425869837455244
313,0.15425071302588822
314,0.15424277394125446
315,0.1542348810884899
316,0.15422703442941674
317,0.1542192339199436
318,0.15421147951016764
319,0.15420377114447828
320,0.15419610876166215
321,0.1541884922950073
322,0.15418092167240785
323,0.15417339681647035
324,0.1541659176446192
325,0.15415848406920113
326,0.1541510959975938
327,0.15414375333230915
328,0.1541364559711009
329,0.15412920380706965
330,0.15412199672876944
331,0.15411483462031228
332,0.1541077173614733
333,0.15410064482779662
334,0.15409361689069836
335,0.15408663341757137
336,0.15407969427188858
337,0.15407279931330561
338,0.15406594839776344
339,0.15405914137758914
340,0.15405237810159772
341,0.1540456584151913
342,0.1540389821604594
343,0.15403234917627656
344,0.1540257592984005
345,0.1540192123595684
346,0.15401270818959317
347,0.15400624661545784
348,0.15399982746140944
349,0.15399345054905195
350,0.1539871156974379
351,0.1539808227231589
352,0.15397457144043544
353,0.15396836166120478
354,0.1539621931952091
355,0.15395606585008056
356,0.15394997943142694
357,0.1539439337429148
358,0.15393792858635263
359,0.15393196376177173
360,0.15392603906750604
361,0.1539201543002715
362,0.15391430925524305
363,0.15390850372613113
364,0.1539027375052568
365,0.15389701038362516
366,0.15389132215099807
367,0.1538856725959654
368,0.15388006150601438
369,0.1538744886675985
370,0.15386895386620544
371,0.15386345688642195
372,0.15385799751199927
373,0.15385257552591694
374,0.15384719071044367
375,0.15384184284719976
376,0.15383653171721587
377,0.15383125710099213
378,0.15382601877855379
379,0.15382081652950902
380,0.15381565013310228
381,0.15381051936826792
382,0.15380542401368308
383,0.1538003638478177
384,0.15379533864898473
385,0.15379034819538892
386,0.1537853922651744
387,0.15378047063646988
388,0.15377558308743502
389,0.15377072939630362
390,0.15376590934142603
391,0.1537611227013127
392,0.15375636925467226
393,0.15375164878045305
394,0.15374696105788035
395,0.15374230586649404
396,0.15373768298618537
397,0.15373309219723152
398,0.15372853328033048
399,0.15372400601663375
400,0.15371951018777896
401,0.1537150455759211
402,0.15371061196376248
403,0.15370620913458252
404,0.15370183687226627
405,0.1536974949613316
406,0.15369318318695566
407,0.15368890133500143
408,0.1536846491920415
409,0.15368042654538336
410,0.15367623318309143
411,0.1536720688940095
412,0.15366793346778362
413,0.15366382669488132
414,0.15365974836661184
415,0.15365569827514627
416,0.15365167621353532
417,0.15364768197572692
418,0.1536437153565838
419,0.15363977615189894
420,0.15363586415841252
421,0.15363197917382582
422,0.15362812099681536
423,0.15362428942704764
424,0.15362048426519131
425,0.15361670531292992
426,0.15361295237297304
427,0.1536092252490693
428,0.15360552374601452
429,0.15360184766966342
430,0.15359819682693948
431,0.15359457102584204
432,0.153590970075457
433,0.15358739378596334
434,0.15358384196864105
435,0.1535803144358778
436,0.15357681100117626
437,0.1535733314791588
438,0.15356987568557479
439,0.15356644343730433
440,0.15356303455236325
441,0.1535596488499083
442,0.15355628615023975
443,0.1535529462748063
444,0.1535496290462069
445,0.1535463342881945
446,0.15354306182567784
447,0.15353981148472384
448,0.15353658309255935
449,0.1535333764775722
450,0.15353019146931282
451,0.1535270278984939
452,0.15352388559699234
453,0.1535207643978485
454,0.1535176641352657
455,0.15351458464461074
456,0.15351152576241298
457,0.15350848732636282
458,0.15350546917531074
459,0.153502471149267
460,0.15349949308939823
461,0.15349653483802625
462,0.15349359623862663
463,0.15349067713582573
464,0.1534877773753979
465,0.15348489680426355
466,0.15348203527048504
467,0.1534791926232655
468,0.1534763687129434
469,0.15347356339099072
470,0.15347077651000826
471,0.15346800792372275
472,0.1534652574869825
473,0.1534625250557534
474,0.15345981048711424
475,0.15345711363925335
476,0.15345443437146328
477,0.15345177254413703
478,0.15344912801876204
479,0.1534465006579169
480,0.1534438903252652
481,0.15344129688555122
482,0.15343872020459473
483,0.1534361601492849
484,0.15343361658757676
485,0.15343108938848338
486,0.15342857842207264
487,0.15342608355946044
488,0.15342360467280533
489,0.1534211416353028
490,0.1534186943211796
491,0.15341626260568753
492,0.15341384636509814
493,0.15341144547669622
494,0.1534090598187745
495,0.15340668927062653
496,0.15340433371254175
497,0.15340199302579852
498,0.15339966709265812
499,0.1533973557963588
500,0.1533950590211096
501,0.1533927766520835
502,0.1533905085754115
503,0.15338825467817666
504,0.1533860148484066
505,0.15338378897506877
506,0.1533815769480626
507,0.15337937865821374
508,0.15337719399726787
509,0.15337502285788326
510,0.1533728651336262
511,0.15337072071896216
512,0.1533685895092514
513,0.1533664714007413
514,0.15336436629056063
515,0.15336227407671246
516,0.15336019465806808
517,0.1533581279343607
518,0.1533560738061785
519,0.1533540321749588
520,0.1533520029429809
521,0.1533499860133606
522,0.153347981290043
523,0.1533459886777963
524,0.15334400808220558
525,0.15334203940966668
526,0.15334008256737913
527,0.15333813746334019
528,0.153336204006339
529,0.1533342821059494
530,0.15333237167252453
531,0.1533304726171899
532,0.1533285848518375
533,0.15332670828911943
534,0.15332484284244202
535,0.15332298842595918
536,0.1533211449545668
537,0.15331931234389673
538,0.15331749051030927
539,0.1533156793708893
540,0.15331387884343892
541,0.1533120888464713
542,0.15331030929920605
543,0.15330854012156134
544,0.15330678123414956
545,0.15330503255827124
546,0.15330329401590823
547,0.153301565529719
548,0.1532998470230326
549,0.15329813841984227
550,0.1532964396448005
551,0.15329475062321335
552,0.1532930712810343
553,0.1532914015448587
554,0.15328974134191883
555,0.15328809060007767
556,0.15328644924782373
557,0.1532848172142655
558,0.15328319442912658
559,0.15328158082273877
560,0.15327997632603854
561,0.15327838087056042
562,0.1532767943884327
563,0.1532752168123713
564,0.15327364807567503
565,0.15327208811222026
566,0.15327053685645606
567,0.15326899424339877
568,0.15326746020862694
569,0.15326593468827673
570,0.15326441761903659
571,0.15326290893814207
572,0.15326140858337148
573,0.15325991649304085
574,0.1532584326059986
575,0.15325695686162144
576,0.15325548919980908
577,0.15325402956097986
578,0.153252577886066
579,0.15325113411650856
580,0.15324969819425355
581,0.15324827006174654
582,0.1532468496619288
583,0.15324543693823228
584,0.15324403183457583
585,0.15324263429535975
586,0.15324124426546207
587,0.15323986169023487
588,0.15323848651549796
589,0.1532371186875365
590,0.15323575815309637
591,0.15323440485937884
592,0.15323305875403792
593,0.15323171978517477
594,0.1532303879013353
595,0.1532290630515045
596,0.15322774518510265
597,0.1532264342519824
598,0.1532251302024242
599,0.1532238329871313
600,0.15322254255722778
601,0.15322125886425325
602,0.15321998186015984
603,0.1532187114973074
604,0.15321744772846088
605,0.15321619050678628
606,0.15321493978584627
607,0.15321369551959732
608,0.15321245766238586
609,0.15321122616894445
610,0.1532100009943883
611,0.15320878209421196
612,0.1532075694242858
613,0.15320636294085183
614,0.1532051626005217
615,0.1532039683602715
616,0.1532027801774402
617,0.15320159800972444
618,0.15320042181517715
619,0.1531992515522028
620,0.1531980871795546
621,0.15319692865633142
622,0.15319577594197467
623,0.15319462899626465
624,0.1531934877793181
625,0.15319235225158437
626,0.1531912223738428
627,0.1531900981071998
628,0.1531889794130853
629,0.15318786625325015
630,0.15318675858976297
631,0.1531856563850077
632,0.1531845596016797
633,0.15318346820278375
634,0.15318238215163113
635,0.15318130141183617
636,0.15318022594731417
637,0.15317915572227794
638,0.153178090701236
639,0.1531770308489888
640,0.15317597613062645
641,0.15317492651152648
642,0.15317388195735052
643,0.1531728424340421
644,0.15317180790782378
645,0.15317077834519516
646,0.15316975371292912
647,0.15316873397807096
648,0.15316771910793464
649,0.1531667090701003
650,0.1531657038324131
651,0.15316470336297897
652,0.1531637076301639
653,0.15316271660258993
654,0.15316173024913482
655,0.15316074853892747
656,0.15315977144134735
657,0.15315879892602136
658,0.1531578309628216
659,0.1531568675218636
660,0.15315590857350353
661,0.15315495408833632
662,0.15315400403719348
663,0.1531530583911408
664,0.15315211712147642
665,0.15315118019972818
666,0.15315024759765233
667,0.15314931928723075
668,0.15314839524066967
669,0.1531474754303963
670,0.15314655982905848
671,0.15314564840952147
672,0.15314474114486618
673,0.15314383800838777
674,0.15314293897359324
675,0.15314204401419948
676,0.15314115310413143
677,0.1531402662175202
678,0.15313938332870186
679,0.15313850441221416
680,0.15313762944279594
681,0.15313675839538496
682,0.15313589124511584
683,0.1531350279673185
684,0.15313416853751655
685,0.15313331293142543
686,0.15313246112495044
687,0.1531316130941852
688,0.1531307688154103
689,0.1531299282650911
690,0.15312909141987582
691,0.15312825825659554
692,0.1531274287522604
693,0.15312660288405916
694,0.15312578062935742
695,0.15312496196569672
696,0.1531241468707911
697,0.15312333532252775
698,0.15312252729896397
699,0.15312172277832634
700,0.15312092173900885
701,0.1531201241595719
702,0.15311933001874
703,0.15311853929540156
704,0.15311775196860597
705,0.15311696801756317
706,0.15311618742164207
707,0.153115410160369
708,0.15311463621342625
709,0.15311386556065062
710,0.15311309818203275
711,0.15311233405771454
712,0.1531115731679891
713,0.1531108154932986
714,0.1531100610142331
715,0.15310930971152956
716,0.1531085615660701
717,0.1531078165588811
718,0.15310707467113183
719,0.15310633588413258
720,0.15310560017933525
721,0.1531048675383295
722,0.15310413794284372
723,0.15310341137474293
724,0.15310268781602734
725,0.15310196724883182
726,0.1531012496554243
727,0.15310053501820478
728,0.15309982331970387
729,0.15309911454258224
730,0.15309840866962882
731,0.15309770568376047
732,0.15309700556801983
733,0.1530963083055758
734,0.15309561387972032
735,0.15309492227386934
736,0.15309423347156045
737,0.1530935474564524
738,0.15309286421232393
739,0.15309218372307248
740,0.15309150597271415
741,0.15309083094538092
742,0.1530901586253216
743,0.15308948899689942
744,0.15308882204459148
745,0.15308815775298826
746,0.153087496106792
747,0.15308683709081586
748,0.1530861806899833
749,0.15308552688932692
750,0.15308487567398724
751,0.15308422702921276
752,0.1530835809403575
753,0.15308293739288192
754,0.1530822963723502
755,0.15308165786443104
756,0.15308102185489514
757,0.15308038832961593
758,0.1530797572745677
759,0.15307912867582468
760,0.153078502519561
761,0.15307787879204907
762,0.15307725747965914
763,0.15307663856885842
764,0.15307602204620996
765,0.15307540789837273
766,0.15307479611209968
767,0.1530741866742376
768,0.15307357957172624
769,0.15307297479159793
770,0.15307237232097534
771,0.1530717721470732
772,0.15307117425719477
773,0.1530705786387334
774,0.1530699852791705
775,0.1530693941660749
776,0.15306880528710276
777,0.15306821862999642
778,0.15306763418258332
779,0.15306705193277625
780,0.15306647186857164
781,0.15306589397804984
782,0.15306531824937325
783,0.15306474467078704
784,0.1530641732306168
785,0.1530636039172701
786,0.1530630367192335
787,0.15306247162507328
788,0.15306190862343463
789,0.15306134770304036
790,0.15306078885269137
791,0.1530602320612649
792,0.15305967731771464
793,0.15305912461106982
794,0.15305857393043446
795,0.15305802526498707
796,0.1530574786039799
797,0.15305693393673836
798,0.1530563912526604
799,0.15305585054121626
800,0.1530553117919467
801,0.15305477499446438
802,0.1530542401384514
803,0.1530537072136603
804,0.1530531762099119
805,0.15305264711709607
806,0.15305211992517076
807,0.153051594624161
808,0.1530510712041596
809,0.1530505496553245
