1,0.7675360469249408
2,0.4999491057467363
3,0.17398048910817188
4,0.17333014477144326
5,0.17327221960537895
6,0.17322430383711537
7,0.17317588887433102
8,0.17312668472950596
9,0.17307669368623912
10,0.1730259290530522
11,0.1729744072440782
12,0.17292214767742478
13,0.17286917288395345
14,0.17281550860665046
15,0.17276118388159237
16,0.17270623109747316
17,0.17265068603086747
18,0.17259458785452625
19,0.17253797911617333
20,0.1724809056855438
21,0.17242341666774685
22,0.17236556428146482
23,0.17230740370101646
24,0.17224899286188844
25,0.17219039222999274
26,0.17213166453560358
27,0.17207287447365124
28,0.17201408837281162
29,0.17195537383653578
30,0.17189679935989258
31,0.1718384339267154
32,0.17178034659211808
33,0.17172260605589326
34,0.17166528023263494
35,0.1716084358246307
36,0.1715521379036003
37,0.17149644950725743
38,0.17144143125640904
39,0.17138714099790117
40,0.17133363347818756
41,0.17128096005164592
42,0.17122916842703428
43,0.17117830245467452
44,0.1711284019561009
45,0.17107950259707752
46,0.17103163580403086
47,0.17098482872316553
48,0.17093910422078273
49,0.17089448092267676
50,0.17085097328991727
51,0.1708085917278656
52,0.1707673427249195
53,0.1707272290172427
54,0.17068824977557986
55,0.1706504008102293
56,0.1706136747902784
57,0.17057806147333657
58,0.17054354794218482
59,0.1705101188450042
60,0.1704777566361282
61,0.17044644181457044
62,0.17041615315791037
63,0.17038686794945074
64,0.17035856219689072
65,0.1703312108410868
66,0.17030478795377157
67,0.17027926692338965
68,0.17025462062847438
69,0.1702308215982243
70,0.1702078421601415
71,0.17018565457478507
72,0.17016423115784354
73,0.17014354438985732
74,0.17012356701403558
75,0.17010427212268348
76,0.170085633232834
77,0.1700676243517081
78,0.17005022003266654
79,0.17003339542232854
80,0.17001712629953494
81,0.17000138910682894
82,0.16998616097511066
83,0.16997141974210633
84,0.16995714396525585
85,0.1699433129296116
86,0.16992990665128255
87,0.1699169058769517
88,0.16990429207994076
89,0.16989204745326436
90,0.16988015490009054
91,0.16986859802197737
92,0.16985736110523153
93,0.1698464291056979
94,0.16983578763226492
95,0.16982542292933533
96,0.16981532185848722
97,0.1698054718795349
98,0.16979586103115743
99,0.16978647791125928
100,0.1697773116572006
101,0.16976835192601514
102,0.16975958887471948
103,0.16975101314080693
104,0.16974261582299927
105,0.16973438846231842
106,0.16972632302354002
107,0.1697184118770601
108,0.16971064778122677
109,0.1697030238651482
110,0.16969553361201153
111,0.16968817084292215
112,0.16968092970127538
113,0.16967380463766554
114,0.16966679039533922
115,0.1696598819961856
116,0.16965307472726568
117,0.1696463641278698
118,0.1696397459771003
119,0.1696332162819645
120,0.16962677126597078
121,0.1696204073582132
122,0.16961412118293304
123,0.1696079095495428
124,0.16960176944309815
125,0.1695956980152046
126,0.16958969257534146
127,0.16958375058259167
128,0.16957786963776006
129,0.16957204747586488
130,0.16956628195899232
131,0.1695605710694917
132,0.1695549129035065
133,0.16954930566481957
134,0.16954374765900318
135,0.16953823728786
136,0.16953277304414213
137,0.16952735350653508
138,0.16952197733489424
139,0.16951664326572738
140,0.1695113501079021
141,0.16950609673857917
142,0.16950088209935096
143,0.16949570519258395
144,0.16949056507794633
145,0.16948546086912342
146,0.16948039173069998
147,0.16947535687520826
148,0.16947035556033435
149,0.1694653870862696
150,0.16946045079320496
151,0.16945554605895927
152,0.1694506722967348
153,0.16944582895299387
154,0.1694410155054502
155,0.16943623146116932
156,0.16943147635477354
157,0.16942674974674518
158,0.16942205122182077
159,0.1694173803874786
160,0.1694127368725056
161,0.16940812032564717
162,0.16940353041433065
163,0.16939896682346195
164,0.1693944292542899
165,0.16938991742333437
166,0.16938543106137624
167,0.16938096991250523
168,0.1693765337332227
169,0.16937212229159507
170,0.16936773536645985
171,0.16936337274667398
172,0.16935903423040924
173,0.16935471962448995
174,0.1693504287437675
175,0.16934616141053482
176,0.16934191745397517
177,0.16933769670964424
178,0.16933349901898628
179,0.16932932422887598
180,0.16932517219119247
181,0.16932104276241872
182,0.16931693580326673
183,0.16931285117832467
184,0.16930878875573063
185,0.16930474840686296
186,0.16930073000605508
187,0.16929673343032597
188,0.1692927585591305
189,0.16928880527412676
190,0.1692848734589572
191,0.16928096299904877
192,0.16927707378142245
193,0.1692732056945199
194,0.1692693586280414
195,0.16926553247279458
196,0.169261727120557
197,0.16925794246394574
198,0.16925417839629928
199,0.16925043481156837
200,0.16924671160421548
201,0.16924300866912076
202,0.16923932590149754
203,0.1692356631968161
204,0.16923202045073055
205,0.16922839755901517
206,0.16922479441750568
207,0.16922121092204565
208,0.1692176469684381
209,0.16921410245240326
210,0.16921057726953834
211,0.1692070713152846
212,0.1692035844848962
213,0.16920011667341256
214,0.16919666777563547
215,0.1691932376861088
216,0.16918982629910162
217,0.16918643350859205
218,0.1691830592082569
219,0.16917970329145984
220,0.16917636565124622
221,0.16917304618033488
222,0.16916974477111724
223,0.1691664613156515
224,0.1691631957056662
225,0.16915994783255797
226,0.1691567175873953
227,0.169153504860921
228,0.16915030954355756
229,0.16914713152541191
230,0.16914397069628187
231,0.16914082694566357
232,0.169137700162758
233,0.16913459023648195
234,0.16913149705547373
235,0.16912842050810573
236,0.16912536048249188
237,0.1691223168665001
238,0.16911928954776004
239,0.16911627841367755
240,0.16911328335144235
241,0.16911030424804135
242,0.16910734099026872
243,0.1691043934647387
244,0.1691014615578955
245,0.16909854515602601
246,0.16909564414527023
247,0.1690927584116339
248,0.1690898878409989
249,0.16908703231913494
250,0.16908419173171021
251,0.16908136596430356
252,0.16907855490241377
253,0.16907575843147152
254,0.16907297643685
255,0.1690702088038727
256,0.16906745541782822
257,0.1690647161639751
258,0.16906199092755497
259,0.1690592795938002
260,0.1690565820479437
261,0.16905389817522765
262,0.1690512278609119
263,0.16904857099028206
264,0.16904592744865915
265,0.16904329712140545
266,0.16904067989393246
267,0.16903807565170845
268,0.16903548428026574
269,0.1690329056652062
270,0.16903033969220857
271,0.16902778624703343
272,0.16902524521553042
273,0.16902271648364167
274,0.1690201999374088
275,0.16901769546297657
276,0.16901520294659741
277,0.16901272227463662
278,0.16901025333357497
279,0.1690077960100128
280,0.1690053501906741
281,0.16900291576240836
282,0.16900049261219394
283,0.16899808062714006
284,0.16899567969448973
285,0.16899328970162067
286,0.16899091053604778
287,0.16898854208542358
288,0.16898618423753997
289,0.16898383688032828
290,0.16898149990185996
291,0.16897917319034725
292,0.16897685663414239
293,0.16897455012173745
294,0.16897225354176398
295,0.16896996678299162
296,0.16896768973432758
297,0.1689654222848143
298,0.16896316432362898
299,0.16896091574007965
300,0.16895867642360587
301,0.16895644626377337
302,0.168954225150273
303,0.1689520129729178
304,0.1689498096216386
305,0.1689476149864817
306,0.16894542895760462
307,0.1689432514252722
308,0.1689410822798532
309,0.16893892141181366
310,0.16893676871171528
311,0.1689346240702082
312,0.16893248737802635
313,0.1689303585259825
314,0.1689282374049624
315,0.16892612390591885
316,0.16892401791986605
317,0.16892191933787182
318,0.16891982805105318
319,0.16891774395056758
320,0.1689156669276071
321,0.16891359687339058
322,0.16891153367915626
323,0.1689094772361537
324,0.16890742743563752
325,0.1689053841688558
326,0.16890334732704482
327,0.1689013168014186
328,0.16889929248316102
329,0.16889727426341547
330,0.16889526203327643
331,0.16889325568377989
332,0.1688912551058921
333,0.16888926019050074
334,0.16888727082840388
335,0.1688852869102999
336,0.16888330832677648
337,0.16888133496829863
338,0.16887936672519763
