1,0.8181362672519252
2,0.8181353816296901
3,0.8181350830250552
4,0.8181348680726693
5,0.8181345577360845
6,0.8181343690522883
7,0.8181341788559211
8,0.8181339871287213
9,0.8181337938521343
10,0.8181335990073004
11,0.818133402575058
12,0.8181332045359276
13,0.8181330048701122
14,0.8181328035574871
15,0.8181326005775971
16,0.8181323959096414
17,0.8181321895324761
18,0.8181319814246021
19,0.8181317715641562
20,0.8181315599289082
21,0.8181313464962475
22,0.81813113124318
23,0.8181309141463177
24,0.8181306951818683
25,0.8181304743256296
26,0.8181302515529795
27,0.8181300268388665
28,0.8181298001578018
29,0.8181295714838464
30,0.8181293407906043
31,0.8181291080512113
32,0.8181288732383242
33,0.8181286363241114
34,0.8181283972802403
35,0.8181281560778652
36,0.8181279126876198
37,0.818127667079601
38,0.8181274192233586
39,0.8181271690878833
40,0.8181269166415919
41,0.818126661852314
42,0.8181264046872826
43,0.8181261451131123
44,0.8181258830957936
45,0.8181256186006708
46,0.8181253515924314
47,0.8181250820350883
48,0.8181248098919626
49,0.8181245351256715
50,0.8181242576981044
51,0.8181239775704107
52,0.8181236947029823
53,0.8181234090554272
54,0.8181231205865601
55,0.8181228292543766
56,0.8181225350160343
57,0.8181222378278318
58,0.8181219376451871
59,0.8181216344226137
60,0.8181213281137057
61,0.818121018671098
62,0.8181207060464588
63,0.8181203901904536
64,0.8181200710527257
65,0.8181197485818636
66,0.818119422725379
67,0.8181190934296734
68,0.8181187606400115
69,0.8181184243004919
70,0.8181180843540139
71,0.8181177407422437
72,0.818117393405584
73,0.8181170422831399
74,0.8181166873126812
75,0.818116328430602
76,0.8181159655718938
77,0.8181155986700961
78,0.8181152276572586
79,0.8181148524639008
80,0.8181144730189689
81,0.8181140892497862
82,0.8181137010820131
83,0.8181133084395956
84,0.8181129112447167
85,0.818112509417742
86,0.8181121028771744
87,0.8181116915395865
88,0.8181112753195753
89,0.8181108541297
90,0.8181104278804132
91,0.8181099964800089
92,0.8181095598345485
93,0.8181091178477969
94,0.8181086704211482
95,0.8181082174535574
96,0.8181077588414595
97,0.8181072944786929
98,0.8181068242564167
99,0.8181063480630262
100,0.8181058657840654
101,0.8181053773021326
102,0.8181048824967887
103,0.8181043812444553
104,0.8181038734183124
105,0.8181033588881927
106,0.8181028375204716
107,0.8181023091779458
108,0.8181017737197168
109,0.8181012310010701
110,0.8181006808733366
111,0.8181001231837607
112,0.8180995577753595
113,0.8180989844867755
114,0.8180984031521196
115,0.8180978136008183
116,0.8180972156574366
117,0.818096609141515
118,0.8180959938673805
119,0.8180953696439589
120,0.81809473627458
121,0.8180940935567628
122,0.8180934412820126
123,0.8180927792355838
124,0.8180921071962501
125,0.8180914249360564
126,0.818090732220062
127,0.8180900288060707
128,0.8180893144443474
129,0.8180885888773218
130,0.8180878518392839
131,0.8180871030560531
132,0.8180863422446422
133,0.8180855691129006
134,0.8180847833591387
135,0.8180839846717357
136,0.8180831727287287
137,0.8180823471973806
138,0.8180815077337239
139,0.8180806539820837
140,0.8180797855745733
141,0.8180789021305713
142,0.8180780032561593
143,0.8180770885435391
144,0.8180761575704156
145,0.8180752098993491
146,0.8180742450770662
147,0.8180732626337383
148,0.8180722620822201
149,0.8180712429172456
150,0.8180702046145718
151,0.8180691466300881
152,0.8180680683988565
153,0.8180669693341149
154,0.8180658488262048
155,0.8180647062414496
156,0.8180635409209568
157,0.8180623521793527
158,0.8180611393034359
159,0.8180599015507566
160,0.8180586381480937
161,0.8180573482898514
162,0.818056031136342
163,0.8180546858119655
164,0.8180533114032686
165,0.8180519069568772
166,0.8180504714772903
167,0.818049003924529
168,0.8180475032116236
169,0.81804596820193
170,0.8180443977062595
171,0.818042790479803
172,0.8180411452188492
173,0.8180394605572526
174,0.8180377350626515
175,0.8180359672324118
176,0.8180341554892572
177,0.8180322981765826
178,0.8180303935534009
179,0.8180284397889003
180,0.8180264349565802
181,0.8180243770279098
182,0.818022263865493
183,0.8180200932156558
184,0.8180178627004426
185,0.8180155698089151
186,0.8180132118877416
187,0.8180107861309445
188,0.8180082895687715
189,0.8180057190555707
190,0.8180030712565676
191,0.8180003426334395
192,0.8179975294285484
193,0.8179946276476757
194,0.8179916330411133
195,0.8179885410828999
196,0.8179853469480087
197,0.8179820454872307
198,0.817978631199482
199,0.8179750982012332
200,0.8179714401926823
201,0.8179676504202829
202,0.8179637216351461
203,0.817959646046782
204,0.8179554152715552
205,0.8179510202751502
206,0.817946451308196
207,0.8179416978340989
208,0.817936748447957
209,0.8179315907852429
210,0.8179262114187064
211,0.8179205957417104
212,0.8179147278358381
213,0.8179085903202676
214,0.8179021641799037
215,0.8178954285686859
216,0.8178883605837938
217,0.817880935005597
218,0.8178731239971213
219,0.8178648967555001
220,0.8178562191061991
221,0.8178470530287584
222,0.817837356100165
223,0.8178270808386854
224,0.8178161739267397
225,0.8178045752859869
226,0.817792216970758
227,0.8177790218368098
228,0.8177649019303173
229,0.8177497565260171
230,0.8177334697220227
231,0.8177159074698537
232,0.8176969138786485
233,0.8176763065778659
234,0.8176538708462218
235,0.8176293521061648
236,0.8176024462272113
237,0.8175727868536934
238,0.8175399286342075
239,0.8175033247183393
240,0.8174622960962424
241,0.8174159891094533
242,0.8173633154425869
243,0.8173028655458278
244,0.8172327806683959
245,0.8171505584158052
246,0.8170527477121267
247,0.8169344520650137
248,0.8167884840652413
249,0.8166038473496307
250,0.8163628258058424
251,0.8160349174689219
252,0.8155627310810439
253,0.8148238333944745
254,0.8135011363215605
255,0.8104255162816052
256,0.7926376856575781
257,0.26350460153583993
258,0.15039427546008055
259,0.15024723439330445
260,0.1502436258410208
261,0.15024352945779978
262,0.15024352687770293
263,0.15024352680863173
264,0.15024352680678263
265,0.15024352680673317
266,0.1502435268067319
267,0.15024352680673184
268,0.1502435268067318
269,0.1502435268067318
270,0.1502435268067318
271,0.1502435268067318
272,0.1502435268067318
273,0.1502435268067318
274,0.1502435268067318
275,0.1502435268067318
276,0.1502435268067318
277,0.1502435268067318
278,0.1502435268067318
279,0.1502435268067318
280,0.1502435268067318
281,0.1502435268067318
282,0.1502435268067318
283,0.1502435268067318
284,0.1502435268067318
285,0.1502435268067318
286,0.1502435268067318
287,0.1502435268067318
288,0.1502435268067318
289,0.1502435268067318
290,0.1502435268067318
291,0.1502435268067318
292,0.1502435268067318
293,0.1502435268067318
294,0.1502435268067318
295,0.1502435268067318
296,0.1502435268067318
297,0.1502435268067318
298,0.1502435268067318
299,0.1502435268067318
300,0.1502435268067318
301,0.1502435268067318
302,0.1502435268067318
303,0.1502435268067318
304,0.1502435268067318
305,0.1502435268067318
306,0.1502435268067318
307,0.1502435268067318
308,0.1502435268067318
309,0.1502435268067318
310,0.1502435268067318
311,0.1502435268067318
312,0.1502435268067318
313,0.1502435268067318
314,0.1502435268067318
315,0.1502435268067318
316,0.1502435268067318
317,0.1502435268067318
318,0.1502435268067318
319,0.1502435268067318
320,0.1502435268067318
321,0.1502435268067318
322,0.1502435268067318
323,0.1502435268067318
324,0.1502435268067318
325,0.1502435268067318
326,0.1502435268067318
327,0.1502435268067318
328,0.1502435268067318
329,0.1502435268067318
330,0.1502435268067318
331,0.1502435268067318
332,0.1502435268067318
333,0.1502435268067318
334,0.1502435268067318
335,0.1502435268067318
336,0.1502435268067318
337,0.1502435268067318
338,0.1502435268067318
339,0.1502435268067318
340,0.1502435268067318
341,0.1502435268067318
342,0.1502435268067318
343,0.1502435268067318
344,0.1502435268067318
345,0.1502435268067318
346,0.1502435268067318
347,0.1502435268067318
348,0.1502435268067318
349,0.1502435268067318
350,0.1502435268067318
351,0.1502435268067318
352,0.1502435268067318
353,0.1502435268067318
354,0.1502435268067318
355,0.1502435268067318
356,0.1502435268067318
357,0.1502435268067318
358,0.1502435268067318
359,0.1502435268067318
360,0.1502435268067318
361,0.1502435268067318
362,0.1502435268067318
363,0.1502435268067318
364,0.1502435268067318
365,0.1502435268067318
366,0.1502435268067318
367,0.1502435268067318
368,0.1502435268067318
369,0.1502435268067318
370,0.1502435268067318
371,0.1502435268067318
372,0.1502435268067318
373,0.1502435268067318
374,0.1502435268067318
375,0.1502435268067318
376,0.1502435268067318
377,0.1502435268067318
378,0.1502435268067318
379,0.1502435268067318
380,0.1502435268067318
381,0.1502435268067318
382,0.1502435268067318
383,0.1502435268067318
384,0.1502435268067318
385,0.1502435268067318
386,0.1502435268067318
387,0.1502435268067318
388,0.1502435268067318
389,0.1502435268067318
390,0.1502435268067318
391,0.1502435268067318
392,0.1502435268067318
393,0.1502435268067318
394,0.1502435268067318
395,0.1502435268067318
396,0.1502435268067318
397,0.1502435268067318
398,0.1502435268067318
399,0.1502435268067318
400,0.1502435268067318
401,0.1502435268067318
402,0.1502435268067318
403,0.1502435268067318
404,0.1502435268067318
405,0.1502435268067318
406,0.1502435268067318
407,0.1502435268067318
408,0.1502435268067318
409,0.1502435268067318
410,0.1502435268067318
411,0.1502435268067318
412,0.1502435268067318
413,0.1502435268067318
414,0.1502435268067318
415,0.1502435268067318
416,0.1502435268067318
417,0.1502435268067318
418,0.1502435268067318
419,0.1502435268067318
420,0.1502435268067318
421,0.1502435268067318
422,0.1502435268067318
423,0.1502435268067318
424,0.1502435268067318
425,0.1502435268067318
426,0.1502435268067318
427,0.1502435268067318
428,0.1502435268067318
429,0.1502435268067318
430,0.1502435268067318
431,0.1502435268067318
432,0.1502435268067318
433,0.1502435268067318
434,0.1502435268067318
435,0.1502435268067318
436,0.1502435268067318
437,0.1502435268067318
438,0.1502435268067318
439,0.1502435268067318
440,0.1502435268067318
441,0.1502435268067318
442,0.1502435268067318
443,0.1502435268067318
444,0.1502435268067318
445,0.1502435268067318
446,0.1502435268067318
447,0.1502435268067318
448,0.1502435268067318
449,0.1502435268067318
450,0.1502435268067318
451,0.1502435268067318
452,0.1502435268067318
453,0.1502435268067318
454,0.1502435268067318
455,0.1502435268067318
456,0.1502435268067318
457,0.1502435268067318
458,0.1502435268067318
459,0.1502435268067318
460,0.1502435268067318
461,0.1502435268067318
462,0.1502435268067318
463,0.1502435268067318
464,0.1502435268067318
465,0.1502435268067318
466,0.1502435268067318
467,0.1502435268067318
468,0.1502435268067318
469,0.1502435268067318
470,0.1502435268067318
471,0.1502435268067318
472,0.1502435268067318
473,0.1502435268067318
474,0.1502435268067318
475,0.1502435268067318
476,0.1502435268067318
477,0.1502435268067318
478,0.1502435268067318
479,0.1502435268067318
480,0.1502435268067318
481,0.1502435268067318
482,0.1502435268067318
483,0.1502435268067318
484,0.1502435268067318
485,0.1502435268067318
486,0.1502435268067318
487,0.1502435268067318
488,0.1502435268067318
489,0.1502435268067318
490,0.1502435268067318
491,0.1502435268067318
492,0.1502435268067318
493,0.1502435268067318
494,0.1502435268067318
495,0.1502435268067318
496,0.1502435268067318
497,0.1502435268067318
498,0.1502435268067318
499,0.1502435268067318
500,0.1502435268067318
501,0.1502435268067318
502,0.1502435268067318
503,0.1502435268067318
504,0.1502435268067318
505,0.1502435268067318
506,0.1502435268067318
507,0.1502435268067318
508,0.1502435268067318
509,0.1502435268067318
510,0.1502435268067318
511,0.1502435268067318
512,0.1502435268067318
513,0.1502435268067318
514,0.1502435268067318
515,0.1502435268067318
516,0.1502435268067318
517,0.1502435268067318
518,0.1502435268067318
519,0.1502435268067318
520,0.1502435268067318
521,0.1502435268067318
522,0.1502435268067318
523,0.1502435268067318
524,0.1502435268067318
525,0.1502435268067318
526,0.1502435268067318
527,0.1502435268067318
528,0.1502435268067318
529,0.1502435268067318
530,0.1502435268067318
531,0.1502435268067318
532,0.1502435268067318
533,0.1502435268067318
534,0.1502435268067318
535,0.1502435268067318
536,0.1502435268067318
537,0.1502435268067318
538,0.1502435268067318
539,0.1502435268067318
540,0.1502435268067318
541,0.1502435268067318
542,0.1502435268067318
543,0.1502435268067318
544,0.1502435268067318
545,0.1502435268067318
546,0.1502435268067318
547,0.1502435268067318
548,0.1502435268067318
549,0.1502435268067318
550,0.1502435268067318
551,0.1502435268067318
552,0.1502435268067318
553,0.1502435268067318
554,0.1502435268067318
555,0.1502435268067318
556,0.1502435268067318
557,0.1502435268067318
558,0.1502435268067318
559,0.1502435268067318
560,0.1502435268067318
561,0.1502435268067318
562,0.1502435268067318
563,0.1502435268067318
564,0.1502435268067318
565,0.1502435268067318
566,0.1502435268067318
567,0.1502435268067318
568,0.1502435268067318
569,0.1502435268067318
570,0.1502435268067318
571,0.1502435268067318
572,0.1502435268067318
573,0.1502435268067318
574,0.1502435268067318
575,0.1502435268067318
576,0.1502435268067318
577,0.1502435268067318
578,0.1502435268067318
579,0.1502435268067318
580,0.1502435268067318
581,0.1502435268067318
582,0.1502435268067318
583,0.1502435268067318
584,0.1502435268067318
585,0.1502435268067318
586,0.1502435268067318
587,0.1502435268067318
588,0.1502435268067318
589,0.1502435268067318
590,0.1502435268067318
591,0.1502435268067318
592,0.1502435268067318
593,0.1502435268067318
594,0.1502435268067318
595,0.1502435268067318
596,0.1502435268067318
597,0.1502435268067318
598,0.1502435268067318
599,0.1502435268067318
600,0.1502435268067318
601,0.1502435268067318
602,0.1502435268067318
603,0.1502435268067318
604,0.1502435268067318
605,0.1502435268067318
606,0.1502435268067318
607,0.1502435268067318
608,0.1502435268067318
609,0.1502435268067318
610,0.1502435268067318
611,0.1502435268067318
612,0.1502435268067318
613,0.1502435268067318
614,0.1502435268067318
615,0.1502435268067318
616,0.1502435268067318
617,0.1502435268067318
618,0.1502435268067318
619,0.1502435268067318
620,0.1502435268067318
621,0.1502435268067318
622,0.1502435268067318
623,0.1502435268067318
624,0.1502435268067318
625,0.1502435268067318
626,0.1502435268067318
627,0.1502435268067318
628,0.1502435268067318
629,0.1502435268067318
630,0.1502435268067318
631,0.1502435268067318
632,0.1502435268067318
633,0.1502435268067318
634,0.1502435268067318
635,0.1502435268067318
636,0.1502435268067318
637,0.1502435268067318
638,0.1502435268067318
639,0.1502435268067318
640,0.1502435268067318
641,0.1502435268067318
642,0.1502435268067318
643,0.1502435268067318
644,0.1502435268067318
645,0.1502435268067318
646,0.1502435268067318
647,0.1502435268067318
648,0.1502435268067318
649,0.1502435268067318
650,0.1502435268067318
651,0.1502435268067318
652,0.1502435268067318
653,0.1502435268067318
654,0.1502435268067318
655,0.1502435268067318
656,0.1502435268067318
657,0.1502435268067318
658,0.1502435268067318
659,0.1502435268067318
660,0.1502435268067318
661,0.1502435268067318
662,0.1502435268067318
663,0.1502435268067318
664,0.1502435268067318
665,0.1502435268067318
666,0.1502435268067318
667,0.1502435268067318
668,0.1502435268067318
669,0.1502435268067318
670,0.1502435268067318
671,0.1502435268067318
672,0.1502435268067318
673,0.1502435268067318
674,0.1502435268067318
675,0.1502435268067318
676,0.1502435268067318
677,0.1502435268067318
678,0.1502435268067318
679,0.1502435268067318
680,0.1502435268067318
681,0.1502435268067318
682,0.1502435268067318
683,0.1502435268067318
684,0.1502435268067318
685,0.1502435268067318
686,0.1502435268067318
687,0.1502435268067318
688,0.1502435268067318
689,0.1502435268067318
690,0.1502435268067318
691,0.1502435268067318
692,0.1502435268067318
693,0.1502435268067318
694,0.1502435268067318
695,0.1502435268067318
696,0.1502435268067318
697,0.1502435268067318
698,0.1502435268067318
699,0.1502435268067318
700,0.1502435268067318
701,0.1502435268067318
702,0.1502435268067318
703,0.1502435268067318
704,0.1502435268067318
705,0.1502435268067318
706,0.1502435268067318
707,0.1502435268067318
708,0.1502435268067318
709,0.1502435268067318
710,0.1502435268067318
711,0.1502435268067318
712,0.1502435268067318
713,0.1502435268067318
714,0.1502435268067318
715,0.1502435268067318
716,0.1502435268067318
717,0.1502435268067318
718,0.1502435268067318
719,0.1502435268067318
720,0.1502435268067318
721,0.1502435268067318
722,0.1502435268067318
723,0.1502435268067318
724,0.1502435268067318
725,0.1502435268067318
726,0.1502435268067318
727,0.1502435268067318
728,0.1502435268067318
729,0.1502435268067318
730,0.1502435268067318
731,0.1502435268067318
732,0.1502435268067318
733,0.1502435268067318
734,0.1502435268067318
735,0.1502435268067318
736,0.1502435268067318
737,0.1502435268067318
738,0.1502435268067318
739,0.1502435268067318
740,0.1502435268067318
741,0.1502435268067318
742,0.1502435268067318
743,0.1502435268067318
744,0.1502435268067318
745,0.1502435268067318
746,0.1502435268067318
747,0.1502435268067318
748,0.1502435268067318
749,0.1502435268067318
750,0.1502435268067318
751,0.1502435268067318
752,0.1502435268067318
753,0.1502435268067318
754,0.1502435268067318
755,0.1502435268067318
756,0.1502435268067318
757,0.1502435268067318
758,0.1502435268067318
759,0.1502435268067318
760,0.1502435268067318
761,0.1502435268067318
762,0.1502435268067318
763,0.1502435268067318
764,0.1502435268067318
765,0.1502435268067318
766,0.1502435268067318
767,0.1502435268067318
768,0.1502435268067318
769,0.1502435268067318
770,0.1502435268067318
771,0.1502435268067318
772,0.1502435268067318
773,0.1502435268067318
774,0.1502435268067318
775,0.1502435268067318
776,0.1502435268067318
777,0.1502435268067318
778,0.1502435268067318
779,0.1502435268067318
780,0.1502435268067318
781,0.1502435268067318
782,0.1502435268067318
783,0.1502435268067318
784,0.1502435268067318
785,0.1502435268067318
786,0.1502435268067318
787,0.1502435268067318
788,0.1502435268067318
789,0.1502435268067318
790,0.1502435268067318
791,0.1502435268067318
792,0.1502435268067318
793,0.1502435268067318
794,0.1502435268067318
795,0.1502435268067318
796,0.1502435268067318
797,0.1502435268067318
