1,0.18177464518381584
2,0.18332209678566716
3,0.1740045997996738
4,0.1739732657225462
5,0.17403963599749794
6,0.17403781139093624
7,0.17402994929844234
8,0.17402168574544363
9,0.17401346715671098
10,0.17400532917570974
11,0.17399727523879255
12,0.1739893061943337
13,0.1739814226181184
14,0.17397362499564517
15,0.17396591373796555
16,0.17395828918461217
17,0.17395075160559778
18,0.17394330120340917
19,0.17393593811505245
20,0.17392866241415675
21,0.17392147411311978
22,0.17391437316528655
23,0.17390735946715913
24,0.1739004328606209
25,0.1738935931351745
26,0.1738868400301823
27,0.17388017323710345
28,0.17387359240172395
29,0.17386709712636597
30,0.17386068697208332
31,0.1738543614608244
32,0.1738481200775687
33,0.17384196227242774
34,0.17383588746270495
35,0.17382989503491703
36,0.1738239843467683
37,0.1738181547290776
38,0.17381240548765553
39,0.17380673590513016
40,0.1738011452427192
41,0.1737956327419454
42,0.17379019762630088
43,0.17378483910284873
44,0.173779556363774
45,0.17377434858787105
46,0.17376921494197933
47,0.17376415458235636
48,0.1737591666560002
49,0.17375425030190808
50,0.1737494046522859
51,0.17374462883369837
52,0.17373992196816598
53,0.17373528317421125
54,0.17373071156784817
55,0.17372620626352575
56,0.17372176637501766
57,0.1737173910162665
58,0.17371307930217877
59,0.17370883034937565
60,0.17370464327689897
61,0.1737005172068745
62,0.17369645126513267
63,0.17369244458179114
64,0.17368849629179786
65,0.17368460553543597
66,0.17368077145879687
67,0.17367699321421345
68,0.17367326996066532
69,0.17366960086415079
70,0.17366598509802844
71,0.17366242184333083
72,0.17365891028905087
73,0.1736554496324006
74,0.17365203907904755
75,0.17364867784332602
76,0.1736453651484258
77,0.17364210022656004
78,0.1736388823191137
79,0.1736357106767709
80,0.17363258455962668
81,0.1736295032372801
82,0.17362646598891107
83,0.1736234721033442
84,0.1736205208790952
85,0.17361761162440684
86,0.17361474365727017
87,0.17361191630543604
88,0.17360912890641322
89,0.17360638080745783
90,0.17360367136555363
91,0.17360099994738185
92,0.17359836592928224
93,0.1735957686972102
94,0.1735932076466815
95,0.17359068218271492
96,0.17358819171976556
97,0.1735857356816538
98,0.17358331350149078
99,0.1735809246215948
100,0.1735785684934092
101,0.17357624457741058
102,0.17357395234301848
103,0.1735716912684975
104,0.17356946084085983
105,0.1735672605557649
106,0.17356508991741365
107,0.17356294843844472
108,0.17356083563982783
109,0.1735587510507532
110,0.1735566942085237
111,0.17355466465844305
112,0.17355266195370417
113,0.1735506856552768
114,0.1735487353317956
115,0.1735468105594458
116,0.1735449109218505
117,0.1735430360099578
118,0.17354118542192745
119,0.1735393587630178
120,0.17353755564547305
121,0.1735357756884125
122,0.1735340185177174
123,0.17353228376592145
124,0.1735305710720996
125,0.1735288800817606
126,0.17352721044673533
127,0.1735255618250739
128,0.1735239338809347
129,0.17352232628448186
130,0.17352073871178023
131,0.1735191708446915
132,0.17351762237077292
133,0.17351609298317633
134,0.173514582380549
135,0.17351309026693387
136,0.17351161635167472
137,0.17351016034931838
138,0.17350872197952183
139,0.17350730096695877
140,0.17350589704122663
141,0.17350450993675848
142,0.1735031393927321
143,0.17350178515298292
144,0.17350044696591876
145,0.1734991245844329
146,0.17349781776582232
147,0.1734965262717041
148,0.17349524986793616
149,0.17349398832453583
150,0.17349274141560314
151,0.17349150891924403
152,0.1734902906174936
153,0.17348908629624277
154,0.17348789574516496
155,0.1734867187576455
156,0.17348555513071057
157,0.17348440466495654
158,0.17348326716448587
159,0.17348214243683674
160,0.17348103029292003
161,0.17347993054695426
162,0.17347884301640307
163,0.17347776752191238
164,0.1734767038872513
165,0.17347565193925135
166,0.1734746115077488
167,0.17347358242552732
168,0.17347256452826126
169,0.17347155765446076
170,0.17347056164541905
171,0.17346957634515714
172,0.1734686016003737
173,0.17346763726039321
174,0.17346668317711608
175,0.17346573920497008
176,0.1734648052008614
177,0.17346388102412952
178,0.17346296653649834
179,0.1734620616020322
180,0.1734611660870932
181,0.17346027986029414
182,0.17345940279245925
183,0.17345853475658038
184,0.17345767562777645
185,0.17345682528325412
186,0.17345598360226747
187,0.1734551504660799
188,0.17345432575792627
189,0.17345350936297588
190,0.17345270116829573
191,0.17345190106281635
192,0.17345110893729476
193,0.17345032468428204
194,0.17344954819808922
195,0.173448779374755
196,0.17344801811201216
197,0.1734472643092577
198,0.17344651786752133
199,0.17344577868943487
200,0.1734450466792027
201,0.1734443217425732
202,0.17344360378681004
203,0.17344289272066385
204,0.17344218845434495
205,0.17344149089949765
206,0.17344079996917167
207,0.1734401155777995
208,0.17343943764116845
209,0.17343876607639705
210,0.1734381008019108
211,0.1734374417374185
212,0.17343678880388846
213,0.17343614192352608
214,0.17343550101975183
215,0.17343486601717858
216,0.17343423684159043
217,0.17343361341992178
218,0.17343299568023707
219,0.1734323835517086
220,0.17343177696460013
221,0.17343117585024392
222,0.17343058014102425
223,0.1734299897703568
224,0.17342940467267248
225,0.17342882478339675
226,0.1734282500389345
227,0.17342768037665185
228,0.17342711573485892
229,0.17342655605279364
230,0.17342600127060484
231,0.1734254513293383
232,0.17342490617091766
233,0.1734243657381326
234,0.17342382997462177
235,0.17342329882485866
236,0.1734227722341367
237,0.1734222501485563
238,0.17342173251500925
239,0.17342121928116652
240,0.17342071039546417
241,0.17342020580708997
242,0.17341970546597132
243,0.17341920932276306
244,0.17341871732883238
245,0.17341822943625052
246,0.17341774559777814
247,0.17341726576685448
248,0.1734167898975859
249,0.17341631794473486
250,0.1734158498637087
251,0.17341538561054845
252,0.1734149251419192
253,0.1734144684150983
254,0.17341401538796652
255,0.1734135660189972
256,0.17341312026724723
257,0.17341267809234537
258,0.1734122394544861
259,0.17341180431441708
260,0.17341137263343231
261,0.17341094437336124
262,0.17341051949656222
263,0.1734100979659119
264,0.1734096797447983
265,0.17340926479711108
266,0.173408853087234
267,0.17340844458003804
268,0.17340803924087173
269,0.17340763703555417
270,0.17340723793036802
271,0.17340684189205136
272,0.17340644888779036
273,0.17340605888521265
274,0.17340567185238015
275,0.1734052877577819
276,0.17340490657032703
277,0.17340452825933964
278,0.1734041527945494
279,0.17340378014608845
280,0.17340341028448303
281,0.17340304318064712
282,0.1734026788058777
283,0.17340231713184787
284,0.1734019581306013
285,0.17340160177454575
286,0.17340124803644952
287,0.1734008968894329
288,0.173400548306965
289,0.17340020226285754
290,0.1733998587312589
291,0.17339951768665088
292,0.17339917910384164
293,0.1733988429579622
294,0.17339850922446004
295,0.17339817787909512
296,0.17339784889793616
297,0.17339752225735364
298,0.17339719793401706
299,0.1733968759048901
300,0.17339655614722577
301,0.17339623863856202
302,0.173395923356718
303,0.1733956102797899
304,0.17339529938614615
305,0.1733949906544237
306,0.17339468406352485
307,0.17339437959261136
308,0.17339407722110226
309,0.17339377692867067
310,0.17339347869523788
311,0.17339318250097058
312,0.17339288832627925
313,0.17339259615181107
314,0.17339230595844923
315,0.17339201772730833
316,0.17339173143973163
317,0.17339144707728654
318,0.1733911646217634
319,0.17339088405517009
320,0.1733906053597307
321,0.17339032851788097
322,0.17339005351226627
323,0.17338978032573807
324,0.1733895089413515
325,0.1733892393423624
326,0.1733889715122231
327,0.17338870543458224
328,0.17338844109327914
329,0.17338817847234395
330,0.17338791755599225
331,0.17338765832862446
332,0.17338740077482265
333,0.17338714487934687
334,0.17338689062713483
335,0.1733866380032977
336,0.17338638699311826
337,0.17338613758204863
338,0.1733858897557082
339,0.17338564349988023
340,0.17338539880051113
341,0.1733851556437068
342,0.17338491401573156
