1,0.18147751999134912
2,0.16401726538654143
3,0.16393450966361028
4,0.16386205329401105
5,0.16379956712732135
6,0.163745300686692
7,0.16369786443917045
8,0.16365614639777368
9,0.1636192496391381
10,0.1635864451847561
11,0.1635571362171248
12,0.16353083070535207
13,0.16350712030935308
14,0.16348566400340128
15,0.16346617527174329
16,0.16344841202690166
17,0.16343216861775356
18,0.16341726945263155
19,0.16340356387893193
20,0.16339092204669778
21,0.16337923154762699
22,0.16336839466889716
23,0.1633583261373508
24,0.16334895125698168
25,0.16334020436362054
26,0.16333202753677245
27,0.16332436952098575
28,0.1633171848187809
29,0.16331043292470324
30,0.16330407767597735
31,0.16329808669993184
32,0.16329243094205126
33,0.16328708426148686
34,0.1632820230832147
35,0.16327722609794854
36,0.16327267400243886
37,0.163268349274059
38,0.16326423597458656
39,0.16326031957892395
40,0.16325658682519298
41,0.16325302558319707
42,0.16324962473871427
43,0.16324637409147055
44,0.16324326426497257
45,0.16324028662663806
46,0.1632374332168999
47,0.16323469668613927
48,0.16323207023847522
49,0.1632295475815641
50,0.16322712288168223
51,0.16322479072346227
52,0.16322254607373743
53,0.16322038424901866
54,0.16321830088618763
55,0.16321629191605233
56,0.16321435353943864
57,0.1632124822055499
58,0.16321067459234354
59,0.16320892758871794
60,0.16320723827831257
61,0.16320560392476208
62,0.163204021958251
63,0.16320248996324022
64,0.16320100566725038
65,0.1631995669305976
66,0.16319817173698695
67,0.16319681818488824
68,0.16319550447961226
69,0.16319422892602936
70,0.16319298992186732
71,0.16319178595153708
72,0.1631906155804378
73,0.16318947744970172
74,0.16318837027133662
75,0.1631872928237333
76,0.16318624394750675
77,0.1631852225416433
78,0.1631842275599251
79,0.16318325800761374
80,0.1631823129383677
81,0.16318139145137636
82,0.16318049268869378
83,0.16317961583275417
84,0.16317876010405818
85,0.16317792475901272
86,0.16317710908791616
87,0.16317631241307562
88,0.16317553408704766
89,0.16317477349099105
90,0.16317403003312606
91,0.16317330314729178
92,0.16317259229159212
93,0.16317189694712728
94,0.16317121661680262
95,0.16317055082420995
96,0.16316989911257634
97,0.16316926104377596
98,0.16316863619740096
99,0.16316802416988488
100,0.163167424573679
101,0.16316683703647555
102,0.16316626120047495
103,0.16316569672169404
104,0.16316514326931467
105,0.16316460052506704
106,0.1631640681826471
107,0.1631635459471681
108,0.16316303353463651
109,0.1631625306714632
110,0.16316203709399446
111,0.16316155254807077
112,0.16316107678860947
113,0.16316060957920644
114,0.16316015069176018
115,0.16315969990611445
116,0.16315925700972012
117,0.16315882179731167
118,0.16315839407060256
119,0.16315797363799375
120,0.1631575603142971
121,0.1631571539204734
122,0.1631567542833808
123,0.1631563612355371
124,0.16315597461489317
125,0.16315559426461587
126,0.1631552200328833
127,0.16315485177268668
128,0.16315448934164545
129,0.16315413260182546
130,0.1631537814195713
131,0.16315343566534143
132,0.16315309521355376
133,0.1631527599424369
134,0.16315242973388686
135,0.16315210447333364
136,0.16315178404960964
137,0.1631514683548258
138,0.16315115728425297
139,0.1631508507362088
140,0.1631505486119468
141,0.16315025081555465
142,0.16314995725385284
143,0.16314966783629847
144,0.16314938247489452
145,0.16314910108410155
146,0.16314882358075283
147,0.16314854988397373
148,0.1631482799151038
149,0.16314801359762227
150,0.1631477508570772
151,0.16314749162101436
152,0.1631472358189141
153,0.16314698338212558
154,0.16314673424380702
155,0.16314648833886608
156,0.16314624560390506
157,0.16314600597716394
158,0.16314576939847053
159,0.16314553580918995
160,0.16314530515217435
161,0.16314507737171927
162,0.1631448524135156
163,0.1631446302246098
164,0.16314441075335898
165,0.16314419394939333
166,0.16314397976357614
167,0.16314376814796705
168,0.1631435590557858
169,0.16314335244137806
170,0.16314314826018136
171,0.16314294646869368
172,0.1631427470244417
173,0.1631425498859506
174,0.16314235501271596
175,0.16314216236517465
176,0.16314197190467905
177,0.16314178359346912
178,0.16314159739464953
179,0.16314141327216342
180,0.16314123119076937
181,0.16314105111601893
182,0.1631408730142337
183,0.16314069685248575
184,0.16314052259857473
185,0.1631403502210102
186,0.1631401796889905
187,0.1631400109723852
188,0.16313984404171641
189,0.16313967886814212
190,0.1631395154234379
191,0.1631393536799821
192,0.163139193610739
193,0.16313903518924325
194,0.16313887838958552
195,0.16313872318639766
196,0.16313856955483952
197,0.16313841747058416
198,0.16313826690980537
199,0.16313811784916527
200,0.16313797026580124
201,0.16313782413731343
202,0.1631376794417554
203,0.16313753615762017
204,0.16313739426383048
205,0.16313725373972937
206,0.1631371145650665
207,0.1631369767199916
208,0.1631368401850429
209,0.16313670494113897
210,0.1631365709695672
211,0.16313643825197746
212,0.16313630677037227
213,0.16313617650709827
214,0.16313604744483842
215,0.1631359195666039
216,0.1631357928557265
217,0.16313566729585088
218,0.16313554287092766
219,0.16313541956520564
220,0.16313529736322643
221,0.16313517624981533
222,0.16313505621007712
223,0.1631349372293884
224,0.16313481929339185
225,0.16313470238798986
226,0.16313458649933973
227,0.16313447161384628
228,0.16313435771815846
229,0.1631342447991609
230,0.16313413284397227
231,0.1631340218399377
232,0.1631339117746246
233,0.16313380263581775
234,0.1631336944115141
235,0.1631335870899196
236,0.1631334806594427
237,0.16313337510869202
238,0.16313327042647022
239,0.16313316660177116
240,0.1631330636237756
241,0.16313296148184672
242,0.1631328601655269
243,0.16313275966453347
244,0.16313265996875545
245,0.16313256106825014
246,0.16313246295323963
247,0.16313236561410538
248,0.16313226904138908
249,0.16313217322578516
250,0.16313207815814057
251,0.16313198382945077
252,0.16313189023085525
253,0.16313179735363764
254,0.16313170518922043
255,0.16313161372916252
256,0.1631315229651575
257,0.16313143288903076
258,0.16313134349273561
259,0.16313125476835239
260,0.16313116670808517
261,0.16313107930425963
262,0.16313099254931987
263,0.16313090643582745
264,0.16313082095645845
265,0.1631307361040013
266,0.16313065187135375
267,0.16313056825152283
268,0.16313048523762105
269,0.16313040282286548
270,0.16313032100057429
271,0.1631302397641665
272,0.16313015910715936
273,0.16313007902316648
274,0.16312999950589596
275,0.16312992054914932
276,0.1631298421468189
277,0.16312976429288656
278,0.16312968698142213
279,0.16312961020658198
280,0.16312953396260704
281,0.16312945824382105
282,0.1631293830446296
283,0.16312930835951903
284,0.16312923418305378
285,0.1631291605098763
286,0.16312908733470474
287,0.16312901465233154
288,0.16312894245762308
289,0.16312887074551718
290,0.16312879951102346
291,0.16312872874921985
292,0.16312865845525337
293,0.16312858862433788
294,0.16312851925175367
295,0.163128450332845
296,0.16312838186302078
297,0.1631283138377526
298,0.16312824625257255
299,0.16312817910307456
300,0.1631281123849108
301,0.163128046093793
302,0.1631279802254902
303,0.1631279147758273
304,0.1631278497406855
305,0.1631277851160007
306,0.16312772089776192
307,0.1631276570820118
308,0.16312759366484472
309,0.16312753064240537
310,0.16312746801089073
311,0.16312740576654527
312,0.16312734390566333
313,0.16312728242458685
314,0.16312722131970434
315,0.16312716058745147
316,0.163127100224309
317,0.16312704022680338
318,0.16312698059150382
319,0.16312692131502438
320,0.16312686239402105
321,0.16312680382519196
322,0.16312674560527754
323,0.16312668773105773
324,0.16312663019935347
325,0.16312657300702463
326,0.16312651615097107
327,0.16312645962813005
328,0.16312640343547594
329,0.1631263475700215
330,0.16312629202881554
331,0.16312623680894284
332,0.16312618190752365
333,0.1631261273217129
334,0.16312607304869986
335,0.16312601908570873
336,0.1631259654299951
