1,0.7786632085518269
2,0.7771871764259345
3,0.7629638479923738
4,0.21132390739777507
5,0.18020077243109783
6,0.1800380466027357
7,0.1798703905140051
8,0.17969990531599953
9,0.17952905484928744
10,0.17936050104530632
11,0.1791968964869197
12,0.17904066089536366
13,0.17889378473249146
14,0.1787576977894578
15,0.17863322235135434
16,0.17852060733834071
17,0.17841962151622354
18,0.17832967622232296
19,0.178249950719494
20,0.178179501878564
21,0.17811734949181102
22,0.1780625360161575
23,0.17801416396639505
24,0.17797141595807295
25,0.17793356246912367
26,0.17789996161333219
27,0.1778700541851702
28,0.17784335626099906
29,0.1778194508534436
30,0.1777979795348332
31,0.17777863454499196
32,0.17776115163710945
33,0.1777453037533474
34,0.17773089552718702
35,0.17771775855861305
36,0.177705747384545
37,0.1776947360594627
38,0.17768461526283522
39,0.17767528985630748
40,0.17766667682199327
41,0.17765870352209442
42,0.17765130622859412
43,0.17764442887955573
44,0.17763802202540732
45,0.17763204193452242
46,0.1776264498324459
47,0.17762121125336824
48,0.17761629548601274
49,0.17761167509906464
50,0.17760732553374742
51,0.17760322475319057
52,0.17759935293994072
53,0.17759569223437008
54,0.17759222650791082
55,0.17758894116600835
56,0.17758582297649853
57,0.1775828599197844
58,0.17758004105774503
59,0.1775773564187801
60,0.17757479689678715
61,0.1775723541621892
62,0.17757002058341753
63,0.17756778915747656
64,0.1775656534484186
65,0.17756360753272454
66,0.17756164595072108
67,0.17755976366328796
68,0.17755795601321187
69,0.1775562186906244
70,0.17755454770204368
71,0.17755293934259397
72,0.17755139017103982
73,0.17754989698731094
74,0.1775484568122412
75,0.1775470668692736
76,0.17754572456791726
77,0.1775444274887686
78,0.17754317336992587
79,0.1775419600946557
80,0.1775407856801789
81,0.17753964826745802
82,0.17753854611189224
83,0.17753747757482102
84,0.17753644111576294
85,0.1775354352853129
86,0.1775344587186388
87,0.17753351012951674
88,0.17753258830485627
89,0.177531692099669
90,0.17753082043244098
91,0.17752997228087142
92,0.17752914667794342
93,0.17752834270830067
94,0.177527559504899
95,0.1775267962459134
96,0.17752605215187398
97,0.17752532648301542
98,0.1775246185368186
99,0.17752392764573183
100,0.1775232531750532
101,0.17752259452096425
102,0.17752195110870075
103,0.17752132239084958
104,0.17752070784576382
105,0.17752010697608434
106,0.17751951930736082
107,0.17751894438676458
108,0.17751838178188648
109,0.1775178310796126
110,0.17751729188507268
111,0.17751676382065557
112,0.1775162465250879
113,0.17751573965256895
114,0.17751524287196058
115,0.17751475586602647
116,0.1775142783307168
117,0.1775138099744986
118,0.17751335051772296
119,0.17751289969203238
120,0.17751245723980072
121,0.17751202291360832
122,0.17751159647574435
123,0.17751117769774036
124,0.1775107663599289
125,0.1775103622510261
126,0.17750996516773998
127,0.1775095749143977
128,0.1775091913025952
129,0.17750881415086447
130,0.17750844328435955
131,0.17750807853455977
132,0.1775077197389864
133,0.17750736674093745
134,0.17750701938923347
135,0.17750667753797836
136,0.17750634104633126
137,0.17750600977829017
138,0.17750568360248759
139,0.177505362391995
140,0.17750504602413783
141,0.17750473438031927
142,0.17750442734585276
143,0.17750412480980268
144,0.17750382666483258
145,0.17750353280706085
146,0.177503243135923
147,0.17750295755403997
148,0.17750267596709485
149,0.17750239828371162
150,0.17750212441534277
151,0.17750185427616041
152,0.1775015877829524
153,0.17750132485502407
154,0.17750106541410307
155,0.17750080938424975
156,0.17750055669177028
157,0.17750030726513438
158,0.17750006103489632
159,0.17749981793361977
160,0.17749957789580467
161,0.17749934085781924
162,0.17749910675783243
163,0.17749887553575147
164,0.17749864713316066
165,0.17749842149326295
166,0.1774981985608243
167,0.17749797828211974
168,0.17749776060488212
169,0.17749754547825336
170,0.17749733285273583
171,0.17749712268014806
172,0.17749691491358047
173,0.17749670950735377
174,0.17749650641697814
175,0.17749630559911495
176,0.17749610701153967
177,0.1774959106131055
178,0.1774957163637093
179,0.1774955242242584
180,0.17749533415663934
181,0.17749514612368553
182,0.17749496008914945
183,0.17749477601767394
184,0.17749459387476357
185,0.17749441362675986
186,0.17749423524081426
187,0.17749405868486556
188,0.1774938839276145
189,0.17749371093850178
190,0.17749353968768639
191,0.17749337014602362
192,0.17749320228504525
193,0.17749303607693964
194,0.1774928714945328
195,0.17749270851126972
196,0.17749254710119675
197,0.17749238723894462
198,0.17749222889971178
199,0.17749207205924816
200,0.17749191669384035
201,0.17749176278029608
202,0.17749161029592933
203,0.17749145921854828
204,0.17749130952643916
205,0.177491161198355
206,0.17749101421350288
207,0.17749086855153107
208,0.1774907241925173
209,0.1774905811169576
210,0.1774904393057551
211,0.1774902987402093
212,0.17749015940200538
213,0.1774900212732048
214,0.1774898843362345
215,0.17748974857387903
216,0.17748961396926927
217,0.17748948050587574
218,0.17748934816749815
219,0.1774892169382586
220,0.17748908680259193
221,0.1774889577452396
222,0.17748882975124028
223,0.17748870280592421
224,0.1774885768949044
225,0.1774884520040712
226,0.17748832811958376
227,0.1774882052278658
228,0.17748808331559687
229,0.17748796236970796
230,0.17748784237737456
231,0.177487723326011
232,0.17748760520326515
233,0.17748748799701225
234,0.17748737169535042
235,0.17748725628659462
236,0.1774871417592724
237,0.177487028102118
238,0.17748691530406893
239,0.17748680335425987
240,0.1774866922420194
241,0.17748658195686493
242,0.17748647248849803
243,0.1774863638268018
244,0.1774862559618353
245,0.1774861488838301
246,0.17748604258318687
247,0.17748593705047103
248,0.17748583227640974
249,0.17748572825188771
250,0.17748562496794454
251,0.17748552241577065
252,0.17748542058670405
253,0.1774853194722284
254,0.1774852190639678
255,0.17748511935368566
256,0.177485020333281
257,0.17748492199478547
258,0.17748482433036067
259,0.17748472733229576
260,0.1774846309930043
261,0.17748453530502234
262,0.17748444026100468
263,0.17748434585372394
264,0.1774842520760673
265,0.17748415892103403
266,0.17748406638173403
267,0.17748397445138464
268,0.17748388312330887
269,0.17748379239093368
270,0.17748370224778742
271,0.1774836126874977
272,0.17748352370379022
273,0.1774834352904857
274,0.17748334744149924
275,0.17748326015083749
276,0.17748317341259726
277,0.17748308722096418
278,0.17748300157021
279,0.17748291645469202
280,0.1774828318688505
281,0.17748274780720796
282,0.17748266426436735
283,0.1774825812350096
284,0.1774824987138937
285,0.1774824166958542
286,0.17748233517580014
287,0.17748225414871358
288,0.17748217360964852
289,0.1774820935537287
290,0.1774820139761478
291,0.17748193487216687
292,0.1774818562371135
293,0.1774817780663809
294,0.17748170035542632
295,0.17748162309977036
296,0.1774815462949952
297,0.17748146993674405
298,0.17748139402071977
299,0.17748131854268404
300,0.17748124349845634
301,0.17748116888391197
302,0.17748109469498324
303,0.17748102092765608
304,0.17748094757797023
305,0.17748087464201873
306,0.1774808021159464
307,0.1774807299959489
308,0.17748065827827197
309,0.17748058695921073
310,0.17748051603510892
311,0.17748044550235775
312,0.17748037535739497
313,0.17748030559670494
314,0.1774802362168168
315,0.17748016721430468
316,0.17748009858578606
317,0.1774800303279215
318,0.1774799624374143
319,0.17747989491100888
320,0.1774798277454912
321,0.17747976093768708
322,0.1774796944844622
323,0.17747962838272102
324,0.1774795626294068
325,0.17747949722150008
326,0.17747943215601894
327,0.1774793674300179
328,0.17747930304058734
329,0.17747923898485324
330,0.1774791752599763
331,0.17747911186315157
332,0.17747904879160809
333,0.17747898604260764
334,0.17747892361344528
335,0.17747886150144798
336,0.17747879970397445
337,0.17747873821841487
338,0.1774786770421898
339,0.17747861617275026
340,0.17747855560757736
341,0.17747849534418125
342,0.17747843538010102
343,0.17747837571290442
344,0.17747831634018724
345,0.1774782572595726
346,0.17747819846871155
347,0.17747813996528106
348,0.1774780817469855
349,0.17747802381155434
350,0.17747796615674327
351,0.17747790878033345
352,0.17747785168013003
353,0.1774777948539637
354,0.17747773829968902
355,0.1774776820151842
356,0.17747762599835099
357,0.17747757024711455
358,0.17747751475942253
359,0.17747745953324542
360,0.17747740456657565
361,0.17747734985742739
362,0.17747729540383697
363,0.1774772412038611
364,0.17747718725557812
365,0.1774771335570867
366,0.17747708010650617
367,0.17747702690197564
368,0.1774769739416542
369,0.17747692122372036
370,0.17747686874637209
371,0.17747681650782593
372,0.17747676450631794
373,0.17747671274010174
374,0.1774766612074497
375,0.1774766099066522
376,0.1774765588360172
377,0.17747650799387046
378,0.17747645737855428
379,0.17747640698842884
380,0.1774763568218707
381,0.17747630687727287
382,0.17747625715304507
383,0.17747620764761304
384,0.17747615835941832
385,0.1774761092869183
386,0.1774760604285858
387,0.17747601178290928
388,0.17747596334839166
389,0.1774759151235515
390,0.1774758671069214
391,0.1774758192970491
392,0.17747577169249645
393,0.17747572429183908
394,0.1774756770936675
395,0.1774756300965848
396,0.17747558329920893
397,0.17747553670017047
398,0.1774754902981136
399,0.17747544409169538
400,0.17747539807958634
401,0.17747535226046923
402,0.17747530663303948
403,0.17747526119600557
404,0.1774752159480875
405,0.17747517088801798
406,0.1774751260145415
407,0.1774750813264146
408,0.17747503682240515
409,0.1774749925012931
410,0.17747494836186944
411,0.1774749044029364
412,0.17747486062330806
413,0.1774748170218087
414,0.17747477359727357
415,0.1774747303485494
416,0.1774746872744927
417,0.17747464437397098
418,0.17747460164586182
419,0.17747455908905346
420,0.17747451670244374
421,0.1774744744849409
422,0.17747443243546288
423,0.17747439055293754
424,0.1774743488363021
425,0.1774743072845037
426,0.17747426589649853
427,0.17747422467125276
428,0.1774741836077409
429,0.17747414270494735
430,0.17747410196186492
431,0.17747406137749536
432,0.17747402095085002
433,0.17747398068094758
434,0.1774739405668167
435,0.17747390060749343
436,0.17747386080202307
437,0.1774738211494586
438,0.1774737816488616
439,0.1774737422993016
440,0.17747370309985602
441,0.1774736640496105
442,0.17747362514765877
443,0.17747358639310126
444,0.17747354778504718
445,0.1774735093226129
446,0.17747347100492214
447,0.1774734328311063
448,0.17747339480030427
449,0.17747335691166147
450,0.17747331916433162
451,0.17747328155747438
452,0.17747324409025717
453,0.1774732067618541
454,0.17747316957144615
455,0.17747313251822106
456,0.1774730956013737
457,0.17747305882010517
458,0.17747302217362293
459,0.1774729856611416
460,0.17747294928188206
461,0.17747291303507068
462,0.17747287691994165
463,0.17747284093573396
464,0.17747280508169402
465,0.17747276935707318
466,0.17747273376112976
467,0.17747269829312756
468,0.17747266295233646
469,0.17747262773803205
470,0.17747259264949589
471,0.17747255768601483
472,0.17747252284688253
473,0.17747248813139677
474,0.17747245353886207
475,0.17747241906858746
476,0.17747238471988847
477,0.17747235049208512
478,0.17747231638450317
479,0.17747228239647386
480,0.17747224852733295
481,0.17747221477642214
482,0.17747218114308777
483,0.17747214762668154
484,0.1774721142265598
485,0.1774720809420841
486,0.17747204777262102
487,0.177472014717542
488,0.17747198177622256
489,0.17747194894804427
490,0.17747191623239236
491,0.17747188362865737
492,0.1774718511362339
493,0.1774718187545215
494,0.17747178648292442
495,0.177471754320851
496,0.1774717222677142
497,0.17747169032293167
498,0.1774716584859247
499,0.17747162675611952
500,0.17747159513294666
501,0.17747156361584063
502,0.17747153220423983
503,0.1774715008975875
504,0.17747146969533067
505,0.1774714385969204
506,0.17747140760181174
507,0.1774713767094639
508,0.17747134591934008
509,0.17747131523090712
510,0.17747128464363593
511,0.17747125415700143
512,0.17747122377048202
513,0.1774711934835602
514,0.17747116329572177
515,0.17747113320645683
516,0.1774711032152586
517,0.1774710733216243
518,0.17747104352505452
519,0.17747101382505354
520,0.17747098422112914
521,0.17747095471279287
522,0.17747092529955905
523,0.17747089598094615
524,0.17747086675647583
525,0.17747083762567287
526,0.17747080858806583
527,0.17747077964318614
528,0.17747075079056876
529,0.17747072202975187
530,0.17747069336027702
531,0.1774706647816887
532,0.17747063629353468
533,0.17747060789536576
534,0.17747057958673626
535,0.17747055136720294
536,0.17747052323632606
537,0.17747049519366875
538,0.1774704672387973
539,0.17747043937128074
540,0.17747041159069105
541,0.17747038389660355
542,0.17747035628859573
543,0.17747032876624877
544,0.17747030132914612
545,0.1774702739768741
546,0.17747024670902203
547,0.17747021952518197
548,0.17747019242494855
549,0.17747016540791924
550,0.1774701384736943
551,0.17747011162187637
552,0.1774700848520709
553,0.1774700581638865
554,0.17747003155693328
555,0.17747000503082488
556,0.17746997858517688
557,0.1774699522196079
558,0.1774699259337387
559,0.17746989972719274
560,0.17746987359959604
561,0.17746984755057688
562,0.1774698215797657
563,0.17746979568679602
564,0.1774697698713034
565,0.17746974413292554
566,0.17746971847130297
567,0.17746969288607814
568,0.177469667376896
569,0.17746964194340398
570,0.17746961658525087
571,0.1774695913020894
572,0.1774695660935729
573,0.17746954095935788
574,0.17746951589910245
575,0.1774694909124673
576,0.1774694659991152
577,0.1774694411587111
578,0.17746941639092198
579,0.17746939169541687
580,0.17746936707186672
581,0.17746934251994545
582,0.17746931803932792
583,0.1774692936296916
584,0.17746926929071588
585,0.17746924502208217
586,0.17746922082347408
587,0.17746919669457661
588,0.17746917263507736
589,0.17746914864466554
590,0.17746912472303222
591,0.17746910086987086
592,0.1774690770848763
593,0.1774690533677453
594,0.17746902971817666
595,0.1774690061358712
596,0.17746898262053126
597,0.17746895917186106
598,0.17746893578956663
599,0.17746891247335586
600,0.17746888922293866
601,0.17746886603802636
602,0.17746884291833195
603,0.1774688198635705
604,0.1774687968734585
605,0.17746877394771454
606,0.17746875108605834
607,0.17746872828821192
608,0.17746870555389868
609,0.17746868288284334
610,0.17746866027477315
611,0.17746863772941585
612,0.17746861524650182
613,0.17746859282576258
614,0.1774685704669311
615,0.17746854816974236
616,0.17746852593393247
617,0.1774685037592394
618,0.17746848164540266
619,0.17746845959216298
620,0.17746843759926312
621,0.1774684156664468
622,0.17746839379345963
623,0.17746837198004858
624,0.17746835022596225
625,0.17746832853095038
626,0.1774683068947644
627,0.17746828531715736
628,0.17746826379788308
629,0.1774682423366975
630,0.1774682209333577
631,0.1774681995876223
632,0.17746817829925113
633,0.17746815706800512
634,0.1774681358936476
635,0.17746811477594177
636,0.1774680937146535
637,0.1774680727095495
638,0.17746805176039762
639,0.17746803086696714
640,0.17746801002902884
641,0.17746798924635476
642,0.17746796851871802
643,0.17746794784589323
644,0.1774679272276561
645,0.1774679066637838
646,0.17746788615405448
647,0.17746786569824802
648,0.17746784529614495
649,0.17746782494752744
650,0.17746780465217893
651,0.17746778440988356
652,0.17746776422042687
653,0.17746774408359622
654,0.17746772399917926
655,0.1774677039669655
656,0.17746768398674506
657,0.17746766405830963
658,0.17746764418145183
659,0.1774676243559657
660,0.177467604581646
661,0.17746758485828884
662,0.1774675651856915
663,0.17746754556365255
664,0.17746752599197085
665,0.17746750647044746
666,0.17746748699888365
667,0.17746746757708237
668,0.1774674482048473
669,0.17746742888198314
670,0.17746740960829593
671,0.17746739038359247
672,0.17746737120768094
673,0.17746735208037026
674,0.17746733300147036
675,0.17746731397079252
676,0.17746729498814867
677,0.17746727605335197
678,0.17746725716621636
679,0.17746723832655698
680,0.17746721953419006
681,0.17746720078893244
682,0.17746718209060217
683,0.17746716343901833
684,0.17746714483400075
685,0.1774671262753705
686,0.17746710776294922
687,0.1774670892965598
688,0.1774670708760259
689,0.17746705250117203
690,0.1774670341718241
691,0.1774670158878084
692,0.1774669976489523
693,0.17746697945508408
694,0.17746696130603282
695,0.17746694320162887
696,0.1774669251417028
697,0.17746690712608681
698,0.1774668891546135
699,0.17746687122711638
700,0.1774668533434299
701,0.17746683550338962
702,0.17746681770683115
703,0.17746679995359188
704,0.17746678224350954
705,0.17746676457642271
706,0.17746674695217102
707,0.17746672937059463
708,0.17746671183153476
709,0.17746669433483328
710,0.17746667688033305
711,0.17746665946787749
712,0.17746664209731083
713,0.17746662476847838
714,0.17746660748122614
715,0.1774665902354007
716,0.17746657303084926
717,0.17746655586742038
718,0.17746653874496296
719,0.17746652166332683
720,0.17746650462236235
721,0.17746648762192094
722,0.1774664706618547
723,0.17746645374201586
724,0.17746643686225866
725,0.17746642002243657
726,0.177466403222405
727,0.17746638646201957
728,0.17746636974113672
729,0.17746635305961314
730,0.1774663364173069
731,0.1774663198140767
732,0.1774663032497815
733,0.17746628672428125
734,0.17746627023743652
735,0.17746625378910874
736,0.17746623737915962
737,0.17746622100745177
738,0.17746620467384883
739,0.17746618837821448
740,0.17746617212041357
741,0.17746615590031106
742,0.17746613971777345
743,0.17746612357266664
744,0.1774661074648585
745,0.17746609139421668
746,0.17746607536060965
747,0.17746605936390686
748,0.17746604340397754
749,0.17746602748069285
750,0.17746601159392333
751,0.177465995743541
752,0.17746597992941796
753,0.177465964151427
754,0.17746594840944183
755,0.17746593270333655
756,0.1774659170329858
757,0.17746590139826507
758,0.17746588579905015
759,0.17746587023521745
760,0.17746585470664433
761,0.17746583921320816
762,0.17746582375478753
763,0.177465808331261
764,0.17746579294250803
765,0.17746577758840865
766,0.17746576226884336
767,0.17746574698369325
768,0.17746573173283997
769,0.177465716516166
770,0.17746570133355377
771,0.17746568618488678
772,0.1774656710700487
773,0.177465655988924
774,0.17746564094139805
775,0.17746562592735565
776,0.17746561094668337
777,0.1774655959992674
778,0.17746558108499486
779,0.17746556620375362
780,0.17746555135543135
781,0.17746553653991703
782,0.1774655217570998
783,0.1774655070068691
784,0.17746549228911535
785,0.17746547760372916
786,0.17746546295060153
787,0.1774654483296241
788,0.1774654337406893
789,0.17746541918368958
790,0.17746540465851823
791,0.1774653901650688
792,0.1774653757032354
793,0.17746536127291276
794,0.17746534687399598
795,0.17746533250638036
796,0.17746531816996214
797,0.17746530386463766
798,0.17746528959030414
799,0.17746527534685902
800,0.1774652611341999
801,0.1774652469522253
802,0.17746523280083412
803,0.17746521867992548
804,0.17746520458939946
805,0.1774651905291556
806,0.17746517649909507
807,0.1774651624991188
808,0.17746514852912826
809,0.17746513458902527
