1,0.425438354637943
2,0.21861550662612672
3,0.1753433844679826
4,0.1675737921352519
5,0.1655100460936795
6,0.16482630530924283
7,0.16457216168278233
8,0.16447177461041476
9,0.16443082484455118
10,0.16441372002104665
11,0.1644062288294241
12,0.1644024937885171
13,0.16440009403475078
14,0.1643980529213005
15,0.164396003132097
16,0.16439382975634667
17,0.164391517092165
18,0.16438908380611494
19,0.16438655656567708
20,0.16438396024656277
21,0.16438131506314516
22,0.1643786364022642
23,0.16437593555969165
24,0.1643732206492329
25,0.16437049741934262
26,0.16436776990613275
27,0.16436504092631707
28,0.16436231243738844
29,0.16435958579561538
30,0.16435686193852717
31,0.16435414151292832
32,0.16435142496420807
33,0.1643487125984194
34,0.1643460046253205
35,0.16434330118816423
36,0.16434060238429418
37,0.1643379082793707
38,0.16433521891719127
39,0.16433253432646944
40,0.1643298545255084
41,0.16432717952542844
42,0.16432450933238987
43,0.16432184394912674
44,0.1643191833760049
45,0.16431652761175117
46,0.1643138766539557
47,0.16431123049941881
48,0.16430858914439048
49,0.16430595258473388
50,0.16430332081604002
51,0.164300693833705
52,0.16429807163298593
53,0.16429545420903546
54,0.1642928415569298
55,0.1642902336716847
56,0.1642876305482687
57,0.16428503218161147
58,0.16428243856660898
59,0.16427984969812798
60,0.16427726557100863
61,0.16427468618006683
62,0.16427211152009413
63,0.16426954158586096
64,0.16426697637211504
65,0.1642644158735829
66,0.16426186008496982
67,0.16425930900096045
68,0.1642567626162183
69,0.164254220925386
70,0.16425168392308556
71,0.16424915160391823
72,0.1642466239624636
73,0.1642441009932811
74,0.16424158269090855
75,0.16423906904986207
76,0.16423656006463658
77,0.16423405572970456
78,0.1642315560395164
79,0.16422906098849932
80,0.16422657057105736
81,0.16422408478157052
82,0.16422160361439314
83,0.16421912706385428
84,0.16421665512425476
85,0.1642141877898668
86,0.16421172505493148
87,0.16420926691365545
88,0.16420681336020906
89,0.16420436438872094
90,0.16420191999327302
91,0.1641994801678935
92,0.16419704490654777
93,0.1641946142031257
94,0.16419218805142513
95,0.16418976644512956
96,0.16418734937777604
97,0.16418493684271088
98,0.16418252883302428
99,0.16418012534145504
100,0.16417772636024394
101,0.16417533188090358
102,0.16417294189384635
103,0.16417055638774772
104,0.16416817534841174
105,0.1641657987566177
106,0.16416342658370536
107,0.16416105878162252
108,0.16415869525745375
109,0.1641563357957828
110,0.16415397975164606
111,0.16415162416504647
112,0.16414923281476793
113,0.16400694286150008
114,0.16440987376208246
115,0.1643405308299122
116,0.16430423824516724
117,0.16428464188399128
118,0.16427346452254424
119,0.16426659451157802
120,0.1642619885330505
121,0.16425861485471605
122,0.1642559378425042
123,0.16425366937453165
124,0.1642516483926876
125,0.16424978147299385
126,0.16424801264095196
127,0.16424630746891195
128,0.1642446443540582
129,0.16424300954173293
130,0.1642413941834949
131,0.16423979254634868
132,0.1642382008976576
133,0.16423661679905538
134,0.1642350386539628
135,0.16423346541521225
136,0.16423189639505512
137,0.16423033114122942
138,0.16422876935591543
139,0.16422721084264533
140,0.1642256554714902
141,0.16422410315621228
142,0.16422255383926565
143,0.1642210074819442
144,0.1642194640579095
145,0.1642179235489417
146,0.1642163859421441
147,0.1642148512281092
148,0.16421331939971273
149,0.16421179045132123
150,0.16421026437827266
151,0.16420874117653286
152,0.16420722084247205
153,0.16420570337271737
154,0.16420418876405593
155,0.16420267701337096
156,0.16420116811760066
157,0.16419966207371026
158,0.1641981588786748
159,0.16419665852946683
160,0.16419516102304973
161,0.16419366635637206
162,0.16419217452636414
163,0.16419068552993718
164,0.1641891993639809
165,0.16418771602536372
166,0.16418623551093148
167,0.16418475781750755
168,0.16418328294189338
169,0.16418181088086786
170,0.16418034163118728
171,0.1641788751895862
172,0.16417741155277715
173,0.16417595071745025
174,0.16417449268027481
175,0.16417303743789805
176,0.1641715849869467
177,0.16417013532402555
178,0.1641686884457192
179,0.16416724434859134
180,0.16416580302918585
181,0.16416436448402522
182,0.1641629287096126
183,0.16416149570243188
184,0.1641600654589464
185,0.16415863797560062
186,0.16415721324881954
187,0.16415579127500915
188,0.16415437205055727
189,0.16415295557183207
190,0.16415154183518404
191,0.16415013083694552
192,0.1641487225734302
193,0.16414731704093447
194,0.16414591423573707
195,0.16414451415409906
196,0.16414311679226462
197,0.16414172214646064
198,0.16414033021289715
199,0.16413894098776766
200,0.16413755446724898
201,0.16413617064750213
202,0.16413478952467142
203,0.164133411094886
204,0.16413203535425827
205,0.16413066229888618
206,0.16412929192485165
207,0.16412792422822192
208,0.1641265592050488
209,0.16412519685136986
210,0.1641238371632071
211,0.16412248013656958
212,0.16412112576745058
213,0.16411977405183026
214,0.16411842498567472
215,0.16411707856493635
216,0.16411573478555389
217,0.16411439364345276
218,0.16411305513454544
219,0.16411171925473073
220,0.1641103859998956
221,0.16410905536591355
222,0.1641077273486463
223,0.16410640194394246
224,0.1641050791476394
225,0.16410375895556134
226,0.16410244136352198
227,0.16410112636732255
228,0.16409981396275347
229,0.1640985041455929
230,0.16409719691160884
231,0.16409589225655788
232,0.16409459017618566
233,0.16409329066622771
234,0.16409199372240857
235,0.16409069934044254
236,0.16408940751603407
237,0.1640881182448771
238,0.16408683152265646
239,0.16408554734504652
240,0.16408426570771256
241,0.16408298660631063
242,0.1640817100364873
243,0.16408043599387998
244,0.16407916447411736
245,0.16407789547281923
246,0.1640766289855973
247,0.16407536500805409
248,0.16407410353578422
249,0.16407284456437393
250,0.16407158808940198
251,0.16407033410643848
252,0.1640690826110467
253,0.16406783359878144
254,0.16406658706519064
255,0.16406534300581527
256,0.16406410141618835
257,0.16406286229183634
258,0.1640616256282788
259,0.16406039142102885
260,0.16405915966559262
261,0.16405793035746966
262,0.16405670349215398
263,0.16405547906513282
264,0.16405425707188756
265,0.16405303750789382
266,0.1640518203686209
267,0.16405060564953328
268,0.16404939334608953
269,0.16404818345374286
270,0.16404697596794118
271,0.16404577088412783
272,0.16404456819774027
273,0.16404336790421198
274,0.16404216999897145
275,0.16404097447744206
276,0.16403978133504354
277,0.16403859056719092
278,0.16403740216929483
279,0.1640362161367622
280,0.16403503246499562
281,0.1640338511493942
282,0.16403267218535303
283,0.16403149556826382
284,0.16403032129351436
285,0.16402914935648974
286,0.16402797975257127
287,0.16402681247713727
288,0.1640256475255631
289,0.16402448489322136
290,0.16402332457548155
291,0.16402216656771051
292,0.16402101086527288
293,0.1640198574635305
294,0.16401870635784283
295,0.16401755754356753
296,0.16401641101605968
297,0.1640152667706724
298,0.1640141248027571
299,0.1640129851076634
300,0.16401184768073915
301,0.16401071251733018
302,0.16400957961278195
303,0.16400844896243713
304,0.16400732056163814
305,0.164006194405726
306,0.1640050704900402
307,0.16400394880991995
308,0.1640028293607029
309,0.16400171213772619
310,0.16400059713632703
311,0.1639994843518405
312,0.16399837377960258
313,0.1639972654149481
314,0.16399615925321198
315,0.16399505528972874
316,0.16399395351983273
317,0.1639928539388584
318,0.16399175654214035
319,0.1639906613250132
320,0.16398956828281192
321,0.1639884774108716
322,0.16398738870452853
323,0.16398630215911847
324,0.16398521776997818
325,0.16398413553244542
326,0.16398305544185893
327,0.1639819774935571
328,0.16398090168288065
329,0.1639798280051707
330,0.16397875645576965
331,0.163977687030021
332,0.1639766197232695
333,0.16397555453086116
334,0.16397449144814402
335,0.16397343047046709
336,0.16397237159318118
337,0.16397131481163832
338,0.16397026012119337
339,0.16396920751720204
340,0.16396815699502232
341,0.16396710855001437
342,0.1639660621775399
343,0.16396501787296325
344,0.1639639756316509
345,0.16396293544897142
346,0.16396189732029565
347,0.16396086124099749
348,0.16395982720645247
349,0.16395879521203938
350,0.16395776525313926
351,0.163956737325136
352,0.16395571142341644
353,0.1639546875433697
354,0.16395366568038852
355,0.1639526458298681
356,0.1639516279872069
357,0.16395061214780657
358,0.1639495983070717
359,0.16394858646041033
360,0.1639475766032337
361,0.16394656873095634
362,0.16394556283899617
363,0.16394455892277507
364,0.16394355697771779
365,0.1639425569992533
366,0.16394155898281357
367,0.1639405629238349
368,0.16393956881775706
369,0.16393857666002376
370,0.16393758644608264
371,0.16393659817138517
372,0.16393561183138686
373,0.16393462742154757
374,0.1639336449373307
375,0.16393266437420437
376,0.16393168572764058
377,0.16393070899311582
378,0.16392973416611095
379,0.16392876124211075
380,0.16392779021660533
381,0.16392682108508838
382,0.16392585384305858
383,0.16392488848601924
384,0.16392392500947808
385,0.16392296340894752
386,0.16392200367994483
387,0.1639210458179924
388,0.16392008981861672
389,0.16391913567734953
390,0.1639181833897276
391,0.16391723295129257
392,0.1639162843575911
393,0.16391533760417476
394,0.16391439268660035
395,0.1639134496004299
396,0.16391250834123042
397,0.16391156890457437
398,0.16391063128603925
399,0.163909695481208
400,0.16390876148566927
401,0.16390782929501607
402,0.16390689890484808
403,0.1639059703107697
404,0.16390504350839083
405,0.16390411849332745
406,0.1639031952612007
407,0.1639022738076373
408,0.16390135412826978
409,0.1639004362187366
410,0.1638995200746815
411,0.16389860569175418
412,0.16389769306561053
413,0.16389678219191162
414,0.16389587306632453
415,0.1638949656845227
416,0.16389406004218526
417,0.16389315613499747
418,0.16389225395864987
419,0.16389135350884007
420,0.16389045478127123
421,0.1638895577716524
422,0.16388866247569925
423,0.16388776888913326
424,0.16388687700768226
425,0.16388598682708055
426,0.16388509834306816
427,0.16388421155139138
428,0.16388332644780373
429,0.16388244302806396
430,0.1638815612879378
431,0.16388068122319716
432,0.16387980282962056
433,0.16387892610299284
434,0.16387805103910502
435,0.16387717763375528
436,0.16387630588274785
437,0.16387543578189356
438,0.16387456732701006
439,0.16387370051392083
440,0.16387283533845742
441,0.16387197179645638
442,0.163871109883762
443,0.16387024959622506
444,0.16386939092970265
445,0.16386853388005915
446,0.16386767844316522
447,0.16386682461489882
448,0.16386597239114406
449,0.16386512176779217
450,0.16386427274074145
451,0.16386342530589681
452,0.16386257945917002
453,0.1638617351964798
454,0.16386089251375172
455,0.16386005140691864
456,0.1638592118719195
457,0.16385837390470118
458,0.1638575375012171
459,0.16385670265742755
460,0.16385586936930008
461,0.16385503763280945
462,0.1638542074439369
463,0.16385337879867098
464,0.16385255169300766
465,0.16385172612294957
466,0.16385090208450687
467,0.1638500795736963
468,0.16384925858654217
469,0.16384843911907573
470,0.1638476211673356
471,0.16384680472736735
472,0.16384598979522383
473,0.16384517636696516
474,0.16384436443865863
475,0.1638435540063788
476,0.1638427450662073
477,0.16384193761423313
478,0.16384113164655295
479,0.16384032715926988
480,0.1638395241484948
481,0.16383872261034602
482,0.16383792254094898
483,0.16383712393643646
484,0.1638363267929485
485,0.1638355311066322
486,0.16383473687364283
487,0.1638339440901424
488,0.16383315275230012
489,0.16383236285629313
490,0.16383157439830554
491,0.16383078737452914
492,0.16383000178116258
493,0.16382921761441258
494,0.16382843487049276
495,0.16382765354562476
496,0.16382687363603662
497,0.16382609513796495
498,0.1638253180476531
499,0.16382454236135205
500,0.16382376807532015
501,0.16382299518582316
502,0.16382222368913463
503,0.16382145358153524
504,0.16382068485931328
505,0.16381991751876432
506,0.16381915155619173
507,0.16381838696790602
508,0.16381762375022543
509,0.16381686189947556
510,0.16381610141198982
511,0.16381534228410832
512,0.1638145845121795
513,0.16381382809255876
514,0.16381307302160955
515,0.16381231929570228
516,0.16381156691121515
517,0.1638108158645337
518,0.1638100661520513
519,0.16380931777016816
520,0.1638085707152929
521,0.16380782498384078
522,0.16380708057223559
523,0.1638063374769076
524,0.16380559569429534
525,0.16380485522084426
526,0.16380411605300751
527,0.16380337818724652
528,0.1638026416200289
529,0.16380190634783096
530,0.16380117236713576
531,0.16380043967443417
532,0.16379970826622497
533,0.16379897813901353
534,0.16379824928931333
535,0.16379752171364542
536,0.16379679540853845
537,0.163796070370528
538,0.16379534659615766
539,0.16379462408197812
540,0.16379390282454837
541,0.16379318282043376
542,0.16379246406620826
543,0.16379174655845247
544,0.16379103029375486
545,0.16379031526871152
546,0.16378960147992572
547,0.16378888892400878
548,0.16378817759757855
549,0.16378746749726109
550,0.1637867586196897
551,0.16378605096150536
552,0.16378534451935609
553,0.16378463928989795
554,0.16378393526979385
555,0.1637832324557145
556,0.1637825308443382
557,0.1637818304323504
558,0.16378113121644397
559,0.16378043319331942
560,0.16377973635968476
561,0.1637790407122551
562,0.16377834624775295
563,0.16377765296290897
564,0.16377696085446025
565,0.1637762699191518
566,0.16377558015373614
567,0.16377489155497277
568,0.16377420411962912
569,0.16377351784447935
570,0.16377283272630536
571,0.16377214876189677
572,0.16377146594804967
573,0.16377078428156835
574,0.16377010375926404
575,0.16376942437795527
576,0.16376874613446832
577,0.1637680690256362
578,0.16376739304829974
579,0.163766718199307
580,0.16376604447551285
581,0.16376537187378
582,0.1637647003909788
583,0.1637640300239855
584,0.1637633607696853
585,0.16376269262496948
586,0.16376202558673694
587,0.16376135965189417
588,0.16376069481735459
589,0.16376003108003848
590,0.16375936843687436
591,0.16375870688479702
592,0.16375804642074873
593,0.16375738704167933
594,0.163756728744545
595,0.16375607152631075
596,0.16375541538394653
597,0.16375476031443154
598,0.16375410631475062
599,0.16375345338189673
600,0.16375280151286933
601,0.1637521507046756
602,0.1637515009543294
603,0.16375085225885166
604,0.16375020461527104
605,0.16374955802062277
606,0.16374891247194884
607,0.16374826796629902
608,0.16374762450072985
609,0.16374698207230504
610,0.16374634067809518
611,0.16374570031517813
612,0.1637450609806384
613,0.16374442267156755
614,0.16374378538506484
615,0.16374314911823593
616,0.16374251386819338
617,0.16374187963205672
618,0.16374124640695312
619,0.16374061419001612
620,0.1637399829783859
621,0.16373935276921028
622,0.16373872355964383
623,0.16373809534684794
624,0.16373746812799084
625,0.16373684190024745
626,0.16373621666080027
627,0.16373559240683774
628,0.163734969135556
629,0.1637343468441577
630,0.1637337255298521
631,0.1637331051898557
632,0.16373248582139152
633,0.16373186742168963
634,0.16373124998798652
635,0.16373063351752573
636,0.16373001800755796
637,0.1637294034553397
638,0.1637287898581353
639,0.16372817721321475
640,0.1637275655178559
641,0.1637269547693421
642,0.1637263449649644
643,0.16372573610202015
644,0.16372512817781334
645,0.1637245211896548
646,0.16372391513486156
647,0.16372331001075807
648,0.16372270581467496
649,0.16372210254394917
650,0.16372150019592488
651,0.1637208987679526
652,0.16372029825738918
653,0.16371969866159838
654,0.1637190999779505
655,0.163718502203822
656,0.16371790533659672
657,0.16371730937366405
658,0.16371671431242038
659,0.16371612015026865
660,0.1637155268846181
661,0.16371493451288463
662,0.16371434303249063
663,0.16371375244086434
664,0.16371316273544145
665,0.16371257391366326
666,0.16371198597297776
667,0.1637113989108397
668,0.16371081272470953
669,0.1637102274120545
670,0.1637096429703481
671,0.16370905939707037
672,0.16370847668970742
673,0.16370789484575182
674,0.1637073138627026
675,0.16370673373806494
676,0.16370615446935002
677,0.16370557605407576
678,0.16370499848976627
679,0.1637044217739516
680,0.16370384590416837
681,0.16370327087795952
682,0.16370269669287366
683,0.16370212334646614
684,0.16370155083629812
685,0.16370097915993714
686,0.1637004083149571
687,0.16369983829893772
688,0.1636992691094646
689,0.16369870074413026
690,0.16369813320053278
691,0.1636975664762763
692,0.16369700056897155
693,0.16369643547623464
694,0.16369587119568804
695,0.16369530772496044
696,0.16369474506168655
697,0.16369418320350695
698,0.16369362214806815
699,0.16369306189302282
700,0.16369250243602934
701,0.16369194377475263
702,0.16369138590686302
703,0.1636908288300368
704,0.16369027254195687
705,0.1636897170403111
706,0.16368916232279376
707,0.16368860838710506
708,0.163688055230951
709,0.16368750285204345
710,0.16368695124809987
711,0.16368640041684404
712,0.16368585035600527
713,0.16368530106331883
714,0.16368475253652529
715,0.16368420477337192
716,0.163683657771611
717,0.16368311152900078
718,0.16368256604330544
719,0.16368202131229478
720,0.16368147733374416
721,0.16368093410543466
722,0.1636803916251538
723,0.16367984989069326
724,0.16367930889985205
725,0.16367876865043357
726,0.16367822914024766
727,0.16367769036710944
728,0.1636771523288399
729,0.16367661502326505
730,0.16367607844821697
731,0.16367554260153336
732,0.16367500748105718
733,0.16367447308463723
734,0.16367393941012798
735,0.16367340645538858
736,0.1636728742182848
737,0.1636723426966873
738,0.1636718118884719
739,0.16367128179152077
740,0.1636707524037209
741,0.16367022372296516
742,0.16366969574715107
743,0.16366916847418247
744,0.16366864190196823
745,0.16366811602842263
746,0.16366759085146526
747,0.16366706636902095
748,0.16366654257902047
749,0.1636660194793992
750,0.16366549706809835
751,0.16366497534306426
752,0.16366445430224852
753,0.16366393394360815
754,0.16366341426510542
755,0.16366289526470787
756,0.16366237694038802
