1,0.1791634889568642
2,0.17338067678960034
3,0.17252735528865215
4,0.1723504560361649
5,0.17231214136619571
6,0.17230467391084506
7,0.17230347053757344
8,0.1723029202989753
9,0.17230196159890693
10,0.17230056158462503
11,0.17229885680375467
12,0.1722969661867188
13,0.1722949674834024
14,0.1722929068304142
15,0.17229081046263137
16,0.17228869299140515
17,0.1722865624694502
18,0.17228442331194005
19,0.17228227793461887
20,0.17228012765946055
21,0.17227797321166125
22,0.17227581499128466
23,0.1722736532214217
24,0.17227148802890693
25,0.17226931948826218
26,0.17226714764561352
27,0.1722649725317063
28,0.172262794168986
29,0.17226061257545205
30,0.17225842776675201
31,0.17225623975732388
32,0.17225404856101503
33,0.17225185419142056
34,0.17224965666206646
35,0.17224745598650987
36,0.1722452521783932
37,0.17224304525147344
38,0.1722408352196388
39,0.17223862209691568
40,0.17223640589747644
41,0.17223418663563772
42,0.1722319643258665
43,0.17222973898277635
44,0.1722275106211298
45,0.1722252792558386
46,0.17222304490196266
47,0.17222080757471103
48,0.17221856728944018
49,0.17221632406165435
50,0.17221407790700702
51,0.17221182884129813
52,0.1722095768804746
53,0.1722073220406302
54,0.17220506433800614
55,0.17220280378898856
56,0.1722005404101099
57,0.17219827421804781
58,0.17219600522962508
59,0.17219373346180872
60,0.17219145893170973
61,0.1721891816565827
62,0.17218690165382528
63,0.17218461894097853
64,0.17218233353572346
65,0.17218004545588483
66,0.17217775471942637
67,0.17217546134445352
68,0.17217316534921093
69,0.17217086675208224
70,0.17216856557158938
71,0.17216626182639277
72,0.17216395553528907
73,0.17216164671721157
74,0.1721593353912298
75,0.17215702157654755
76,0.1721547052925036
77,0.17215238655856877
78,0.17215006539434785
79,0.1721477418195775
80,0.1721454158541238
81,0.17214308751798463
82,0.17214075683128618
83,0.1721384238142837
84,0.17213608848735898
85,0.17213375087102148
86,0.1721314109859054
87,0.17212906885276996
88,0.1721267244924978
89,0.17212437792609436
90,0.1721220291746866
91,0.17211967825952243
92,0.17211732520196868
93,0.1721149700235112
94,0.17211261274575307
95,0.17211025339041322
96,0.1721078919793263
97,0.17210552853444058
98,0.1721031630778171
99,0.1721007956316289
100,0.17209842621815877
101,0.17209605485979973
102,0.17209368157905153
103,0.1720913063985214
104,0.17208892934092188
105,0.17208655042907006
106,0.1720841696858847
107,0.17208178713438707
108,0.17207940279769793
109,0.17207701669903766
110,0.17207462886172353
111,0.1720722393091692
112,0.17206984806488204
113,0.17206745515246366
114,0.17206506059560717
115,0.17206266441809537
116,0.1720602666438007
117,0.17205786729668276
118,0.1720554664007862
119,0.172053063980241
120,0.1720506600592595
121,0.17204825466213494
122,0.17204584781324114
123,0.1720434395370291
124,0.172041029858026
125,0.17203861880083485
126,0.17203620639013223
127,0.17203379265066443
128,0.17203137760724996
129,0.17202896128477374
130,0.1720265437081893
131,0.1720241249025124
132,0.1720217048928244
133,0.17201928370426786
134,0.17201686136204392
135,0.1720144378914128
136,0.17201201331769064
137,0.1720095876662478
138,0.17200716096250857
139,0.1720047332319468
140,0.17200230450008655
141,0.17199987479249845
142,0.17199744413479998
143,0.1719950125526506
144,0.17199258007175308
145,0.1719901467178497
146,0.17198771251672118
147,0.17198527749418416
148,0.17198284167609
149,0.1719804050883232
150,0.17197796775679777
151,0.17197552970745789
152,0.17197309096627364
153,0.17197065155924085
154,0.1719682115123778
155,0.17196577085172404
156,0.17196332960333907
157,0.17196088779329882
158,0.17195844544769504
159,0.1719560025926332
160,0.17195355925422953
161,0.17195111545861008
162,0.17194867123190877
163,0.17194622660026507
164,0.1719437815898219
165,0.1719413362267232
166,0.17193889053711434
167,0.1719364445471369
168,0.17193399828292855
169,0.1719315517706212
170,0.1719291050363379
171,0.1719266581061921
172,0.17192421100628505
173,0.1719217637627032
174,0.17191931640151759
175,0.1719168689487804
176,0.17191442143052524
177,0.1719119738727611
178,0.1719095263014756
179,0.17190707874262828
180,0.17190463122215172
181,0.17190218376594835
182,0.17189973639988793
183,0.1718972891498074
184,0.17189484204150704
185,0.17189239510074922
186,0.17188994835325666
187,0.17188750182471016
188,0.17188505554074732
189,0.17188260952695875
190,0.17188016380888854
191,0.17187771841203095
192,0.17187527336182828
193,0.17187282868366952
194,0.1718703844028888
195,0.17186794054476248
196,0.1718654971345076
197,0.17186305419727996
198,0.171860611758173
199,0.17185816984221441
200,0.17185572847436584
201,0.17185328767952035
202,0.1718508474824994
203,0.17184840790805297
204,0.17184596898085686
205,0.17184353072551056
206,0.1718410931665355
207,0.17183865632837378
208,0.1718362202353854
209,0.1718337849118479
210,0.17183135038195346
211,0.17182891666980676
212,0.17182648379942464
213,0.17182405179473298
214,0.17182162067956608
215,0.17181919047766384
216,0.1718167612126713
217,0.17181433290813575
218,0.1718119055875057
219,0.1718094792741288
220,0.17180705399125062
221,0.17180462976201258
222,0.17180220660945106
223,0.17179978455649497
224,0.17179736362596432
225,0.1717949438405686
226,0.17179252522290572
227,0.1717901077954596
228,0.17178769158059984
229,0.17178527660057863
230,0.17178286287753075
231,0.17178045043347054
232,0.17177803929029217
233,0.1717756294697665
234,0.17177322099354086
235,0.17177081388313664
236,0.17176840815994895
237,0.1717660038452442
238,0.17176360096015983
239,0.17176119952570051
240,0.17175879956274093
241,0.17175640109202028
242,0.1717540041341437
243,0.17175160870957945
244,0.17174921483865857
245,0.17174682254157295
246,0.17174443183837484
247,0.17174204274897467
248,0.17173965529314067
249,0.17173726949049753
250,0.17173488536052445
251,0.17173250292255507
252,0.1717301221957762
253,0.17172774319922565
254,0.17172536595179236
255,0.17172299047221465
256,0.17172061677907963
257,0.17171824489082174
258,0.17171587482572165
259,0.17171350660190574
260,0.1717111402373453
261,0.1717087757498548
262,0.1717064131570906
263,0.17170405247655238
264,0.17170169372557914
265,0.17169933692135064
266,0.17169698208088552
267,0.1716946292210404
268,0.17169227835851011
269,0.171689929509825
270,0.1716875826913516
271,0.17168523791929258
272,0.17168289520968327
273,0.17168055457839418
274,0.17167821604112754
275,0.17167587961341876
276,0.17167354531063408
277,0.17167121314797107
278,0.17166888314045808
279,0.17166655530295263
280,0.17166422965014133
281,0.17166190619653993
282,0.17165958495649183
283,0.17165726594416783
284,0.1716549491735665
285,0.1716526346585124
286,0.17165032241265601
287,0.17164801244947445
288,0.1716457047822691
289,0.17164339942416632
290,0.17164109638811761
291,0.17163879568689774
292,0.17163649733310563
293,0.17163420133916377
294,0.17163190771731746
295,0.1716296164796354
296,0.17162732763800762
297,0.17162504120414773
298,0.17162275718959116
299,0.1716204756056947
300,0.17161819646363688
301,0.1716159197744182
302,0.1716136455488601
303,0.17161137379760555
304,0.17160910453111813
305,0.1716068377596824
306,0.1716045734934046
307,0.17160231174221052
308,0.1716000525158476
309,0.17159779582388363
310,0.17159554167570745
311,0.17159329008052757
312,0.1715910410473751
313,0.17158879458509954
