1,0.17097271558553773
2,0.16303319337039232
3,0.16326951090166242
4,0.16327492618586234
5,0.16327489678544727
6,0.1632747919309885
7,0.1632746866770509
8,0.1632745820592422
9,0.1632744780860997
10,0.16327437475197942
11,0.16327427205110917
12,0.16327416997778263
13,0.1632740685263611
14,0.16327396769127264
15,0.16327386746701064
16,0.16327376784813333
17,0.16327366882926272
18,0.16327357040508397
19,0.16327347257034336
20,0.16327337531984892
21,0.16327327864846863
22,0.16327318255112963
23,0.16327308702281754
24,0.16327299205857565
25,0.16327289765350422
26,0.1632728038027591
27,0.16327271050155132
28,0.1632726177451471
29,0.16327252552886545
30,0.16327243384807844
31,0.1632723426982108
32,0.16327225207473806
33,0.16327216197318684
34,0.16327207238913374
35,0.16327198331820467
36,0.16327189475607404
37,0.16327180669846428
38,0.16327171914114552
39,0.16327163207993373
40,0.16327154551069176
41,0.16327145942932733
42,0.16327137383179358
43,0.16327128871408683
44,0.16327120407224788
45,0.16327111990236004
46,0.16327103620054925
47,0.16327095296298325
48,0.16327087018587114
49,0.16327078786546256
50,0.16327070599804755
51,0.1632706245799557
52,0.1632705436075558
53,0.1632704630772553
54,0.16327038298549976
55,0.16327030332877204
56,0.1632702241035928
57,0.16327014530651868
58,0.16327006693414284
59,0.1632699889830941
60,0.16326991145003614
61,0.1632698343316681
62,0.16326975762472276
63,0.16326968132596725
64,0.163269605432202
65,0.16326952994026026
66,0.16326945484700825
67,0.16326938014934408
68,0.16326930584419772
69,0.16326923192853038
70,0.1632691583993348
71,0.16326908525363368
72,0.16326901248848003
73,0.16326894010095694
74,0.1632688680881765
75,0.16326879644728046
76,0.16326872517543878
77,0.16326865426985013
78,0.16326858372774097
79,0.16326851354636548
80,0.16326844372300514
81,0.16326837425496854
82,0.1632683051395908
83,0.16326823637423318
84,0.16326816795628318
85,0.16326809988315438
86,0.16326803215228472
87,0.16326796476113803
88,0.16326789770720251
89,0.16326783098799136
90,0.16326776460104114
91,0.16326769854391274
92,0.1632676328141907
93,0.16326756740948256
94,0.16326750232741943
95,0.16326743756565454
96,0.16326737312186382
97,0.16326730899374559
98,0.16326724517902014
99,0.16326718167542906
100,0.16326711848073594
101,0.16326705559272497
102,0.16326699300920164
103,0.1632669307279921
104,0.163266868746943
105,0.16326680706392094
106,0.16326674567681268
107,0.1632666845835247
108,0.1632666237819831
109,0.16326656327013309
110,0.16326650304593912
111,0.1632664431073842
112,0.16326638345247024
113,0.16326632407921787
114,0.16326626498566502
115,0.1632662061698685
116,0.16326614762990255
117,0.163266089363859
118,0.16326603136984713
119,0.16326597364599327
120,0.1632659161904412
121,0.16326585900135085
122,0.16326580207689934
123,0.16326574541528008
124,0.16326568901470254
125,0.16326563287339269
126,0.16326557698959163
127,0.16326552136155703
128,0.16326546598756161
129,0.16326541086589372
130,0.16326535599485675
131,0.1632653013727691
132,0.16326524699796405
133,0.16326519286878993
134,0.1632651389836089
135,0.16326508534079837
136,0.16326503193874933
137,0.16326497877586713
138,0.16326492585057104
139,0.16326487316129398
140,0.16326482070648254
141,0.16326476848459698
142,0.16326471649411056
143,0.16326466473351034
144,0.16326461320129534
145,0.1632645618959786
146,0.1632645108160852
147,0.1632644599601536
148,0.16326440932673378
149,0.16326435891438892
150,0.1632643087216941
151,0.1632642587472364
152,0.16326420898961513
153,0.1632641594474414
154,0.163264110119338
155,0.16326406100393906
156,0.16326401209989083
157,0.16326396340585067
158,0.16326391492048667
159,0.16326386664247858
160,0.16326381857051742
161,0.16326377070330417
162,0.16326372303955158
163,0.16326367557798283
164,0.1632636283173312
165,0.16326358125634077
166,0.1632635343937662
167,0.16326348772837196
168,0.16326344125893308
169,0.16326339498423414
170,0.16326334890307007
171,0.16326330301424563
172,0.16326325731657504
173,0.16326321180888229
174,0.16326316649000105
175,0.16326312135877433
176,0.16326307641405438
177,0.16326303165470313
178,0.16326298707959097
179,0.16326294268759786
180,0.16326289847761274
181,0.1632628544485333
182,0.16326281059926614
183,0.16326276692872643
184,0.16326272343583814
185,0.1632626801195339
186,0.163262636978754
187,0.16326259401244836
188,0.16326255121957442
189,0.16326250859909783
190,0.16326246614999257
191,0.16326242387124068
192,0.1632623817618323
193,0.163262339820765
194,0.1632622980470447
195,0.1632622564396848
196,0.16326221499770643
197,0.1632621737201383
198,0.16326213260601663
199,0.1632620916543853
200,0.16326205086429527
201,0.16326201023480488
202,0.16326196976497986
203,0.16326192945389298
204,0.16326188930062416
205,0.1632618493042606
206,0.16326180946389598
207,0.16326176977863122
208,0.16326173024757382
209,0.16326169086983855
210,0.1632616516445463
211,0.16326161257082508
212,0.1632615736478094
213,0.16326153487463974
214,0.16326149625046382
215,0.16326145777443538
216,0.16326141944571448
217,0.1632613812634677
218,0.16326134322686742
219,0.16326130533509278
220,0.1632612675873284
221,0.16326122998276538
222,0.16326119252060076
223,0.16326115520003728
224,0.16326111802028395
225,0.16326108098055536
226,0.16326104408007192
227,0.16326100731805965
228,0.16326097069375062
229,0.16326093420638219
230,0.16326089785519743
231,0.1632608616394446
232,0.1632608255583782
233,0.16326078961125737
234,0.16326075379734703
235,0.16326071811591727
236,0.16326068256624382
237,0.16326064714760688
238,0.16326061185929253
239,0.16326057670059207
240,0.16326054167080095
241,0.16326050676922083
242,0.16326047199515745
243,0.16326043734792234
244,0.16326040282683102
245,0.16326036843120467
246,0.163260334160369
247,0.1632603000136543
248,0.16326026599039598
249,0.16326023208993395
250,0.1632601983116126
251,0.16326016465478127
252,0.16326013111879392
253,0.16326009770300862
254,0.16326006440678834
255,0.1632600312295002
256,0.1632599981705162
257,0.1632599652292121
258,0.16325993240496867
259,0.16325989969717028
260,0.1632598671052063
261,0.16325983462846963
262,0.16325980226635797
263,0.16325977001827283
264,0.16325973788361997
265,0.16325970586180905
266,0.16325967395225416
267,0.16325964215437316
268,0.16325961046758777
269,0.16325957889132406
270,0.16325954742501156
271,0.16325951606808395
272,0.1632594848199789
273,0.16325945368013745
274,0.16325942264800486
275,0.16325939172303006
276,0.16325936090466536
277,0.1632593301923674
278,0.16325929958559574
279,0.16325926908381422
280,0.1632592386864899
281,0.16325920839309366
282,0.16325917820309946
283,0.16325914811598535
284,0.16325911813123256
285,0.16325908824832586
286,0.16325905846675345
287,0.16325902878600662
288,0.16325899920558057
289,0.16325896972497336
290,0.16325894034368693
291,0.16325891106122567
292,0.16325888187709822
293,0.1632588527908154
294,0.16325882380189216
295,0.16325879490984616
296,0.16325876611419834
297,0.16325873741447278
298,0.1632587088101965
299,0.16325868030089968
300,0.16325865188611574
301,0.16325862356538112
302,0.1632585953382347
303,0.16325856720421913
304,0.16325853916287952
305,0.16325851121376403
306,0.16325848335642407
307,0.16325845559041313
308,0.1632584279152884
309,0.1632584003306094
310,0.1632583728359387
311,0.16325834543084156
312,0.16325831811488634
313,0.16325829088764338
314,0.16325826374868666
315,0.16325823669759187
316,0.16325820973393876
317,0.16325818285730836
318,0.1632581560672851
319,0.16325812936345582
320,0.1632581027454101
321,0.16325807621274008
322,0.16325804976504035
323,0.16325802340190787
324,0.16325799712294256
325,0.16325797092774666
326,0.16325794481592473
327,0.16325791878708398
328,0.163257892840834
329,0.16325786697678682
330,0.16325784119455689
331,0.16325781549376098
332,0.1632577898740185
333,0.16325776433495068
334,0.16325773887618159
335,0.16325771349733745
336,0.1632576881980468
337,0.16325766297794023
338,0.16325763783665098
339,0.16325761277381426
340,0.16325758778906763
341,0.16325756288205084
342,0.16325753805240567
343,0.16325751329977664
344,0.16325748862380954
345,0.163257464024153
346,0.16325743950045768
347,0.1632574150523762
348,0.16325739067956332
349,0.16325736638167582
350,0.16325734215837262
351,0.1632573180093149
352,0.16325729393416538
353,0.16325726993258935
354,0.1632572460042538
355,0.1632572221488275
356,0.1632571983659817
357,0.1632571746553895
358,0.16325715101672553
359,0.1632571274496667
360,0.16325710395389195
361,0.16325708052908186
362,0.1632570571749188
363,0.16325703389108745
364,0.1632570106772742
365,0.16325698753316684
366,0.16325696445845572
367,0.16325694145283254
368,0.16325691851599097
369,0.16325689564762602
370,0.16325687284743545
371,0.16325685011511792
372,0.1632568274503743
373,0.163256804852907
374,0.16325678232242033
375,0.16325675985862
376,0.16325673746121372
377,0.16325671512991094
378,0.16325669286442254
379,0.16325667066446123
380,0.1632566485297412
381,0.1632566264599787
382,0.1632566044548913
383,0.16325658251419817
384,0.16325656063762006
385,0.16325653882487953
386,0.16325651707570052
387,0.1632564953898088
388,0.1632564737669315
389,0.16325645220679746
390,0.1632564307091367
391,0.16325640927368124
392,0.16325638790016425
393,0.16325636658832066
394,0.16325634533788685
395,0.16325632414860078
396,0.1632563030202014
397,0.1632562819524299
398,0.16325626094502824
399,0.16325623999774036
400,0.163256219110311
401,0.16325619828248716
402,0.16325617751401672
403,0.16325615680464878
404,0.16325613615413442
405,0.16325611556222577
406,0.16325609502867644
407,0.16325607455324115
408,0.16325605413567632
409,0.16325603377573955
410,0.16325601347319
411,0.1632559932277876
412,0.1632559730392944
413,0.1632559529074732
414,0.16325593283208814
415,0.16325591281290494
416,0.1632558928496903
417,0.16325587294221264
418,0.16325585309024093
419,0.16325583329354615
420,0.1632558135519
421,0.16325579386507577
422,0.16325577423284782
423,0.16325575465499176
424,0.16325573513128433
425,0.16325571566150385
426,0.16325569624542915
427,0.163255676882841
428,0.1632556575735211
429,0.16325563831725193
430,0.16325561911381772
431,0.16325559996300343
432,0.16325558086459568
433,0.16325556181838152
434,0.16325554282414986
435,0.1632555238816902
436,0.1632555049907937
437,0.16325548615125185
438,0.16325546736285812
439,0.16325544862540653
440,0.16325542993869224
441,0.16325541130251198
442,0.16325539271666276
443,0.1632553741809435
444,0.16325535569515331
445,0.16325533725909333
446,0.16325531887256478
447,0.16325530053537093
448,0.16325528224731486
449,0.16325526400820226
450,0.1632552458178381
451,0.16325522767602982
452,0.16325520958258513
453,0.16325519153731274
454,0.16325517354002272
455,0.163255155590526
456,0.16325513768863414
457,0.16325511983416022
458,0.16325510202691793
459,0.16325508426672208
460,0.16325506655338828
461,0.16325504888673348
462,0.16325503126657523
463,0.16325501369273193
464,0.16325499616502312
465,0.16325497868326952
466,0.16325496124729222
467,0.1632549438569136
468,0.16325492651195683
469,0.16325490921224617
470,0.1632548919576065
471,0.16325487474786363
472,0.1632548575828445
473,0.16325484046237684
474,0.16325482338628897
475,0.16325480635441053
476,0.16325478936657153
477,0.16325477242260356
478,0.16325475552233829
479,0.16325473866560886
480,0.1632547218522488
481,0.16325470508209247
482,0.1632546883549756
483,0.16325467167073432
484,0.1632546550292055
485,0.16325463843022722
486,0.16325462187363818
487,0.1632546053592774
488,0.16325458888698574
489,0.16325457245660419
490,0.16325455606797423
491,0.16325453972093887
492,0.16325452341534147
493,0.16325450715102632
494,0.16325449092783825
495,0.16325447474562324
496,0.16325445860422785
497,0.16325444250349938
498,0.16325442644328547
499,0.16325441042343558
500,0.16325439444379883
501,0.16325437850422572
502,0.16325436260456705
503,0.1632543467446749
504,0.16325433092440148
505,0.16325431514360023
506,0.16325429940212488
507,0.16325428369983042
508,0.16325426803657178
509,0.1632542524122054
510,0.16325423682658785
511,0.16325422127957676
512,0.1632542057710299
513,0.16325419030080665
514,0.16325417486876628
515,0.16325415947476912
516,0.16325414411867592
517,0.1632541288003483
518,0.1632541135196488
519,0.1632540982764398
520,0.16325408307058514
521,0.1632540679019491
522,0.1632540527703965
523,0.16325403767579288
524,0.16325402261800426
525,0.1632540075968978
526,0.16325399261234058
527,0.16325397766420088
528,0.16325396275234727
529,0.16325394787664935
530,0.16325393303697674
531,0.16325391823320043
532,0.1632539034651911
533,0.16325388873282112
534,0.16325387403596267
535,0.16325385937448852
536,0.16325384474827262
537,0.16325383015718914
538,0.1632538156011127
539,0.1632538010799189
540,0.16325378659348377
541,0.1632537721416836
542,0.1632537577243958
543,0.16325374334149795
544,0.16325372899286858
545,0.1632537146783863
546,0.16325370039793075
547,0.16325368615138178
548,0.16325367193862
549,0.16325365775952674
550,0.1632536436139833
551,0.1632536295018721
552,0.1632536154230759
553,0.16325360137747807
554,0.16325358736496243
555,0.1632535733854133
556,0.16325355943871567
557,0.163253545524755
558,0.1632535316434173
559,0.16325351779458908
560,0.1632535039781572
561,0.1632534901940095
562,0.16325347644203392
563,0.16325346272211905
564,0.16325344903415387
565,0.1632534353780283
566,0.16325342175363203
567,0.16325340816085607
568,0.1632533945995914
569,0.16325338106972948
570,0.16325336757116254
571,0.16325335410378308
572,0.16325334066748423
573,0.1632533272621597
574,0.1632533138877034
575,0.16325330054400972
576,0.16325328723097382
577,0.16325327394849135
578,0.16325326069645785
579,0.16325324747477005
580,0.16325323428332478
581,0.16325322112201943
582,0.1632532079907516
583,0.16325319488941975
584,0.16325318181792245
585,0.1632531687761592
586,0.16325315576402924
587,0.16325314278143271
588,0.1632531298282705
589,0.16325311690444316
590,0.16325310400985227
591,0.1632530911443998
592,0.16325307830798763
593,0.163253065500519
594,0.1632530527218966
595,0.16325303997202434
596,0.163253027250806
597,0.16325301455814617
598,0.16325300189394965
599,0.1632529892581217
600,0.16325297665056784
601,0.16325296407119447
602,0.163252951519908
603,0.16325293899661525
604,0.16325292650122367
605,0.16325291403364095
606,0.16325290159377515
607,0.16325288918153494
608,0.16325287679682937
609,0.1632528644395675
610,0.16325285210965917
611,0.16325283980701474
612,0.16325282753154435
613,0.16325281528315913
614,0.16325280306177054
615,0.16325279086728986
616,0.16325277869962945
617,0.1632527665587016
618,0.16325275444441928
619,0.16325274235669565
620,0.16325273029544415
621,0.16325271826057883
622,0.16325270625201418
623,0.16325269426966452
624,0.16325268231344503
625,0.16325267038327132
626,0.163252658479059
627,0.1632526466007242
628,0.1632526347481834
629,0.16325262292135365
630,0.16325261112015182
631,0.16325259934449587
632,0.16325258759430344
633,0.16325257586949274
634,0.1632525641699827
635,0.16325255249569198
636,0.16325254084654012
637,0.1632525292224464
638,0.16325251762333112
639,0.16325250604911448
640,0.16325249449971718
641,0.1632524829750601
642,0.16325247147506466
643,0.16325245999965265
644,0.1632524485487458
645,0.16325243712226656
646,0.16325242572013748
647,0.16325241434228166
648,0.1632524029886222
649,0.16325239165908287
650,0.16325238035358755
651,0.16325236907206048
652,0.16325235781442618
653,0.1632523465806094
654,0.16325233537053566
655,0.16325232418413035
656,0.1632523130213191
657,0.163252301882028
658,0.16325229076618383
659,0.163252279673713
660,0.16325226860454264
661,0.1632522575586001
662,0.1632522465358129
663,0.16325223553610915
664,0.16325222455941682
665,0.1632522136056647
666,0.1632522026747815
667,0.16325219176669636
668,0.16325218088133853
669,0.16325217001863795
670,0.16325215917852423
671,0.16325214836092808
672,0.16325213756577986
673,0.1632521267930103
674,0.16325211604255058
675,0.16325210531433207
676,0.16325209460828666
677,0.16325208392434606
678,0.1632520732624426
679,0.16325206262250852
680,0.16325205200447707
681,0.16325204140828095
682,0.1632520308338537
683,0.16325202028112867
684,0.1632520097500401
685,0.1632519992405215
686,0.16325198875250801
687,0.16325197828593369
688,0.1632519678407338
689,0.16325195741684345
690,0.16325194701419785
691,0.163251936632733
692,0.16325192627238466
693,0.1632519159330893
694,0.16325190561478314
695,0.16325189531740295
696,0.1632518850408857
697,0.16325187478516862
698,0.16325186455018942
699,0.1632518543358855
700,0.16325184414219507
701,0.16325183396905618
702,0.1632518238164073
703,0.16325181368418729
704,0.16325180357233507
705,0.16325179348078972
706,0.16325178340949076
707,0.16325177335837784
708,0.16325176332739078
709,0.16325175331646982
710,0.16325174332555564
711,0.16325173335458842
712,0.16325172340350902
713,0.16325171347225864
714,0.16325170356077884
715,0.16325169366901074
716,0.16325168379689642
717,0.1632516739443779
718,0.16325166411139716
719,0.1632516542978968
720,0.16325164450381957
721,0.16325163472910834
722,0.16325162497370602
723,0.1632516152375562
724,0.1632516055206023
725,0.16325159582278836
726,0.16325158614405824
727,0.16325157648435593
728,0.16325156684362604
729,0.1632515572218135
730,0.16325154761886274
731,0.16325153803471898
732,0.1632515284693278
733,0.16325151892263418
734,0.1632515093945842
735,0.16325149988512366
736,0.16325149039419878
737,0.1632514809217558
738,0.16325147146774124
739,0.16325146203210195
740,0.16325145261478474
741,0.16325144321573692
742,0.16325143383490584
743,0.16325142447223875
744,0.16325141512768382
745,0.16325140580118866
746,0.1632513964927017
747,0.16325138720217125
748,0.1632513779295455
749,0.16325136867477383
750,0.16325135943780453
751,0.1632513502185871
752,0.1632513410170708
753,0.1632513318332051
754,0.16325132266693954
755,0.16325131351822444
756,0.1632513043870095
757,0.1632512952732453
758,0.16325128617688178
759,0.16325127709787013
760,0.163251268036161
761,0.16325125899170534
762,0.16325124996445428
763,0.16325124095435936
764,0.16325123196137217
765,0.1632512229854443
766,0.16325121402652762
767,0.16325120508457458
768,0.16325119615953712
769,0.16325118725136792
770,0.1632511783600194
771,0.16325116948544457
772,0.16325116062759631
773,0.16325115178642774
774,0.1632511429618923
775,0.1632511341539434
776,0.16325112536253492
777,0.16325111658762037
778,0.16325110782915417
779,0.16325109908709032
780,0.16325109036138336
781,0.1632510816519874
782,0.1632510729588572
783,0.16325106428194816
784,0.16325105562121484
785,0.1632510469766127
786,0.16325103834809682
787,0.1632510297356226
788,0.1632510211391464
789,0.1632510125586236
790,0.16325100399401024
791,0.16325099544526225
792,0.16325098691233664
793,0.16325097839518926
794,0.16325096989377705
795,0.16325096140805667
796,0.16325095293798525
797,0.16325094448351982
798,0.16325093604461766
799,0.16325092762123627
800,0.16325091921333318
801,0.16325091082086599
802,0.16325090244379278
803,0.1632508940820716
804,0.1632508857356605
805,0.16325087740451805
806,0.1632508690886024
807,0.16325086078787254
808,0.16325085250228696
809,0.16325084423180491
810,0.16325083597638534
811,0.16325082773598754
812,0.1632508195105708
813,0.16325081130009453
814,0.16325080310451864
815,0.163250794923803
816,0.16325078675790727
817,0.16325077860679182
818,0.16325077047041672
819,0.1632507623487425
820,0.16325075424172966
821,0.16325074614933865
822,0.1632507380715306
823,0.16325073000826637
824,0.163250721959507
825,0.16325071392521356
826,0.1632507059053477
827,0.1632506978998708
828,0.1632506899087443
829,0.16325068193193026
830,0.16325067396939055
831,0.16325066602108715
832,0.1632506580869822
833,0.1632506501670379
834,0.1632506422612169
835,0.1632506343694817
836,0.163250626491795
837,0.16325061862811963
838,0.16325061077841843
839,0.16325060294265484
840,0.16325059512079168
841,0.16325058731279257
842,0.1632505795186208
843,0.16325057173824017
844,0.1632505639716144
845,0.16325055621870704
846,0.16325054847948248
847,0.16325054075390458
848,0.16325053304193773
849,0.16325052534354617
850,0.1632505176586943
851,0.16325050998734708
852,0.16325050232946892
853,0.16325049468502473
854,0.1632504870539796
855,0.16325047943629845
856,0.16325047183194671
857,0.16325046424088963
858,0.16325045666309237
859,0.16325044909852102
860,0.16325044154714083
861,0.16325043400891795
862,0.1632504264838181
863,0.16325041897180737
864,0.1632504114728519
865,0.163250403986918
866,0.1632503965139723
867,0.16325038905398065
868,0.16325038160691027
869,0.16325037417272775
870,0.16325036675139973
871,0.16325035934289353
872,0.16325035194717602
873,0.1632503445642144
874,0.16325033719397583
875,0.16325032983642795
876,0.1632503224915382
877,0.1632503151592741
878,0.1632503078396036
879,0.16325030053249437
880,0.16325029323791457
881,0.163250285955832
882,0.16325027868621492
883,0.16325027142903178
884,0.16325026418425084
885,0.16325025695184034
886,0.16325024973176952
887,0.16325024252400638
888,0.16325023532852023
889,0.1632502281452797
890,0.16325022097425412
891,0.16325021381541224
892,0.16325020666872353
893,0.1632501995341571
894,0.16325019241168282
895,0.16325018530126975
896,0.1632501782028877
897,0.16325017111650664
898,0.16325016404209589
899,0.1632501569796259
900,0.16325014992906653
901,0.16325014289038767
902,0.16325013586356008
903,0.16325012884855372
904,0.16325012184533905
905,0.16325011485388669
906,0.16325010787416705
907,0.16325010090615133
908,0.16325009394981002
909,0.16325008700511404
910,0.16325008007203448
911,0.16325007315054246
912,0.16325006624060914
913,0.1632500593422059
914,0.16325005245530416
915,0.16325004557987516
916,0.1632500387158908
917,0.16325003186332246
918,0.16325002502214223
919,0.16325001819232204
920,0.16325001137383321
921,0.1632500045666485
922,0.16324999777073965
923,0.16324999098607912
924,0.16324998421263887
925,0.1632499774503916
926,0.16324997069930994
927,0.16324996395936622
928,0.16324995723053323
929,0.16324995051278365
930,0.16324994380609045
931,0.1632499371104265
932,0.16324993042576488
933,0.1632499237520787
934,0.1632499170893412
935,0.16324991043752546
936,0.1632499037966052
937,0.1632498971665537
938,0.1632498905473445
939,0.16324988393895115
940,0.16324987734134772
941,0.16324987075450764
942,0.1632498641784051
943,0.16324985761301378
944,0.163249851058308
945,0.1632498445142616
946,0.1632498379808493
947,0.16324983145804486
948,0.16324982494582296
949,0.16324981844415806
950,0.1632498119530246
951,0.1632498054723974
952,0.163249799002251
953,0.16324979254256028
954,0.16324978609330013
955,0.16324977965444543
956,0.16324977322597117
957,0.16324976680785283
958,0.16324976040006525
959,0.1632497540025836
960,0.16324974761538366
961,0.1632497412384404
962,0.16324973487172972
963,0.16324972851522698
964,0.163249722168908
965,0.16324971583274828
966,0.16324970950672385
967,0.16324970319081053
968,0.1632496968849842
969,0.16324969058922112
970,0.1632496843034973
971,0.16324967802778875
972,0.16324967176207214
973,0.1632496655063234
974,0.16324965926051926
975,0.16324965302463595
976,0.1632496467986504
977,0.16324964058253869
978,0.16324963437627812
979,0.16324962817984512
980,0.1632496219932167
981,0.16324961581636963
982,0.16324960964928115
983,0.16324960349192819
984,0.16324959734428796
985,0.16324959120633742
986,0.16324958507805418
987,0.16324957895941547
988,0.1632495728503988
989,0.16324956675098157
990,0.1632495606611414
991,0.16324955458085577
992,0.16324954851010268
993,0.16324954244885959
994,0.16324953639710474
995,0.1632495303548156
996,0.16324952432197037
997,0.16324951829854722
998,0.16324951228452406
999,0.16324950627987914
1000,0.16324950028459073
1001,0.16324949429863708
1002,0.1632494883219966
1003,0.16324948235464776
1004,0.1632494763965692
1005,0.16324947044773938
1006,0.16324946450813693
1007,0.16324945857774065
1008,0.16324945265652918
1009,0.16324944674448147
1010,0.16324944084157633
1011,0.16324943494779282
1012,0.16324942906311005
1013,0.16324942318750704
1014,0.1632494173209629
1015,0.16324941146345687
1016,0.16324940561496828
1017,0.16324939977547653
1018,0.16324939394496102
1019,0.16324938812340106
1020,0.1632493823107764
1021,0.16324937650706653
1022,0.1632493707122513
1023,0.16324936492631012
1024,0.16324935914922317
1025,0.1632493533809698
1026,0.16324934762153023
1027,0.16324934187088452
1028,0.16324933612901255
1029,0.1632493303958945
1030,0.16324932467151043
1031,0.1632493189558404
1032,0.16324931324886502
1033,0.16324930755056438
1034,0.1632493018609189
1035,0.1632492961799092
1036,0.16324929050751547
1037,0.1632492848437187
1038,0.16324927918849913
1039,0.1632492735418377
1040,0.16324926790371477
1041,0.16324926227411152
1042,0.16324925665300877
1043,0.16324925104038723
1044,0.163249245436228
1045,0.16324923984051204
1046,0.1632492342532205
1047,0.16324922867433445
1048,0.16324922310383502
1049,0.16324921754170357
1050,0.16324921198792142
1051,0.16324920644246985
1052,0.16324920090533038
1053,0.16324919537648436
1054,0.16324918985591333
1055,0.1632491843435988
1056,0.16324917883952253
1057,0.1632491733436664
1058,0.16324916785601176
1059,0.16324916237654047
1060,0.1632491569052344
1061,0.16324915144207575
1062,0.1632491459870462
1063,0.16324914054012787
1064,0.16324913510130265
1065,0.1632491296705527
1066,0.1632491242478602
1067,0.16324911883320758
1068,0.1632491134265768
1069,0.16324910802795026
1070,0.16324910263731054
1071,0.16324909725463999
1072,0.16324909187992084
1073,0.16324908651313574
1074,0.16324908115426737
1075,0.16324907580329837
1076,0.16324907046021123
1077,0.16324906512498882
1078,0.163249059797614
1079,0.16324905447806942
1080,0.16324904916633806
1081,0.16324904386240285
1082,0.1632490385662466
1083,0.16324903327785265
1084,0.16324902799720378
1085,0.16324902272428327
1086,0.16324901745907414
1087,0.16324901220155996
1088,0.16324900695172376
1089,0.16324900170954873
1090,0.16324899647501845
1091,0.16324899124811634
1092,0.16324898602882557
1093,0.16324898081713
1094,0.16324897561301313
1095,0.1632489704164584
1096,0.1632489652274497
1097,0.16324896004597048
1098,0.16324895487200464
1099,0.16324894970553577
1100,0.16324894454654798
1101,0.16324893939502494
1102,0.1632489342509508
1103,0.16324892911430938
1104,0.16324892398508467
1105,0.16324891886326084
1106,0.163248913748822
1107,0.16324890864175234
1108,0.16324890354203586
1109,0.16324889844965706
1110,0.16324889336460005
1111,0.1632488882868492
1112,0.16324888321638906
1113,0.1632488781532038
1114,0.1632488730972781
1115,0.16324886804859634
1116,0.16324886300714317
1117,0.1632488579729031
1118,0.1632488529458608
1119,0.16324884792600108
1120,0.16324884291330863
1121,0.16324883790776795
1122,0.1632488329093643
1123,0.16324882791808226
1124,0.1632488229339068
1125,0.16324881795682283
1126,0.16324881298681532
1127,0.16324880802386943
1128,0.16324880306797013
1129,0.1632487981191025
1130,0.16324879317725174
1131,0.16324878824240327
1132,0.1632487833145419
1133,0.16324877839365318
1134,0.1632487734797224
1135,0.16324876857273488
1136,0.16324876367267604
1137,0.1632487587795313
1138,0.16324875389328614
1139,0.16324874901392622
1140,0.16324874414143686
1141,0.163248739275804
1142,0.16324873441701296
1143,0.16324872956504963
1144,0.16324872471989965
1145,0.16324871988154877
1146,0.1632487150499827
1147,0.16324871022518767
1148,0.16324870540714898
1149,0.16324870059585303
1150,0.16324869579128565
1151,0.16324869099343262
1152,0.16324868620228025
1153,0.16324868141781468
1154,0.1632486766400218
1155,0.16324867186888767
1156,0.16324866710439864
1157,0.1632486623465411
1158,0.16324865759530105
1159,0.16324865285066506
1160,0.16324864811261924
1161,0.1632486433811499
1162,0.16324863865624387
1163,0.16324863393788697
1164,0.16324862922606614
1165,0.1632486245207679
1166,0.163248619821979
1167,0.16324861512968544
1168,0.16324861044387434
1169,0.16324860576453207
1170,0.1632486010916456
1171,0.16324859642520165
1172,0.16324859176518683
1173,0.16324858711158804
1174,0.16324858246439225
1175,0.16324857782358615
1176,0.1632485731891568
1177,0.1632485685610911
1178,0.16324856393937615
1179,0.163248559323999
1180,0.1632485547149466
1181,0.16324855011220582
1182,0.16324854551576426
1183,0.163248540925609
1184,0.1632485363417269
1185,0.1632485317641056
1186,0.16324852719273206
1187,0.16324852262759385
1188,0.16324851806867838
1189,0.16324851351597264
1190,0.16324850896946413
1191,0.16324850442914063
1192,0.16324849989498927
1193,0.16324849536699784
1194,0.1632484908451536
1195,0.1632484863294444
1196,0.16324848181985777
1197,0.16324847731638129
1198,0.16324847281900273
1199,0.16324846832770956
1200,0.16324846384248975
1201,0.1632484593633311
1202,0.16324845489022144
1203,0.16324845042314837
1204,0.1632484459621
1205,0.16324844150706427
1206,0.16324843705802886
1207,0.16324843261498198
1208,0.16324842817791146
1209,0.1632484237468056
1210,0.1632484193216521
1211,0.16324841490243935
1212,0.1632484104891554
1213,0.16324840608178834
1214,0.16324840168032637
1215,0.16324839728475787
1216,0.16324839289507112
1217,0.16324838851125398
1218,0.16324838413329543
1219,0.16324837976118306
1220,0.16324837539490586
1221,0.1632483710344522
1222,0.16324836667981013
1223,0.16324836233096823
1224,0.16324835798791532
1225,0.16324835365063964
1226,0.16324834931912996
1227,0.16324834499337465
1228,0.16324834067336247
1229,0.16324833635908195
1230,0.16324833205052203
1231,0.1632483277476709
1232,0.1632483234505179
1233,0.16324831915905158
1234,0.16324831487326072
1235,0.163248310593134
1236,0.16324830631866047
1237,0.16324830204982896
1238,0.1632482977866284
1239,0.1632482935290477
1240,0.163248289277076
1241,0.163248285030702
1242,0.1632482807899148
1243,0.16324827655470386
1244,0.16324827232505776
1245,0.16324826810096574
1246,0.16324826388241723
1247,0.16324825966940104
1248,0.16324825546190647
1249,0.16324825125992298
1250,0.16324824706343954
1251,0.16324824287244552
1252,0.16324823868693022
1253,0.16324823450688308
1254,0.16324823033229352
1255,0.1632482261631507
1256,0.16324822199944414
1257,0.1632482178411634
1258,0.16324821368829762
1259,0.1632482095408368
1260,0.1632482053987701
1261,0.16324820126208733
1262,0.16324819713077773
1263,0.16324819300483126
1264,0.16324818888423756
1265,0.16324818476898584
1266,0.16324818065906627
1267,0.16324817655446835
1268,0.16324817245518192
1269,0.1632481683611968
1270,0.16324816427250244
1271,0.16324816018908905
1272,0.16324815611094642
1273,0.16324815203806428
1274,0.16324814797043247
1275,0.16324814390804115
1276,0.16324813985088005
1277,0.1632481357989394
1278,0.16324813175220892
1279,0.1632481277106789
1280,0.1632481236743392
1281,0.1632481196431799
1282,0.16324811561719121
1283,0.16324811159636327
1284,0.16324810758068609
1285,0.16324810357015007
1286,0.16324809956474523
1287,0.16324809556446168
1288,0.16324809156929007
1289,0.16324808757922019
1290,0.16324808359424278
1291,0.16324807961434776
1292,0.16324807563952604
1293,0.16324807166976754
1294,0.16324806770506275
1295,0.16324806374540196
1296,0.16324805979077595
1297,0.16324805584117508
1298,0.16324805189658956
1299,0.16324804795701026
1300,0.16324804402242757
1301,0.1632480400928321
1302,0.16324803616821446
1303,0.163248032248565
1304,0.16324802833387486
1305,0.16324802442413425
1306,0.16324802051933396
1307,0.16324801661946506
1308,0.16324801272451764
1309,0.16324800883448284
1310,0.16324800494935154
1311,0.1632480010691144
1312,0.16324799719376204
1313,0.16324799332328566
1314,0.16324798945767588
1315,0.16324798559692377
1316,0.16324798174101998
1317,0.1632479778899557
1318,0.1632479740437219
1319,0.16324797020230924
1320,0.16324796636570918
1321,0.16324796253391238
1322,0.16324795870691
1323,0.16324795488469326
1324,0.1632479510672528
1325,0.16324794725458036
1326,0.16324794344666657
1327,0.16324793964350298
1328,0.16324793584508038
1329,0.16324793205139024
1330,0.16324792826242376
1331,0.16324792447817213
1332,0.1632479206986264
1333,0.16324791692377835
1334,0.16324791315361892
1335,0.16324790938813938
1336,0.1632479056273314
1337,0.16324790187118607
1338,0.16324789811969503
1339,0.1632478943728494
1340,0.16324789063064093
1341,0.16324788689306083
1342,0.16324788316010075
1343,0.16324787943175217
1344,0.16324787570800642
1345,0.16324787198885513
1346,0.16324786827428997
1347,0.1632478645643024
1348,0.16324786085888415
1349,0.16324785715802662
1350,0.1632478534617217
1351,0.16324784976996104
1352,0.16324784608273604
1353,0.16324784240003867
1354,0.1632478387218607
1355,0.16324783504819354
1356,0.16324783137902912
1357,0.16324782771435964
1358,0.16324782405417607
1359,0.16324782039847094
1360,0.1632478167472357
1361,0.1632478131004625
1362,0.1632478094581431
1363,0.16324780582026932
1364,0.16324780218683313
1365,0.16324779855782645
1366,0.16324779493324135
1367,0.16324779131306974
1368,0.1632477876973035
1369,0.16324778408593477
1370,0.16324778047895563
1371,0.16324777687635805
1372,0.1632477732781341
1373,0.16324776968427598
1374,0.16324776609477565
1375,0.1632477625096255
1376,0.16324775892881727
1377,0.16324775535234362
1378,0.1632477517801963
1379,0.16324774821236784
1380,0.16324774464885006
1381,0.1632477410896357
1382,0.16324773753471675
1383,0.16324773398408554
1384,0.1632477304377344
1385,0.16324772689565556
1386,0.16324772335784152
1387,0.16324771982428446
1388,0.16324771629497675
1389,0.16324771276991082
1390,0.16324770924907905
1391,0.1632477057324742
1392,0.1632477022200883
1393,0.16324769871191383
1394,0.1632476952079436
1395,0.1632476917081698
1396,0.16324768821258515
1397,0.16324768472118192
1398,0.16324768123395295
1399,0.16324767775089052
1400,0.16324767427198775
1401,0.1632476707972365
1402,0.16324766732662988
1403,0.16324766386016046
1404,0.16324766039782085
1405,0.16324765693960375
1406,0.1632476534855018
1407,0.16324765003550762
1408,0.16324764658961427
1409,0.16324764314781412
1410,0.16324763971010015
1411,0.16324763627646505
1412,0.16324763284690166
1413,0.16324762942140264
1414,0.16324762599996115
1415,0.16324762258256972
1416,0.16324761916922126
1417,0.16324761575990898
1418,0.1632476123546251
1419,0.1632476089533632
1420,0.16324760555611592
1421,0.16324760216287612
1422,0.1632475987736369
1423,0.1632475953883912
1424,0.16324759200713207
1425,0.1632475886298524
1426,0.16324758525654529
1427,0.16324758188720384
1428,0.16324757852182095
1429,0.16324757516038976
1430,0.1632475718029034
1431,0.16324756844935498
1432,0.16324756509973753
1433,0.16324756175404445
1434,0.16324755841226857
1435,0.16324755507440322
1436,0.16324755174044153
1437,0.1632475484103768
1438,0.1632475450842021
1439,0.16324754176191078
1440,0.16324753844349596
1441,0.16324753512895124
1442,0.1632475318182694
1443,0.16324752851144392
1444,0.16324752520846839
1445,0.16324752190933592
1446,0.16324751861403972
1447,0.16324751532257337
1448,0.16324751203493026
1449,0.1632475087511035
1450,0.16324750547108666
1451,0.16324750219487333
1452,0.16324749892245655
1453,0.16324749565383018
1454,0.16324749238898736
1455,0.16324748912792175
1456,0.16324748587062682
1457,0.163247482617096
1458,0.16324747936732295
1459,0.1632474761213011
1460,0.163247472879024
1461,0.16324746964048506
1462,0.16324746640567833
1463,0.1632474631745969
1464,0.1632474599472347
1465,0.16324745672358537
1466,0.16324745350364211
1467,0.16324745028739915
1468,0.16324744707484987
1469,0.16324744386598788
1470,0.16324744066080704
1471,0.16324743745930093
1472,0.1632474342614635
1473,0.16324743106728826
1474,0.16324742787676885
1475,0.16324742468989967
1476,0.16324742150667376
1477,0.16324741832708511
1478,0.16324741515112773
1479,0.16324741197879544
1480,0.16324740881008193
1481,0.16324740564498122
1482,0.16324740248348707
1483,0.16324739932559312
1484,0.1632473961712937
1485,0.16324739302058247
1486,0.16324738987345347
1487,0.16324738672990047
1488,0.16324738358991747
1489,0.1632473804534986
1490,0.16324737732063757
1491,0.16324737419132868
1492,0.16324737106556556
1493,0.16324736794334258
1494,0.16324736482465343
1495,0.16324736170949256
1496,0.16324735859785355
1497,0.1632473554897309
1498,0.16324735238511848
1499,0.16324734928401055
1500,0.1632473461864009
1501,0.16324734309228406
1502,0.1632473400016536
1503,0.1632473369145044
1504,0.16324733383082984
1505,0.16324733075062478
1506,0.16324732767388314
1507,0.1632473246005988
1508,0.1632473215307665
1509,0.16324731846438015
1510,0.16324731540143414
1511,0.16324731234192255
1512,0.1632473092858399
1513,0.16324730623318034
1514,0.16324730318393796
1515,0.16324730013810732
1516,0.16324729709568264
1517,0.16324729405665822
1518,0.16324729102102845
1519,0.16324728798878776
1520,0.1632472849599304
1521,0.16324728193445076
1522,0.16324727891234317
1523,0.16324727589360213
1524,0.1632472728782221
1525,0.16324726986619734
1526,0.16324726685752244
1527,0.1632472638521919
1528,0.1632472608501998
1529,0.16324725785154118
1530,0.1632472548562102
1531,0.16324725186420122
1532,0.16324724887550898
1533,0.16324724589012815
1534,0.16324724290805304
1535,0.16324723992927806
1536,0.16324723695379817
1537,0.1632472339816074
1538,0.16324723101270094
1539,0.16324722804707295
1540,0.16324722508471823
1541,0.1632472221256313
1542,0.16324721916980692
1543,0.16324721621723962
1544,0.1632472132679241
1545,0.16324721032185485
1546,0.16324720737902693
1547,0.16324720443943472
1548,0.1632472015030728
1549,0.1632471985699365
1550,0.16324719564001994
1551,0.16324719271331797
1552,0.16324718978982547
1553,0.16324718686953704
1554,0.1632471839524478
1555,0.16324718103855215
1556,0.163247178127845
1557,0.16324717522032128
1558,0.16324717231597555
1559,0.16324716941480277
1560,0.16324716651679785
1561,0.16324716362195552
1562,0.16324716073027068
1563,0.1632471578417383
1564,0.16324715495635309
1565,0.16324715207411003
1566,0.1632471491950041
1567,0.16324714631903012
1568,0.16324714344618288
1569,0.16324714057645764
1570,0.16324713770984917
1571,0.16324713484635234
1572,0.16324713198596227
1573,0.16324712912867367
1574,0.16324712627448193
1575,0.16324712342338196
1576,0.16324712057536833
1577,0.1632471177304366
1578,0.16324711488858157
1579,0.16324711204979833
1580,0.16324710921408186
1581,0.16324710638142756
1582,0.16324710355182986
1583,0.16324710072528428
1584,0.16324709790178607
1585,0.16324709508133006
1586,0.16324709226391118
1587,0.16324708944952526
1588,0.16324708663816645
1589,0.16324708382983072
1590,0.16324708102451288
1591,0.16324707822220816
1592,0.1632470754229118
1593,0.16324707262661886
1594,0.16324706983332465
1595,0.16324706704302427
1596,0.16324706425571295
1597,0.163247061471386
1598,0.16324705869003867
1599,0.16324705591166624
1600,0.16324705313626398
1601,0.16324705036382672
1602,0.16324704759435052
1603,0.1632470448278301
1604,0.1632470420642607
1605,0.16324703930363807
1606,0.16324703654595732
1607,0.16324703379121372
1608,0.16324703103940266
1609,0.1632470282905195
1610,0.16324702554455942
1611,0.16324702280151823
1612,0.16324702006139075
1613,0.1632470173241727
1614,0.16324701458985955
1615,0.1632470118584466
1616,0.16324700912992918
1617,0.16324700640430284
1618,0.16324700368156297
1619,0.16324700096170486
1620,0.16324699824472427
1621,0.16324699553061642
1622,0.163246992819377
1623,0.16324699011100133
1624,0.16324698740548488
1625,0.1632469847028232
1626,0.16324698200301194
1627,0.16324697930604648
1628,0.16324697661192236
1629,0.16324697392063509
1630,0.16324697123218032
1631,0.16324696854655352
1632,0.1632469658637503
1633,0.16324696318376616
1634,0.16324696050659684
1635,0.163246957832238
1636,0.16324695516068466
1637,0.16324695249193324
1638,0.16324694982597893
1639,0.16324694716281743
1640,0.16324694450244417
1641,0.16324694184485536
1642,0.16324693919004607
1643,0.1632469365380123
1644,0.1632469338887496
1645,0.1632469312422537
1646,0.16324692859852025
1647,0.16324692595754509
1648,0.16324692331932358
1649,0.1632469206838519
1650,0.16324691805112565
1651,0.16324691542114034
1652,0.1632469127938919
1653,0.16324691016937615
1654,0.16324690754758872
1655,0.16324690492852537
1656,0.16324690231218195
1657,0.16324689969855413
1658,0.1632468970876381
1659,0.16324689447942925
1660,0.16324689187392358
1661,0.16324688927111689
1662,0.163246886671005
1663,0.16324688407358362
1664,0.16324688147884883
1665,0.16324687888679631
1666,0.16324687629742216
1667,0.163246873710722
1668,0.163246871126692
1669,0.16324686854532774
1670,0.16324686596662522
1671,0.16324686339058053
1672,0.16324686081718934
1673,0.16324685824644783
1674,0.16324685567835162
1675,0.16324685311289697
1676,0.16324685055007954
1677,0.16324684798989564
1678,0.16324684543234091
1679,0.16324684287741142
1680,0.1632468403251033
1681,0.16324683777541252
1682,0.16324683522833486
1683,0.16324683268386656
1684,0.16324683014200356
1685,0.16324682760274162
1686,0.16324682506607724
1687,0.16324682253200623
1688,0.16324682000052468
1689,0.1632468174716285
1690,0.16324681494531393
1691,0.16324681242157713
1692,0.16324680990041396
1693,0.16324680738182054
1694,0.16324680486579302
1695,0.16324680235232755
1696,0.16324679984142013
1697,0.16324679733306707
1698,0.1632467948272643
1699,0.16324679232400813
1700,0.16324678982329452
1701,0.16324678732511966
1702,0.16324678482947982
1703,0.16324678233637113
1704,0.16324677984578984
1705,0.16324677735773188
1706,0.16324677487219363
1707,0.1632467723891712
1708,0.16324676990866102
1709,0.16324676743065902
1710,0.16324676495516138
1711,0.1632467624821648
1712,0.16324676001166505
1713,0.16324675754365864
1714,0.16324675507814157
1715,0.16324675261511015
1716,0.16324675015456092
1717,0.16324674769648986
1718,0.16324674524089325
1719,0.16324674278776763
1720,0.16324674033710918
1721,0.16324673788891395
1722,0.16324673544317866
1723,0.1632467329998993
1724,0.16324673055907254
1725,0.1632467281206944
1726,0.1632467256847613
1727,0.16324672325126957
1728,0.1632467208202157
1729,0.163246718391596
1730,0.1632467159654065
1731,0.16324671354164413
1732,0.16324671112030487
1733,0.1632467087013854
1734,0.16324670628488205
1735,0.1632467038707908
1736,0.16324670145910863
1737,0.16324669904983174
1738,0.16324669664295657
1739,0.1632466942384794
1740,0.16324669183639684
1741,0.16324668943670534
1742,0.16324668703940126
1743,0.16324668464448125
1744,0.16324668225194158
1745,0.16324667986177865
1746,0.16324667747398927
1747,0.16324667508856955
1748,0.16324667270551632
1749,0.1632466703248259
1750,0.1632466679464948
1751,0.16324666557051942
1752,0.16324666319689662
1753,0.1632466608256228
1754,0.16324665845669425
1755,0.16324665609010786
1756,0.16324665372585992
1757,0.163246651363947
1758,0.16324664900436578
1759,0.16324664664711294
1760,0.16324664429218488
1761,0.16324664193957814
1762,0.16324663958928942
1763,0.1632466372413153
1764,0.16324663489565225
1765,0.16324663255229713
1766,0.16324663021124644
1767,0.16324662787249672
1768,0.16324662553604463
1769,0.16324662320188696
1770,0.16324662087002018
1771,0.16324661854044098
1772,0.16324661621314607
1773,0.16324661388813197
1774,0.16324661156539555
1775,0.16324660924493334
1776,0.16324660692674223
1777,0.16324660461081852
1778,0.16324660229715923
1779,0.16324659998576097
1780,0.16324659767662045
1781,0.1632465953697344
1782,0.1632465930650994
1783,0.16324659076271225
1784,0.1632465884625698
1785,0.1632465861646688
1786,0.16324658386900598
1787,0.16324658157557775
1788,0.1632465792843813
1789,0.16324657699541328
1790,0.1632465747086704
1791,0.1632465724241493
1792,0.1632465701418469
1793,0.16324656786176006
1794,0.1632465655838857
1795,0.16324656330822027
1796,0.16324656103476065
1797,0.16324655876350397
1798,0.16324655649444672
1799,0.16324655422758577
1800,0.16324655196291796
1801,0.16324654970044042
1802,0.16324654744014966
1803,0.1632465451820425
1804,0.16324654292611607
1805,0.16324654067236705
1806,0.1632465384207923
1807,0.1632465361713887
1808,0.16324653392415328
1809,0.1632465316790827
1810,0.16324652943617407
1811,0.16324652719542404
1812,0.1632465249568297
1813,0.16324652272038795
1814,0.16324652048609575
1815,0.16324651825394978
1816,0.1632465160239473
1817,0.16324651379608493
1818,0.16324651157035974
1819,0.16324650934676885
1820,0.16324650712530886
1821,0.16324650490597703
1822,0.1632465026887701
1823,0.16324650047368536
1824,0.16324649826071924
1825,0.1632464960498692
1826,0.16324649384113216
1827,0.16324649163450491
1828,0.16324648942998457
1829,0.16324648722756815
1830,0.16324648502725256
1831,0.16324648282903498
1832,0.1632464806329122
1833,0.16324647843888163
1834,0.16324647624693994
1835,0.16324647405708428
1836,0.16324647186931146
1837,0.16324646968361903
1838,0.16324646750000366
1839,0.16324646531846257
1840,0.16324646313899266
