1,0.18478262666681342
2,0.17983431995449897
3,0.17985176327405997
4,0.17984899597502924
5,0.17984619552895614
6,0.17984341209636198
7,0.17984064575136885
8,0.1798378964471832
9,0.17983516413523556
10,0.17983244876550222
11,0.17982975028654427
12,0.1798270686455462
13,0.17982440378835385
14,0.17982175565950942
15,0.17981912420229224
16,0.17981650935875182
17,0.17981391106974734
18,0.17981132927498075
19,0.179808763913035
20,0.17980621492140697
21,0.17980368223654394
22,0.1798011657938774
23,0.17979866552785648
24,0.1797961813719824
25,0.17979371325884125
26,0.17979126112013663
27,0.179788824886722
28,0.17978640448863295
29,0.1797839998551174
30,0.1797816109146678
31,0.17977923759505082
32,0.1797768798233382
33,0.1797745375259349
34,0.17977221062860937
35,0.17976989905652224
36,0.1797676027342533
37,0.1797653215858302
38,0.17976305553475538
39,0.17976080450403292
40,0.17975856841619425
41,0.1797563471933248
42,0.17975414075708834
43,0.17975194902875286
44,0.17974977192921443
45,0.17974760937902043
46,0.1797454612983942
47,0.1797433276072571
48,0.1797412082252523
49,0.17973910307176458
50,0.17973701206594409
51,0.1797349351267267
52,0.17973287217285458
53,0.1797308231228959
54,0.1797287878952657
55,0.17972676640824528
56,0.17972475857999964
57,0.17972276432859757
58,0.17972078357202848
59,0.17971881622822125
60,0.17971686221506034
61,0.17971492145040321
62,0.17971299385209588
63,0.17971107933799055
64,0.17970917782595935
65,0.17970728923391036
66,0.17970541347980282
67,0.17970355048165984
68,0.17970170015758496
69,0.17969986242577368
70,0.17969803720452684
71,0.17969622441226482
72,0.1796944239675394
73,0.17969263578904518
74,0.17969085979563224
75,0.17968909590631768
76,0.17968734404029651
77,0.17968560411695217
78,0.17968387605586708
79,0.17968215977683327
80,0.17968045519986162
81,0.17967876224519197
82,0.17967708083330122
83,0.17967541088491432
84,0.17967375232100977
85,0.1796721050628314
86,0.17967046903189338
87,0.1796688441499898
88,0.17966723033920212
89,0.1796656275219047
90,0.17966403562077365
91,0.17966245455879293
92,0.17966088425925963
93,0.17965932464579243
94,0.179657775642335
95,0.17965623717316348
96,0.17965470916289109
97,0.17965319153647402
98,0.179651684219215
99,0.17965018713677028
100,0.17964870021515228
101,0.17964722338073508
102,0.17964575656025739
103,0.17964429968082798
104,0.17964285266992858
105,0.17964141545541756
106,0.1796399879655328
107,0.17963857012889609
108,0.17963716187451534
109,0.17963576313178667
110,0.17963437383049985
111,0.17963299390083654
112,0.17963162327337634
113,0.17963026187909797
114,0.1796289096493799
115,0.17962756651600367
116,0.1796262324111555
117,0.17962490726742755
118,0.1796235910178192
119,0.17962228359573892
120,0.17962098493500486
121,0.1796196949698467
122,0.17961841363490502
123,0.1796171408652348
124,0.17961587659630343
125,0.17961462076399248
126,0.17961337330459853
127,0.17961213415483274
128,0.1796109032518213
129,0.1796096805331063
130,0.17960846593664515
131,0.17960725940081035
132,0.1796060608643899
133,0.17960487026658653
134,0.1796036875470188
135,0.1796025126457179
136,0.17960134550313092
137,0.17960018606011668
138,0.17959903425794788
139,0.17959789003830834
140,0.1795967533432943
141,0.17959562411541127
142,0.17959450229757554
143,0.1795933878331108
144,0.17959228066574903
145,0.1795911807396286
146,0.17959008799929316
147,0.17958900238969003
148,0.17958792385617103
149,0.17958685234448724
150,0.17958578780079143
151,0.17958473017163487
152,0.17958367940396616
153,0.17958263544512945
154,0.17958159824286374
155,0.1795805677453003
156,0.17957954390096176
157,0.1795785266587602
158,0.1795775159679953
159,0.179576511778353
160,0.17957551403990318
161,0.1795745227030984
162,0.17957353771877213
163,0.1795725590381361
164,0.17957158661277914
165,0.1795706203946654
166,0.17956966033613173
167,0.17956870638988648
168,0.17956775850900686
169,0.17956681664693736
170,0.17956588075748775
171,0.17956495079483062
172,0.17956402671349936
173,0.1795631084683874
174,0.1795621960147444
175,0.17956128930817475
176,0.17956038830463544
177,0.1795594929604345
178,0.17955860323222825
179,0.17955771907701903
180,0.17955684045215378
181,0.17955596731532056
182,0.17955509962454833
183,0.17955423733820297
184,0.17955338041498606
185,0.1795525288139323
186,0.17955168249440714
187,0.1795508414161057
188,0.17955000553904898
189,0.17954917482358226
190,0.17954834923037416
191,0.17954752872041208
192,0.17954671325500163
193,0.17954590279576424
194,0.17954509730463414
195,0.17954429674385772
196,0.17954350107598896
197,0.1795427102638897
198,0.1795419242707255
199,0.17954114305996483
200,0.17954036659537553
201,0.17953959484102425
202,0.1795388277612727
203,0.17953806532077607
204,0.17953730748448127
205,0.17953655421762402
206,0.17953580548572728
207,0.17953506125459887
208,0.17953432149032852
209,0.1795335861592876
210,0.17953285522812443
211,0.1795321286637647
212,0.17953140643340765
213,0.17953068850452447
214,0.17952997484485575
215,0.17952926542241068
216,0.1795285602054634
217,0.1795278591625509
218,0.17952716226247328
219,0.17952646947428855
220,0.17952578076731215
221,0.17952509611111545
222,0.17952441547552214
223,0.17952373883060727
224,0.17952306614669508
225,0.17952239739435727
226,0.17952173254440948
227,0.1795210715679116
228,0.17952041443616373
229,0.17951976112070575
230,0.17951911159331407
231,0.1795184658260006
232,0.1795178237910104
233,0.17951718546081968
234,0.17951655080813447
235,0.1795159198058882
236,0.17951529242723926
237,0.17951466864557028
238,0.17951404843448598
239,0.17951343176780996
240,0.17951281861958532
241,0.17951220896407075
242,0.17951160277573888
243,0.17951100002927597
244,0.17951040069957838
245,0.1795098047617519
246,0.17950921219110963
247,0.1795086229631699
248,0.17950803705365487
249,0.179507454438489
250,0.1795068750937963
251,0.17950629899590048
252,0.17950572612132115
253,0.17950515644677342
254,0.17950458994916613
255,0.1795040266055997
256,0.1795034663933644
257,0.17950290928994012
258,0.17950235527299205
259,0.17950180432037227
260,0.17950125641011547
261,0.17950071152043864
262,0.17950016962973991
263,0.17949963071659503
264,0.1794990947597585
265,0.17949856173816012
266,0.17949803163090355
267,0.17949750441726586
268,0.17949698007669518
269,0.17949645858880936
270,0.17949593993339452
271,0.1794954240904035
272,0.17949491103995466
273,0.17949440076233072
274,0.1794938932379753
275,0.17949338844749504
276,0.17949288637165495
277,0.1794923869913786
278,0.1794918902877464
279,0.17949139624199384
280,0.17949090483551114
281,0.1794904160498408
282,0.1794899298666771
283,0.17948944626786378
284,0.1794889652353934
285,0.17948848675140652
286,0.17948801079818943
287,0.1794875373581726
288,0.17948706641393078
289,0.17948659794818148
290,0.1794861319437819
291,0.17948566838372926
292,0.17948520725116082
293,0.1794847485293492
294,0.17948429220170437
295,0.17948383825177003
296,0.17948338666322486
297,0.179482937419879
298,0.17948249050567472
299,0.1794820459046839
300,0.17948160360110763
301,0.17948116357927463
302,0.17948072582364072
303,0.1794802903187872
304,0.1794798570494197
305,0.1794794260003674
306,0.17947899715658183
307,0.17947857050313573
308,0.17947814602522147
309,0.17947772370815157
310,0.1794773035373555
311,0.17947688549838034
312,0.17947646957688923
313,0.17947605575865905
314,0.17947564402958235
315,0.17947523437566326
316,0.17947482678301804
317,0.17947442123787472
318,0.17947401772656957
