1,0.20454804321260295
2,0.189216752327616
3,0.18599270532269196
4,0.18064981786967416
5,0.18021037325993744
6,0.1798078354174394
7,0.1794376219407483
8,0.1790964564188415
9,0.17878105653863502
10,0.17848828751729415
11,0.17821525246213643
12,0.17795933537492
13,0.17771821276710165
14,0.17748984599458217
15,0.17727246285392603
16,0.17706453411719314
17,0.17686474856647397
18,0.17667198861594227
19,0.17648530763090878
20,0.17630390943123694
21,0.1761271300890347
22,0.17595442191513333
23,0.17578533941761593
24,0.17561952696946112
25,0.17545670791564072
26,0.175296674866327
27,0.17513928095191278
28,0.17498443185083817
29,0.17483207843871135
30,0.17468220994423483
31,0.1745348475322312
32,0.17439003826529262
33,0.17424784942231514
34,0.17410836317371647
35,0.17397167162907448
36,0.17383787228310343
37,0.17370706389049476
38,0.17357934279965068
39,0.17345479977046233
40,0.17333351729299892
41,0.17321556741335825
42,0.1731010100611005
43,0.17298989186073999
44,0.17288224539862748
45,0.17277808890697674
46,0.17267742631928382
47,0.17258024764626306
48,0.1724865296186982
49,0.17239623654321487
50,0.17230932131859208
51,0.17222572656352722
52,0.17214538581132127
53,0.17206822473233857
54,0.17199416235094445
55,0.17192311222958107
56,0.17185498359842777
57,0.17178968241450543
58,0.1717271123389753
59,0.17166717562564893
60,0.1716097739173564
61,0.17155480894979838
62,0.1715021831648665
63,0.1714518002372228
64,0.17140356551922548
65,0.17135738641016698
66,0.17131317265630688
67,0.1712708365884064
68,0.17123029330347042
69,0.17119146079722533
70,0.17115426005356332
71,0.17111861509678644
72,0.17108445301204475
73,0.17105170393889074
74,0.17102030104238958
75,0.1709901804657524
76,0.17096128126800192
77,0.170933545349755
78,0.1709069173697987
79,0.17088134465478014
80,0.17085677710398606
81,0.17083316709090163
82,0.17081046936295857
83,0.17078864094065904
84,0.17076764101705194
85,0.1707474308583483
86,0.17072797370632561
87,0.17070923468302143
88,0.17069118069810696
89,0.17067378035923467
90,0.17065700388557462
91,0.17064082302467623
92,0.17062521097274366
93,0.17061014229836563
94,0.17059559286969112
95,0.17058153978502524
96,0.17056796130678617
97,0.17055483679874478
98,0.17054214666645628
99,0.17052987230077973
100,0.17051799602437734
101,0.17050650104106932
102,0.1704953713879348
103,0.17048459189002613
104,0.1704741481175836
105,0.17046402634562668
106,0.17045421351580267
107,0.17044469720037814
108,0.17043546556826183
109,0.17042650735295065
110,0.17041781182229102
111,0.1704093687499597
112,0.1704011683885653
113,0.17039320144427988
114,0.1703854590529157
115,0.1703779327573577
116,0.17037061448628263
117,0.1703634965340819
118,0.1703565715419214
119,0.1703498324798736
120,0.17034327263005541
121,0.17033688557071278
122,0.17033066516120007
123,0.17032460552779732
124,0.17031870105031732
125,0.1703129463494562
126,0.17030733627484435
127,0.17030186589375335
128,0.17029653048042404
129,0.17029132550597761
130,0.17028624662887334
131,0.17028128968588596
132,0.17027645068356673
133,0.1702717257901637
134,0.170267111327974
135,0.17026260376610058
136,0.17025819971359377
137,0.1702538959129523
138,0.170249689233966
139,0.17024557666787687
140,0.17024155532184462
141,0.17023762241369714
142,0.17023377526694763
143,0.17023001130607046
144,0.17022632805201046
145,0.1702227231179252
146,0.1702191942051355
147,0.17021573909928117
148,0.170212355666666
149,0.1702090418507834
150,0.17020579566901284
151,0.17020261520947685
152,0.1701994986280517
153,0.17019644414552046
154,0.17019345004486383
155,0.17019051466868118
156,0.17018763641673137
157,0.17018481374359168
158,0.1701820451564264
159,0.1701793292128577
160,0.170176664518938
161,0.1701740497272132
162,0.17017148353487685
163,0.17016896468200696
164,0.17016649194988365
165,0.17016406415938268
166,0.17016168016943925
167,0.1701593388755843
168,0.17015703920854017
169,0.17015478013288401
170,0.17015256064576403
171,0.17015037977567732
172,0.17014823658129613
173,0.17014613015034696
174,0.17014405959853748
175,0.17014202406852902
176,0.17014002272895237
177,0.17013805477346497
178,0.17013611941984885
179,0.17013421590914465
180,0.17013234350482237
181,0.17013050149198536
182,0.17012868917660962
183,0.1701269058848101
184,0.17012515096214015
185,0.17012342377291778
186,0.17012172369957898
187,0.17012005014205728
188,0.1701184025171875
189,0.17011678025813323
190,0.17011518281383672
191,0.17011360964849112
192,0.17011206024103162
193,0.1701105340846474
194,0.17010903068631233
195,0.17010754956633262
196,0.17010609025791315
197,0.1701046523067394
198,0.17010323527057475
199,0.17010183871887355
200,0.1701004622324089
201,0.17009910540291306
202,0.17009776783273153
203,0.17009644913449065
204,0.1700951489307772
205,0.17009386685382727
206,0.17009260254523126
207,0.1700913556556437
208,0.17009012584450736
209,0.17008891277978683
210,0.1700877161377094
211,0.1700865356025179
212,0.17008537086622938
213,0.17008422162840456
214,0.1700830875959241
215,0.1700819684827725
216,0.17008086400983016
217,0.17007977390467235
218,0.17007869790137417
219,0.17007763574032303
220,0.17007658716803684
221,0.1700755519369902
222,0.17007452980544294
223,0.1700735205372771
224,0.1700725239018388
225,0.17007153967378424
226,0.17007056763293257
227,0.17006960756412046
228,0.17006865925706652
229,0.17006772250623386
230,0.1700667971107021
231,0.17006588287404123
232,0.17006497960418962
233,0.17006408711333565
234,0.17006320521780505
235,0.1700623337379486
236,0.1700614724980359
237,0.17006062132615196
238,0.1700597800540948
239,0.17005894851728073
240,0.17005812655464747
241,0.17005731400856328
242,0.17005651072473954
243,0.17005571655214274
244,0.17005493134291103
245,0.17005415495227527
246,0.17005338723847832
247,0.17005262806269897
248,0.17005187728897983
249,0.17005113478415335
250,0.17005040041777386
251,0.17004967406204785
252,0.17004895559177055
253,0.17004824488426112
254,0.17004754181930012
255,0.1700468462790713
256,0.17004615814810048
257,0.17004547731320105
258,0.17004480366341815
259,0.17004413708997418
260,0.17004347748621815
261,0.17004282474757476
262,0.17004217877149405
263,0.17004153945740444
264,0.1700409067066672
265,0.17004028042252903
266,0.17003966051008007
267,0.1700390468762099
268,0.17003843942956684
269,0.17003783808051637
270,0.1700372427411029
271,0.1700366533250108
272,0.17003606974752736
273,0.17003549192550604
274,0.17003491977733146
275,0.1700343532228859
276,0.17003379218351375
277,0.1700332365819908
278,0.17003268634249188
279,0.17003214139055914
280,0.17003160165307346
281,0.1700310670582235
282,0.17003053753547864
283,0.1700300130155597
284,0.17002949343041304
285,0.17002897871318323
286,0.17002846879818798
287,0.17002796362089187
288,0.17002746311788378
289,0.17002696722685062
290,0.17002647588655667
291,0.17002598903681818
292,0.17002550661848323
293,0.1700250285734102
294,0.17002455484444448
295,0.1700240853754005
296,0.17002362011104055
297,0.17002315899705508
298,0.170022701980044
299,0.17002224900749824
300,0.17002180002778083
301,0.17002135499010965
302,0.1700209138445407
303,0.17002047654195032
304,0.17002004303401863
305,0.17001961327321458
306,0.17001918721277864
307,0.17001876480670872
308,0.1700183460097449
309,0.17001793077735472
310,0.170017519065718
311,0.17001711083171417
312,0.17001670603290847
313,0.1700163046275377
314,0.17001590657449814
315,0.1700155118333318
316,0.1700151203642158
317,0.17001473212794777
318,0.17001434708593588
319,0.17001396520018633
320,0.1700135864332928
321,0.17001321074842388
322,0.17001283810931386
323,0.17001246848025092
324,0.1700121018260675
325,0.17001173811212997
326,0.17001137730432808
327,0.17001101936906668
328,0.17001066427325418
329,0.17001031198429523
330,0.17000996247008082
331,0.1700096156989787
332,0.17000927163982607
333,0.17000893026192015
334,0.1700085915350101
335,0.17000825542928877
336,0.17000792191538447
337,0.17000759096435408
338,0.17000726254767476
339,0.1700069366372361
340,0.1700066132053332
341,0.17000629222466004
342,0.17000597366830117
343,0.1700056575097269
344,0.17000534372278384
345,0.17000503228169017
346,0.1700047231610292
347,0.17000441633574206
348,0.1700041117811226
349,0.1700038094728101
350,0.1700035093867844
351,0.17000321149935935
352,0.17000291578717805
353,0.17000262222720589
354,0.17000233079672578
355,0.17000204147333337
356,0.17000175423493105
357,0.17000146905972283
358,0.17000118592620916
359,0.1700009048131829
360,0.17000062569972296
361,0.1700003485651911
362,0.1700000733892259
363,0.16999980015173963
364,0.16999952883291172
365,0.1699992594131869
366,0.1699989918732688
367,0.1699987261941167
368,0.16999846235694105
369,0.1699982003431994
370,0.16999794013459327
371,0.16999768171306257
372,0.16999742506078272
373,0.16999717016016164
374,0.16999691699383473
375,0.16999666554466145
376,0.16999641579572258
377,0.16999616773031578
378,0.16999592133195335
379,0.16999567658435727
380,0.16999543347145693
381,0.16999519197738622
382,0.1699949520864791
383,0.16999471378326786
384,0.16999447705247892
385,0.16999424187903056
386,0.16999400824803004
387,0.16999377614476918
388,0.1699935455547243
389,0.1699933164635505
390,0.1699930888570812
391,0.16999286272132363
392,0.1699926380424581
393,0.1699924148068334
394,0.16999219300096544
395,0.16999197261153515
396,0.16999175362538438
397,0.1699915360295151
398,0.16999131981108634
399,0.16999110495741152
400,0.16999089145595686
401,0.16999067929433903
402,0.16999046846032215
403,0.169990258941817
404,0.16999005072687662
405,0.16998984380369755
406,0.16998963816061452
407,0.16998943378610015
408,0.16998923066876284
409,0.16998902879734393
410,0.16998882816071686
411,0.16998862874788503
412,0.16998843054797957
413,0.16998823355025647
414,0.16998803774409815
415,0.16998784311900797
416,0.1699876496646107
417,0.16998745737064955
418,0.16998726622698557
419,0.16998707622359555
420,0.1699868873505706
421,0.16998669959811316
422,0.1699865129565379
423,0.169986327416268
424,0.16998614296783515
425,0.16998595960187687
426,0.16998577730913614
427,0.16998559608045868
428,0.16998541590679253
429,0.16998523677918667
430,0.169985058688789
431,0.16998488162684536
432,0.1699847055846979
433,0.16998453055378465
434,0.16998435652563687
435,0.16998418349187927
436,0.16998401144422726
437,0.1699838403744871
438,0.16998367027455324
439,0.16998350113640898
440,0.1699833329521235
441,0.16998316571385177
442,0.1699829994138332
443,0.16998283404438996
444,0.16998266959792707
445,0.16998250606692986
446,0.16998234344396448
447,0.16998218172167526
448,0.16998202089278447
449,0.1699818609500923
450,0.16998170188647324
451,0.16998154369487814
452,0.1699813863683312
