1,0.35486390423733377
2,0.18591031530655136
3,0.18584689199201668
4,0.18581301048951532
5,0.18578115580937427
6,0.18575118946938532
7,0.18572300075809556
8,0.18569648244611447
9,0.1856715313760852
10,0.18564804889663106
11,0.18562594114399578
12,0.18560511919688083
13,0.18558549912792086
14,0.18556700197272816
15,0.18554955363480974
16,0.1855330847420254
17,0.1855175304677765
18,0.18550283032784592
19,0.18548892796176822
20,0.18547577090585457
21,0.18546331036346378
22,0.18545150097684487
23,0.1854403006037976
24,0.18542967010153633
25,0.18541957311942747
26,0.18540997590170288
27,0.18540084710081337
28,0.18539215760172895
29,0.18538388035723363
30,0.18537599023406123
31,0.18536846386957087
32,0.18536127953856432
33,0.1853544170297682
34,0.18534785753147442
35,0.18534158352579658
36,0.18533557869100478
37,0.18532982781139706
38,0.18532431669418614
39,0.1853190320928893
40,0.18531396163674768
41,0.18530909376570842
42,0.1853044176705435
43,0.1852999232377023
44,0.18529560099851977
45,0.18529144208243176
46,0.1852874381738716
47,0.18528358147255547
48,0.18527986465686938
49,0.1852762808501122
50,0.18527282358935954
51,0.18526948679672964
52,0.18526626475285912
53,0.1852631520724035
54,0.1852601436814001
55,0.18525723479634093
56,0.185254420904814
57,0.18525169774758987
58,0.18524906130203342
59,0.18524650776673654
60,0.18524403354727242
61,0.18524163524298387
62,0.18523930963472238
63,0.1852370536734623
64,0.18523486446972465
65,0.1852327392837448
66,0.18523067551632594
67,0.18522867070032836
68,0.18522672249274333
69,0.18522482866730897
70,0.18522298710762397
71,0.18522119580072877
72,0.18521945283110977
73,0.1852177563751028
74,0.18521610469566377
75,0.1852144961374797
76,0.18521292912239565
77,0.18521140214513393
78,0.18520991376928755
79,0.18520846262356433
80,0.1852070473982667
81,0.1852056668419924
82,0.18520431975853335
83,0.18520300500397024
84,0.1852017214839382
85,0.18520046815106087
86,0.18519924400253449
87,0.18519804807785736
88,0.1851968794566924
89,0.18519573725685282
90,0.18519462063240663
91,0.1851935287718892
92,0.18519246089661603
93,0.18519141625909388
94,0.18519039414151872
95,0.18518939385435934
96,0.18518841473501663
97,0.18518745614655902
98,0.18518651747652634
99,0.18518559813579608
100,0.18518469755751352
101,0.1851838151960775
102,0.18518295052617867
103,0.1851821030418911
104,0.18518127225580785
105,0.18518045769822394
106,0.18517965891635987
107,0.18517887547362508
108,0.1851781069489185
109,0.18517735293596552
110,0.18517661304268498
111,0.18517588689059197
112,0.1851751741142261
113,0.18517447436060858
114,0.1851737872887281
115,0.18517311256904828
116,0.18517244988304057
117,0.18517179892273894
118,0.1851711593903144
119,0.18517053099767247
120,0.18516991346606596
121,0.18516930652572747
122,0.18516870991551887
123,0.18516812338259644
124,0.18516754668209065
125,0.18516697957680112
126,0.18516642183690474
127,0.18516587323967842
128,0.18516533356923023
129,0.18516480261624668
130,0.1851642801777484
131,0.18516376605685747
132,0.18516326006257416
133,0.18516276200956344
134,0.1851622717179507
135,0.18516178901312644
136,0.18516131372555805
137,0.18516084569061053
138,0.18516038474837415
139,0.1851599307434997
140,0.18515948352503928
141,0.18515904294629507
142,0.18515860886467353
143,0.18515818114154473
144,0.18515775964210912
145,0.1851573442352685
146,0.18515693479350065
147,0.18515653119274175
148,0.18515613331227218
149,0.1851557410346052
150,0.18515535424538254
151,0.18515497283327217
152,0.1851545966898715
153,0.18515422570961132
154,0.18515385978966747
155,0.18515349882987225
156,0.18515314273263178
157,0.18515279140284419
158,0.18515244474782225
159,0.18515210267721896
160,0.18515176510295459
161,0.18515143193914774
162,0.18515110310204744
163,0.1851507785099699
164,0.18515045808323483
165,0.1851501417441061
166,0.1851498294167333
167,0.18514952102709606
168,0.1851492165029502
169,0.18514891577377476
170,0.18514861877072314
171,0.18514832542657264
172,0.18514803567567922
173,0.1851477494539316
174,0.18514746669870616
175,0.18514718734882693
176,0.18514691134452332
177,0.18514663862739025
178,0.18514636914035085
179,0.18514610282761867
180,0.18514583963466263
181,0.18514557950817198
182,0.18514532239602272
183,0.1851450682472462
184,0.1851448170119956
185,0.18514456864151846
186,0.18514432308812495
187,0.1851440803051605
188,0.18514384024697822
189,0.18514360286891174
190,0.18514336812725007
191,0.18514313597921195
192,0.18514290638292197
193,0.18514267929738648
194,0.18514245468247154
195,0.18514223249888023
196,0.18514201270813188
197,0.18514179527254
198,0.18514158015519422
199,0.1851413673199379
200,0.18514115673135223
201,0.1851409483547355
202,0.18514074215608578
203,0.18514053810208497
204,0.18514033616007966
205,0.18514013629806667
206,0.18513993848467644
207,0.18513974268915712
208,0.18513954888136053
209,0.18513935703172751
210,0.18513916711127323
211,0.18513897909157334
212,0.18513879294475186
213,0.18513860864346668
214,0.18513842616089807
215,0.1851382454707356
216,0.18513806654716694
217,0.18513788936486653
218,0.18513771389898268
219,0.1851375401251286
220,0.18513736801937064
221,0.18513719755821817
222,0.18513702871861273
223,0.1851368614779204
224,0.18513669581391937
225,0.18513653170479352
226,0.18513636912912043
227,0.18513620806586528
228,0.18513604849437057
229,0.1851358903943478
230,0.18513573374587108
231,0.18513557852936652
232,0.18513542472560698
233,0.18513527231570315
234,0.1851351212810965
235,0.1851349716035516
236,0.18513482326515154
237,0.18513467624828805
238,0.1851345305356561
239,0.18513438611024832
240,0.18513424295534783
241,0.18513410105452252
242,0.1851339603916182
243,0.18513382095075415
244,0.18513368271631628
245,0.1851335456729526
246,0.18513340980556653
247,0.18513327509931338
248,0.1851331415395933
249,0.1851330091120475
250,0.18513287780255366
251,0.18513274759721926
252,0.18513261848237983
253,0.18513249044459143
254,0.18513236347062786
255,0.18513223754747662
256,0.18513211266233345
257,0.18513198880259923
258,0.18513186595587516
259,0.18513174410995956
260,0.18513162325284355
261,0.18513150337270684
262,0.1851313844579159
263,0.18513126649701764
264,0.18513114947873865
265,0.1851310333919793
266,0.18513091822581237
267,0.18513080396947845
268,0.18513069061238369
269,0.18513057814409636
270,0.18513046655434293
271,0.1851303558330062
272,0.1851302459701225
273,0.1851301369558781
274,0.18513002878060592
275,0.1851299214347845
276,0.18512981490903385
277,0.18512970919411367
278,0.18512960428092023
279,0.1851295001604839
280,0.1851293968239677
281,0.18512929426266359
282,0.18512919246799017
283,0.1851290914314921
284,0.18512899114483536
285,0.18512889159980742
286,0.1851287927883135
287,0.18512869470237497
288,0.1851285973341271
289,0.18512850067581776
290,0.1851284047198049
291,0.18512830945855396
292,0.18512821488463746
293,0.18512812099073198
294,0.1851280277696166
295,0.18512793521417145
296,0.18512784331737595
297,0.18512775207230645
298,0.18512766147213564
299,0.18512757151012982
300,0.18512748217964806
301,0.18512739347413995
302,0.18512730538714461
303,0.18512721791228962
304,0.18512713104328846
305,0.1851270447739396
306,0.1851269590981249
307,0.18512687400980876
308,0.18512678950303604
309,0.18512670557193134
310,0.18512662221069703
311,0.1851265394136127
312,0.18512645717503345
313,0.1851263754893882
314,0.18512629435117986
315,0.1851262137549829
316,0.1851261336954426
317,0.18512605416727365
318,0.1851259751652599
319,0.18512589668425175
320,0.18512581871916717
321,0.18512574126498826
322,0.18512566431676195
323,0.1851255878695984
324,0.18512551191866955
325,0.18512543645920948
326,0.1851253614865119
327,0.18512528699593
328,0.18512521298287615
329,0.18512513944281825
330,0.18512506637128315
331,0.18512499376385239
332,0.18512492161616223
333,0.1851248499239033
334,0.18512477868281946
335,0.18512470788870705
336,0.18512463753741382
337,0.18512456762483823
338,0.18512449814692924
339,0.1851244290996847
340,0.1851243604791515
341,0.18512429228142388
342,0.18512422450264346
343,0.18512415713899785
344,0.1851240901867214
345,0.18512402364209238
346,0.18512395750143418
347,0.1851238917611133
348,0.18512382641753983
349,0.18512376146716628
350,0.18512369690648667
351,0.1851236327320365
352,0.18512356894039164
353,0.1851235055281682
354,0.1851234424920218
355,0.18512337982864666
356,0.18512331753477576
357,0.18512325560717932
358,0.18512319404266508
359,0.18512313283807735
360,0.18512307199029715
361,0.1851230114962398
362,0.18512295135285736
363,0.185122891557136
364,0.18512283210609567
365,0.18512277299679014
366,0.1851227142263071
367,0.18512265579176573
368,0.18512259769031858
369,0.1851225399191498
370,0.1851224824754748
371,0.1851224253565399
372,0.18512236855962202
373,0.18512231208202845
374,0.1851222559210961
375,0.18512220007419092
376,0.18512214453870793
377,0.185122089312071
378,0.18512203439173155
379,0.1851219797751693
380,0.185121925459891
381,0.18512187144343004
382,0.18512181772334774
383,0.18512176429723037
384,0.18512171116269074
385,0.1851216583173672
386,0.18512160575892334
387,0.18512155348504747
388,0.185121501493453
389,0.1851214497818773
390,0.18512139834808108
391,0.1851213471898498
392,0.18512129630499177
393,0.18512124569133767
394,0.1851211953467421
395,0.1851211452690812
396,0.18512109545625358
397,0.18512104590617948
398,0.18512099661680126
399,0.18512094758608177
400,0.18512089881200539
401,0.18512085029257716
402,0.1851208020258225
403,0.1851207540097873
404,0.18512070624253718
405,0.18512065872215755
406,0.18512061144675318
407,0.1851205644144482
408,0.1851205176233857
409,0.18512047107172735
410,0.18512042475765364
411,0.1851203786793632
412,0.18512033283507245
413,0.18512028722301582
414,0.18512024184144563
415,0.18512019668863075
416,0.18512015176285848
417,0.1851201070624319
418,0.18512006258567157
419,0.1851200183309141
420,0.18511997429651303
421,0.18511993048083725
422,0.18511988688227235
423,0.18511984349921934
424,0.18511980033009484
425,0.1851197573733307
426,0.1851197146273741
427,0.18511967209068733
428,0.18511962976174737
429,0.18511958763904582
430,0.185119545721089
431,0.1851195040063969
432,0.1851194624935046
433,0.1851194211809603
434,0.18511938006732656
435,0.18511933915117915
436,0.18511929843110783
437,0.1851192579057151
438,0.18511921757361696
439,0.18511917743344225
440,0.18511913748383296
441,0.18511909772344343
442,0.1851190581509409
443,0.18511901876500492
444,0.185118979564327
445,0.1851189405476111
446,0.18511890171357342
447,0.18511886306094136
448,0.18511882458845447
449,0.1851187862948636
450,0.18511874817893142
