1,0.17656677185739833
2,0.1790965065272069
3,0.17739633643135477
4,0.17739643111632855
5,0.17739643112545334
6,0.17739643112545414
7,0.17739643112545414
8,0.1773964311254542
9,0.17739643112545414
10,0.1773964311254542
11,0.17739643112545414
12,0.1773964311254542
13,0.17739643112545414
14,0.1773964311254542
15,0.17739643112545414
16,0.1773964311254542
17,0.17739643112545414
18,0.1773964311254542
19,0.17739643112545414
20,0.1773964311254542
21,0.17739643112545414
22,0.1773964311254542
23,0.17739643112545414
24,0.1773964311254542
25,0.17739643112545414
26,0.1773964311254542
27,0.17739643112545414
28,0.1773964311254542
29,0.17739643112545414
30,0.1773964311254542
31,0.17739643112545414
32,0.1773964311254542
33,0.17739643112545414
34,0.1773964311254542
35,0.17739643112545414
36,0.1773964311254542
37,0.17739643112545414
38,0.1773964311254542
39,0.17739643112545414
40,0.1773964311254542
41,0.17739643112545414
42,0.1773964311254542
43,0.17739643112545414
44,0.1773964311254542
45,0.17739643112545414
46,0.1773964311254542
47,0.17739643112545414
48,0.1773964311254542
49,0.17739643112545414
50,0.1773964311254542
51,0.17739643112545414
52,0.1773964311254542
53,0.17739643112545414
54,0.1773964311254542
55,0.17739643112545414
56,0.1773964311254542
57,0.17739643112545414
58,0.1773964311254542
59,0.17739643112545414
60,0.1773964311254542
61,0.17739643112545414
62,0.1773964311254542
63,0.17739643112545414
64,0.1773964311254542
65,0.17739643112545414
66,0.1773964311254542
67,0.17739643112545414
68,0.1773964311254542
69,0.17739643112545414
70,0.1773964311254542
71,0.17739643112545414
72,0.1773964311254542
73,0.17739643112545414
74,0.1773964311254542
75,0.17739643112545414
76,0.1773964311254542
77,0.17739643112545414
78,0.1773964311254542
79,0.17739643112545414
80,0.1773964311254542
81,0.17739643112545414
82,0.1773964311254542
83,0.17739643112545414
84,0.1773964311254542
85,0.17739643112545414
86,0.1773964311254542
87,0.17739643112545414
88,0.1773964311254542
89,0.17739643112545414
90,0.1773964311254542
91,0.17739643112545414
92,0.1773964311254542
93,0.17739643112545414
94,0.1773964311254542
95,0.17739643112545414
96,0.1773964311254542
97,0.17739643112545414
98,0.1773964311254542
99,0.17739643112545414
100,0.1773964311254542
101,0.17739643112545414
102,0.1773964311254542
103,0.17739643112545414
104,0.1773964311254542
105,0.17739643112545414
106,0.1773964311254542
107,0.17739643112545414
108,0.1773964311254542
109,0.17739643112545414
110,0.1773964311254542
111,0.17739643112545414
112,0.1773964311254542
113,0.17739643112545414
114,0.1773964311254542
115,0.17739643112545414
116,0.1773964311254542
117,0.17739643112545414
118,0.1773964311254542
119,0.17739643112545414
120,0.1773964311254542
121,0.17739643112545414
122,0.1773964311254542
123,0.17739643112545414
124,0.1773964311254542
125,0.17739643112545414
126,0.1773964311254542
127,0.17739643112545414
128,0.1773964311254542
129,0.17739643112545414
130,0.1773964311254542
131,0.17739643112545414
132,0.1773964311254542
133,0.17739643112545414
134,0.1773964311254542
135,0.17739643112545414
136,0.1773964311254542
137,0.17739643112545414
138,0.1773964311254542
139,0.17739643112545414
140,0.1773964311254542
141,0.17739643112545414
142,0.1773964311254542
143,0.17739643112545414
144,0.1773964311254542
145,0.17739643112545414
146,0.1773964311254542
147,0.17739643112545414
148,0.1773964311254542
149,0.17739643112545414
150,0.1773964311254542
151,0.17739643112545414
152,0.1773964311254542
153,0.17739643112545414
154,0.1773964311254542
155,0.17739643112545414
156,0.1773964311254542
157,0.17739643112545414
158,0.1773964311254542
159,0.17739643112545414
160,0.1773964311254542
161,0.17739643112545414
162,0.1773964311254542
163,0.17739643112545414
164,0.1773964311254542
165,0.17739643112545414
166,0.1773964311254542
167,0.17739643112545414
168,0.1773964311254542
169,0.17739643112545414
170,0.1773964311254542
171,0.17739643112545414
172,0.1773964311254542
173,0.17739643112545414
174,0.1773964311254542
175,0.17739643112545414
176,0.1773964311254542
177,0.17739643112545414
178,0.1773964311254542
179,0.17739643112545414
180,0.1773964311254542
181,0.17739643112545414
182,0.1773964311254542
183,0.17739643112545414
184,0.1773964311254542
185,0.17739643112545414
186,0.1773964311254542
187,0.17739643112545414
188,0.1773964311254542
189,0.17739643112545414
190,0.1773964311254542
191,0.17739643112545414
192,0.1773964311254542
193,0.17739643112545414
194,0.1773964311254542
195,0.17739643112545414
196,0.1773964311254542
197,0.17739643112545414
198,0.1773964311254542
199,0.17739643112545414
200,0.1773964311254542
201,0.17739643112545414
202,0.1773964311254542
203,0.17739643112545414
204,0.1773964311254542
205,0.17739643112545414
206,0.1773964311254542
207,0.17739643112545414
208,0.1773964311254542
209,0.17739643112545414
210,0.1773964311254542
211,0.17739643112545414
212,0.1773964311254542
213,0.17739643112545414
214,0.1773964311254542
215,0.17739643112545414
216,0.1773964311254542
217,0.17739643112545414
218,0.1773964311254542
219,0.17739643112545414
220,0.1773964311254542
221,0.17739643112545414
222,0.1773964311254542
223,0.17739643112545414
224,0.1773964311254542
225,0.17739643112545414
226,0.1773964311254542
227,0.17739643112545414
228,0.1773964311254542
229,0.17739643112545414
230,0.1773964311254542
231,0.17739643112545414
232,0.1773964311254542
233,0.17739643112545414
234,0.1773964311254542
235,0.17739643112545414
236,0.1773964311254542
237,0.17739643112545414
238,0.1773964311254542
239,0.17739643112545414
240,0.1773964311254542
241,0.17739643112545414
242,0.1773964311254542
243,0.17739643112545414
244,0.1773964311254542
245,0.17739643112545414
246,0.1773964311254542
247,0.17739643112545414
248,0.1773964311254542
249,0.17739643112545414
250,0.1773964311254542
251,0.17739643112545414
252,0.1773964311254542
253,0.17739643112545414
254,0.1773964311254542
255,0.17739643112545414
256,0.1773964311254542
257,0.17739643112545414
258,0.1773964311254542
259,0.17739643112545414
260,0.1773964311254542
261,0.17739643112545414
262,0.1773964311254542
263,0.17739643112545414
264,0.1773964311254542
265,0.17739643112545414
266,0.1773964311254542
267,0.17739643112545414
268,0.1773964311254542
269,0.17739643112545414
270,0.1773964311254542
271,0.17739643112545414
272,0.1773964311254542
273,0.17739643112545414
274,0.1773964311254542
275,0.17739643112545414
276,0.1773964311254542
277,0.17739643112545414
278,0.1773964311254542
279,0.17739643112545414
280,0.1773964311254542
281,0.17739643112545414
282,0.1773964311254542
283,0.17739643112545414
284,0.1773964311254542
285,0.17739643112545414
286,0.1773964311254542
287,0.17739643112545414
288,0.1773964311254542
289,0.17739643112545414
290,0.1773964311254542
291,0.17739643112545414
292,0.1773964311254542
293,0.17739643112545414
294,0.1773964311254542
295,0.17739643112545414
296,0.1773964311254542
297,0.17739643112545414
298,0.1773964311254542
299,0.17739643112545414
300,0.1773964311254542
301,0.17739643112545414
302,0.1773964311254542
303,0.17739643112545414
304,0.1773964311254542
305,0.17739643112545414
306,0.1773964311254542
307,0.17739643112545414
308,0.1773964311254542
309,0.17739643112545414
310,0.1773964311254542
311,0.17739643112545414
312,0.1773964311254542
313,0.17739643112545414
314,0.1773964311254542
315,0.17739643112545414
316,0.1773964311254542
317,0.17739643112545414
318,0.1773964311254542
319,0.17739643112545414
320,0.1773964311254542
321,0.17739643112545414
322,0.1773964311254542
323,0.17739643112545414
324,0.1773964311254542
325,0.17739643112545414
326,0.1773964311254542
327,0.17739643112545414
328,0.1773964311254542
329,0.17739643112545414
330,0.1773964311254542
331,0.17739643112545414
332,0.1773964311254542
333,0.17739643112545414
334,0.1773964311254542
335,0.17739643112545414
336,0.1773964311254542
337,0.17739643112545414
338,0.1773964311254542
339,0.17739643112545414
340,0.1773964311254542
341,0.17739643112545414
342,0.1773964311254542
343,0.17739643112545414
344,0.1773964311254542
345,0.17739643112545414
346,0.1773964311254542
347,0.17739643112545414
348,0.1773964311254542
349,0.17739643112545414
350,0.1773964311254542
351,0.17739643112545414
352,0.1773964311254542
353,0.17739643112545414
354,0.1773964311254542
355,0.17739643112545414
356,0.1773964311254542
357,0.17739643112545414
358,0.1773964311254542
359,0.17739643112545414
360,0.1773964311254542
361,0.17739643112545414
362,0.1773964311254542
363,0.17739643112545414
364,0.1773964311254542
365,0.17739643112545414
366,0.1773964311254542
367,0.17739643112545414
368,0.1773964311254542
369,0.17739643112545414
370,0.1773964311254542
371,0.17739643112545414
372,0.1773964311254542
373,0.17739643112545414
374,0.1773964311254542
375,0.17739643112545414
376,0.1773964311254542
377,0.17739643112545414
378,0.1773964311254542
379,0.17739643112545414
380,0.1773964311254542
381,0.17739643112545414
382,0.1773964311254542
383,0.17739643112545414
384,0.1773964311254542
385,0.17739643112545414
386,0.1773964311254542
387,0.17739643112545414
388,0.1773964311254542
389,0.17739643112545414
390,0.1773964311254542
391,0.17739643112545414
392,0.1773964311254542
393,0.17739643112545414
394,0.1773964311254542
395,0.17739643112545414
396,0.1773964311254542
397,0.17739643112545414
398,0.1773964311254542
399,0.17739643112545414
400,0.1773964311254542
401,0.17739643112545414
402,0.1773964311254542
403,0.17739643112545414
404,0.1773964311254542
405,0.17739643112545414
406,0.1773964311254542
407,0.17739643112545414
408,0.1773964311254542
409,0.17739643112545414
410,0.1773964311254542
411,0.17739643112545414
412,0.1773964311254542
413,0.17739643112545414
414,0.1773964311254542
415,0.17739643112545414
416,0.1773964311254542
417,0.17739643112545414
418,0.1773964311254542
419,0.17739643112545414
420,0.1773964311254542
421,0.17739643112545414
422,0.1773964311254542
423,0.17739643112545414
424,0.1773964311254542
425,0.17739643112545414
426,0.1773964311254542
427,0.17739643112545414
428,0.1773964311254542
429,0.17739643112545414
430,0.1773964311254542
431,0.17739643112545414
432,0.1773964311254542
433,0.17739643112545414
434,0.1773964311254542
435,0.17739643112545414
436,0.1773964311254542
437,0.17739643112545414
438,0.1773964311254542
439,0.17739643112545414
440,0.1773964311254542
441,0.17739643112545414
442,0.1773964311254542
443,0.17739643112545414
444,0.1773964311254542
445,0.17739643112545414
446,0.1773964311254542
447,0.17739643112545414
448,0.1773964311254542
449,0.17739643112545414
450,0.1773964311254542
451,0.17739643112545414
452,0.1773964311254542
453,0.17739643112545414
454,0.1773964311254542
455,0.17739643112545414
456,0.1773964311254542
457,0.17739643112545414
458,0.1773964311254542
459,0.17739643112545414
460,0.1773964311254542
461,0.17739643112545414
462,0.1773964311254542
463,0.17739643112545414
464,0.1773964311254542
465,0.17739643112545414
466,0.1773964311254542
467,0.17739643112545414
468,0.1773964311254542
469,0.17739643112545414
470,0.1773964311254542
471,0.17739643112545414
472,0.1773964311254542
473,0.17739643112545414
474,0.1773964311254542
475,0.17739643112545414
476,0.1773964311254542
477,0.17739643112545414
478,0.1773964311254542
479,0.17739643112545414
480,0.1773964311254542
481,0.17739643112545414
482,0.1773964311254542
483,0.17739643112545414
484,0.1773964311254542
485,0.17739643112545414
486,0.1773964311254542
487,0.17739643112545414
488,0.1773964311254542
489,0.17739643112545414
490,0.1773964311254542
491,0.17739643112545414
492,0.1773964311254542
493,0.17739643112545414
494,0.1773964311254542
495,0.17739643112545414
496,0.1773964311254542
497,0.17739643112545414
498,0.1773964311254542
499,0.17739643112545414
500,0.1773964311254542
501,0.17739643112545414
502,0.1773964311254542
503,0.17739643112545414
504,0.1773964311254542
505,0.17739643112545414
506,0.1773964311254542
507,0.17739643112545414
508,0.1773964311254542
509,0.17739643112545414
510,0.1773964311254542
511,0.17739643112545414
512,0.1773964311254542
513,0.17739643112545414
514,0.1773964311254542
515,0.17739643112545414
516,0.1773964311254542
517,0.17739643112545414
518,0.1773964311254542
519,0.17739643112545414
520,0.1773964311254542
521,0.17739643112545414
522,0.1773964311254542
523,0.17739643112545414
524,0.1773964311254542
525,0.17739643112545414
526,0.1773964311254542
527,0.17739643112545414
528,0.1773964311254542
529,0.17739643112545414
530,0.1773964311254542
531,0.17739643112545414
532,0.1773964311254542
533,0.17739643112545414
534,0.1773964311254542
535,0.17739643112545414
536,0.1773964311254542
537,0.17739643112545414
538,0.1773964311254542
539,0.17739643112545414
540,0.1773964311254542
541,0.17739643112545414
542,0.1773964311254542
543,0.17739643112545414
544,0.1773964311254542
545,0.17739643112545414
546,0.1773964311254542
547,0.17739643112545414
548,0.1773964311254542
549,0.17739643112545414
550,0.1773964311254542
551,0.17739643112545414
552,0.1773964311254542
553,0.17739643112545414
554,0.1773964311254542
555,0.17739643112545414
556,0.1773964311254542
557,0.17739643112545414
558,0.1773964311254542
559,0.17739643112545414
560,0.1773964311254542
561,0.17739643112545414
562,0.1773964311254542
563,0.17739643112545414
564,0.1773964311254542
565,0.17739643112545414
566,0.1773964311254542
567,0.17739643112545414
568,0.1773964311254542
569,0.17739643112545414
570,0.1773964311254542
571,0.17739643112545414
572,0.1773964311254542
573,0.17739643112545414
574,0.1773964311254542
575,0.17739643112545414
576,0.1773964311254542
577,0.17739643112545414
578,0.1773964311254542
579,0.17739643112545414
580,0.1773964311254542
581,0.17739643112545414
582,0.1773964311254542
583,0.17739643112545414
584,0.1773964311254542
585,0.17739643112545414
586,0.1773964311254542
587,0.17739643112545414
588,0.1773964311254542
589,0.17739643112545414
590,0.1773964311254542
591,0.17739643112545414
592,0.1773964311254542
593,0.17739643112545414
594,0.1773964311254542
595,0.17739643112545414
596,0.1773964311254542
597,0.17739643112545414
598,0.1773964311254542
599,0.17739643112545414
600,0.1773964311254542
601,0.17739643112545414
602,0.1773964311254542
603,0.17739643112545414
604,0.1773964311254542
605,0.17739643112545414
606,0.1773964311254542
607,0.17739643112545414
608,0.1773964311254542
609,0.17739643112545414
610,0.1773964311254542
611,0.17739643112545414
612,0.1773964311254542
613,0.17739643112545414
614,0.1773964311254542
615,0.17739643112545414
616,0.1773964311254542
617,0.17739643112545414
618,0.1773964311254542
619,0.17739643112545414
620,0.1773964311254542
621,0.17739643112545414
622,0.1773964311254542
623,0.17739643112545414
624,0.1773964311254542
625,0.17739643112545414
626,0.1773964311254542
627,0.17739643112545414
628,0.1773964311254542
629,0.17739643112545414
630,0.1773964311254542
631,0.17739643112545414
632,0.1773964311254542
633,0.17739643112545414
634,0.1773964311254542
635,0.17739643112545414
636,0.1773964311254542
637,0.17739643112545414
638,0.1773964311254542
639,0.17739643112545414
640,0.1773964311254542
641,0.17739643112545414
642,0.1773964311254542
643,0.17739643112545414
644,0.1773964311254542
645,0.17739643112545414
646,0.1773964311254542
647,0.17739643112545414
648,0.1773964311254542
649,0.17739643112545414
650,0.1773964311254542
651,0.17739643112545414
652,0.1773964311254542
653,0.17739643112545414
654,0.1773964311254542
655,0.17739643112545414
656,0.1773964311254542
657,0.17739643112545414
658,0.1773964311254542
659,0.17739643112545414
660,0.1773964311254542
661,0.17739643112545414
662,0.1773964311254542
663,0.17739643112545414
664,0.1773964311254542
665,0.17739643112545414
666,0.1773964311254542
667,0.17739643112545414
668,0.1773964311254542
669,0.17739643112545414
670,0.1773964311254542
671,0.17739643112545414
672,0.1773964311254542
673,0.17739643112545414
674,0.1773964311254542
675,0.17739643112545414
676,0.1773964311254542
677,0.17739643112545414
678,0.1773964311254542
679,0.17739643112545414
680,0.1773964311254542
681,0.17739643112545414
682,0.1773964311254542
683,0.17739643112545414
684,0.1773964311254542
685,0.17739643112545414
686,0.1773964311254542
687,0.17739643112545414
688,0.1773964311254542
689,0.17739643112545414
690,0.1773964311254542
691,0.17739643112545414
692,0.1773964311254542
693,0.17739643112545414
694,0.1773964311254542
695,0.17739643112545414
696,0.1773964311254542
697,0.17739643112545414
698,0.1773964311254542
699,0.17739643112545414
700,0.1773964311254542
701,0.17739643112545414
702,0.1773964311254542
703,0.17739643112545414
704,0.1773964311254542
705,0.17739643112545414
706,0.1773964311254542
707,0.17739643112545414
708,0.1773964311254542
709,0.17739643112545414
710,0.1773964311254542
711,0.17739643112545414
712,0.1773964311254542
713,0.17739643112545414
714,0.1773964311254542
715,0.17739643112545414
716,0.1773964311254542
717,0.17739643112545414
718,0.1773964311254542
719,0.17739643112545414
720,0.1773964311254542
721,0.17739643112545414
722,0.1773964311254542
723,0.17739643112545414
724,0.1773964311254542
725,0.17739643112545414
726,0.1773964311254542
727,0.17739643112545414
728,0.1773964311254542
729,0.17739643112545414
730,0.1773964311254542
731,0.17739643112545414
732,0.1773964311254542
733,0.17739643112545414
734,0.1773964311254542
735,0.17739643112545414
736,0.1773964311254542
737,0.17739643112545414
738,0.1773964311254542
739,0.17739643112545414
740,0.1773964311254542
741,0.17739643112545414
742,0.1773964311254542
743,0.17739643112545414
744,0.1773964311254542
745,0.17739643112545414
746,0.1773964311254542
747,0.17739643112545414
748,0.1773964311254542
749,0.17739643112545414
750,0.1773964311254542
751,0.17739643112545414
752,0.1773964311254542
753,0.17739643112545414
754,0.1773964311254542
755,0.17739643112545414
