1,0.2608735910237784
2,0.1683678362478005
3,0.16836944090829253
4,0.16836944136132403
5,0.16836944119813452
6,0.16836944103494994
7,0.16836944087180725
8,0.16836944070870621
9,0.168369440545647
10,0.16836944038262927
11,0.16836944021965367
12,0.16836944005671953
13,0.16836943989382697
14,0.16836943973097607
15,0.16836943956816688
16,0.16836943940539942
17,0.16836943924267328
18,0.16836943907998897
19,0.16836943891734588
20,0.16836943875474483
21,0.16836943859218512
22,0.16836943842966703
23,0.16836943826719022
24,0.16836943810475513
25,0.16836943794236123
26,0.1683694377800089
27,0.16836943761769818
28,0.16836943745542876
29,0.16836943729320064
30,0.16836943713101404
31,0.16836943696886875
32,0.16836943680676494
33,0.16836943664470244
34,0.16836943648268135
35,0.16836943632070137
36,0.1683694361587629
37,0.1683694359968656
38,0.16836943583500966
39,0.16836943567319493
40,0.16836943551142144
41,0.16836943534968907
42,0.16836943518799816
43,0.16836943502634819
44,0.16836943486473957
45,0.168369434703172
46,0.16836943454164574
47,0.1683694343801602
48,0.1683694342187161
49,0.16836943405731292
50,0.16836943389595113
51,0.16836943373463029
52,0.16836943357335038
53,0.16836943341211147
54,0.16836943325091364
55,0.16836943308975685
56,0.16836943292864107
57,0.1683694327675662
58,0.16836943260653234
59,0.16836943244553942
60,0.16836943228458742
61,0.16836943212367622
62,0.16836943196280607
63,0.16836943180197683
64,0.16836943164118845
65,0.16836943148044084
66,0.16836943131973392
67,0.16836943115906808
68,0.16836943099844295
69,0.1683694308378585
70,0.16836943067731472
71,0.1683694305168122
72,0.16836943035635005
73,0.1683694301959284
74,0.16836943003554797
75,0.16836942987520784
76,0.16836942971490865
77,0.16836942955465004
78,0.16836942939443186
79,0.16836942923425469
80,0.1683694290741179
81,0.16836942891402173
82,0.1683694287539663
83,0.1683694285939513
84,0.16836942843397698
85,0.16836942827404322
86,0.16836942811414973
87,0.168369427954297
88,0.16836942779448466
89,0.16836942763471277
90,0.1683694274749814
91,0.16836942731529042
92,0.16836942715563988
93,0.16836942699602978
94,0.16836942683646003
95,0.16836942667693072
96,0.16836942651744186
97,0.1683694263579934
98,0.16836942619858494
99,0.1683694260392171
100,0.1683694258798897
101,0.16836942572060212
102,0.16836942556135512
103,0.1683694254021483
104,0.16836942524298193
105,0.1683694250838557
106,0.1683694249247697
107,0.1683694247657239
108,0.1683694246067181
109,0.1683694244477527
110,0.16836942428882756
111,0.16836942412994213
112,0.16836942397109708
113,0.16836942381229233
114,0.1683694236535275
115,0.16836942349480274
116,0.16836942333611804
117,0.16836942317747347
118,0.16836942301886884
119,0.1683694228603042
120,0.1683694227017797
121,0.16836942254329518
122,0.1683694223848506
123,0.16836942222644583
124,0.16836942206808142
125,0.16836942190975673
126,0.16836942175147157
127,0.16836942159322685
128,0.1683694214350219
129,0.16836942127685664
130,0.16836942111873143
131,0.1683694209606458
132,0.16836942080260028
133,0.16836942064459454
134,0.16836942048662842
135,0.16836942032870228
136,0.16836942017081583
137,0.16836942001296917
138,0.16836941985516207
139,0.16836941969739483
140,0.16836941953966741
141,0.1683694193819795
142,0.16836941922433132
143,0.16836941906672273
144,0.16836941890915413
145,0.16836941875162462
146,0.16836941859413515
147,0.16836941843668504
148,0.1683694182792748
149,0.1683694181219038
150,0.1683694179645726
151,0.1683694178072809
152,0.1683694176500287
153,0.1683694174928161
154,0.1683694173356428
155,0.16836941717850937
156,0.16836941702141495
157,0.16836941686436013
158,0.1683694167073449
159,0.16836941655036888
160,0.16836941639343248
161,0.16836941623653537
162,0.1683694160796778
163,0.1683694159228593
164,0.16836941576608017
165,0.16836941560934068
166,0.16836941545264036
167,0.16836941529597935
168,0.16836941513935744
169,0.1683694149827751
170,0.16836941482623202
171,0.16836941466972805
172,0.16836941451326326
173,0.16836941435683764
174,0.1683694142004516
175,0.16836941404410433
176,0.16836941388779675
177,0.1683694137315276
178,0.16836941357529817
179,0.16836941341910763
180,0.16836941326295626
181,0.16836941310684406
182,0.1683694129507709
183,0.16836941279473686
184,0.1683694126387418
185,0.16836941248278575
186,0.16836941232686883
187,0.1683694121709909
188,0.1683694120151519
189,0.16836941185935203
190,0.16836941170359088
191,0.1683694115478689
192,0.1683694113921859
193,0.16836941123654173
194,0.16836941108093642
195,0.16836941092537017
196,0.16836941076984258
197,0.168369410614354
198,0.1683694104589044
199,0.16836941030349334
200,0.16836941014812132
201,0.1683694099927882
202,0.1683694098374934
203,0.16836940968223812
204,0.16836940952702115
205,0.1683694093718429
206,0.16836940921670346
207,0.16836940906160278
208,0.16836940890654079
209,0.16836940875151774
210,0.16836940859653288
211,0.16836940844158702
212,0.16836940828667968
213,0.16836940813181106
214,0.16836940797698094
215,0.1683694078221897
216,0.16836940766743683
217,0.16836940751272259
218,0.16836940735804692
219,0.1683694072034098
220,0.1683694070488112
221,0.16836940689425126
222,0.16836940673972964
223,0.1683694065852467
224,0.168369406430802
225,0.16836940627639582
226,0.16836940612202825
227,0.16836940596769887
228,0.1683694058134082
229,0.16836940565915584
230,0.1683694055049419
231,0.16836940535076644
232,0.16836940519662902
233,0.16836940504253026
234,0.16836940488846958
235,0.16836940473444736
236,0.16836940458046343
237,0.1683694044265177
238,0.16836940427261055
239,0.16836940411874135
240,0.16836940396491043
241,0.168369403811118
242,0.16836940365736366
243,0.1683694035036477
244,0.16836940334996947
245,0.1683694031963298
246,0.1683694030427281
247,0.16836940288916463
248,0.16836940273563925
249,0.1683694025821523
250,0.16836940242870319
251,0.16836940227529218
252,0.16836940212191914
253,0.16836940196858435
254,0.16836940181528737
255,0.16836940166202888
256,0.16836940150880833
257,0.16836940135562548
258,0.16836940120248076
259,0.1683694010493739
260,0.16836940089630537
261,0.1683694007432745
262,0.16836940059028163
263,0.1683694004373267
264,0.1683694002844096
265,0.1683694001315305
266,0.16836939997868927
267,0.16836939982588597
268,0.16836939967312045
269,0.16836939952039298
270,0.16836939936770312
271,0.168369399215051
272,0.16836939906243686
273,0.1683693989098604
274,0.16836939875732182
275,0.16836939860482075
276,0.16836939845235788
277,0.1683693982999323
278,0.16836939814754467
279,0.16836939799519476
280,0.16836939784288246
281,0.16836939769060788
282,0.16836939753837085
283,0.1683693973861715
284,0.16836939723400993
285,0.1683693970818858
286,0.1683693969297993
287,0.1683693967777506
288,0.16836939662573913
289,0.16836939647376564
290,0.16836939632182932
291,0.1683693961699306
292,0.16836939601806955
293,0.1683693958662459
294,0.16836939571445994
295,0.1683693955627114
296,0.16836939541100016
297,0.16836939525932648
298,0.16836939510769025
299,0.16836939495609154
300,0.16836939480453
301,0.168369394653006
302,0.1683693945015192
303,0.1683693943500701
304,0.16836939419865823
305,0.16836939404728357
306,0.16836939389594643
307,0.1683693937446465
308,0.16836939359338393
309,0.16836939344215876
310,0.16836939329097048
311,0.16836939313981986
312,0.16836939298870626
313,0.16836939283762986
314,0.16836939268659087
315,0.1683693925355892
316,0.1683693923846244
317,0.16836939223369685
318,0.16836939208280652
319,0.16836939193195344
320,0.16836939178113736
321,0.16836939163035833
322,0.1683693914796166
323,0.16836939132891182
324,0.16836939117824418
325,0.1683693910276137
326,0.16836939087702027
327,0.16836939072646373
328,0.16836939057594447
329,0.1683693904254619
330,0.16836939027501654
331,0.1683693901246081
332,0.16836938997423664
333,0.16836938982390215
334,0.16836938967360468
335,0.1683693895233439
336,0.16836938937312035
337,0.16836938922293354
338,0.16836938907278376
339,0.16836938892267073
340,0.16836938877259455
341,0.16836938862255532
342,0.16836938847255276
343,0.16836938832258727
344,0.1683693881726585
345,0.16836938802276638
346,0.16836938787291106
347,0.16836938772309265
348,0.16836938757331096
349,0.16836938742356602
350,0.1683693872738578
351,0.16836938712418636
352,0.16836938697455162
353,0.16836938682495362
354,0.1683693866753922
355,0.16836938652586747
356,0.1683693863763793
357,0.16836938622692796
358,0.168369386077513
359,0.16836938592813472
360,0.16836938577879307
361,0.16836938562948797
362,0.1683693854802196
363,0.16836938533098758
364,0.16836938518179217
365,0.16836938503263335
366,0.1683693848835111
367,0.16836938473442523
368,0.16836938458537593
369,0.16836938443636318
370,0.16836938428738674
371,0.16836938413844688
372,0.1683693839895432
373,0.16836938384067607
374,0.1683693836918455
375,0.16836938354305128
376,0.16836938339429355
377,0.16836938324557177
378,0.1683693830968866
379,0.1683693829482377
380,0.16836938279962524
381,0.16836938265104912
382,0.16836938250250932
383,0.16836938235400573
384,0.16836938220553846
385,0.16836938205710733
386,0.16836938190871267
387,0.16836938176035404
388,0.16836938161203188
389,0.16836938146374558
390,0.16836938131549573
391,0.16836938116728203
392,0.1683693810191046
393,0.16836938087096306
394,0.16836938072285793
395,0.168369380574789
396,0.16836938042675564
397,0.16836938027875886
398,0.16836938013079805
399,0.1683693799828735
400,0.16836937983498473
401,0.16836937968713217
402,0.16836937953931558
403,0.1683693793915351
404,0.16836937924379067
405,0.16836937909608216
406,0.1683693789484094
407,0.1683693788007729
408,0.1683693786531724
409,0.16836937850560788
410,0.16836937835807902
411,0.1683693782105863
412,0.16836937806312963
413,0.1683693779157084
414,0.16836937776832345
415,0.16836937762097431
416,0.16836937747366068
417,0.1683693773263834
418,0.16836937717914172
419,0.1683693770319357
420,0.16836937688476564
421,0.16836937673763155
422,0.16836937659053297
423,0.16836937644347025
424,0.16836937629644333
425,0.1683693761494522
426,0.16836937600249663
427,0.16836937585557696
428,0.16836937570869273
429,0.1683693755618444
430,0.16836937541503166
431,0.1683693752682544
432,0.16836937512151334
433,0.1683693749748075
434,0.16836937482813738
435,0.1683693746815028
436,0.1683693745349039
437,0.1683693743883406
438,0.16836937424181286
439,0.16836937409532046
440,0.1683693739488638
441,0.16836937380244282
442,0.1683693736560571
443,0.16836937350970702
444,0.16836937336339233
445,0.16836937321711332
446,0.16836937307086963
447,0.1683693729246614
448,0.16836937277848862
449,0.16836937263235136
450,0.16836937248624934
451,0.16836937234018298
452,0.16836937219415174
