1,0.19251204112694825
2,0.19251204022055088
3,0.19251203897897742
4,0.1925120376013917
5,0.19251203634440286
6,0.1925120347983624
7,0.19251203301991635
8,0.19251203171712936
9,0.19251203052389068
10,0.19251202949763335
11,0.19251202880821353
12,0.19251202825102912
13,0.19251202772768589
14,0.1925120272034027
15,0.19251202665017783
16,0.1925120260246867
17,0.19251202529097636
18,0.19251202454858335
19,0.19251202391869157
20,0.1925120233768801
21,0.19251202287494654
22,0.19251202238879575
23,0.19251202190738687
24,0.19251202142358856
25,0.19251202092943592
26,0.19251202041085475
27,0.19251201983659316
28,0.19251201914208912
29,0.19251201829376216
30,0.1925120174542643
31,0.19251201674050308
32,0.1925120161158497
33,0.19251201555914707
34,0.19251201505043844
35,0.1925120145680028
36,0.1925120140990563
37,0.19251201363735576
38,0.1925120131797975
39,0.19251201272473495
40,0.1925120122712307
41,0.1925120118187179
42,0.19251201136683702
43,0.19251201091534853
44,0.19251201046408883
45,0.19251201001294044
46,0.19251200956181932
47,0.192512009110662
48,0.19251200865942059
49,0.19251200820805822
50,0.19251200775654503
51,0.19251200730485826
52,0.1925120068529794
53,0.19251200640089275
54,0.19251200594858633
55,0.19251200549604863
56,0.19251200504327165
57,0.19251200459024773
58,0.1925120041369704
59,0.19251200368343455
60,0.19251200322963474
61,0.19251200277556724
62,0.19251200232122853
63,0.19251200186661507
64,0.19251200141172442
65,0.19251200095655369
66,0.19251200050110065
67,0.1925120000453639
68,0.19251199958934032
69,0.19251199913302897
70,0.19251199867642843
71,0.19251199821953704
72,0.19251199776235378
73,0.19251199730487692
74,0.19251199684710568
75,0.19251199638903937
76,0.19251199593067597
77,0.19251199547201547
78,0.19251199501305669
79,0.19251199455379897
80,0.19251199409424102
81,0.1925119936343828
82,0.1925119931742231
83,0.1925119927137616
84,0.19251199225299737
85,0.1925119917919299
86,0.19251199133055874
87,0.1925119908688829
88,0.19251199040690203
89,0.1925119899446161
90,0.19251198948202355
91,0.19251198901912459
92,0.192511988555919
93,0.19251198809240527
94,0.19251198762858363
95,0.19251198716445395
96,0.19251198670001468
97,0.1925119862352663
98,0.19251198577020817
99,0.19251198530483957
100,0.19251198483916016
101,0.19251198437316994
102,0.19251198390686788
103,0.19251198344025391
104,0.19251198297332772
105,0.1925119825060887
106,0.19251198203853634
107,0.19251198157067062
108,0.192511981102491
109,0.19251198063399705
110,0.19251198016518806
111,0.1925119796960645
112,0.19251197922662483
113,0.1925119787568695
114,0.19251197828679825
115,0.19251197781640997
116,0.1925119773457049
117,0.19251197687468255
118,0.19251197640334242
119,0.19251197593168456
120,0.1925119754597076
121,0.19251197498741254
122,0.19251197451479768
123,0.19251197404186365
124,0.19251197356860966
125,0.1925119730950356
126,0.19251197262114086
127,0.1925119721469248
128,0.19251197167238812
129,0.19251197119752922
130,0.19251197072234866
131,0.1925119702468454
132,0.19251196977101984
133,0.1925119692948707
134,0.1925119688183984
135,0.19251196834160225
136,0.19251196786448235
137,0.19251196738703746
138,0.19251196690926786
139,0.19251196643117333
140,0.19251196595275327
141,0.1925119654740071
142,0.19251196499493467
143,0.19251196451553584
144,0.19251196403581014
145,0.19251196355575692
146,0.19251196307537619
147,0.1925119625946674
148,0.1925119621136305
149,0.1925119616322646
150,0.19251196115056995
151,0.19251196066854576
152,0.1925119601861923
153,0.19251195970350818
154,0.19251195922049408
155,0.19251195873714874
156,0.19251195825347261
157,0.19251195776946486
158,0.19251195728512532
159,0.19251195680045352
160,0.1925119563154492
161,0.19251195583011246
162,0.1925119553444418
163,0.1925119548584381
164,0.19251195437210006
165,0.1925119538854279
166,0.19251195339842114
167,0.19251195291107925
168,0.19251195242340238
169,0.19251195193538928
170,0.19251195144704053
171,0.19251195095835524
172,0.19251195046933298
173,0.19251194997997403
174,0.19251194949027725
175,0.19251194900024282
176,0.19251194850987047
177,0.19251194801915902
178,0.19251194752810902
179,0.19251194703671948
180,0.19251194654499063
181,0.19251194605292204
182,0.19251194556051274
183,0.19251194506776262
184,0.19251194457467202
185,0.1925119440812394
186,0.19251194358746532
187,0.19251194309334946
188,0.1925119425988906
189,0.19251194210408903
190,0.19251194160894464
191,0.19251194111345615
192,0.19251194061762386
193,0.19251194012144768
194,0.19251193962492652
195,0.1925119391280603
196,0.19251193863084906
197,0.19251193813329165
198,0.19251193763538837
199,0.1925119371371388
200,0.1925119366385424
201,0.1925119361395986
202,0.19251193564030714
203,0.1925119351406681
204,0.1925119346406807
205,0.1925119341403443
206,0.192511933639659
207,0.19251193313862472
208,0.19251193263724037
209,0.19251193213550574
210,0.19251193163342062
211,0.19251193113098503
212,0.19251193062819816
213,0.19251193012505918
214,0.19251192962156838
215,0.19251192911772558
216,0.19251192861352998
217,0.19251192810898116
218,0.1925119276040787
219,0.19251192709882245
220,0.19251192659321226
221,0.19251192608724751
222,0.1925119255809274
223,0.1925119250742521
224,0.19251192456722102
225,0.19251192405983422
226,0.1925119235520907
227,0.19251192304399045
228,0.19251192253553265
229,0.19251192202671727
230,0.19251192151754412
231,0.19251192100801268
232,0.19251192049812244
233,0.19251191998787312
234,0.19251191947726393
235,0.19251191896629494
236,0.19251191845496582
237,0.19251191794327618
238,0.19251191743122548
239,0.19251191691881336
240,0.1925119164060395
241,0.19251191589290323
242,0.1925119153794044
243,0.19251191486554242
244,0.19251191435131734
245,0.1925119138367286
246,0.1925119133217758
247,0.1925119128064584
248,0.1925119122907761
249,0.1925119117747286
250,0.19251191125831535
251,0.1925119107415361
252,0.19251191022439001
253,0.19251190970687732
254,0.19251190918899735
255,0.19251190867074985
256,0.19251190815213431
257,0.19251190763315043
258,0.19251190711379762
259,0.19251190659407572
260,0.19251190607398422
261,0.1925119055535228
262,0.19251190503269086
263,0.19251190451148828
264,0.19251190398991433
265,0.19251190346796893
266,0.1925119029456515
267,0.19251190242296168
268,0.19251190189989906
269,0.19251190137646337
270,0.192511900852654
271,0.19251190032847076
272,0.19251189980391306
273,0.19251189927898046
274,0.19251189875367283
275,0.19251189822798956
276,0.19251189770193033
277,0.19251189717549472
278,0.19251189664868226
279,0.19251189612149266
280,0.1925118955939254
281,0.19251189506598015
282,0.1925118945376564
283,0.19251189400895402
284,0.19251189347987224
285,0.19251189295041105
286,0.19251189242056954
287,0.1925118918903481
288,0.19251189135974528
289,0.1925118908287611
290,0.19251189029739532
291,0.19251188976564745
292,0.192511889233517
293,0.1925118887010035
294,0.19251188816810688
295,0.19251188763482643
296,0.19251188710116204
297,0.19251188656711296
298,0.1925118860326786
299,0.1925118854978588
300,0.19251188496265326
301,0.19251188442706146
302,0.19251188389108287
303,0.1925118833547173
304,0.19251188281796475
305,0.19251188228082355
306,0.19251188174329392
307,0.19251188120537566
308,0.19251188066706823
309,0.19251188012837117
310,0.1925118795892843
311,0.1925118790498067
312,0.19251187850993814
313,0.1925118779696782
314,0.19251187742902653
315,0.19251187688798316
316,0.19251187634654676
317,0.19251187580471715
318,0.19251187526249422
319,0.19251187471987738
320,0.1925118741768667
321,0.19251187363346053
322,0.1925118730896594
323,0.19251187254546254
324,0.1925118720008703
325,0.19251187145588092
326,0.19251187091049474
327,0.19251187036471107
328,0.19251186981853
329,0.19251186927195052
330,0.19251186872497222
331,0.1925118681775948
332,0.1925118676298185
333,0.19251186708164147
334,0.1925118665330643
335,0.1925118659840864
336,0.1925118654347071
337,0.19251186488492594
338,0.19251186433474257
339,0.19251186378415722
340,0.19251186323316805
341,0.19251186268177553
342,0.1925118621299796
343,0.19251186157777878
344,0.19251186102517298
345,0.1925118604721627
346,0.19251185991874592
347,0.19251185936492304
348,0.19251185881069413
349,0.19251185825605743
350,0.19251185770101373
351,0.19251185714556185
352,0.19251185658970144
353,0.19251185603343265
354,0.19251185547675384
355,0.1925118549196655
356,0.19251185436216758
357,0.19251185380425806
358,0.19251185324593828
359,0.19251185268720605
360,0.19251185212806196
361,0.1925118515685061
362,0.1925118510085366
363,0.19251185044815416
364,0.19251184988735728
365,0.19251184932614673
366,0.19251184876452074
367,0.19251184820247977
368,0.19251184764002324
369,0.19251184707715016
370,0.19251184651386105
371,0.19251184595015428
372,0.19251184538603042
373,0.1925118448214881
374,0.19251184425652773
375,0.19251184369114793
376,0.19251184312534927
377,0.19251184255913015
378,0.19251184199249113
379,0.19251184142543087
380,0.19251184085794978
381,0.1925118402900464
382,0.19251183972172134
383,0.19251183915297299
384,0.19251183858380205
385,0.19251183801420688
386,0.1925118374441881
387,0.19251183687374443
388,0.19251183630287586
389,0.19251183573158173
390,0.19251183515986142
391,0.19251183458771495
392,0.192511834015141
393,0.19251183344214007
394,0.19251183286871063
395,0.1925118322948533
396,0.1925118317205673
397,0.19251183114585124
398,0.19251183057070578
399,0.1925118299951298
400,0.1925118294191229
401,0.1925118288426851
402,0.19251182826581487
403,0.19251182768851285
404,0.19251182711077802
405,0.19251182653260976
406,0.1925118259540081
407,0.19251182537497183
408,0.19251182479550094
409,0.19251182421559515
410,0.1925118236352532
411,0.1925118230544752
412,0.1925118224732609
413,0.19251182189160904
414,0.1925118213095194
415,0.192511820726992
416,0.19251182014402587
417,0.19251181956062022
418,0.19251181897677522
419,0.19251181839249024
420,0.19251181780776438
421,0.19251181722259722
422,0.19251181663698866
423,0.19251181605093803
424,0.19251181546444435
425,0.19251181487750785
426,0.19251181429012793
427,0.19251181370230358
428,0.1925118131140346
429,0.19251181252532024
430,0.19251181193616052
431,0.19251181134655465
432,0.19251181075650195
433,0.19251181016600197
434,0.19251180957505448
435,0.19251180898365888
436,0.1925118083918145
437,0.19251180779952068
438,0.1925118072067771
439,0.19251180661358352
440,0.19251180601993925
441,0.19251180542584365
442,0.19251180483129612
443,0.1925118042362964
444,0.1925118036408435
445,0.19251180304493748
446,0.19251180244857777
447,0.19251180185176367
448,0.19251180125449485
449,0.19251180065677015
450,0.19251180005858973
451,0.19251179945995273
452,0.19251179886085895
453,0.1925117982613074
454,0.19251179766129795
455,0.19251179706083002
456,0.19251179645990305
457,0.19251179585851638
458,0.19251179525666953
459,0.1925117946543623
460,0.19251179405159344
461,0.19251179344836314
462,0.19251179284467052
463,0.19251179224051504
464,0.19251179163589624
465,0.19251179103081367
466,0.1925117904252666
467,0.19251178981925476
468,0.19251178921277737
469,0.1925117886058342
470,0.1925117879984241
471,0.19251178739054722
472,0.19251178678220254
473,0.19251178617338996
474,0.19251178556410845
475,0.192511784954358
476,0.1925117843441374
477,0.19251178373344677
478,0.19251178312228528
479,0.19251178251065237
480,0.19251178189854742
481,0.19251178128597005
482,0.19251178067291952
483,0.19251178005939545
484,0.19251177944539716
485,0.19251177883092427
486,0.1925117782159761
487,0.19251177760055205
488,0.19251177698465216
489,0.1925117763682747
490,0.19251177575142023
491,0.19251177513408765
492,0.19251177451627643
493,0.19251177389798613
494,0.192511773279216
495,0.19251177265996564
496,0.1925117720402346
497,0.19251177142002246
498,0.19251177079932819
499,0.19251177017815146
500,0.19251176955649155
501,0.19251176893434802
502,0.19251176831172057
503,0.19251176768860825
504,0.19251176706501064
505,0.1925117664409271
506,0.19251176581635707
507,0.19251176519130028
508,0.19251176456575578
509,0.19251176393972302
510,0.19251176331320152
511,0.19251176268619077
512,0.19251176205869042
513,0.19251176143069954
514,0.19251176080221735
515,0.1925117601732439
516,0.19251175954377814
517,0.19251175891381958
518,0.19251175828336792
519,0.192511757652422
520,0.19251175702098194
521,0.19251175638904644
522,0.19251175575661544
523,0.19251175512368854
524,0.19251175449026445
525,0.19251175385634298
526,0.19251175322192376
527,0.19251175258700579
528,0.19251175195158857
529,0.1925117513156719
530,0.19251175067925438
531,0.1925117500423364
532,0.19251174940491683
533,0.19251174876699517
534,0.19251174812857053
535,0.1925117474896427
536,0.19251174685021108
537,0.19251174621027495
538,0.19251174556983344
539,0.19251174492888667
540,0.19251174428743326
541,0.1925117436454731
542,0.19251174300300553
543,0.19251174236002974
544,0.1925117417165453
545,0.19251174107255137
546,0.19251174042804794
547,0.19251173978303399
548,0.19251173913750835
549,0.1925117384914713
550,0.19251173784492212
551,0.19251173719785963
552,0.19251173655028397
553,0.1925117359021938
554,0.19251173525358908
555,0.19251173460446908
556,0.1925117339548327
557,0.19251173330467963
558,0.1925117326540097
559,0.19251173200282187
560,0.19251173135111538
561,0.19251173069888983
562,0.19251173004614458
563,0.19251172939287908
564,0.19251172873909272
565,0.19251172808478448
566,0.1925117274299539
567,0.19251172677460096
568,0.19251172611872433
569,0.19251172546232387
570,0.19251172480539816
571,0.19251172414794723
572,0.19251172348997062
573,0.19251172283146742
574,0.19251172217243678
575,0.1925117215128782
576,0.19251172085279128
577,0.192511720192175
578,0.19251171953102916
579,0.192511718869353
580,0.19251171820714558
581,0.19251171754440638
582,0.19251171688113503
583,0.19251171621733038
584,0.19251171555299254
585,0.19251171488812027
586,0.1925117142227131
587,0.1925117135567704
588,0.19251171289029168
589,0.19251171222327565
590,0.19251171155572225
591,0.19251171088763078
592,0.19251171021900051
593,0.19251170954983085
594,0.1925117088801211
595,0.19251170820987065
596,0.19251170753907856
597,0.19251170686774471
598,0.19251170619586763
599,0.19251170552344754
600,0.19251170485048333
601,0.19251170417697416
602,0.1925117035029198
603,0.19251170282831956
604,0.19251170215317262
605,0.19251170147747831
606,0.19251170080123595
607,0.19251170012444477
608,0.19251169944710425
609,0.19251169876921373
610,0.19251169809077273
611,0.19251169741178023
612,0.19251169673223564
613,0.19251169605213792
614,0.19251169537148724
615,0.19251169469028243
616,0.19251169400852286
617,0.192511693326208
618,0.19251169264333684
619,0.19251169195990905
620,0.19251169127592363
621,0.19251169059138018
622,0.19251168990627796
623,0.1925116892206161
624,0.19251168853439415
625,0.19251168784761116
626,0.1925116871602667
627,0.19251168647235994
628,0.19251168578389027
629,0.19251168509485686
630,0.19251168440525926
631,0.19251168371509647
632,0.19251168302436808
633,0.19251168233307323
634,0.1925116816412116
635,0.19251168094878168
636,0.1925116802557834
637,0.19251167956221574
638,0.19251167886807824
639,0.1925116781733702
640,0.19251167747809075
641,0.1925116767822392
642,0.19251167608581515
643,0.19251167538881744
644,0.19251167469124567
645,0.19251167399309901
646,0.19251167329437704
647,0.1925116725950785
648,0.19251167189520293
649,0.19251167119474996
650,0.1925116704937183
651,0.19251166979210732
652,0.19251166908991674
653,0.19251166838714553
654,0.19251166768379288
655,0.19251166697985833
656,0.1925116662753412
657,0.1925116655702403
658,0.19251166486455568
659,0.19251166415828566
660,0.19251166345143
661,0.19251166274398807
662,0.19251166203595899
663,0.19251166132734207
664,0.19251166061813665
665,0.19251165990834224
666,0.19251165919795726
667,0.19251165848698165
668,0.19251165777541449
669,0.19251165706325513
670,0.1925116563505029
671,0.192511655637157
672,0.1925116549232164
673,0.1925116542086805
674,0.1925116534935487
675,0.1925116527778203
676,0.1925116520614947
677,0.19251165134457043
678,0.19251165062704728
679,0.19251164990892453
680,0.19251164919020144
681,0.19251164847087726
682,0.19251164775095062
683,0.19251164703042134
684,0.19251164630928894
685,0.19251164558755227
686,0.19251164486521025
687,0.19251164414226257
688,0.1925116434187085
689,0.19251164269454737
690,0.19251164196977766
691,0.19251164124439926
692,0.19251164051841152
693,0.1925116397918135
694,0.19251163906460395
695,0.1925116383367827
696,0.1925116376083489
697,0.1925116368793017
698,0.19251163614964
699,0.19251163541936347
700,0.19251163468847143
701,0.1925116339569624
702,0.1925116332248361
703,0.19251163249209216
704,0.19251163175872868
705,0.1925116310247457
706,0.19251163029014282
707,0.19251162955491796
708,0.1925116288190711
709,0.19251162808260208
710,0.19251162734550886
711,0.19251162660779117
712,0.19251162586944887
713,0.19251162513047992
714,0.19251162439088443
715,0.19251162365066152
716,0.19251162290980972
717,0.19251162216832926
718,0.19251162142621858
719,0.19251162068347694
720,0.19251161994010413
721,0.1925116191960984
722,0.19251161845145967
723,0.19251161770618713
724,0.19251161696027932
725,0.1925116162137364
726,0.19251161546655646
727,0.1925116147187394
728,0.19251161397028455
729,0.1925116132211903
730,0.19251161247145693
731,0.19251161172108228
732,0.19251161097006678
733,0.192511610218409
734,0.19251160946610807
735,0.19251160871316358
736,0.19251160795957395
737,0.1925116072053395
738,0.19251160645045798
739,0.19251160569493003
740,0.1925116049387535
741,0.1925116041819285
742,0.19251160342445336
743,0.19251160266632852
744,0.19251160190755157
745,0.1925116011481231
746,0.19251160038804097
747,0.19251159962730569
748,0.19251159886591487
749,0.19251159810386934
750,0.19251159734116657
751,0.1925115965778073
752,0.19251159581378943
753,0.19251159504911317
754,0.19251159428377634
755,0.19251159351777958
756,0.19251159275112073
757,0.1925115919838001
758,0.19251159121581565
