1,0.1845945006291813
2,0.17215514577260485
3,0.17205356123198345
4,0.17205354730079925
5,0.17205353322981976
6,0.17205351920422673
7,0.17205350522380616
8,0.17205349128834566
9,0.1720534773976326
10,0.1720534635514564
11,0.17205344974960765
12,0.17205343599187822
13,0.1720534222780611
14,0.17205340860795146
15,0.17205339498134453
16,0.17205338139803725
17,0.17205336785782804
18,0.17205335436051666
19,0.17205334090590305
20,0.17205332749378963
21,0.17205331412397956
22,0.17205330079627665
23,0.17205328751048715
24,0.17205327426641698
25,0.1720532610638744
26,0.17205324790266854
27,0.17205323478260887
28,0.17205322170350798
29,0.1720532086651768
30,0.17205319566742996
31,0.1720531827100819
32,0.17205316979294832
33,0.17205315691584588
34,0.17205314407859335
35,0.17205313128100916
36,0.17205311852291358
37,0.17205310580412803
38,0.1720530931244747
39,0.17205308048377663
40,0.17205306788185892
41,0.1720530553185467
42,0.172053042793666
43,0.172053030307045
44,0.1720530178585117
45,0.17205300544789592
46,0.1720529930750283
47,0.17205298073974
48,0.17205296844186363
49,0.17205295618123276
50,0.1720529439576823
51,0.1720529317710467
52,0.17205291962116295
53,0.1720529075078686
54,0.17205289543100144
55,0.17205288339040092
56,0.17205287138590727
57,0.17205285941736156
58,0.17205284748460567
59,0.17205283558748222
60,0.17205282372583605
61,0.17205281189951083
62,0.1720528001083528
63,0.17205278835220814
64,0.17205277663092436
65,0.17205276494434957
66,0.17205275329233294
67,0.1720527416747247
68,0.17205273009137545
69,0.17205271854213688
70,0.17205270702686168
71,0.17205269554540306
72,0.1720526840976152
73,0.17205267268335359
74,0.17205266130247335
75,0.17205264995483163
76,0.17205263864028592
77,0.17205262735869423
78,0.17205261610991568
79,0.17205260489381033
80,0.17205259371023876
81,0.1720525825590622
82,0.17205257144014305
83,0.1720525603533441
84,0.17205254929852964
85,0.17205253827556358
86,0.17205252728431103
87,0.1720525163246389
88,0.17205250539641323
89,0.17205249449950172
90,0.1720524836337722
91,0.17205247279909394
92,0.17205246199533727
93,0.1720524512223717
94,0.17205244048006826
95,0.17205242976829935
96,0.17205241908693725
97,0.17205240843585526
98,0.17205239781492707
99,0.17205238722402738
100,0.1720523766630318
101,0.1720523661318158
102,0.17205235563025642
103,0.17205234515823073
104,0.17205233471561693
105,0.17205232430229347
106,0.1720523139181398
107,0.1720523035630359
108,0.17205229323686233
109,0.1720522829395001
110,0.1720522726708316
111,0.1720522624307389
112,0.17205225221910553
113,0.17205224203581515
114,0.1720522318807521
115,0.1720522217538016
116,0.172052211654849
117,0.1720522015837808
118,0.17205219154048387
119,0.17205218152484578
120,0.17205217153675392
121,0.1720521615760982
122,0.17205215164276677
123,0.1720521417366501
124,0.17205213185763832
125,0.17205212200562256
126,0.17205211218049443
127,0.17205210238214638
128,0.17205209261047022
129,0.17205208286536028
130,0.1720520731467098
131,0.17205206345441337
132,0.17205205378836616
133,0.1720520441484635
134,0.17205203453460124
135,0.17205202494667637
136,0.17205201538458578
137,0.17205200584822733
138,0.1720519963374992
139,0.17205198685230028
140,0.1720519773925294
141,0.17205196795808697
142,0.1720519585488726
143,0.17205194916478742
144,0.17205193980573322
145,0.17205193047161169
146,0.17205192116232454
147,0.17205191187777527
148,0.17205190261786693
149,0.17205189338250357
150,0.17205188417158943
151,0.17205187498502958
152,0.17205186582272905
153,0.17205185668459388
154,0.17205184757053005
155,0.17205183848044506
156,0.17205182941424507
157,0.17205182037183853
158,0.1720518113531338
159,0.1720518023580388
160,0.17205179338646334
161,0.17205178443831662
162,0.17205177551350875
163,0.17205176661195035
164,0.17205175773355252
165,0.17205174887822583
166,0.17205174004588303
167,0.17205173123643616
168,0.1720517224497977
169,0.1720517136858808
170,0.17205170494459956
171,0.17205169622586727
172,0.17205168752959893
173,0.17205167885570943
174,0.17205167020411377
175,0.17205166157472748
176,0.17205165296746752
177,0.17205164438224976
178,0.17205163581899138
179,0.1720516272776097
180,0.17205161875802305
181,0.17205161026014865
182,0.17205160178390577
183,0.17205159332921355
184,0.17205158489599076
185,0.17205157648415806
186,0.17205156809363492
187,0.1720515597243418
188,0.17205155137620073
189,0.172051543049132
190,0.1720515347430579
191,0.17205152645790062
192,0.17205151819358233
193,0.17205150995002608
194,0.17205150172715494
195,0.17205149352489335
196,0.17205148534316436
197,0.17205147718189287
198,0.17205146904100338
199,0.172051460920421
200,0.1720514528200714
201,0.1720514447398804
202,0.172051436679774
203,0.17205142863967898
204,0.17205142061952197
205,0.17205141261923063
206,0.172051404638732
207,0.1720513966779546
208,0.17205138873682638
209,0.17205138081527604
210,0.17205137291323244
211,0.17205136503062504
212,0.17205135716738362
213,0.17205134932343807
214,0.17205134149871884
215,0.17205133369315614
216,0.17205132590668107
217,0.17205131813922533
218,0.1720513103907205
219,0.17205130266109822
220,0.17205129495029092
221,0.17205128725823127
222,0.17205127958485206
223,0.1720512719300866
224,0.17205126429386836
225,0.17205125667613128
226,0.1720512490768097
227,0.17205124149583764
228,0.1720512339331502
229,0.17205122638868256
230,0.17205121886236976
231,0.17205121135414814
232,0.17205120386395284
233,0.17205119639172092
234,0.1720511889373888
235,0.1720511815008926
236,0.17205117408217066
237,0.17205116668115966
238,0.1720511592977976
239,0.17205115193202264
240,0.17205114458377294
241,0.17205113725298715
242,0.17205112993960414
243,0.17205112264356312
244,0.17205111536480366
245,0.17205110810326546
246,0.1720511008588884
247,0.172051093631613
248,0.17205108642137973
249,0.17205107922812943
250,0.17205107205180314
251,0.17205106489234218
252,0.1720510577496883
253,0.1720510506237834
254,0.17205104351456968
255,0.17205103642198974
256,0.17205102934598596
257,0.17205102228650115
258,0.1720510152434793
259,0.1720510082168629
260,0.17205100120659653
261,0.17205099421262346
262,0.1720509872348888
263,0.1720509802733362
264,0.17205097332791097
265,0.17205096639855727
266,0.17205095948522123
267,0.1720509525878483
268,0.17205094570638352
269,0.17205093884077352
270,0.17205093199096425
271,0.172050925156902
272,0.17205091833853353
273,0.17205091153580607
274,0.17205090474866638
275,0.17205089797706216
276,0.17205089122094078
277,0.1720508844802505
278,0.1720508777549388
279,0.17205087104495453
280,0.1720508643502462
281,0.17205085767076242
282,0.17205085100645184
283,0.1720508443572645
284,0.17205083772314922
285,0.17205083110405606
286,0.17205082449993467
287,0.1720508179107355
288,0.17205081133640826
289,0.1720508047769041
290,0.1720507982321736
291,0.17205079170216786
292,0.17205078518683764
293,0.1720507786861347
294,0.17205077220001078
295,0.17205076572841763
296,0.17205075927130714
297,0.1720507528286317
298,0.17205074640034368
299,0.1720507399863959
300,0.17205073358674103
301,0.17205072720133235
302,0.17205072083012315
303,0.17205071447306688
304,0.17205070813011686
305,0.17205070180122725
306,0.17205069548635235
307,0.17205068918544658
308,0.1720506828984634
309,0.1720506766253584
310,0.17205067036608643
311,0.17205066412060194
312,0.17205065788886098
313,0.1720506516708184
314,0.17205064546642998
315,0.1720506392756517
316,0.1720506330984394
