1,0.24337346697464776
2,0.2433570712507883
3,0.24333799403615378
4,0.2433155202098548
5,0.24328865622596624
6,0.24325597991773532
7,0.24321538177124055
8,0.2431635932993578
9,0.24309526583938998
10,0.24300100583147557
11,0.24286266760645792
12,0.24264008412414131
13,0.24222308166835177
14,0.24164148300548882
15,0.24094789652663667
16,0.2300251103253829
17,0.20235025315671856
18,0.20189195876856886
19,0.2013851983429005
20,0.20082964589121613
21,0.20023427844271202
22,0.1996140018455909
23,0.19898821354281476
24,0.19837785193516078
25,0.1978020086748518
26,0.19727527238320774
27,0.196806427195693
28,0.19639851732574704
29,0.1960499009310616
30,0.1957557656354374
31,0.19550962746313716
32,0.19530451583773248
33,0.1951337502996245
34,0.1949913546564547
35,0.19487221158933296
36,0.1947720603430757
37,0.19468741501613984
38,0.19461545288351365
39,0.19455390021094476
40,0.1945009286267597
41,0.19445506678460195
42,0.19441512773586686
43,0.19438015049062385
44,0.19434935358624708
45,0.19432209845106255
46,0.19429786058631146
47,0.19427620690936717
48,0.19425677791791998
49,0.1942392736137238
50,0.19422344235580472
51,0.1942090719984624
52,0.19419598281514533
53,0.19418402182245037
54,0.19417305820579192
55,0.1941629796153868
56,0.19415368915272244
57,0.19414510290725773
58,0.19413714793357884
59,0.19412976058271542
60,0.19412288511953207
61,0.19411647257221734
62,0.1941104797709061
63,0.1941048685410949
64,0.19409960502426984
65,0.19409465910351226
66,0.19409000391608194
67,0.1940856154383404
68,0.19408147213106822
69,0.19407755463538737
70,0.1940738455112381
71,0.19407032901175608
72,0.19406699088804996
73,0.19406381821979257
74,0.1940607992678012
75,0.19405792334541955
76,0.19405518070599745
77,0.1940525624442208
78,0.1940500604093649
79,0.19404766712886135
80,0.19404537574079272
81,0.1940431799341437
82,0.19404107389580494
83,0.19403905226347024
84,0.19403711008368527
85,0.1940352427744146
86,0.19403344609157847
87,0.1940317160990802
88,0.19403004914191574
89,0.19402844182200749
90,0.194026890976447
91,0.19402539365787658
92,0.19402394711677395
93,0.19402254878542727
94,0.19402119626341935
95,0.19401988730445943
96,0.19401861980442214
97,0.19401739179046715
98,0.19401620141112577
99,0.19401504692726385
100,0.194013926703826
101,0.19401283920228782
102,0.1940117829737466
103,0.19401075665259043
104,0.19400975895068592
105,0.1940087886520445
106,0.19400784460791137
107,0.19400692573225203
108,0.19400603099758612
109,0.19400515943115007
110,0.1940043101113512
111,0.19400348216449081
112,0.19400267476173427
113,0.19400188711630342
114,0.19400111848087645
115,0.19400036814517566
116,0.19399963543372709
117,0.19399891970377983
118,0.1939982203433705
119,0.19399753676952403
120,0.1939968684265741
121,0.19399621478460052
122,0.19399557533797163
123,0.19399494960398106
124,0.19399433712157715
125,0.1939937374501742
126,0.19399315016853882
127,0.1939925748737492
128,0.19399201118022105
129,0.19399145871879053
130,0.19399091713585875
131,0.1939903860925866
132,0.1939898652641376
133,0.19398935433896827
134,0.1939888530181598
135,0.19398836101479058
136,0.19398787805334228
137,0.19398740386914518
138,0.19398693820785065
139,0.19398648082493797
140,0.19398603148524532
141,0.1939855899625297
142,0.19398515603905003
143,0.1939847295051735
144,0.19398431015900364
145,0.1939838978060283
146,0.19398349225878658
147,0.19398309333655286
148,0.1939827008650394
149,0.19398231467611202
150,0.19398193460752194
151,0.19398156050265208
152,0.19398119221027516
153,0.19398082958432308
154,0.19398047248367153
155,0.1939801207719309
156,0.19397977431725064
157,0.193979432992133
158,0.19397909667325294
159,0.1939787652412919
160,0.19397843858077282
161,0.19397811657991054
162,0.19397779913046262
163,0.19397748612759208
164,0.19397717746973256
165,0.1939768730584632
166,0.1939765727983869
167,0.19397627659701555
168,0.1939759843646581
169,0.19397569601431788
170,0.1939754114615904
171,0.1939751306245675
172,0.1939748534237452
173,0.19397457978193672
174,0.19397430962418818
175,0.19397404287769718
176,0.1939737794717369
177,0.1939735193375819
178,0.1939732624084378
179,0.19397300861937253
180,0.19397275790725405
181,0.19397251021068482
182,0.1939722654699449
183,0.1939720236269335
184,0.193971784625114
185,0.19397154840946218
186,0.1939713149264149
187,0.1939710841238221
188,0.19397085595089958
189,0.19397063035818474
190,0.1939704072974933
191,0.1939701867218782
192,0.19396996858558907
193,0.19396975284403517
194,0.1939695394537476
195,0.1939693283723443
196,0.19396911955849575
197,0.1939689129718927
198,0.19396870857321388
199,0.19396850632409593
200,0.19396830618710414
201,0.19396810812570456
202,0.19396791210423547
203,0.19396771808788318
204,0.19396752604265463
205,0.19396733593535453
206,0.19396714773356138
207,0.19396696140560438
208,0.1939667769205423
209,0.19396659424814125
210,0.1939664133588553
211,0.193966234223807
212,0.1939660568147669
213,0.19396588110413576
214,0.19396570706492813
215,0.19396553467075325
216,0.1939653638958
217,0.19396519471481935
218,0.1939650271031106
219,0.19396486103650495
220,0.1939646964913517
221,0.19396453344450418
222,0.19396437187330542
223,0.19396421175557693
224,0.19396405306960338
225,0.19396389579412227
226,0.19396373990831178
227,0.19396358539177805
228,0.19396343222454485
229,0.19396328038704308
230,0.19396312986010017
231,0.1939629806249284
232,0.1939628326631175
233,0.1939626859566232
234,0.19396254048775868
235,0.19396239623918587
236,0.193962253193906
237,0.19396211133525199
238,0.19396197064687914
239,0.19396183111275864
240,0.1939616927171689
241,0.19396155544468732
242,0.19396141928018495
243,0.19396128420881897
244,0.1939611502160233
245,0.19396101728750514
246,0.19396088540923756
247,0.19396075456745243
248,0.19396062474863493
249,0.1939604959395174
250,0.1939603681270739
251,0.1939602412985146
252,0.19396011544127903
253,0.19395999054303337
254,0.19395986659166295
255,0.19395974357526863
256,0.193959621482161
257,0.193959500300856
258,0.1939593800200709
259,0.19395926062871846
260,0.1939591421159045
261,0.19395902447092167
262,0.1939589076832467
263,0.193958791742536
264,0.19395867663862065
265,0.19395856236150485
266,0.1939584489013601
267,0.1939583362485229
268,0.1939582243934902
269,0.1939581133269171
270,0.19395800303961236
271,0.19395789352253637
272,0.19395778476679676
273,0.19395767676364575
274,0.1939575695044776
275,0.1939574629808255
276,0.1939573571843577
277,0.19395725210687634
278,0.19395714774031356
279,0.1939570440767291
280,0.19395694110830858
281,0.1939568388273581
282,0.19395673722630677
283,0.19395663629769944
284,0.19395653603419682
285,0.19395643642857277
286,0.1939563374737115
287,0.1939562391626068
288,0.1939561414883584
289,0.19395604444416992
290,0.19395594802334884
291,0.19395585221930148
292,0.19395575702553366
293,0.19395566243564757
294,0.19395556844333972
295,0.19395547504240035
296,0.19395538222670994
297,0.1939552899902395
298,0.19395519832704688
299,0.19395510723127676
300,0.19395501669715737
301,0.19395492671900103
302,0.19395483729120092
303,0.19395474840823018
304,0.19395466006464038
305,0.19395457225506024
306,0.193954484974194
307,0.19395439821682006
308,0.19395431197778973
309,0.1939542262520263
310,0.19395414103452285
311,0.19395405632034177
312,0.19395397210461315
313,0.19395388838253388
314,0.19395380514936608
315,0.19395372240043635
316,0.19395364013113467
317,0.1939535583369125
318,0.19395347701328253
319,0.193953396155818
320,0.19395331576014968
321,0.19395323582196763
322,0.19395315633701862
323,0.19395307730110398
324,0.19395299871008168
325,0.19395292055986293
326,0.1939528428464123
327,0.1939527655657462
328,0.19395268871393342
329,0.19395261228709232
330,0.19395253628139092
331,0.19395246069304659
332,0.19395238551832483
333,0.19395231075353747
334,0.19395223639504425
335,0.1939521624392491
336,0.1939520888826027
337,0.19395201572159798
338,0.19395194295277324
339,0.1939518705727084
340,0.19395179857802622
341,0.1939517269653906
342,0.19395165573150602
343,0.1939515848731181
344,0.19395151438701094
345,0.19395144427000854
346,0.1939513745189722
347,0.19395130513080172
348,0.19395123610243364
349,0.19395116743084084
350,0.19395109911303354
351,0.19395103114605536
352,0.19395096352698643
353,0.19395089625294012
354,0.19395082932106453
355,0.1939507627285407
356,0.19395069647258223
357,0.19395063055043593
358,0.193950564959379
359,0.19395049969672132
360,0.19395043475980311
361,0.1939503701459949
362,0.19395030585269762
363,0.1939502418773412
364,0.19395017821738525
365,0.19395011487031782
366,0.19395005183365524
367,0.1939499891049408
368,0.1939499266817468
369,0.19394986456167143
370,0.19394980274234055
371,0.19394974122140496
372,0.19394967999654222
373,0.1939496190654557
374,0.19394955842587272
375,0.1939494980755468
376,0.19394943801225456
377,0.19394937823379785
378,0.1939493187380024
379,0.19394925952271572
380,0.1939492005858101
381,0.19394914192517998
382,0.19394908353874238
383,0.19394902542443623
384,0.19394896758022265
385,0.1939489100040839
386,0.19394885269402398
387,0.1939487956480675
388,0.1939487388642601
389,0.19394868234066726
390,0.19394862607537508
391,0.19394857006648897
392,0.19394851431213467
393,0.19394845881045691
394,0.19394840355961884
395,0.19394834855780346
396,0.19394829380321157
397,0.19394823929406269
398,0.19394818502859446
399,0.1939481310050616
400,0.19394807722173762
401,0.1939480236769125
402,0.19394797036889352
403,0.19394791729600477
404,0.19394786445658777
405,0.19394781184899945
406,0.19394775947161394
407,0.19394770732282057
408,0.1939476554010258
409,0.19394760370465008
410,0.1939475522321304
411,0.19394750098191868
412,0.1939474499524824
413,0.19394739914230308
414,0.19394734854987733
415,0.19394729817371642
416,0.1939472480123457
417,0.19394719806430463
418,0.1939471483281467
419,0.19394709880243957
420,0.19394704948576375
421,0.19394700037671406
422,0.1939469514738974
423,0.19394690277593507
424,0.19394685428146077
425,0.19394680598912095
426,0.19394675789757518
427,0.19394671000549438
428,0.19394666231156335
429,0.19394661481447764
430,0.19394656751294606
431,0.19394652040568838
432,0.19394647349143665
433,0.19394642676893453
434,0.1939463802369368
435,0.19394633389421015
436,0.19394628773953196
437,0.19394624177169062
438,0.1939461959894864
439,0.1939461503917292
440,0.19394610497724005
441,0.1939460597448508
442,0.19394601469340397
443,0.1939459698217513
444,0.19394592512875572
445,0.19394588061329032
446,0.1939458362742372
447,0.19394579211048943
448,0.1939457481209493
449,0.19394570430452818
