1,0.21334188169978124
2,0.2126877032226508
3,0.21091861680166035
4,0.19768802995758775
5,0.17450324321543906
6,0.17442406070352764
7,0.17441532888564415
8,0.17440638695113664
9,0.1743972277585168
10,0.17438784406440208
11,0.17437822833956354
12,0.1743683727571682
13,0.17435826918065744
14,0.17434790915126847
15,0.1743372838752198
16,0.17432638421058347
17,0.1743152006538785
18,0.17430372332641966
19,0.17429194196047967
20,0.1742798458853168
21,0.17426742401314996
22,0.17425466482516705
23,0.17424155635767505
24,0.17422808618851748
25,0.17421424142391426
26,0.17420000868589652
27,0.17418537410054555
28,0.17417032328727902
29,0.17415484134946482
30,0.1741389128666865
31,0.17412252188903635
32,0.17410565193387106
33,0.17408828598551832
34,0.1740704064985077
35,0.17405199540496238
36,0.17403303412689045
37,0.1740135035941941
38,0.17399338426933936
39,0.17397265617972274
40,0.17395129895891037
41,0.1739292918980472
42,0.1739066140088759
43,0.1738832440999467
44,0.17385916086774988
45,0.17383434300463702
46,0.17380876932555095
47,0.17378241891569635
48,0.17375527130139487
49,0.17372730664643996
50,0.17369850597628964
51,0.1736688514324096
52,0.17363832655895256
53,0.1736069166237493
54,0.17357460897523985
55,0.17354139343646144
56,0.17350726273652467
57,0.17347221297908885
58,0.17343624414618553
59,0.17339936063428596
60,0.17336157181776407
61,0.1733228926328369
62,0.173283344172689
63,0.1732429542818378
64,0.17320175813491362
65,0.17315979878202387
66,0.17311712763987044
67,0.17307380490499877
68,0.17302989986317555
69,0.17298549106724376
70,0.17294066635517383
71,0.17289552268075517
72,0.17285016573177284
73,0.17280470931485464
74,0.17275927449260367
75,0.17271398846720487
76,0.17266898321519464
77,0.17262439389015682
78,0.17258035702310082
79,0.17253700856334545
80,0.1724944818148467
81,0.1724529053329907
82,0.1724124008538393
83,0.17237308133079518
84,0.17233504915204892
85,0.17229839460580434
86,0.17226319464943332
87,0.17222951202412998
88,0.17219739473944407
89,0.1721668759336579
90,0.1721379740978498
91,0.17211069363500817
92,0.172085025711951
93,0.172060949351835
94,0.17203843270910857
95,0.1720174344668877
96,0.17199790529848943
97,0.17197978933964772
98,0.17196302562493598
99,0.1719475494503087
100,0.17193329363261942
101,0.1719201896458197
102,0.1719081686217447
103,0.17189716221057094
104,0.1718871033019998
105,0.1718779266128846
106,0.1718695691504422
107,0.1718619705624456
108,0.1718550733870863
109,0.17184882321565656
110,0.17184316878105374
111,0.1718380619844853
112,0.17183345787182336
113,0.17182931456994685
114,0.17182559319219415
115,0.1718222577208346
116,0.17181927487328455
117,0.1718166139576892
118,0.1718142467224903
119,0.17181214720370236
120,0.1718102915728422
121,0.17180865798778683
122,0.17180722644826038
123,0.1718059786571893
124,0.1718048978887696
125,0.171803968863777
126,0.17180317763240124
127,0.17180251146469352
128,0.17180195874855372
129,0.1718015088950872
130,0.17180115225106213
131,0.17180088001815652
132,0.1718006841786327
133,0.1718005574270646
134,0.17180049310773282
135,0.1718004851572944
136,0.17180052805235604
137,0.1718006167615742
138,0.17180074670193216
139,0.17180091369886508
140,0.17180111394990671
141,0.17180134399157218
142,0.17180160066919603
143,0.1718018811094733
144,0.17180218269546363
145,0.17180250304384403
146,0.17180283998421095
147,0.171803191540243
148,0.17180355591256363
149,0.17180393146314302
150,0.1718043167011048
151,0.17180471026980573
152,0.17180511093507597
153,0.17180551757451124
154,0.17180592916771942
155,0.17180634478743967
156,0.17180676359144953
157,0.17180718481518872
158,0.17180760776503792
159,0.17180803181218646
160,0.1718084563870434
161,0.1718088809741355
162,0.1718093051074521
163,0.17180972836619496
164,0.1718101503708992
165,0.17181057077988665
166,0.17181098928602906
167,0.1718114056137867
168,0.17181181951650265
169,0.1718122307739277
170,0.17181263918995643
171,0.17181304459055577
172,0.17181344682186928
173,0.17181384574848027
174,0.17181424125182324
175,0.17181463322872795
176,0.17181502159008427
177,0.1718154062596205
178,0.17181578717278298
179,0.1718161642757087
180,0.1718165375242827
181,0.17181690688327553
182,0.17181727232554958
183,0.17181763383133308
184,0.1718179913875518
185,0.17181834498721885
186,0.17181869462887145
187,0.17181904031605652
188,0.17181938205685665
189,0.17181971986345693
190,0.17182005375174525
191,0.17182038374094702
192,0.17182070985329026
193,0.17182103211369526
194,0.17182135054949485
195,0.1718216651901713
196,0.17182197606712177
197,0.1718222832134378
198,0.17182258666370626
199,0.1718228864538247
200,0.1718231826208347
201,0.171823475202766
202,0.17182376423849652
203,0.17182404976762328
204,0.17182433183034265
205,0.1718246104673449
206,0.1718248857197126
207,0.17182515762883274
208,0.1718254262363128
209,0.17182569158390673
210,0.1718259537134462
211,0.1718262126667788
212,0.17182646848571057
213,0.17182672121195666
214,0.1718269708870923
215,0.17182721755251376
216,0.17182746124939793
217,0.17182770201866968
218,0.1718279399009699
219,0.17182817493662997
220,0.17182840716564457
221,0.1718286366276528
222,0.1718288633619155
223,0.17182908740730105
224,0.17182930880226846
225,0.17182952758485479
226,0.17182974379266455
227,0.17182995746285848
228,0.17183016863214695
229,0.17183037733678183
230,0.1718305836125514
231,0.17183078749477562
232,0.1718309890183039
233,0.17183118821751012
234,0.17183138512629337
235,0.17183157977807675
236,0.1718317722058059
237,0.171831962441951
238,0.17183215051850775
239,0.17183233646699822
240,0.17183252031847462
241,0.17183270210351975
242,0.17183288185225243
243,0.1718330595943295
244,0.1718332353589503
245,0.1718334091748596
246,0.1718335810703535
247,0.17183375107328236
248,0.1718339192110571
249,0.17183408551065255
250,0.17183424999861366
251,0.17183441270106053
252,0.1718345736436933
253,0.17183473285179765
254,0.17183489035025024
255,0.17183504616352532
256,0.17183520031569838
257,0.17183535283045384
258,0.17183550373108897
259,0.17183565304052065
260,0.17183580078129157
261,0.1718359469755735
262,0.17183609164517608
263,0.1718362348115509
264,0.1718363764957963
265,0.1718365167186654
266,0.17183665550056873
267,0.1718367928615831
268,0.17183692882145354
269,0.1718370633996019
270,0.17183719661513033
271,0.17183732848682742
272,0.17183745903317285
273,0.17183758827234377
274,0.1718377162222187
275,0.17183784290038323
276,0.1718379683241354
277,0.17183809251049068
278,0.17183821547618525
279,0.17183833723768346
280,0.1718384578111803
281,0.1718385772126079
282,0.17183869545763925
283,0.17183881256169184
284,0.17183892853993465
285,0.17183904340729017
286,0.17183915717844003
287,0.17183926986782877
288,0.17183938148966862
289,0.1718394920579428
290,0.17183960158641043
291,0.17183971008861015
292,0.1718398175778637
293,0.17183992406728058
294,0.17184002956976116
295,0.17184013409800095
296,0.17184023766449402
297,0.171840340281536
298,0.17184044196122908
299,0.1718405427154839
300,0.1718406425560244
301,0.17184074149438994
302,0.17184083954193913
303,0.1718409367098528
304,0.17184103300913847
305,0.1718411284506311
306,0.17184122304499852
307,0.17184131680274245
308,0.17184140973420312
309,0.17184150184956035
310,0.17184159315883876
311,0.17184168367190797
312,0.17184177339848725
313,0.17184186234814752
314,0.1718419505303135
315,0.1718420379542669
316,0.17184212462914916
317,0.17184221056396293
318,0.17184229576757576
319,0.17184238024872112
320,0.17184246401600217
321,0.17184254707789293
322,0.171842629442741
323,0.17184271111876975
324,0.17184279211408024
325,0.17184287243665408
326,0.17184295209435435
327,0.17184303109492882
328,0.17184310944601128
329,0.1718431871551231
330,0.1718432642296765
331,0.17184334067697496
332,0.17184341650421633
333,0.17184349171849336
334,0.17184356632679726
335,0.17184364033601737
336,0.17184371375294447
337,0.1718437865842716
338,0.17184385883659625
339,0.17184393051642138
340,0.171844001630158
341,0.17184407218412565
342,0.17184414218455446
343,0.17184421163758618
344,0.1718442805492773
345,0.17184434892559783
346,0.17184441677243467
347,0.171844484095593
348,0.17184455090079667
349,0.17184461719368918
350,0.17184468297983757
351,0.17184474826473073
352,0.17184481305378208
353,0.17184487735233078
354,0.17184494116564245
355,0.17184500449891152
356,0.17184506735726027
357,0.17184512974574304
358,0.171845191669344
359,0.17184525313298124
360,0.17184531414150492
361,0.17184537469970163
362,0.17184543481229278
363,0.17184549448393646
364,0.17184555371922966
365,0.1718456125227069
366,0.17184567089884287
367,0.17184572885205374
368,0.1718457863866966
369,0.1718458435070716
370,0.17184590021742197
371,0.17184595652193554
372,0.17184601242474604
373,0.17184606792993218
374,0.17184612304152055
375,0.17184617776348546
376,0.1718462320997498
377,0.17184628605418542
378,0.17184633963061482
379,0.1718463928328119
380,0.17184644566450152
381,0.1718464981293611
382,0.1718465502310219
383,0.1718466019730688
384,0.17184665335904115
385,0.17184670439243344
386,0.1718467550766968
387,0.1718468054152388
388,0.17184685541142417
389,0.17184690506857558
390,0.1718469543899745
391,0.17184700337886177
392,0.17184705203843736
393,0.17184710037186265
394,0.1718471483822597
395,0.17184719607271165
396,0.17184724344626462
397,0.1718472905059271
398,0.17184733725467072
399,0.1718473836954313
400,0.1718474298311089
401,0.17184747566456848
402,0.17184752119864025
403,0.17184756643612029
404,0.17184761137977164
405,0.1718476560323236
406,0.17184770039647335
407,0.17184774447488557
408,0.17184778827019317
409,0.17184783178499816
410,0.17184787502187165
411,0.17184791798335464
412,0.17184796067195768
413,0.1718480030901623
414,0.17184804524042033
415,0.17184808712515648
416,0.17184812874676536
417,0.17184817010761466
418,0.17184821121004504
419,0.17184825205636892
420,0.17184829264887305
421,0.1718483329898174
422,0.17184837308143625
423,0.1718484129259382
424,0.1718484525255066
425,0.17184849188229975
426,0.17184853099845168
427,0.17184856987607208
428,0.17184860851724734
429,0.17184864692403903
430,0.17184868509848658
431,0.17184872304260676
432,0.17184876075839287
433,0.171848798247816
434,0.17184883551282606
435,0.17184887255535083
436,0.17184890937729655
437,0.17184894598054862
438,0.17184898236697138
439,0.17184901853840895
440,0.17184905449668492
441,0.17184909024360318
442,0.1718491257809479
443,0.17184916111048326
444,0.17184919623395495
445,0.17184923115308934
