1,0.14895091993323792
2,0.14894919475526375
3,0.1489475087421964
4,0.1489458155424002
5,0.14894411511020278
6,0.1489424073995466
7,0.14894069236398422
8,0.1489389699566751
9,0.14893724013038134
10,0.14893550283746249
11,0.14893375802987285
12,0.1489320056591561
13,0.1489302456764405
14,0.1489284780324362
15,0.14892670267742905
16,0.14892491956127674
17,0.14892312863340415
18,0.14892132984279913
19,0.148919523138007
20,0.14891770846712601
21,0.14891588577780296
22,0.14891405501722793
23,0.14891221613212935
24,0.14891036906876878
25,0.14890851377293632
26,0.14890665018994495
27,0.14890477826462561
28,0.1489028979413219
29,0.14890100916388427
30,0.14889911187566526
31,0.14889720601951378
32,0.14889529153776898
33,0.1488933683722553
34,0.14889143646427627
35,0.14888949575460952
36,0.1488875461834994
37,0.14888558769065252
38,0.1488836202152309
39,0.14888164369584586
40,0.14887965807055253
41,0.14887766327684257
42,0.14887565925163807
43,0.14887364593128613
44,0.14887162325155012
45,0.14886959114760598
46,0.14886754955403217
47,0.14886549840480612
48,0.14886343763329496
49,0.14886136717224938
50,0.14885928695379655
51,0.14885719690943292
52,0.14885509697001675
53,0.1488529870657607
54,0.14885086712622483
55,0.1488487370803078
56,0.14884659685624077
57,0.14884444638157826
58,0.14884228558319115
59,0.14884011438725728
60,0.14883793271925527
61,0.14883574050395448
62,0.1488335376654077
63,0.14883132412694186
64,0.1488290998111503
65,0.148826864639883
66,0.14882461853423878
67,0.14882236141455524
68,0.14882009320040052
69,0.1488178138105634
70,0.1488155231630442
71,0.14881322117504533
72,0.14881090776296144
73,0.14880858284236942
74,0.14880624632801923
75,0.14880389813382278
76,0.1488015381728442
77,0.1487991663572897
78,0.14879678259849655
79,0.14879438680692278
80,0.14879197889213552
81,0.1487895587628014
82,0.14878712632667407
83,0.14878468149058324
84,0.14878222416042353
85,0.14877975424114212
86,0.14877727163672794
87,0.1487747762501979
88,0.14877226798358678
89,0.14876974673793317
90,0.1487672124132676
91,0.14876466490859963
92,0.14876210412190477
93,0.14875952995011157
94,0.14875694228908803
95,0.1487543410336281
96,0.14875172607743767
97,0.14874909731312086
98,0.1487464546321658
99,0.14874379792493017
100,0.148741127080626
101,0.14873844198730615
102,0.14873574253184715
103,0.1487330285999359
104,0.148730300076053
105,0.14872755684345673
106,0.14872479878416783
107,0.1487220257789522
108,0.1487192377073053
109,0.14871643444743413
110,0.14871361587624132
111,0.14871078186930684
112,0.1487079323008707
113,0.14870506704381514
114,0.14870218596964588
115,0.14869928894847392
116,0.14869637584899695
117,0.1486934465384796
118,0.14869050088273456
119,0.1486875387461027
120,0.14868455999143232
121,0.1486815644800599
122,0.14867855207178843
123,0.14867552262486664
124,0.1486724759959677
125,0.14866941204016698
126,0.14866633061092058
127,0.14866323156004235
128,0.14866011473768104
129,0.14865697999229724
130,0.14865382717063894
131,0.14865065611771913
132,0.14864746667678994
133,0.14864425868931744
134,0.14864103199495818
135,0.1486377864315317
136,0.14863452183499515
137,0.14863123803941686
138,0.14862793487694842
139,0.1486246121777985
140,0.14862126977020348
141,0.1486179074804
142,0.14861452513259543
143,0.14861112254893863
144,0.14860769954949013
145,0.14860425595219132
146,0.14860079157283335
147,0.14859730622502615
148,0.148593799720166
149,0.1485902718674021
150,0.1485867224736047
151,0.1485831513433303
152,0.1485795582787872
153,0.1485759430798012
154,0.14857230554377882
155,0.14856864546567192
156,0.14856496263794017
157,0.1485612568505136
158,0.14855752789075446
159,0.14855377554341764
160,0.1485499995906114
161,0.1485461998117571
162,0.14854237598354733
163,0.14853852787990487
164,0.14853465527193893
165,0.14853075792790268
166,0.14852683561314828
167,0.14852288809008207
168,0.14851891511811832
169,0.14851491645363293
170,0.14851089184991512
171,0.14850684105711937
172,0.14850276382221575
173,0.1484986598889393
174,0.1484945289977387
175,0.1484903708857247
176,0.1484861852866152
177,0.14848197193068224
178,0.1484777305446964
179,0.14847346085186977
180,0.14846916257179865
181,0.1484648354204052
182,0.14846047910987695
183,0.14845609334860685
184,0.14845167784113017
185,0.14844723228806136
186,0.14844275638603008
187,0.14843824982761433
188,0.14843371230127403
189,0.1484291434912822
190,0.14842454307765512
191,0.14841991073608113
192,0.14841524613784793
193,0.14841054894976846
194,0.14840581883410484
195,0.14840105544849233
196,0.1483962584458595
197,0.14839142747434847
198,0.1483865621772325
199,0.14838166219283333
200,0.14837672715443442
201,0.14837175669019548
202,0.14836675042306244
203,0.14836170797067694
204,0.14835662894528417
205,0.148351512953638
206,0.1483463595969042
207,0.1483411684705626
208,0.14833593916430637
209,0.1483306712619384
210,0.14832536434126786
211,0.14832001797400152
212,0.1483146317256361
213,0.14830920515534488
214,0.1483037378158647
215,0.14829822925337882
216,0.1482926790073976
217,0.14828708661063786
218,0.1482814515888976
219,0.14827577346092913
220,0.14827005173830943
221,0.14826428592530755
222,0.1482584755187488
223,0.14825262000787615
224,0.14824671887420893
225,0.14824077159139754
226,0.14823477762507584
227,0.14822873643270917
228,0.14822264746344063
229,0.14821651015793186
230,0.1482103239482012
231,0.1482040882574589
232,0.14819780249993733
233,0.1481914660807178
234,0.1481850783955534
235,0.1481786388306879
236,0.14817214676267063
237,0.1481656015581656
238,0.14815900257375889
239,0.14815234915575887
240,0.14814564063999314
241,0.14813887635160056
242,0.14813205560481818
243,0.1481251777027627
244,0.14811824193720782
245,0.14811124758835462
246,0.14810419392459884
247,0.1480970802022899
248,0.14808990566548574
249,0.14808266954570162
250,0.1480753710616516
251,0.14806800941898604
252,0.14806058381001982
253,0.14805309341345604
254,0.1480455373941019
255,0.14803791490257767
256,0.14803022507501878
257,0.14802246703277014
258,0.14801463988207253
259,0.14800674271374167
260,0.1479987746028389
261,0.14799073460833348
262,0.14798262177275637
263,0.147974435121845
264,0.14796617366417938
265,0.14795783639080762
266,0.1479494222748641
267,0.1479409302711751
268,0.1479323593158554
269,0.14792370832589466
270,0.14791497619873226
271,0.1479061618118216
272,0.1478972640221815
273,0.1478882816659376
274,0.14787921355784966
275,0.14787005849082835
276,0.1478608152354358
277,0.14785148253937636
278,0.14784205912697085
279,0.14783254369861776
280,0.14782293493023932
281,0.14781323147271194
282,0.1478034319512826
283,0.14779353496496625
284,0.14778353908592995
285,0.1477734428588562
286,0.14776324480029152
287,0.147752943397975
288,0.14774253711014756
289,0.1477320243648434
290,0.1477214035591596
291,0.14771067305850522
292,0.14769983119582936
293,0.14768887627082597
294,0.1476778065491172
295,0.14766662026141103
296,0.14765531560263553
297,0.14764389073104756
298,0.14763234376731463
299,0.14762067279357066
300,0.14760887585244273
301,0.14759695094604833
302,0.14758489603496389
303,0.14757270903716252
304,0.14756038782691625
305,0.14754793023366963
306,0.14753533404087588
307,0.14752259698479758
308,0.14750971675327215
309,0.14749669098443735
310,0.1474835172654177
311,0.1474701931309709
312,0.14745671606209027
313,0.14744308348456453
314,0.14742929276749156
315,0.1474153412217441
316,0.14740122609838885
317,0.1473869445870521
318,0.14737249381423487
319,0.14735787084157262
320,0.14734307266403854
321,0.14732809620808854
322,0.14731293832974582
323,0.147297595812621
324,0.14728206536586833
325,0.1472663436220728
326,0.14725042713506883
327,0.1472343123776825
328,0.14721799573940123
329,0.1472014735239622
330,0.14718474194686115
331,0.14716779713277275
332,0.14715063511288667
333,0.1471332518221489
334,0.14711564309640854
335,0.1470978046694659
336,0.1470797321700178
337,0.14706142111849346
338,0.14704286692378235
339,0.14702406487984415
340,0.1470050101621977
341,0.14698569782428625
342,0.1469661227937121
343,0.14694627986833358
344,0.1469261637122232
345,0.14690576885147752
346,0.14688508966987443
347,0.14686412040437077
348,0.1468428551404339
349,0.1468212878072014
350,0.14679941217245934
351,0.14677722183743452
352,0.1467547102313893
353,0.14673187060601606
354,0.14670869602961467
355,0.14668517938105413
356,0.14666131334349877
357,0.1466370903978974
358,0.14661250281622
359,0.14658754265443275
360,0.14656220174520143
361,0.14653647169030945
362,0.14651034385277856
363,0.1464838093486812
364,0.14645685903862776
365,0.14642948351891868
366,0.14640167311234167
367,0.14637341785860422
368,0.14634470750438033
369,0.14631553149295753
370,0.14628587895346576
371,0.14625573868966932
372,0.146225099168303
373,0.14619394850693185
374,0.1461622744613138
375,0.14613006441224316
376,0.1460973053518518
377,0.14606398386934424
378,0.14603008613614088
379,0.14599559789040378
380,0.14596050442091885
381,0.1459247905503019
382,0.14588844061750508
383,0.14585143845958692
384,0.14581376739271704
385,0.14577541019238188
386,0.1457363490727554
387,0.14569656566519917
388,0.14565604099585538
389,0.14561475546229244
390,0.14557268880916363
391,0.1455298201028374
392,0.1454861277049564
393,0.14544158924488107
394,0.14539618159097173
395,0.14534988082066364
396,0.14530266218928717
397,0.14525450009758362
398,0.14520536805786802
399,0.14515523865878877
400,0.14510408352863396
401,0.14505187329713223
402,0.14499857755569984
403,0.14494416481608266
404,0.14488860246734475
405,0.14483185673115592
406,0.14477389261533238
407,0.14471467386559142
408,0.14465416291547695
409,0.14459232083442541
410,0.1445291072739439
411,0.1444644804118781
412,0.1443983968947617
413,0.1443308117782419
414,0.14426167846559637
415,0.14419094864436577
416,0.1441185722211475
417,0.1440444972546151
418,0.14396866988685317
419,0.14389103427312597
420,0.14381153251023163
421,0.14373010456362953
422,0.14364668819358015
423,0.14356121888057632
424,0.1434736297504183
425,0.14338385149934083
426,0.14329181231968677
427,0.14319743782670877
428,0.1431006509871807
429,0.14300137205062277
430,0.1428995184840743
431,0.14279500491150054
432,0.14268774305909093
433,0.142577641707907
434,0.14246460665555088
435,0.1423485406887807
436,0.14222934356928044
437,0.14210691203510142
438,0.1419811398206498
439,0.14185191769849093
440,0.14171913354667506
441,0.14158267244577905
442,0.14144241681039757
443,0.14129824656040116
444,0.1411500393379376
445,0.1409976707768341
446,0.1408410148318349
447,0.14067994417589924
448,0.14051433067464508
449,0.14034404594791117
450,0.14016896202931675
451,0.139988952135621
452,0.13980389155855494
453,0.13961365869264702
454,0.13941813621326446
455,0.13921721241965543
456,0.139010782758086
457,0.13879875154014557
458,0.13858103387082407
459,0.13835755779992798
460,0.1381282667086257
461,0.13789312194022488
462,0.1376521056804947
463,0.13740522408771835
464,0.13715251066597633
465,0.13689402986668633
466,0.13662988089293535
467,0.1363602016684677
468,0.13608517291819752
469,0.13580502228981947
470,0.13552002842658967
471,0.135230524880017
472,0.13493690372860476
473,0.13463961874583988
474,0.13433918793860458
475,0.1340361952577565
476,0.13373129126785538
477,0.1334251925553195
478,0.1331186796563902
479,0.13281259330087217
480,0.132507828797343
481,0.1322053284324013
482,0.13190607182168662
483,0.13161106423366345
484,0.13132132300645646
485,0.13103786228933414
486,0.13076167645747577
487,0.13049372266312437
488,0.13023490308831953
489,0.12998604754355558
490,0.12974789710288376
491,0.12952108947085597
492,0.12930614673511953
493,0.1291034660694423
494,0.1289133138193394
495,0.1287358232349878
496,0.12857099592656462
497,0.12841870692113322
498,0.12827871301417515
499,0.12815066394826624
500,0.1280341158286426
501,0.1279285461086223
502,0.12783336945010335
503,0.12774795378366424
504,0.12767163595285863
505,0.12760373641869985
506,0.127543572611976
507,0.12749047064163876
508,0.12744377518678593
509,0.12740285750935385
510,0.12736712161860955
511,0.12733600869341288
512,0.1273089999228479
513,0.1272856179609054
514,0.1272654272084963
515,0.12724803313908203
516,0.12723308087588714
517,0.12722025321223682
518,0.12720926824501638
519,0.12719987676707853
520,0.12719185953965448
521,0.12718502454191566
522,0.12717920427282392
523,0.12717425316088132
524,0.12717004512064545
525,0.1271664712809436
526,0.1271634378984707
527,0.12716086446165287
528,0.12715868198299815
529,0.12715683147333093
530,0.12715526258797782
531,0.12715393243288262
532,0.1271528045174644
533,0.12715184784062042
534,0.12715103609637887
535,0.12715034698619723
536,0.127149761625642
537,0.12714926403407842
538,0.1271488406969723
539,0.12714848019140765
540,0.1271481728664024
541,0.12714791057055025
542,0.127147686420397
543,0.12714749460377417
544,0.12714733021305158
545,0.12714718910393588
546,0.12714706777603546
547,0.1271469632719356
548,0.127146873091987
549,0.1271467951224165
550,0.1271467275747134
551,0.12714666893455048
552,0.12714661791875925
553,0.12714657343909935
554,0.12714653457175923
555,0.12714650053168344
556,0.12714647065096601
557,0.12714644436066477
558,0.12714642117549427
559,0.1271464006809387
560,0.12714638252240132
561,0.12714636639606292
562,0.12714635204118038
563,0.12714633923359153
564,0.1271463277802385
565,0.12714631751454325
566,0.1271463082925018
567,0.12714629998938265
568,0.1271462924969332
569,0.12714628572101314
570,0.1271462795795887
571,0.1271462740010297
572,0.12714626892266312
573,0.12714626428954048
574,0.12714626005338994
575,0.1271462561717195
576,0.1271462526070534
577,0.12714624932627486
578,0.12714624630006602
579,0.12714624350242446
580,0.12714624091024765
581,0.12714623850297557
582,0.1271462362622804
583,0.12714623417179913
584,0.1271462322169016
585,0.12714623038448786
586,0.12714622866281286
587,0.127146227041333
588,0.1271462255105717
589,0.12714622406200177
590,0.1271462226879423
591,0.12714622138146806
592,0.12714622013632906
593,0.1271462189468797
594,0.12714621780801677
595,0.12714621671512324
596,0.12714621566401954
597,0.12714621465091935
598,0.1271462136723906
599,0.12714621272532073
600,0.1271462118068853
601,0.12714621091452036
602,0.12714621004589716
603,0.12714620919889996
604,0.12714620837160548
605,0.12714620756226525
606,0.12714620676928878
607,0.12714620599122964
608,0.12714620522677048
609,0.12714620447471314
610,0.1271462037339666
611,0.12714620300353677
612,0.12714620228251897
613,0.1271462015700886
614,0.12714620086549447
615,0.12714620016805217
616,0.1271461994771377
617,0.12714619879218272
618,0.12714619811266875
619,0.12714619743812333
620,0.12714619676811548
621,0.12714619610225272
622,0.1271461954401765
623,0.12714619478156014
624,0.12714619412610584
625,0.12714619347354159
626,0.12714619282361977
627,0.1271461921761141
628,0.1271461915308184
629,0.12714619088754447
630,0.12714619024612053
631,0.12714618960639015
632,0.12714618896821045
633,0.12714618833145078
634,0.12714618769599242
635,0.1271461870617267
636,0.12714618642855455
637,0.12714618579638573
638,0.12714618516513773
639,0.12714618453473508
640,0.1271461839051094
641,0.1271461832761978
642,0.12714618264794328
643,0.12714618202029332
644,0.12714618139320064
645,0.12714618076662149
646,0.12714618014051624
647,0.12714617951484877
648,0.1271461788895859
649,0.12714617826469757
650,0.1271461776401563
651,0.1271461770159368
652,0.12714617639201603
653,0.12714617576837328
654,0.12714617514498924
655,0.12714617452184662
656,0.1271461738989294
657,0.12714617327622307
658,0.1271461726537143
659,0.1271461720313911
660,0.1271461714092422
661,0.12714617078725768
662,0.12714617016542812
663,0.12714616954374527
664,0.12714616892220135
665,0.1271461683007893
666,0.12714616767950285
667,0.12714616705833598
668,0.12714616643728346
669,0.12714616581634045
670,0.12714616519550226
671,0.12714616457476496
672,0.12714616395412487
673,0.12714616333357853
674,0.1271461627131228
675,0.12714616209275473
676,0.12714616147247187
677,0.12714616085227204
678,0.12714616023215272
679,0.12714615961211198
680,0.12714615899214826
681,0.12714615837225965
682,0.1271461577524447
683,0.12714615713270186
684,0.12714615651303038
685,0.12714615589342862
686,0.12714615527389553
687,0.1271461546544303
688,0.12714615403503204
689,0.12714615341569993
690,0.12714615279643304
691,0.12714615217723088
692,0.1271461515580928
693,0.12714615093901813
694,0.12714615032000642
695,0.12714614970105723
696,0.12714614908216992
697,0.12714614846334418
698,0.12714614784457975
699,0.12714614722587614
700,0.12714614660723314
701,0.1271461459886503
702,0.12714614537012742
703,0.12714614475166444
704,0.12714614413326072
705,0.12714614351491646
706,0.12714614289663137
707,0.12714614227840504
708,0.12714614166023752
709,0.1271461410421285
710,0.12714614042407793
711,0.12714613980608588
712,0.12714613918815187
713,0.12714613857027593
714,0.12714613795245797
715,0.12714613733469787
716,0.12714613671699548
717,0.1271461360993508
718,0.1271461354817637
719,0.12714613486423423
720,0.12714613424676202
721,0.12714613362934746
722,0.12714613301199001
723,0.12714613239468972
724,0.12714613177744677
725,0.1271461311602609
726,0.12714613054313229
727,0.1271461299260605
728,0.1271461293090458
729,0.127146128692088
730,0.12714612807518721
731,0.12714612745834322
732,0.12714612684155593
733,0.12714612622482563
734,0.127146125608152
735,0.12714612499153508
736,0.12714612437497488
737,0.12714612375847123
738,0.12714612314202425
739,0.12714612252563393
740,0.12714612190930005
741,0.12714612129302286
742,0.12714612067680203
743,0.1271461200606378
744,0.12714611944452994
745,0.1271461188284785
746,0.12714611821248353
747,0.1271461175965449
748,0.1271461169806626
749,0.12714611636483666
750,0.12714611574906706
751,0.12714611513335372
752,0.12714611451769656
753,0.12714611390209585
754,0.12714611328655107
755,0.1271461126710627
756,0.12714611205563048
757,0.1271461114402544
758,0.12714611082493443
759,0.12714611020967062
760,0.12714610959446296
761,0.12714610897931128
762,0.12714610836421575
763,0.12714610774917626
764,0.12714610713419275
765,0.12714610651926522
766,0.12714610590439374
767,0.12714610528957812
768,0.1271461046748186
769,0.127146104060115
770,0.12714610344546745
771,0.12714610283087546
772,0.12714610221633957
773,0.12714610160185955
774,0.1271461009874353
775,0.12714610037306706
776,0.12714609975875443
777,0.12714609914449765
778,0.12714609853029674
779,0.12714609791615158
780,0.12714609730206208
781,0.12714609668802856
782,0.12714609607405053
783,0.1271460954601283
784,0.12714609484626174
785,0.12714609423245102
786,0.12714609361869575
787,0.12714609300499616
788,0.1271460923913523
789,0.12714609177776393
790,0.12714609116423134
791,0.12714609055075413
792,0.1271460899373326
793,0.1271460893239667
794,0.12714608871065636
795,0.12714608809740138
796,0.12714608748420209
797,0.12714608687105824
798,0.12714608625796991
799,0.12714608564493704
800,0.12714608503195954
801,0.1271460844190376
802,0.1271460838061711
803,0.12714608319336002
804,0.12714608258060428
805,0.12714608196790408
806,0.1271460813552592
807,0.12714608074266956
808,0.12714608013013542
809,0.1271460795176566
810,0.12714607890523308
811,0.12714607829286495
812,0.12714607768055208
813,0.12714607706829448
814,0.1271460764560922
815,0.12714607584394516
816,0.1271460752318534
817,0.1271460746198169
818,0.1271460740078356
819,0.12714607339590944
820,0.12714607278403864
821,0.1271460721722229
822,0.12714607156046248
823,0.1271460709487571
824,0.1271460703371069
825,0.12714606972551193
826,0.12714606911397203
827,0.1271460685024873
828,0.12714606789105756
829,0.12714606727968306
830,0.12714606666836362
831,0.1271460660570992
832,0.12714606544588983
833,0.1271460648347355
834,0.12714606422363636
835,0.12714606361259204
836,0.12714606300160286
837,0.12714606239066867
838,0.12714606177978952
839,0.12714606116896532
840,0.12714606055819602
841,0.12714605994748174
842,0.1271460593368224
843,0.127146058726218
844,0.12714605811566854
845,0.1271460575051739
846,0.12714605689473432
847,0.1271460562843496
848,0.1271460556740197
849,0.1271460550637447
850,0.1271460544535246
851,0.12714605384335922
852,0.12714605323324887
853,0.12714605262319328
854,0.1271460520131925
855,0.12714605140324653
856,0.12714605079335525
857,0.1271460501835188
858,0.12714604957373715
859,0.1271460489640104
860,0.12714604835433824
861,0.1271460477447209
862,0.12714604713515823
863,0.1271460465256503
864,0.12714604591619716
865,0.12714604530679868
866,0.12714604469745489
867,0.12714604408816585
868,0.1271460434789314
869,0.12714604286975156
870,0.1271460422606265
871,0.12714604165155588
872,0.12714604104254007
873,0.12714604043357894
874,0.12714603982467235
875,0.12714603921582027
876,0.1271460386070229
877,0.12714603799828003
878,0.1271460373895918
879,0.12714603678095812
880,0.12714603617237896
881,0.12714603556385437
882,0.12714603495538432
883,0.12714603434696878
884,0.12714603373860775
885,0.1271460331303012
886,0.12714603252204926
887,0.1271460319138517
888,0.1271460313057086
889,0.12714603069762004
890,0.12714603008958594
891,0.12714602948160608
892,0.12714602887368093
893,0.1271460282658101
894,0.12714602765799357
895,0.12714602705023156
896,0.12714602644252399
897,0.12714602583487083
898,0.127146025227272
899,0.12714602461972754
900,0.12714602401223737
901,0.1271460234048017
902,0.12714602279742032
903,0.12714602219009322
904,0.12714602158282046
905,0.12714602097560201
906,0.1271460203684378
907,0.1271460197613282
908,0.12714601915427254
909,0.1271460185472713
910,0.12714601794032424
911,0.1271460173334316
912,0.12714601672659312
913,0.12714601611980886
914,0.12714601551307878
915,0.12714601490640315
916,0.1271460142997816
917,0.1271460136932142
918,0.12714601308670107
919,0.1271460124802421
920,0.1271460118738373
921,0.12714601126748665
922,0.12714601066119022
923,0.1271460100549479
924,0.12714600944875978
925,0.1271460088426257
926,0.12714600823654584
927,0.12714600763052009
928,0.12714600702454837
929,0.12714600641863083
930,0.12714600581276733
931,0.12714600520695798
932,0.12714600460120268
933,0.12714600399550144
934,0.12714600338985418
935,0.12714600278426105
936,0.127146002178722
937,0.12714600157323697
938,0.12714600096780584
939,0.1271460003624287
940,0.12714599975710578
941,0.12714599915183666
942,0.1271459985466216
943,0.12714599794146042
944,0.1271459973363534
945,0.12714599673130011
946,0.12714599612630098
947,0.1271459955213558
948,0.12714599491646442
949,0.12714599431162707
950,0.12714599370684354
951,0.127145993102114
952,0.1271459924974384
953,0.1271459918928166
954,0.12714599128824877
955,0.12714599068373464
956,0.12714599007927455
957,0.12714598947486833
958,0.12714598887051595
959,0.1271459882662174
960,0.12714598766197255
961,0.1271459870577817
962,0.12714598645364455
963,0.12714598584956127
964,0.12714598524553175
965,0.12714598464155608
966,0.12714598403763414
967,0.127145983433766
968,0.12714598282995168
969,0.12714598222619106
970,0.12714598162248422
971,0.1271459810188311
972,0.1271459804152317
973,0.12714597981168607
974,0.12714597920819423
975,0.1271459786047559
976,0.12714597800137134
977,0.12714597739804062
978,0.12714597679476353
979,0.12714597619154
980,0.12714597558837024
981,0.1271459749852541
982,0.12714597438219158
983,0.12714597377918285
984,0.12714597317622764
985,0.12714597257332602
986,0.12714597197047814
987,0.12714597136768382
988,0.12714597076494313
989,0.12714597016225607
990,0.12714596955962246
991,0.12714596895704258
992,0.12714596835451616
993,0.12714596775204337
994,0.12714596714962406
995,0.12714596654725832
996,0.1271459659449463
997,0.12714596534268752
998,0.12714596474048245
999,0.12714596413833087
1000,0.12714596353623275
1001,0.12714596293418828
1002,0.12714596233219716
1003,0.1271459617302596
1004,0.12714596112837545
1005,0.12714596052654478
1006,0.12714595992476754
1007,0.12714595932304387
1008,0.1271459587213736
1009,0.12714595811975668
1010,0.12714595751819333
1011,0.12714595691668326
1012,0.12714595631522674
1013,0.12714595571382353
1014,0.12714595511247384
1015,0.12714595451117752
1016,0.12714595390993436
1017,0.1271459533087448
1018,0.1271459527076085
1019,0.12714595210652557
1020,0.12714595150549607
1021,0.1271459509045199
1022,0.127145950303597
1023,0.12714594970272744
1024,0.12714594910191127
1025,0.12714594850114838
1026,0.12714594790043882
1027,0.12714594729978249
1028,0.1271459466991794
1029,0.12714594609862975
1030,0.12714594549813324
1031,0.12714594489769002
1032,0.1271459442973001
1033,0.12714594369696344
1034,0.1271459430966801
1035,0.12714594249644987
1036,0.1271459418962729
1037,0.12714594129614906
1038,0.12714594069607868
1039,0.12714594009606128
1040,0.12714593949609707
1041,0.12714593889618614
1042,0.1271459382963284
1043,0.12714593769652383
1044,0.12714593709677244
1045,0.12714593649707417
1046,0.12714593589742915
1047,0.12714593529783708
1048,0.12714593469829832
1049,0.1271459340988125
1050,0.12714593349938005
1051,0.12714593290000045
1052,0.1271459323006742
1053,0.1271459317014009
1054,0.1271459311021807
1055,0.12714593050301357
1056,0.12714592990389972
1057,0.12714592930483873
1058,0.12714592870583089
1059,0.127145928106876
1060,0.12714592750797424
1061,0.12714592690912555
1062,0.12714592631032987
1063,0.12714592571158706
1064,0.1271459251128975
1065,0.12714592451426082
1066,0.12714592391567717
1067,0.12714592331714641
1068,0.12714592271866873
1069,0.1271459221202441
1070,0.12714592152187226
1071,0.12714592092355353
1072,0.12714592032528765
1073,0.12714591972707484
1074,0.12714591912891487
1075,0.12714591853080787
1076,0.1271459179327538
1077,0.1271459173347527
1078,0.12714591673680442
1079,0.1271459161389092
1080,0.1271459155410667
1081,0.1271459149432771
1082,0.12714591434554035
1083,0.1271459137478567
1084,0.12714591315022575
1085,0.1271459125526476
1086,0.12714591195512237
1087,0.12714591135765008
1088,0.1271459107602304
1089,0.12714591016286372
1090,0.12714590956554986
1091,0.12714590896828876
1092,0.12714590837108053
1093,0.127145907773925
1094,0.1271459071768223
1095,0.12714590657977243
1096,0.12714590598277536
1097,0.1271459053858309
1098,0.12714590478893942
1099,0.1271459041921005
1100,0.12714590359531458
1101,0.12714590299858117
1102,0.12714590240190052
1103,0.12714590180527266
1104,0.1271459012086975
1105,0.127145900612175
1106,0.12714590001570536
1107,0.12714589941928825
1108,0.12714589882292388
1109,0.12714589822661224
1110,0.1271458976303531
1111,0.12714589703414683
1112,0.12714589643799312
1113,0.12714589584189223
1114,0.12714589524584377
1115,0.12714589464984802
1116,0.12714589405390497
1117,0.12714589345801441
1118,0.12714589286217662
1119,0.12714589226639142
1120,0.12714589167065876
1121,0.12714589107497865
1122,0.12714589047935118
1123,0.12714588988377623
1124,0.127145889288254
1125,0.12714588869278418
1126,0.12714588809736688
1127,0.12714588750200226
1128,0.12714588690669024
1129,0.1271458863114306
1130,0.1271458857162236
1131,0.127145885121069
1132,0.1271458845259671
1133,0.1271458839309175
1134,0.12714588333592058
1135,0.12714588274097607
1136,0.12714588214608405
1137,0.12714588155124448
1138,0.12714588095645743
1139,0.12714588036172286
1140,0.12714587976704067
1141,0.12714587917241105
1142,0.12714587857783377
1143,0.12714587798330887
1144,0.12714587738883656
1145,0.1271458767944167
1146,0.12714587620004908
1147,0.1271458756057339
1148,0.12714587501147115
1149,0.12714587441726077
1150,0.12714587382310277
1151,0.12714587322899726
1152,0.127145872634944
1153,0.12714587204094305
1154,0.12714587144699468
1155,0.12714587085309847
1156,0.12714587025925467
1157,0.12714586966546326
1158,0.127145869071724
1159,0.12714586847803727
1160,0.12714586788440277
1161,0.12714586729082047
1162,0.1271458666972906
1163,0.12714586610381298
1164,0.12714586551038776
1165,0.12714586491701463
1166,0.1271458643236939
1167,0.12714586373042536
1168,0.12714586313720916
1169,0.1271458625440451
1170,0.12714586195093333
1171,0.12714586135787379
1172,0.1271458607648665
1173,0.12714586017191143
1174,0.1271458595790085
1175,0.12714585898615788
1176,0.12714585839335948
1177,0.12714585780061324
1178,0.12714585720791913
1179,0.12714585661527722
1180,0.1271458560226875
1181,0.12714585543014992
1182,0.12714585483766458
1183,0.12714585424523134
1184,0.12714585365285025
1185,0.1271458530605212
1186,0.12714585246824436
1187,0.12714585187601965
1188,0.12714585128384706
1189,0.12714585069172663
1190,0.12714585009965815
1191,0.12714584950764182
1192,0.12714584891567768
1193,0.12714584832376555
1194,0.1271458477319054
1195,0.12714584714009744
1196,0.12714584654834152
1197,0.12714584595663767
1198,0.12714584536498577
1199,0.12714584477338606
1200,0.12714584418183816
1201,0.12714584359034248
1202,0.12714584299889878
1203,0.12714584240750704
1204,0.12714584181616737
1205,0.12714584122487957
1206,0.12714584063364384
1207,0.12714584004246018
1208,0.12714583945132826
1209,0.1271458388602485
1210,0.12714583826922066
1211,0.12714583767824478
1212,0.12714583708732088
1213,0.12714583649644878
1214,0.12714583590562875
1215,0.1271458353148607
1216,0.1271458347241443
1217,0.12714583413348005
1218,0.12714583354286768
1219,0.1271458329523071
1220,0.12714583236179858
1221,0.12714583177134178
1222,0.1271458311809369
1223,0.127145830590584
1224,0.12714583000028284
1225,0.12714582941003352
1226,0.12714582881983616
1227,0.12714582822969062
1228,0.12714582763959675
1229,0.12714582704955488
1230,0.12714582645956474
1231,0.12714582586962644
1232,0.12714582527974008
1233,0.1271458246899054
1234,0.1271458241001226
1235,0.12714582351039136
1236,0.12714582292071208
1237,0.12714582233108454
1238,0.12714582174150887
1239,0.12714582115198478
1240,0.12714582056251245
1241,0.12714581997309196
1242,0.12714581938372319
1243,0.1271458187944062
1244,0.1271458182051409
1245,0.1271458176159272
1246,0.12714581702676536
1247,0.1271458164376552
1248,0.12714581584859666
1249,0.1271458152595899
1250,0.12714581467063474
1251,0.12714581408173128
1252,0.12714581349287957
1253,0.12714581290407942
1254,0.12714581231533095
1255,0.1271458117266341
1256,0.12714581113798898
1257,0.12714581054939544
1258,0.1271458099608535
1259,0.1271458093723632
1260,0.12714580878392454
1261,0.1271458081955376
1262,0.12714580760720212
1263,0.12714580701891817
1264,0.127145806430686
1265,0.1271458058425053
1266,0.1271458052543762
1267,0.12714580466629857
1268,0.12714580407827256
1269,0.12714580349029814
1270,0.12714580290237512
1271,0.1271458023145038
1272,0.12714580172668405
1273,0.1271458011389157
1274,0.12714580055119887
1275,0.12714579996353373
1276,0.12714579937591985
1277,0.1271457987883576
1278,0.12714579820084684
1279,0.12714579761338762
1280,0.12714579702597964
1281,0.12714579643862328
1282,0.12714579585131844
1283,0.12714579526406505
1284,0.12714579467686296
1285,0.1271457940897125
1286,0.12714579350261332
1287,0.1271457929155657
1288,0.12714579232856946
1289,0.12714579174162466
1290,0.12714579115473115
1291,0.12714579056788916
1292,0.12714578998109843
1293,0.12714578939435925
1294,0.12714578880767136
1295,0.12714578822103492
1296,0.1271457876344498
1297,0.12714578704791601
1298,0.12714578646143357
1299,0.12714578587500255
1300,0.12714578528862286
1301,0.12714578470229446
1302,0.12714578411601743
1303,0.12714578352979164
1304,0.12714578294361725
1305,0.1271457823574942
1306,0.12714578177142238
1307,0.12714578118540187
1308,0.1271457805994326
1309,0.12714578001351465
1310,0.12714577942764796
1311,0.12714577884183242
1312,0.12714577825606843
1313,0.12714577767035543
1314,0.12714577708469374
1315,0.12714577649908337
1316,0.12714577591352416
1317,0.1271457753280163
1318,0.1271457747425596
1319,0.127145774157154
1320,0.12714577357179968
1321,0.12714577298649649
1322,0.12714577240124458
1323,0.12714577181604378
1324,0.1271457712308943
1325,0.12714577064579582
1326,0.1271457700607486
1327,0.12714576947575254
1328,0.12714576889080767
1329,0.12714576830591381
1330,0.12714576772107117
1331,0.12714576713627973
1332,0.12714576655153914
1333,0.12714576596685004
1334,0.12714576538221187
1335,0.12714576479762485
1336,0.1271457642130888
1337,0.12714576362860394
1338,0.1271457630441702
1339,0.1271457624597875
1340,0.12714576187545587
1341,0.12714576129117533
1342,0.1271457607069458
1343,0.1271457601227673
1344,0.12714575953863982
1345,0.12714575895456337
1346,0.12714575837053818
1347,0.12714575778656376
1348,0.12714575720264046
1349,0.12714575661876812
1350,0.1271457560349468
1351,0.1271457554511765
1352,0.1271457548674572
1353,0.12714575428378885
1354,0.12714575370017153
1355,0.12714575311660514
1356,0.1271457525330897
1357,0.12714575194962524
1358,0.1271457513662117
1359,0.1271457507828491
1360,0.12714575019953753
1361,0.12714574961627678
1362,0.12714574903306708
1363,0.12714574844990814
1364,0.12714574786680025
1365,0.1271457472837431
1366,0.12714574670073697
1367,0.12714574611778173
1368,0.12714574553487737
1369,0.1271457449520237
1370,0.12714574436922113
1371,0.12714574378646937
1372,0.12714574320376845
1373,0.12714574262111836
1374,0.1271457420385191
1375,0.12714574145597066
1376,0.1271457408734731
1377,0.12714574029102646
1378,0.1271457397086304
1379,0.12714573912628532
1380,0.127145738543991
1381,0.12714573796174752
1382,0.1271457373795547
1383,0.12714573679741287
1384,0.12714573621532166
1385,0.1271457356332813
1386,0.1271457350512916
1387,0.12714573446935268
1388,0.12714573388746458
1389,0.12714573330562715
1390,0.12714573272384047
1391,0.12714573214210462
1392,0.12714573156041942
1393,0.12714573097878487
1394,0.12714573039720115
1395,0.12714572981566793
1396,0.12714572923418574
1397,0.12714572865275398
1398,0.12714572807137298
1399,0.12714572749004258
1400,0.12714572690876297
1401,0.12714572632753401
1402,0.12714572574635566
1403,0.12714572516522793
1404,0.12714572458415097
1405,0.12714572400312454
1406,0.12714572342214875
1407,0.12714572284122358
1408,0.12714572226034906
1409,0.12714572167952515
1410,0.12714572109875172
1411,0.127145720518029
1412,0.12714571993735688
1413,0.12714571935673527
1414,0.12714571877616435
1415,0.1271457181956439
1416,0.1271457176151742
1417,0.12714571703475488
1418,0.1271457164543861
1419,0.12714571587406795
1420,0.12714571529380025
1421,0.12714571471358327
1422,0.1271457141334167
1423,0.12714571355330057
1424,0.12714571297323501
1425,0.1271457123932199
1426,0.1271457118132553
1427,0.12714571123334126
1428,0.1271457106534776
1429,0.1271457100736645
1430,0.12714570949390186
1431,0.12714570891418975
1432,0.127145708334528
1433,0.12714570775491682
1434,0.12714570717535592
1435,0.12714570659584562
1436,0.12714570601638558
1437,0.1271457054369761
1438,0.1271457048576171
1439,0.1271457042783083
1440,0.12714570369905007
1441,0.12714570311984216
1442,0.12714570254068477
1443,0.1271457019615776
1444,0.12714570138252096
1445,0.12714570080351456
1446,0.1271457002245586
1447,0.12714569964565298
1448,0.12714569906679773
1449,0.12714569848799276
1450,0.12714569790923816
1451,0.12714569733053388
1452,0.12714569675188
1453,0.1271456961732764
1454,0.1271456955947232
1455,0.12714569501622014
1456,0.12714569443776755
1457,0.1271456938593651
1458,0.12714569328101305
1459,0.12714569270271123
1460,0.12714569212445964
1461,0.1271456915462584
1462,0.1271456909681075
1463,0.12714569039000667
1464,0.12714568981195626
1465,0.12714568923395586
1466,0.1271456886560059
1467,0.12714568807810617
1468,0.12714568750025654
1469,0.12714568692245726
1470,0.12714568634470813
1471,0.12714568576700916
1472,0.12714568518936045
1473,0.1271456846117618
1474,0.12714568403421345
1475,0.12714568345671529
1476,0.1271456828792673
1477,0.12714568230186946
1478,0.12714568172452173
1479,0.12714568114722416
1480,0.1271456805699767
1481,0.12714567999277945
1482,0.12714567941563246
1483,0.1271456788385354
1484,0.12714567826148837
1485,0.12714567768449167
1486,0.12714567710754496
1487,0.12714567653064843
1488,0.127145675953802
1489,0.12714567537700558
1490,0.12714567480025918
1491,0.12714567422356302
1492,0.12714567364691692
1493,0.12714567307032068
1494,0.12714567249377462
1495,0.1271456719172786
1496,0.1271456713408327
1497,0.12714567076443678
1498,0.12714567018809084
1499,0.127145669611795
1500,0.12714566903554897
1501,0.12714566845935324
1502,0.12714566788320736
1503,0.12714566730711147
1504,0.12714566673106562
1505,0.12714566615506967
1506,0.12714566557912377
1507,0.1271456650032278
1508,0.12714566442738184
1509,0.12714566385158577
1510,0.1271456632758397
1511,0.1271456627001435
1512,0.12714566212449727
1513,0.12714566154890106
1514,0.12714566097335475
1515,0.12714566039785824
1516,0.12714565982241186
1517,0.1271456592470151
1518,0.1271456586716685
1519,0.12714565809637163
1520,0.1271456575211247
1521,0.12714565694592764
1522,0.12714565637078043
1523,0.12714565579568313
1524,0.12714565522063567
1525,0.12714565464563807
1526,0.1271456540706903
1527,0.12714565349579246
1528,0.1271456529209443
1529,0.12714565234614605
1530,0.12714565177139753
1531,0.12714565119669885
1532,0.12714565062205008
1533,0.127145650047451
1534,0.1271456494729019
1535,0.1271456488984025
1536,0.1271456483239528
1537,0.127145647749553
1538,0.1271456471752028
1539,0.1271456466009025
1540,0.12714564602665182
1541,0.12714564545245094
1542,0.12714564487829996
1543,0.1271456443041986
1544,0.12714564373014697
1545,0.12714564315614507
1546,0.12714564258219282
1547,0.12714564200829043
1548,0.12714564143443766
1549,0.12714564086063462
1550,0.1271456402868812
1551,0.1271456397131775
1552,0.12714563913952356
1553,0.12714563856591912
1554,0.12714563799236447
1555,0.12714563741885934
1556,0.12714563684540406
1557,0.1271456362719984
1558,0.12714563569864237
1559,0.12714563512533592
1560,0.1271456345520791
1561,0.12714563397887188
1562,0.12714563340571433
1563,0.1271456328326065
1564,0.12714563225954803
1565,0.12714563168653928
1566,0.12714563111358002
1567,0.12714563054067057
1568,0.1271456299678105
1569,0.12714562939500001
1570,0.12714562882223918
1571,0.12714562824952785
1572,0.12714562767686624
1573,0.1271456271042539
1574,0.12714562653169129
1575,0.12714562595917805
