1,0.20941730185245105
2,0.2092501244435932
3,0.20907323122854599
4,0.20888521106254418
5,0.20868502818339577
6,0.20847151836477462
7,0.2082433482068372
8,0.20799822637206322
9,0.20773604724774863
10,0.2074541643940973
11,0.2071504111377933
12,0.20682231185072678
13,0.20646702911826742
14,0.20608130084297818
15,0.20566136538186844
16,0.20520287258136424
17,0.2047007784296061
18,0.20414922111427028
19,0.20354137678108622
20,0.2028692946334744
21,0.20212371389319433
22,0.20129387074396513
23,0.20036731368872934
24,0.19932976397767593
25,0.19816508885930412
26,0.19685550638155078
27,0.19538221962777017
28,0.19372679101708104
29,0.19187370338814203
30,0.18981465806129325
31,0.1875550743130102
32,0.1851226619152771
33,0.18257640756621074
34,0.18001173841128057
35,0.1775552616066474
36,0.17534375828192572
37,0.17349034126569227
38,0.1720525541577176
39,0.17102072919985656
40,0.17033259591041933
41,0.16990252075367826
42,0.16964796853757205
43,0.16950372559025087
44,0.16942467944962036
45,0.16938241942337326
46,0.16936021615062485
47,0.16934867844561746
48,0.1819992184668258
49,0.20723729011134223
50,0.20683109555882803
51,0.20638227706483103
52,0.20588428965593958
53,0.2053292948542646
54,0.2047078620961743
55,0.2040085996613949
56,0.20321770445118967
57,0.20231842629260904
58,0.20129045990609887
59,0.20010931817485114
60,0.19874582653959566
61,0.19716605075086174
62,0.19533229373277713
63,0.19320635100552797
64,0.1907570106540029
65,0.18797448617679227
66,0.18489372827948816
67,0.18162328281096132
68,0.17836346934790925
69,0.17538347908114763
70,0.17293813708881253
71,0.1711613135237934
72,0.17001987723297793
73,0.16936473798260485
74,0.16902247470058734
75,0.16885623346879874
76,0.1687796776334165
77,0.16874571557438475
78,0.1687310278181629
79,0.16872478298443008
80,0.16872215762943557
81,0.1687210620861457
82,0.16872060712113485
83,0.16872041871849394
84,0.16872034076209041
85,0.16872030841950786
86,0.16872029486252013
87,0.16872028901955036
88,0.1687202863326319
89,0.16872028493026983
90,0.16872028404662784
91,0.16872028336983835
92,0.168720282773845
93,0.1687202822082987
94,0.1687202816534808
95,0.16872028110192785
96,0.16872028055098906
97,0.1687202799998451
98,0.16872027944833415
99,0.16872027889650093
100,0.1687202783444367
101,0.16872027779222537
102,0.1687202772399312
103,0.16872027668759956
104,0.16872027613526155
105,0.16872027558293778
106,0.16872027503064216
107,0.16872027447838298
108,0.16872027392616623
109,0.16872027337399598
110,0.16872027282187366
111,0.16872027226980138
112,0.16872027171778012
113,0.16872027116581065
114,0.16872027061389286
115,0.16872027006202728
116,0.1687202695102141
117,0.1687202689584535
118,0.16872026840674534
119,0.16872026785508984
120,0.1687202673034872
121,0.1687202667519366
122,0.168720266200439
123,0.16872026564899395
124,0.16872026509760132
125,0.16872026454626177
126,0.16872026399497436
127,0.16872026344373964
128,0.16872026289255762
129,0.16872026234142828
130,0.1687202617903513
131,0.16872026123932696
132,0.16872026068835494
133,0.16872026013743577
134,0.1687202595865694
135,0.16872025903575494
136,0.16872025848499353
137,0.16872025793428427
138,0.16872025738362764
139,0.1687202568330238
140,0.1687202562824722
141,0.1687202557319731
142,0.16872025518152647
143,0.16872025463113238
144,0.16872025408079078
145,0.16872025353050166
146,0.16872025298026502
147,0.16872025243008065
148,0.16872025187994885
149,0.16872025132986962
150,0.1687202507798425
151,0.1687202502298681
152,0.16872024967994567
153,0.16872024913007633
154,0.1687202485802589
155,0.16872024803049387
156,0.1687202474807816
157,0.1687202469311214
158,0.16872024638151356
159,0.16872024583195822
160,0.168720245282455
161,0.16872024473300437
162,0.16872024418360587
163,0.16872024363425997
164,0.16872024308496628
165,0.168720242535725
166,0.1687202419865357
167,0.16872024143739903
168,0.16872024088831453
169,0.16872024033928212
170,0.16872023979030226
171,0.1687202392413746
172,0.16872023869249927
173,0.16872023814367612
174,0.16872023759490518
175,0.16872023704618663
176,0.16872023649752022
177,0.16872023594890614
178,0.16872023540034417
179,0.16872023485183454
180,0.1687202343033768
181,0.1687202337549716
182,0.16872023320661858
183,0.1687202326583177
184,0.16872023211006873
185,0.16872023156187216
186,0.16872023101372788
187,0.1687202304656355
188,0.1687202299175954
189,0.16872022936960748
190,0.16872022882167176
191,0.168720228273788
192,0.1687202277259563
193,0.16872022717817683
194,0.1687202266304495
195,0.1687202260827741
196,0.168720225535151
197,0.16872022498757996
198,0.16872022444006088
199,0.16872022389259386
200,0.16872022334517903
201,0.16872022279781618
202,0.16872022225050545
203,0.16872022170324674
204,0.1687202211560399
205,0.16872022060888517
206,0.16872022006178244
207,0.16872021951473193
208,0.1687202189677332
209,0.16872021842078663
210,0.16872021787389202
211,0.1687202173270492
212,0.1687202167802586
213,0.16872021623351985
214,0.16872021568683293
215,0.16872021514019814
216,0.16872021459361525
217,0.1687202140470842
218,0.1687202135006053
219,0.16872021295417813
220,0.16872021240780277
221,0.1687202118614796
222,0.16872021131520834
223,0.16872021076898883
224,0.16872021022282102
225,0.16872020967670529
226,0.1687202091306417
227,0.16872020858462955
228,0.1687202080386694
229,0.16872020749276112
230,0.1687202069469047
231,0.1687202064011002
232,0.16872020585534736
233,0.16872020530964643
234,0.1687202047639972
235,0.16872020421839992
236,0.16872020367285445
237,0.1687202031273606
238,0.16872020258191872
239,0.16872020203652852
240,0.1687202014911902
241,0.16872020094590354
242,0.16872020040066865
243,0.1687201998554856
244,0.16872019931035398
245,0.16872019876527436
246,0.16872019822024653
247,0.16872019767527033
248,0.16872019713034597
249,0.16872019658547313
250,0.16872019604065197
251,0.1687201954958825
252,0.16872019495116486
253,0.1687201944064988
254,0.16872019386188428
255,0.16872019331732166
256,0.16872019277281053
257,0.16872019222835105
258,0.16872019168394337
259,0.1687201911395874
260,0.16872019059528276
261,0.16872019005102962
262,0.1687201895068287
263,0.16872018896267885
264,0.1687201884185807
265,0.16872018787453433
266,0.16872018733053945
267,0.16872018678659612
268,0.16872018624270432
269,0.16872018569886413
270,0.16872018515507575
271,0.1687201846113384
272,0.1687201840676526
273,0.16872018352401882
274,0.16872018298043626
275,0.16872018243690526
276,0.16872018189342583
277,0.16872018134999783
278,0.16872018080662132
279,0.16872018026329633
280,0.1687201797200228
281,0.16872017917680077
282,0.16872017863363017
283,0.16872017809051112
284,0.16872017754744342
285,0.16872017700442724
286,0.16872017646146245
287,0.16872017591854926
288,0.16872017537568718
289,0.1687201748328767
290,0.1687201742901178
291,0.1687201737474099
292,0.16872017320475372
293,0.16872017266214878
294,0.16872017211959514
295,0.16872017157709318
296,0.1687201710346424
297,0.16872017049224294
298,0.16872016994989475
299,0.16872016940759815
300,0.1687201688653526
301,0.1687201683231588
302,0.168720167781016
303,0.16872016723892452
304,0.16872016669688453
305,0.16872016615489566
306,0.16872016561295822
307,0.16872016507107182
308,0.16872016452923705
309,0.1687201639874532
310,0.168720163445721
311,0.1687201629040397
312,0.16872016236240983
313,0.16872016182083122
314,0.16872016127930392
315,0.16872016073782764
316,0.16872016019640285
317,0.16872015965502896
318,0.16872015911370655
319,0.16872015857243525
320,0.16872015803121496
321,0.16872015749004593
322,0.16872015694892842
323,0.16872015640786198
324,0.16872015586684633
325,0.1687201553258821
326,0.16872015478496893
327,0.16872015424410705
328,0.1687201537032961
329,0.16872015316253633
330,0.1687201526218279
331,0.1687201520811705
332,0.16872015154056422
333,0.16872015100000878
334,0.16872015045950475
335,0.1687201499190516
336,0.16872014937864985
337,0.1687201488382989
338,0.16872014829799897
339,0.16872014775775024
340,0.16872014721755238
341,0.16872014667740565
342,0.16872014613731015
343,0.16872014559726542
344,0.16872014505727193
345,0.1687201445173293
346,0.16872014397743773
347,0.16872014343759717
348,0.1687201428978076
349,0.16872014235806912
350,0.16872014181838152
351,0.16872014127874482
352,0.1687201407391591
353,0.16872014019962453
354,0.1687201396601409
355,0.16872013912070802
356,0.16872013858132612
357,0.16872013804199532
358,0.16872013750271533
359,0.168720136963486
360,0.16872013642430794
361,0.16872013588518073
362,0.16872013534610428
363,0.1687201348070789
364,0.1687201342681042
365,0.16872013372918038
366,0.16872013319030765
367,0.16872013265148558
368,0.16872013211271444
369,0.16872013157399438
370,0.16872013103532474
371,0.1687201304967062
372,0.16872012995813832
373,0.16872012941962122
374,0.16872012888115517
375,0.16872012834273986
376,0.16872012780437526
377,0.16872012726606145
378,0.16872012672779851
379,0.16872012618958623
380,0.16872012565142483
381,0.16872012511331422
382,0.16872012457525418
383,0.16872012403724496
384,0.16872012349928656
385,0.16872012296137873
386,0.1687201224235219
387,0.1687201218857156
388,0.16872012134796005
389,0.16872012081025523
390,0.16872012027260114
391,0.16872011973499756
392,0.16872011919744467
393,0.16872011865994266
394,0.16872011812249132
395,0.16872011758509034
396,0.1687201170477403
397,0.16872011651044086
398,0.1687201159731921
399,0.168720115435994
400,0.1687201148988463
401,0.16872011436174958
402,0.16872011382470314
403,0.16872011328770717
404,0.1687201127507623
405,0.16872011221386768
406,0.16872011167702383
407,0.16872011114023047
408,0.16872011060348746
409,0.16872011006679533
410,0.16872010953015357
411,0.16872010899356255
412,0.16872010845702196
413,0.16872010792053196
414,0.16872010738409238
415,0.1687201068477035
416,0.168720106311365
417,0.16872010577507696
418,0.16872010523883962
419,0.16872010470265267
420,0.16872010416651612
421,0.16872010363043013
422,0.16872010309439456
423,0.16872010255840938
424,0.16872010202247467
425,0.1687201014865907
426,0.168720100950757
427,0.16872010041497384
428,0.16872009987924105
429,0.16872009934355864
430,0.16872009880792657
431,0.16872009827234494
432,0.1687200977368138
433,0.168720097201333
434,0.1687200966659026
435,0.16872009613052272
436,0.1687200955951929
437,0.16872009505991373
438,0.16872009452468475
439,0.1687200939895062
440,0.16872009345437794
441,0.16872009291930018
442,0.16872009238427266
443,0.1687200918492954
444,0.16872009131436852
445,0.1687200907794921
446,0.16872009024466572
447,0.16872008970988966
448,0.168720089175164
449,0.16872008864048865
450,0.16872008810586353
451,0.16872008757128873
452,0.16872008703676422
453,0.1687200865022899
454,0.1687200859678658
455,0.16872008543349182
456,0.1687200848991683
457,0.16872008436489477
458,0.1687200838306717
459,0.1687200832964988
460,0.16872008276237607
461,0.1687200822283035
462,0.1687200816942812
463,0.16872008116030907
464,0.16872008062638713
465,0.16872008009251535
466,0.16872007955869373
467,0.1687200790249223
468,0.16872007849120096
469,0.1687200779575297
470,0.16872007742390857
471,0.16872007689033783
472,0.168720076356817
473,0.1687200758233463
474,0.16872007528992586
475,0.1687200747565554
476,0.16872007422323512
477,0.16872007368996483
478,0.1687200731567446
479,0.1687200726235745
480,0.16872007209045442
481,0.16872007155738453
482,0.16872007102436448
483,0.16872007049139479
484,0.16872006995847488
485,0.16872006942560505
486,0.1687200688927852
487,0.16872006836001555
488,0.16872006782729562
489,0.16872006729462602
490,0.16872006676200657
491,0.16872006622943664
492,0.16872006569691697
493,0.16872006516444704
494,0.16872006463202735
495,0.16872006409965734
496,0.16872006356733774
497,0.16872006303506776
498,0.16872006250284768
499,0.16872006197067763
500,0.16872006143855764
501,0.1687200609064874
502,0.16872006037446727
503,0.1687200598424968
504,0.1687200593105763
505,0.1687200587787058
506,0.16872005824688505
507,0.1687200577151141
508,0.1687200571833934
509,0.16872005665172227
510,0.16872005612010121
511,0.16872005558852982
512,0.1687200550570083
513,0.1687200545255367
514,0.16872005399411474
515,0.16872005346274294
516,0.1687200529314207
517,0.1687200524001483
518,0.16872005186892572
519,0.16872005133775309
520,0.16872005080663025
521,0.16872005027555673
522,0.16872004974453372
523,0.1687200492135599
524,0.16872004868263607
525,0.1687200481517621
526,0.16872004762093762
527,0.16872004709016297
528,0.16872004655943806
529,0.16872004602876298
530,0.16872004549813763
531,0.1687200449675619
532,0.1687200444370359
533,0.16872004390655984
534,0.168720043376133
535,0.1687200428457562
536,0.16872004231542895
537,0.16872004178515138
538,0.16872004125492346
539,0.16872004072474522
540,0.16872004019461678
541,0.16872003966453786
542,0.1687200391345086
543,0.16872003860452905
544,0.16872003807459912
545,0.1687200375447187
546,0.1687200370148878
547,0.16872003648510664
548,0.16872003595537513
549,0.16872003542569322
550,0.16872003489606077
551,0.168720034366478
552,0.1687200338369449
553,0.16872003330746121
554,0.16872003277802713
555,0.16872003224864232
556,0.16872003171930747
557,0.1687200311900219
558,0.16872003066078606
559,0.1687200301315997
560,0.1687200296024627
561,0.16872002907337538
562,0.16872002854433743
563,0.16872002801534916
564,0.16872002748641032
565,0.16872002695752078
566,0.16872002642868095
567,0.16872002589989038
568,0.16872002537114952
569,0.16872002484245802
570,0.16872002431381572
571,0.16872002378522322
572,0.1687200232566799
573,0.1687200227281861
574,0.1687200221997419
575,0.168720021671347
576,0.1687200211430013
577,0.16872002061470523
578,0.16872002008645842
579,0.16872001955826108
580,0.16872001903011322
581,0.16872001850201468
582,0.16872001797396521
583,0.16872001744596546
584,0.1687200169180149
585,0.16872001639011378
586,0.16872001586226204
587,0.16872001533445968
588,0.16872001480670626
589,0.16872001427900246
590,0.16872001375134785
591,0.16872001322374294
592,0.16872001269618686
593,0.16872001216868018
594,0.16872001164122297
595,0.16872001111381468
596,0.168720010586456
597,0.16872001005914652
598,0.16872000953188623
599,0.1687200090046751
600,0.16872000847751348
601,0.16872000795040096
602,0.16872000742333765
603,0.16872000689632355
604,0.16872000636935877
605,0.1687200058424431
606,0.16872000531557677
607,0.1687200047887595
608,0.16872000426199144
609,0.16872000373527257
610,0.16872000320860295
611,0.16872000268198228
612,0.16872000215541105
613,0.16872000162888878
614,0.16872000110241567
615,0.16872000057599176
616,0.16872000004961704
617,0.16871999952329156
618,0.16871999899701487
619,0.16871999847078753
620,0.16871999794460932
621,0.16871999741848023
622,0.1687199968923999
623,0.16871999636636908
624,0.16871999584038705
625,0.16871999531445428
626,0.16871999478857042
627,0.16871999426273576
628,0.16871999373695018
629,0.16871999321121364
630,0.16871999268552612
631,0.1687199921598876
632,0.16871999163429802
633,0.16871999110875746
634,0.1687199905832661
635,0.16871999005782354
636,0.16871998953243003
637,0.16871998900708587
638,0.16871998848179046
639,0.16871998795654403
640,0.16871998743134647
641,0.16871998690619777
642,0.16871998638109825
643,0.16871998585604783
644,0.16871998533104599
645,0.1687199848060934
646,0.16871998428118948
647,0.16871998375633457
648,0.16871998323152873
649,0.16871998270677174
650,0.16871998218206363
651,0.1687199816574044
652,0.16871998113279407
653,0.1687199806082326
654,0.16871998008372016
655,0.1687199795592565
656,0.16871997903484157
657,0.1687199785104756
658,0.16871997798615856
659,0.16871997746189032
660,0.16871997693767096
661,0.16871997641350034
662,0.16871997588937865
663,0.16871997536530572
664,0.16871997484128157
665,0.1687199743173063
666,0.16871997379337977
667,0.1687199732695021
668,0.1687199727456731
669,0.16871997222189297
670,0.1687199716981615
671,0.16871997117447904
672,0.1687199706508451
673,0.16871997012726
674,0.16871996960372376
675,0.1687199690802361
676,0.1687199685567973
677,0.16871996803340716
678,0.1687199675100657
679,0.1687199669867729
680,0.1687199664635289
681,0.1687199659403337
682,0.16871996541718717
683,0.16871996489408916
684,0.1687199643710398
685,0.16871996384803925
686,0.16871996332508737
687,0.16871996280218413
688,0.16871996227932956
689,0.16871996175652365
690,0.16871996123376629
691,0.16871996071105777
692,0.1687199601883975
693,0.1687199596657863
694,0.16871995914322327
695,0.16871995862070918
696,0.1687199580982436
697,0.16871995757582656
698,0.1687199570534582
699,0.16871995653113814
700,0.16871995600886702
701,0.16871995548664426
702,0.16871995496447006
703,0.16871995444234464
704,0.16871995392026753
705,0.16871995339823898
706,0.16871995287625893
707,0.16871995235432757
708,0.16871995183244462
709,0.16871995131061027
710,0.1687199507888244
711,0.1687199502670869
712,0.16871994974539795
713,0.1687199492237576
714,0.16871994870216572
715,0.16871994818062222
716,0.16871994765912718
717,0.1687199471376806
718,0.16871994661628248
719,0.16871994609493277
720,0.16871994557363157
721,0.1687199450523788
722,0.16871994453117445
723,0.16871994401001858
724,0.16871994348891103
725,0.16871994296785192
726,0.16871994244684108
727,0.16871994192587883
728,0.16871994140496493
729,0.16871994088409933
730,0.16871994036328208
731,0.16871993984251338
732,0.16871993932179288
733,0.168719938801121
734,0.16871993828049714
735,0.16871993775992175
736,0.16871993723939463
737,0.16871993671891597
738,0.16871993619848555
739,0.16871993567810345
740,0.16871993515776976
741,0.16871993463748394
742,0.16871993411724692
743,0.16871993359705784
744,0.16871993307691718
745,0.1687199325568249
746,0.16871993203678087
747,0.16871993151678494
748,0.1687199309968375
749,0.16871993047693815
750,0.168719929957087
751,0.16871992943728406
752,0.16871992891752946
753,0.16871992839782315
754,0.16871992787816495
755,0.16871992735855496
756,0.1687199268389932
757,0.16871992631947963
758,0.16871992580001416
759,0.16871992528059698
760,0.1687199247612279
761,0.16871992424190707
762,0.16871992372263428
763,0.16871992320340964
764,0.1687199226842334
765,0.16871992216510506
766,0.16871992164602503
767,0.168719921126993
768,0.16871992060800914
769,0.16871992008907324
770,0.16871991957018567
771,0.16871991905134606
772,0.1687199185325546
773,0.16871991801381137
774,0.16871991749511597
775,0.1687199169764689
776,0.16871991645786982
777,0.1687199159393186
778,0.16871991542081569
779,0.1687199149023607
780,0.16871991438395367
781,0.168719913865595
782,0.16871991334728392
783,0.1687199128290211
784,0.16871991231080632
785,0.16871991179263957
786,0.16871991127452088
787,0.16871991075644996
788,0.16871991023842722
789,0.16871990972045248
790,0.16871990920252553
791,0.1687199086846466
792,0.1687199081668158
793,0.1687199076490328
794,0.1687199071312979
795,0.16871990661361078
796,0.16871990609597176
797,0.1687199055783806
798,0.16871990506083723
799,0.16871990454334193
800,0.16871990402589437
801,0.16871990350849497
802,0.1687199029911434
803,0.1687199024738397
804,0.16871990195658382
805,0.16871990143937587
806,0.1687199009222159
807,0.16871990040510332
808,0.16871989988803907
809,0.16871989937102255
810,0.1687198988540542
811,0.1687198983371334
812,0.16871989782026006
813,0.16871989730343512
814,0.16871989678665786
815,0.16871989626992837
816,0.16871989575324672
817,0.16871989523661268
818,0.1687198947200266
819,0.1687198942034884
820,0.16871989368699766
821,0.1687198931705549
822,0.16871989265415988
823,0.1687198921378126
824,0.16871989162151318
825,0.1687198911052616
826,0.16871989058905765
827,0.16871989007290134
828,0.16871988955679282
829,0.16871988904073204
830,0.1687198885247189
831,0.1687198880087536
832,0.1687198874928359
833,0.16871988697696583
834,0.16871988646114372
835,0.16871988594536907
836,0.16871988542964222
837,0.16871988491396284
838,0.16871988439833133
839,0.16871988388274736
840,0.16871988336721114
841,0.16871988285172246
842,0.16871988233628157
843,0.1687198818208883
844,0.16871988130554255
845,0.1687198807902443
846,0.16871988027499382
847,0.168719879759791
848,0.16871987924463566
849,0.1687198787295279
850,0.16871987821446777
851,0.16871987769945518
852,0.16871987718449039
853,0.16871987666957303
854,0.16871987615470316
855,0.1687198756398808
856,0.1687198751251062
857,0.16871987461037896
858,0.1687198740956995
859,0.16871987358106716
860,0.16871987306648262
861,0.16871987255194565
862,0.16871987203745614
863,0.16871987152301385
864,0.1687198710086193
865,0.1687198704942722
866,0.16871986997997263
867,0.1687198694657206
868,0.16871986895151603
869,0.16871986843735873
870,0.16871986792324906
871,0.16871986740918685
872,0.16871986689517218
873,0.16871986638120456
874,0.16871986586728455
875,0.1687198653534119
876,0.16871986483958692
877,0.1687198643258091
878,0.16871986381207896
879,0.1687198632983959
880,0.16871986278476064
881,0.1687198622711723
882,0.1687198617576316
883,0.16871986124413818
884,0.1687198607306922
885,0.16871986021729352
886,0.16871985970394232
887,0.16871985919063848
888,0.1687198586773818
889,0.1687198581641723
890,0.1687198576510105
891,0.16871985713789595
892,0.16871985662482858
893,0.16871985611180865
894,0.1687198555988357
895,0.1687198550859105
896,0.16871985457303246
897,0.16871985406020173
898,0.16871985354741803
899,0.16871985303468187
900,0.16871985252199279
901,0.16871985200935105
902,0.16871985149675667
903,0.1687198509842093
904,0.16871985047170934
905,0.16871984995925643
906,0.16871984944685098
907,0.1687198489344926
908,0.1687198484221815
909,0.1687198479099174
910,0.1687198473977009
911,0.16871984688553132
912,0.168719846373409
913,0.16871984586133376
914,0.1687198453493059
915,0.16871984483732508
916,0.16871984432539133
917,0.16871984381350486
918,0.16871984330166537
919,0.1687198427898732
920,0.16871984227812833
921,0.16871984176643037
922,0.16871984125477948
923,0.16871984074317584
924,0.16871984023161926
925,0.16871983972010965
926,0.16871983920864725
927,0.1687198386972321
928,0.16871983818586392
929,0.16871983767454266
930,0.16871983716326852
931,0.16871983665204163
932,0.1687198361408616
933,0.16871983562972878
934,0.16871983511864294
935,0.16871983460760406
936,0.16871983409661237
937,0.16871983358566753
938,0.1687198330747698
