1,0.2009046333515877
2,0.19983290659695038
3,0.19858573113697792
4,0.19712604039085013
5,0.19540998844074
6,0.1933885137166089
7,0.19101291749356802
8,0.18824831979409823
9,0.1850999487975879
10,0.1816537622335155
11,0.1781168872064306
12,0.17481373680746873
13,0.1720876240094581
14,0.17013824917709888
15,0.16893377198391232
16,0.16828079261082096
17,0.16796149340975652
18,0.16781607868793638
19,0.1677524696033897
20,0.16772500005924496
21,0.16771300579291334
22,0.167707603420418
23,0.16770505607798042
24,0.1677037892651732
25,0.16770312522661365
26,0.16770276087956987
27,0.16770255369398177
28,0.16770243279489752
29,0.16770236099114258
30,0.16770231784890108
31,0.16770229173455015
32,0.16770227585332084
33,0.16770226616712666
34,0.16770226024871773
35,0.1677022566284597
36,0.16770225441245282
37,0.16770225305543648
38,0.16770225222422608
39,0.16770225171500583
40,0.1677022514030147
41,0.16770225121185084
42,0.167702251094717
43,0.16770225102294234
44,0.16770225097896138
45,0.16770225095201105
46,0.16770225093549662
47,0.16770225092537697
48,0.1677022509191761
49,0.1677022509153761
50,0.1677022509130474
51,0.16770225091162086
52,0.16770225091074636
53,0.16770225091021057
54,0.16770225090988222
55,0.16770225090968116
56,0.167702250909558
57,0.16770225090948232
58,0.16770225090943602
59,0.16770225090940766
60,0.16770225090939034
61,0.16770225090937965
62,0.16770225090937302
63,0.16770225090936916
64,0.16770225090936666
65,0.16770225090936533
66,0.16770225090936425
67,0.16770225090936355
68,0.16770225090936333
69,0.1677022509093633
70,0.16770225090936303
71,0.16770225090936294
72,0.1677022509093628
73,0.16770225090936294
74,0.1677022509093628
75,0.16770225090936272
76,0.16770225090936278
77,0.16770225090936283
78,0.16770225090936286
79,0.167702250909363
80,0.16770225090936283
81,0.16770225090936283
82,0.1677022509093629
83,0.1677022509093629
84,0.16770225090936283
85,0.16770225090936286
86,0.1677022509093628
87,0.1677022509093628
88,0.16770225090936278
89,0.16770225090936283
90,0.16770225090936283
91,0.16770225090936286
92,0.1677022509093629
93,0.16770225090936286
94,0.16770225090936286
95,0.16770225090936286
96,0.16770225090936286
97,0.16770225090936286
98,0.16770225090936286
99,0.16770225090936286
100,0.16770225090936286
101,0.16770225090936286
102,0.16770225090936286
103,0.16770225090936286
104,0.16770225090936286
105,0.16770225090936286
106,0.16770225090936286
107,0.16770225090936286
108,0.16770225090936286
109,0.16770225090936286
110,0.16770225090936286
111,0.16770225090936286
112,0.16770225090936286
113,0.16770225090936286
114,0.16770225090936286
115,0.16770225090936286
116,0.16770225090936286
117,0.16770225090936286
118,0.16770225090936286
119,0.16770225090936286
120,0.16770225090936286
121,0.16770225090936286
122,0.16770225090936286
123,0.16770225090936286
124,0.16770225090936286
125,0.16770225090936286
126,0.16770225090936286
127,0.16770225090936286
128,0.16770225090936286
129,0.16770225090936286
130,0.16770225090936286
131,0.16770225090936286
132,0.16770225090936286
133,0.16770225090936286
134,0.16770225090936286
135,0.16770225090936286
136,0.16770225090936286
137,0.16770225090936286
138,0.16770225090936286
139,0.16770225090936286
140,0.16770225090936286
141,0.16770225090936286
142,0.16770225090936286
143,0.16770225090936286
144,0.16770225090936286
145,0.16770225090936286
146,0.16770225090936286
147,0.16770225090936286
148,0.16770225090936286
149,0.16770225090936286
150,0.16770225090936286
151,0.16770225090936286
152,0.16770225090936286
153,0.16770225090936286
154,0.16770225090936286
155,0.16770225090936286
156,0.16770225090936286
157,0.16770225090936286
158,0.16770225090936286
159,0.16770225090936286
160,0.16770225090936286
161,0.16770225090936286
162,0.16770225090936286
163,0.16770225090936286
164,0.16770225090936286
165,0.16770225090936286
166,0.16770225090936286
167,0.16770225090936286
168,0.16770225090936286
169,0.16770225090936286
170,0.16770225090936286
171,0.16770225090936286
172,0.16770225090936286
173,0.16770225090936286
174,0.16770225090936286
175,0.16770225090936286
176,0.16770225090936286
177,0.16770225090936286
178,0.16770225090936286
179,0.16770225090936286
180,0.16770225090936286
181,0.16770225090936286
182,0.16770225090936286
183,0.16770225090936286
184,0.16770225090936286
185,0.16770225090936286
186,0.16770225090936286
187,0.16770225090936286
188,0.16770225090936286
189,0.16770225090936286
190,0.16770225090936286
191,0.16770225090936286
192,0.16770225090936286
193,0.16770225090936286
194,0.16770225090936286
195,0.16770225090936286
196,0.16770225090936286
197,0.16770225090936286
198,0.16770225090936286
199,0.16770225090936286
200,0.16770225090936286
201,0.16770225090936286
202,0.16770225090936286
203,0.16770225090936286
204,0.16770225090936286
205,0.16770225090936286
206,0.16770225090936286
207,0.16770225090936286
208,0.16770225090936286
209,0.16770225090936286
210,0.16770225090936286
211,0.16770225090936286
212,0.16770225090936286
213,0.16770225090936286
214,0.16770225090936286
215,0.16770225090936286
216,0.16770225090936286
217,0.16770225090936286
218,0.16770225090936286
219,0.16770225090936286
220,0.16770225090936286
221,0.16770225090936286
222,0.16770225090936286
223,0.16770225090936286
224,0.16770225090936286
225,0.16770225090936286
226,0.16770225090936286
227,0.16770225090936286
228,0.16770225090936286
229,0.16770225090936286
230,0.16770225090936286
231,0.16770225090936286
232,0.16770225090936286
233,0.16770225090936286
234,0.16770225090936286
235,0.16770225090936286
236,0.16770225090936286
237,0.16770225090936286
238,0.16770225090936286
239,0.16770225090936286
240,0.16770225090936286
241,0.16770225090936286
242,0.16770225090936286
243,0.16770225090936286
244,0.16770225090936286
245,0.16770225090936286
246,0.16770225090936286
247,0.16770225090936286
248,0.16770225090936286
249,0.16770225090936286
250,0.16770225090936286
251,0.16770225090936286
252,0.16770225090936286
253,0.16770225090936286
254,0.16770225090936286
255,0.16770225090936286
256,0.16770225090936286
257,0.16770225090936286
258,0.16770225090936286
259,0.16770225090936286
260,0.16770225090936286
261,0.16770225090936286
262,0.16770225090936286
263,0.16770225090936286
264,0.16770225090936286
265,0.16770225090936286
266,0.16770225090936286
267,0.16770225090936286
268,0.16770225090936286
269,0.16770225090936286
270,0.16770225090936286
271,0.16770225090936286
272,0.16770225090936286
273,0.16770225090936286
274,0.16770225090936286
275,0.16770225090936286
276,0.16770225090936286
277,0.16770225090936286
278,0.16770225090936286
279,0.16770225090936286
280,0.16770225090936286
281,0.16770225090936286
282,0.16770225090936286
283,0.16770225090936286
284,0.16770225090936286
285,0.16770225090936286
286,0.16770225090936286
287,0.16770225090936286
288,0.16770225090936286
289,0.16770225090936286
290,0.16770225090936286
291,0.16770225090936286
292,0.16770225090936286
293,0.16770225090936286
294,0.16770225090936286
295,0.16770225090936286
296,0.16770225090936286
297,0.16770225090936286
298,0.16770225090936286
299,0.16770225090936286
300,0.16770225090936286
301,0.16770225090936286
302,0.16770225090936286
303,0.16770225090936286
304,0.16770225090936286
305,0.16770225090936286
306,0.16770225090936286
307,0.16770225090936286
308,0.16770225090936286
309,0.16770225090936286
310,0.16770225090936286
311,0.16770225090936286
312,0.16770225090936286
313,0.16770225090936286
314,0.16770225090936286
315,0.16770225090936286
316,0.16770225090936286
317,0.16770225090936286
318,0.16770225090936286
319,0.16770225090936286
320,0.16770225090936286
321,0.16770225090936286
322,0.16770225090936286
323,0.16770225090936286
324,0.16770225090936286
325,0.16770225090936286
326,0.16770225090936286
327,0.16770225090936286
328,0.16770225090936286
329,0.16770225090936286
330,0.16770225090936286
331,0.16770225090936286
332,0.16770225090936286
333,0.16770225090936286
334,0.16770225090936286
335,0.16770225090936286
336,0.16770225090936286
337,0.16770225090936286
338,0.16770225090936286
339,0.16770225090936286
340,0.16770225090936286
341,0.16770225090936286
342,0.16770225090936286
343,0.16770225090936286
344,0.16770225090936286
345,0.16770225090936286
346,0.16770225090936286
347,0.16770225090936286
348,0.16770225090936286
349,0.16770225090936286
350,0.16770225090936286
351,0.16770225090936286
352,0.16770225090936286
353,0.16770225090936286
354,0.16770225090936286
355,0.16770225090936286
356,0.16770225090936286
357,0.16770225090936286
358,0.16770225090936286
359,0.16770225090936286
360,0.16770225090936286
361,0.16770225090936286
362,0.16770225090936286
363,0.16770225090936286
364,0.16770225090936286
365,0.16770225090936286
366,0.16770225090936286
367,0.16770225090936286
368,0.16770225090936286
369,0.16770225090936286
370,0.16770225090936286
371,0.16770225090936286
372,0.16770225090936286
373,0.16770225090936286
374,0.16770225090936286
375,0.16770225090936286
376,0.16770225090936286
377,0.16770225090936286
378,0.16770225090936286
379,0.16770225090936286
380,0.16770225090936286
381,0.16770225090936286
382,0.16770225090936286
383,0.16770225090936286
384,0.16770225090936286
385,0.16770225090936286
386,0.16770225090936286
387,0.16770225090936286
388,0.16770225090936286
389,0.16770225090936286
390,0.16770225090936286
391,0.16770225090936286
392,0.16770225090936286
393,0.16770225090936286
394,0.16770225090936286
395,0.16770225090936286
396,0.16770225090936286
397,0.16770225090936286
398,0.16770225090936286
399,0.16770225090936286
400,0.16770225090936286
401,0.16770225090936286
402,0.16770225090936286
403,0.16770225090936286
404,0.16770225090936286
405,0.16770225090936286
406,0.16770225090936286
407,0.16770225090936286
408,0.16770225090936286
409,0.16770225090936286
410,0.16770225090936286
411,0.16770225090936286
412,0.16770225090936286
413,0.16770225090936286
414,0.16770225090936286
415,0.16770225090936286
416,0.16770225090936286
417,0.16770225090936286
418,0.16770225090936286
419,0.16770225090936286
420,0.16770225090936286
421,0.16770225090936286
422,0.16770225090936286
423,0.16770225090936286
424,0.16770225090936286
425,0.16770225090936286
426,0.16770225090936286
427,0.16770225090936286
428,0.16770225090936286
429,0.16770225090936286
430,0.16770225090936286
431,0.16770225090936286
432,0.16770225090936286
433,0.16770225090936286
434,0.16770225090936286
435,0.16770225090936286
436,0.16770225090936286
437,0.16770225090936286
438,0.16770225090936286
439,0.16770225090936286
440,0.16770225090936286
441,0.16770225090936286
442,0.16770225090936286
443,0.16770225090936286
444,0.16770225090936286
445,0.16770225090936286
446,0.16770225090936286
447,0.16770225090936286
448,0.16770225090936286
449,0.16770225090936286
450,0.16770225090936286
451,0.16770225090936286
452,0.16770225090936286
453,0.16770225090936286
454,0.16770225090936286
455,0.16770225090936286
456,0.16770225090936286
457,0.16770225090936286
458,0.16770225090936286
459,0.16770225090936286
460,0.16770225090936286
461,0.16770225090936286
462,0.16770225090936286
463,0.16770225090936286
464,0.16770225090936286
465,0.16770225090936286
466,0.16770225090936286
467,0.16770225090936286
468,0.16770225090936286
469,0.16770225090936286
470,0.16770225090936286
471,0.16770225090936286
472,0.16770225090936286
473,0.16770225090936286
474,0.16770225090936286
475,0.16770225090936286
476,0.16770225090936286
477,0.16770225090936286
478,0.16770225090936286
479,0.16770225090936286
480,0.16770225090936286
481,0.16770225090936286
482,0.16770225090936286
483,0.16770225090936286
484,0.16770225090936286
485,0.16770225090936286
486,0.16770225090936286
487,0.16770225090936286
488,0.16770225090936286
489,0.16770225090936286
490,0.16770225090936286
491,0.16770225090936286
492,0.16770225090936286
493,0.16770225090936286
494,0.16770225090936286
495,0.16770225090936286
496,0.16770225090936286
497,0.16770225090936286
498,0.16770225090936286
499,0.16770225090936286
500,0.16770225090936286
501,0.16770225090936286
502,0.16770225090936286
503,0.16770225090936286
504,0.16770225090936286
505,0.16770225090936286
506,0.16770225090936286
507,0.16770225090936286
508,0.16770225090936286
509,0.16770225090936286
510,0.16770225090936286
511,0.16770225090936286
512,0.16770225090936286
513,0.16770225090936286
514,0.16770225090936286
515,0.16770225090936286
516,0.16770225090936286
517,0.16770225090936286
518,0.16770225090936286
519,0.16770225090936286
520,0.16770225090936286
521,0.16770225090936286
522,0.16770225090936286
523,0.16770225090936286
524,0.16770225090936286
525,0.16770225090936286
526,0.16770225090936286
527,0.16770225090936286
528,0.16770225090936286
529,0.16770225090936286
530,0.16770225090936286
531,0.16770225090936286
532,0.16770225090936286
533,0.16770225090936286
534,0.16770225090936286
535,0.16770225090936286
536,0.16770225090936286
537,0.16770225090936286
538,0.16770225090936286
539,0.16770225090936286
540,0.16770225090936286
541,0.16770225090936286
542,0.16770225090936286
543,0.16770225090936286
544,0.16770225090936286
545,0.16770225090936286
546,0.16770225090936286
547,0.16770225090936286
548,0.16770225090936286
549,0.16770225090936286
550,0.16770225090936286
551,0.16770225090936286
552,0.16770225090936286
553,0.16770225090936286
554,0.16770225090936286
555,0.16770225090936286
556,0.16770225090936286
557,0.16770225090936286
558,0.16770225090936286
559,0.16770225090936286
560,0.16770225090936286
561,0.16770225090936286
562,0.16770225090936286
563,0.16770225090936286
564,0.16770225090936286
565,0.16770225090936286
566,0.16770225090936286
567,0.16770225090936286
568,0.16770225090936286
569,0.16770225090936286
570,0.16770225090936286
571,0.16770225090936286
572,0.16770225090936286
573,0.16770225090936286
574,0.16770225090936286
575,0.16770225090936286
576,0.16770225090936286
577,0.16770225090936286
578,0.16770225090936286
579,0.16770225090936286
580,0.16770225090936286
581,0.16770225090936286
582,0.16770225090936286
583,0.16770225090936286
584,0.16770225090936286
585,0.16770225090936286
586,0.16770225090936286
587,0.16770225090936286
588,0.16770225090936286
589,0.16770225090936286
590,0.16770225090936286
591,0.16770225090936286
592,0.16770225090936286
593,0.16770225090936286
594,0.16770225090936286
595,0.16770225090936286
596,0.16770225090936286
597,0.16770225090936286
598,0.16770225090936286
599,0.16770225090936286
600,0.16770225090936286
601,0.16770225090936286
602,0.16770225090936286
603,0.16770225090936286
604,0.16770225090936286
605,0.16770225090936286
606,0.16770225090936286
607,0.16770225090936286
608,0.16770225090936286
609,0.16770225090936286
610,0.16770225090936286
611,0.16770225090936286
612,0.16770225090936286
613,0.16770225090936286
614,0.16770225090936286
615,0.16770225090936286
616,0.16770225090936286
617,0.16770225090936286
618,0.16770225090936286
619,0.16770225090936286
620,0.16770225090936286
621,0.16770225090936286
622,0.16770225090936286
623,0.16770225090936286
624,0.16770225090936286
625,0.16770225090936286
626,0.16770225090936286
627,0.16770225090936286
628,0.16770225090936286
629,0.16770225090936286
630,0.16770225090936286
631,0.16770225090936286
632,0.16770225090936286
633,0.16770225090936286
634,0.16770225090936286
635,0.16770225090936286
636,0.16770225090936286
637,0.16770225090936286
638,0.16770225090936286
639,0.16770225090936286
640,0.16770225090936286
641,0.16770225090936286
642,0.16770225090936286
643,0.16770225090936286
644,0.16770225090936286
645,0.16770225090936286
646,0.16770225090936286
647,0.16770225090936286
648,0.16770225090936286
649,0.16770225090936286
650,0.16770225090936286
651,0.16770225090936286
652,0.16770225090936286
653,0.16770225090936286
654,0.16770225090936286
655,0.16770225090936286
656,0.16770225090936286
657,0.16770225090936286
658,0.16770225090936286
659,0.16770225090936286
