1,0.23700040037883935
2,0.16738598726164172
3,0.15774309272423587
4,0.15547220118719363
5,0.15475115483928767
6,0.15448205977870139
7,0.15437060411362782
8,0.15432057783755415
9,0.154296421784222
10,0.15428385432302635
11,0.1542767714690801
12,0.15427242476784184
13,0.154269515164798
14,0.1542673983789184
15,0.15426573901609905
16,0.15426435401958458
17,0.1542631390042901
18,0.1542620321376163
19,0.15426099563640538
20,0.15426000585011954
21,0.15425904770703644
22,0.1542581114772813
23,0.154257190821297
24,0.15425628158113086
25,0.1542553810163393
26,0.15425448731371225
27,0.15425359926935145
28,0.15425271608100288
29,0.15425183721172572
30,0.15425096230009108
31,0.15425009110089263
32,0.1542492234459466
33,0.15424835921814417
34,0.15424749833426515
35,0.1542466407335941
36,0.15424578637036748
37,0.15424493520877444
38,0.1542440872196359
39,0.15424324237820586
40,0.15424240066271064
41,0.15424156205338338
42,0.1542407265318192
43,0.1542398940805515
44,0.15423906468276752
45,0.15423823832212222
46,0.15423741498261173
47,0.15423659464849224
48,0.15423577730422378
49,0.1542349629344332
50,0.15423415152389044
51,0.1542333430574903
52,0.15423253752024382
53,0.15423173489726763
54,0.15423093517378178
55,0.15423013833510266
56,0.15422934436664346
57,0.15422855325391027
58,0.15422776498250074
59,0.15422697953810394
60,0.1542261969064979
61,0.1542254170735497
62,0.1542246400252147
63,0.15422386574753516
64,0.15422309422664002
65,0.15422232544874392
66,0.15422155940014728
67,0.15422079606723502
68,0.15422003543647586
69,0.15421927749442246
70,0.1542185222277102
71,0.15421776962305656
72,0.15421701966726095
73,0.15421627234720414
74,0.15421552764984725
75,0.1542147855622314
76,0.15421404607147737
77,0.15421330916478512
78,0.15421257482943274
79,0.154211843052776
80,0.154211113822248
81,0.15421038712535906
82,0.15420966294969538
83,0.15420894128291868
84,0.15420822211276652
85,0.15420750542705056
86,0.15420679121365677
87,0.15420607946054485
88,0.15420537015574737
89,0.15420466328736973
90,0.1542039588435895
91,0.15420325681265565
92,0.15420255718288836
93,0.15420185994267863
94,0.15420116508048726
95,0.15420047258484462
96,0.15419978244435123
97,0.15419909464767503
98,0.15419840918355276
99,0.154197726040789
100,0.1541970452082555
101,0.15419636667489045
102,0.15419569042969938
103,0.15419501646175263
104,0.1541943447601867
105,0.1541936753142023
106,0.15419300811306633
107,0.15419234314610752
108,0.15419168040271997
109,0.15419101987236028
110,0.15419036154454815
111,0.1541897054088654
112,0.1541890514549562
113,0.15418839967252518
114,0.15418775005133953
115,0.15418710258122595
116,0.15418645725207197
117,0.1541858140538245
118,0.15418517297649048
119,0.1541845340101352
120,0.15418389714488273
121,0.15418326237091645
122,0.15418262967847557
123,0.15418199905785807
124,0.15418137049941885
125,0.15418074399356915
126,0.15418011953077648
127,0.1541794971015642
128,0.15417887669651142
129,0.15417825830625254
130,0.15417764192147562
131,0.1541770275329243
132,0.1541764151313958
133,0.1541758047077403
134,0.1541751962528625
135,0.15417458975771894
136,0.15417398521331918
137,0.15417338261072508
138,0.15417278194104958
139,0.1541721831954583
140,0.154171586365167
141,0.15417099144144245
142,0.15417039841560232
143,0.15416980727901383
144,0.15416921802309405
145,0.15416863063930997
146,0.1541680451191768
147,0.15416746145425975
148,0.15416687963617076
149,0.15416629965657175
150,0.15416572150717128
151,0.154165145179725
152,0.15416457066603723
153,0.1541639979579579
154,0.15416342704738367
155,0.1541628579262573
156,0.1541622905865682
157,0.1541617250203506
158,0.15416116121968412
159,0.15416059917669334
160,0.15416003888354826
161,0.15415948033246177
162,0.15415892351569258
163,0.1541583684255417
164,0.15415781505435486
165,0.15415726339451996
166,0.15415671343846832
167,0.15415616517867406
168,0.15415561860765326
169,0.15415507371796452
170,0.15415453050220754
171,0.1541539889530245
172,0.15415344906309802
173,0.15415291082515203
174,0.15415237423195077
175,0.1541518392762995
176,0.15415130595104343
177,0.15415077424906767
178,0.15415024416329656
179,0.15414971568669414
180,0.1541491888122639
181,0.1541486635330478
182,0.1541481398421262
183,0.15414761773261826
184,0.15414709719768077
185,0.154146578230509
186,0.15414606082433524
187,0.15414554497242916
188,0.15414503066809812
189,0.15414451790468542
190,0.1541440066755717
191,0.15414349697417395
192,0.15414298879394495
193,0.15414248212837375
194,0.1541419769709841
195,0.15414147331533726
196,0.1541409711550277
197,0.15414047048368515
198,0.1541399712949755
199,0.15413947358259736
200,0.154138977340285
201,0.15413848256180626
202,0.15413798924096256
203,0.15413749737158958
204,0.15413700694755575
205,0.15413651796276345
206,0.15413603041114735
207,0.15413554428667536
208,0.15413505958334797
209,0.1541345762951976
210,0.15413409441628917
211,0.15413361394071973
212,0.15413313486261765
213,0.154132657176143
214,0.15413218087548736
215,0.15413170595487302
216,0.1541312324085537
217,0.154130760230814
218,0.15413028941596804
219,0.15412981995836095
220,0.1541293518523687
221,0.15412888509239586
222,0.15412841967287774
223,0.154127955588279
224,0.15412749283309354
225,0.15412703140184444
226,0.15412657128908422
227,0.15412611248939362
228,0.15412565499738282
229,0.15412519880768918
230,0.15412474391498
231,0.15412429031394945
232,0.15412383799932014
233,0.1541233869658423
234,0.15412293720829415
235,0.15412248872148054
236,0.15412204150023406
237,0.1541215955394145
238,0.15412115083390812
239,0.15412070737862832
240,0.15412026516851482
241,0.1541198241985338
242,0.15411938446367757
243,0.15411894595896464
244,0.15411850867943924
245,0.1541180726201718
246,0.15411763777625778
247,0.1541172041428185
248,0.1541167717149997
249,0.1541163404879738
250,0.15411591045693646
251,0.15411548161710917
252,0.15411505396373765
253,0.15411462749209257
254,0.15411420219746816
255,0.15411377807518356
256,0.15411335512058172
257,0.1541129333290292
258,0.15411251269591664
259,0.15411209321665803
260,0.15411167488669097
261,0.15411125770147646
262,0.15411084165649844
263,0.15411042674726383
264,0.15411001296930263
265,0.1541096003181676
266,0.15410918878943372
267,0.1541087783786987
268,0.15410836908158285
269,0.15410796089372816
270,0.1541075538107987
271,0.1541071478284809
272,0.15410674294248297
273,0.15410633914853397
274,0.15410593644238493
275,0.15410553481980885
276,0.154105134276599
277,0.15410473480857045
278,0.15410433641155907
279,0.1541039390814217
280,0.15410354281403538
281,0.15410314760529872
282,0.15410275345112992
283,0.15410236034746816
284,0.15410196829027248
285,0.15410157727552237
286,0.15410118729921707
287,0.15410079835737558
288,0.1541004104460371
289,0.15410002356126035
290,0.15409963769912333
291,0.15409925285572362
292,0.154098869027178
293,0.15409848620962258
294,0.1540981043992123
295,0.15409772359212157
296,0.1540973437845428
297,0.15409696497268777
298,0.15409658715278673
299,0.15409621032108844
300,0.15409583447385986
301,0.15409545960738644
302,0.15409508571797195
303,0.1540947128019378
304,0.15409434085562326
305,0.1540939698753866
306,0.15409359985760226
307,0.15409323079866336
308,0.15409286269498013
309,0.1540924955429808
310,0.15409212933910998
311,0.1540917640798302
312,0.15409139976162126
313,0.1540910363809792
314,0.1540906739344176
315,0.15409031241846688
316,0.15408995182967442
317,0.15408959216460308
318,0.15408923341983355
319,0.15408887559196222
320,0.1540885186776023
321,0.15408816267338296
322,0.15408780757594906
323,0.15408745338196245
324,0.15408710008810078
325,0.15408674769105687
326,0.1540863961875397
327,0.15408604557427447
328,0.1540856958480011
329,0.15408534700547566
330,0.15408499904346903
331,0.15408465195876817
332,0.15408430574817492
333,0.15408396040850617
334,0.15408361593659342
335,0.1540832723292845
336,0.15408292958344103
337,0.1540825876959397
338,0.1540822466636717
339,0.1540819064835433
340,0.15408156715247529
341,0.15408122866740262
342,0.15408089102527484
343,0.15408055422305544
344,0.15408021825772278
345,0.15407988312626889
346,0.1540795488257001
347,0.15407921535303631
348,0.15407888270531206
349,0.15407855087957475
350,0.15407821987288642
351,0.15407788968232228
352,0.1540775603049713
353,0.1540772317379358
354,0.1540769039783317
355,0.15407657702328847
356,0.15407625086994822
357,0.15407592551546695
358,0.15407560095701317
359,0.15407527719176944
360,0.15407495421693018
361,0.15407463202970306
362,0.15407431062730922
363,0.15407399000698196
364,0.15407367016596724
365,0.15407335110152354
366,0.1540730328109227
367,0.15407271529144856
368,0.15407239854039684
369,0.15407208255507654
370,0.15407176733280828
371,0.15407145287092522
372,0.15407113916677248
373,0.15407082621770718
374,0.15407051402109898
375,0.15407020257432866
376,0.1540698918747898
377,0.15406958191988693
378,0.15406927270703655
379,0.15406896423366737
380,0.1540686564972191
381,0.15406834949514361
382,0.15406804322490358
383,0.15406773768397314
384,0.15406743286983834
385,0.15406712877999626
386,0.1540668254119554
387,0.1540665227632347
388,0.15406622083136504
389,0.1540659196138878
390,0.15406561910835623
391,0.15406531931233317
392,0.15406502022339338
393,0.15406472183912212
394,0.15406442415711522
395,0.15406412717497964
396,0.1540638308903326
397,0.15406353530080177
398,0.1540632404040259
399,0.1540629461976533
400,0.15406265267934421
401,0.1540623598467676
402,0.15406206769760344
403,0.1540617762295421
404,0.1540614854402841
405,0.15406119532753942
406,0.15406090588902932
407,0.15406061712248356
408,0.15406032902564343
409,0.15406004159625894
410,0.1540597548320906
411,0.15405946873090878
412,0.15405918329049317
413,0.15405889850863333
414,0.15405861438312807
415,0.15405833091178692
416,0.15405804809242835
417,0.15405776592287962
418,0.15405748440097836
419,0.1540572035245714
420,0.1540569232915146
421,0.15405664369967342
422,0.1540563647469226
423,0.15405608643114593
424,0.15405580875023597
425,0.15405553170209532
426,0.1540552552846349
427,0.15405497949577465
428,0.15405470433344381
429,0.15405442979558023
430,0.15405415588013135
431,0.15405388258505182
432,0.15405360990830674
433,0.15405333784786898
434,0.15405306640172034
435,0.15405279556785212
436,0.15405252534426206
437,0.15405225572895834
438,0.15405198671995715
439,0.1540517183152829
440,0.15405145051296873
441,0.15405118331105555
442,0.15405091670759322
443,0.15405065070063967
444,0.1540503852882609
445,0.15405012046853134
446,0.15404985623953346
447,0.15404959259935788
448,0.15404932954610293
449,0.154049067077876
450,0.15404880519279082
451,0.1540485438889707
452,0.15404828316454558
453,0.15404802301765425
454,0.15404776344644244
455,0.15404750444906454
456,0.1540472460236821
457,0.1540469881684643
458,0.1540467308815882
459,0.1540464741612387
460,0.15404621800560775
461,0.15404596241289503
462,0.15404570738130804
463,0.15404545290906158
464,0.15404519899437766
465,0.15404494563548563
466,0.15404469283062286
467,0.15404444057803282
468,0.15404418887596788
469,0.15404393772268601
470,0.15404368711645336
471,0.15404343705554333
472,0.15404318753823543
473,0.15404293856281764
474,0.15404269012758406
475,0.15404244223083607
476,0.1540421948708818
477,0.1540419480460369
478,0.15404170175462326
479,0.1540414559949703
480,0.1540412107654137
481,0.15404096606429654
482,0.15404072188996792
483,0.15404047824078423
484,0.1540402351151088
485,0.154039992511311
486,0.1540397504277669
487,0.15403950886285978
488,0.15403926781497887
489,0.1540390272825201
490,0.1540387872638866
491,0.15403854775748663
492,0.15403830876173608
493,0.1540380702750565
494,0.15403783229587636
495,0.15403759482263005
496,0.15403735785375874
497,0.1540371213877094
498,0.15403688542293545
499,0.15403664995789684
500,0.154036414991059
501,0.15403618052089413
502,0.1540359465458805
503,0.15403571306450228
504,0.1540354800752498
505,0.15403524757661916
506,0.15403501556711321
507,0.1540347840452399
508,0.15403455300951363
509,0.15403432245845491
510,0.15403409239058954
511,0.15403386280444958
512,0.15403363369857279
513,0.1540334050715029
514,0.1540331769217895
515,0.15403294924798727
516,0.15403272204865737
517,0.1540324953223667
518,0.15403226906768702
519,0.1540320432831964
520,0.15403181796747836
521,0.15403159311912193
522,0.15403136873672166
523,0.15403114481887792
524,0.1540309213641963
525,0.15403069837128788
526,0.15403047583876953
527,0.15403025376526291
528,0.15403003214939573
529,0.1540298109898007
530,0.15402959028511579
531,0.15402937003398504
532,0.15402915023505645
533,0.15402893088698447
534,0.15402871198842846
535,0.1540284935380527
536,0.15402827553452692
537,0.15402805797652624
538,0.15402784086273028
539,0.15402762419182442
540,0.15402740796249886
541,0.15402719217344865
542,0.1540269768233742
543,0.15402676191098122
544,0.15402654743497945
545,0.15402633339408514
546,0.15402611978701788
547,0.1540259066125028
548,0.15402569386927034
549,0.15402548155605578
550,0.15402526967159832
551,0.1540250582146429
552,0.1540248471839394
553,0.1540246365782414
554,0.15402442639630862
555,0.1540242166369046
556,0.15402400729879778
557,0.1540237983807616
558,0.15402358988157397
559,0.15402338180001723
560,0.15402317413487865
561,0.15402296688495018
562,0.1540227600490281
563,0.15402255362591333
564,0.15402234761441158
565,0.1540221420133328
566,0.1540219368214915
567,0.1540217320377067
568,0.1540215276608018
569,0.15402132368960503
570,0.15402112012294852
571,0.15402091695966924
572,0.15402071419860797
573,0.15402051183861065
574,0.15402030987852672
575,0.15402010831721075
576,0.15401990715352082
577,0.15401970638631998
578,0.1540195060144751
579,0.15401930603685718
580,0.15401910645234212
581,0.1540189072598095
582,0.15401870845814286
583,0.15401851004623027
584,0.15401831202296448
585,0.15401811438724097
586,0.15401791713796079
587,0.15401772027402785
588,0.15401752379435094
589,0.15401732769784268
590,0.15401713198341974
591,0.1540169366500028
592,0.15401674169651622
593,0.1540165471218889
594,0.15401635292505303
595,0.15401615910494554
596,0.1540159656605066
597,0.1540157725906804
598,0.15401557989441567
599,0.15401538757066427
600,0.15401519561838187
601,0.15401500403652835
602,0.1540148128240675
603,0.15401462197996654
604,0.15401443150319674
605,0.1540142413927327
606,0.15401405164755366
607,0.15401386226664143
608,0.1540136732489827
609,0.15401348459356687
610,0.15401329629938765
611,0.15401310836544216
612,0.15401292079073126
613,0.1540127335742592
614,0.15401254671503434
615,0.15401236021206793
616,0.15401217406437545
617,0.15401198827097576
618,0.1540118028308914
619,0.15401161774314773
620,0.15401143300677456
621,0.1540112486208048
622,0.15401106458427444
623,0.1540108808962241
624,0.15401069755569635
625,0.15401051456173837
626,0.15401033191340027
627,0.15401014960973552
628,0.15400996764980163
629,0.1540097860326583
630,0.15400960475736963
631,0.15400942382300292
632,0.15400924322862797
633,0.15400906297331918
634,0.15400888305615348
635,0.15400870347621112
636,0.15400852423257544
637,0.15400834532433372
638,0.1540081667505763
639,0.15400798851039593
640,0.15400781060288962
641,0.1540076330271573
642,0.15400745578230146
643,0.1540072788674289
644,0.15400710228164854
645,0.15400692602407307
646,0.15400675009381787
647,0.15400657449000196
648,0.15400639921174722
649,0.15400622425817814
650,0.15400604962842326
651,0.15400587532161394
652,0.1540057013368832
653,0.15400552767336953
654,0.1540053543302123
655,0.15400518130655524
656,0.15400500860154417
657,0.1540048362143288
658,0.15400466414406108
659,0.1540044923898961
660,0.1540043209509923
661,0.15400414982651064
662,0.15400397901561486
663,0.15400380851747214
664,0.15400363833125222
665,0.1540034684561278
666,0.15400329889127462
