1,0.4355961796244083
2,0.32001418295792555
3,0.16604466780763577
4,0.1634250124884674
5,0.16325593647923983
6,0.16323349697066267
7,0.16322590511013407
8,0.16322033142562348
9,0.1632151330367467
10,0.16321002481325222
11,0.16320493996275687
12,0.16319985968479583
13,0.1631947783812471
14,0.1631896944980293
15,0.1631846077716476
16,0.1631795183561764
17,0.16317442654005065
18,0.16316933264976405
19,0.1631642370017605
20,0.16315913978792673
21,0.1631540396416919
22,0.16839843547968597
23,0.16754600624588362
24,0.16391939051941198
25,0.16350543542471574
26,0.16348183766000463
27,0.16347648360324735
28,0.1634715083102704
29,0.163466489099152
30,0.16346145991317895
31,0.16345643145056113
32,0.1634514061612837
33,0.1634463848098245
34,0.16344136783856575
35,0.16343635562822803
36,0.16343134854680347
37,0.16342634695862904
38,0.16342135122597767
39,0.16341636170923843
40,0.16341137876684225
41,0.16340640275513318
42,0.16340143402823637
43,0.163396472937923
44,0.16339151983348027
45,0.16338657506157972
46,0.1633816389661504
47,0.16337671188825392
48,0.16337179416596112
49,0.1633668861342312
50,0.16336198812479505
51,0.1633571004660393
52,0.16335222348289521
53,0.1633473574967271
54,0.16334250282522883
55,0.1633376597823189
56,0.16333282867804008
57,0.16332800981846327
58,0.16332320350559362
59,0.16331841003727934
60,0.16331362970712515
61,0.16330886280440934
62,0.16330410961400238
63,0.16329937041629072
64,0.16329464548710368
65,0.16328993509764428
66,0.16328523951442206
67,0.1632805589991909
68,0.16327589380889176
69,0.16327124419559488
70,0.16326661040645052
71,0.16326199268363897
72,0.16325739126432792
73,0.16325280638063014
74,0.16324823825956805
75,0.1632436871230376
76,0.1632391531877811
77,0.16323463666535853
78,0.16323013776212517
79,0.16322565667921235
80,0.16322119361251103
81,0.16321674875265887
82,0.16321232228503094
83,0.16320791438973337
84,0.1632035252416013
85,0.16319915501019777
86,0.1631948038598182
87,0.16319047194949599
88,0.16318615943301332
89,0.16318186645891225
90,0.1631775931705109
91,0.16317333970592088
92,0.16316910619806832
93,0.16316489277471896
94,0.16316069955850115
95,0.16315652666693728
96,0.16315237421247383
97,0.16314824230251482
98,0.1631441310394578
99,0.16314004052073142
100,0.16313597083883638
101,0.16313192208138655
102,0.16312789433115404
103,0.16312388766611474
104,0.16311990215949676
105,0.16311593787982887
106,0.16311199489099326
107,0.16310807325227736
108,0.16310417301842847
109,0.16310029423970993
110,0.16309643696195691
111,0.16309260122663694
112,0.1630887870709072
113,0.1630849945276767
114,0.1630812236256675
115,0.16307747438947687
116,0.163073746839642
117,0.16307004099270309
118,0.16306635686126905
119,0.16306269445408317
120,0.16305905377608973
121,0.1630554348285008
122,0.1630518376088631
123,0.1630482621111263
124,0.16304470832571158
125,0.1630411762395783
126,0.16303766583629575
127,0.16303417709610854
128,0.16303070999600688
129,0.1630272645097973
130,0.16302384060816877
131,0.1630204382587636
132,0.16301705742624498
133,0.16301369807236712
134,0.16301036015604223
135,0.16300704363341043
136,0.16300374845790605
137,0.16300047458032582
138,0.16299722194889757
139,0.16299399050934563
140,0.16299078020495703
141,0.16298759097664908
142,0.1629844227630336
143,0.1629812755004827
144,0.16297814912319272
145,0.16297504356324777
146,0.1629719587506844
147,0.16296889461355202
148,0.16296585107797676
149,0.16296282806822185
150,0.1629598255067487
151,0.16295684331427474
152,0.1629538814098359
153,0.16295093971084126
154,0.1629480181331338
155,0.1629451165910449
156,0.16294223499745064
157,0.16293937326382799
158,0.16293653130030852
159,0.1629337090157306
160,0.16293090631769366
161,0.16292812311261007
162,0.1629253593057543
163,0.1629226148013145
164,0.16291988950244077
165,0.16291718331129498
166,0.16291449612909487
167,0.16291182785616462
168,0.16290917839197772
169,0.16290654763520326
170,0.16290393548374807
171,0.16290134183480207
172,0.16289876658487878
173,0.1628962096298569
174,0.16289367086502113
175,0.1628911501851016
176,0.16288864748431137
177,0.1628861626563871
178,0.1628836955946228
179,0.1628812461919078
180,0.16287881434076235
181,0.16287639993337014
182,0.16287400286161485
183,0.16287162301711003
184,0.1628692602912327
185,0.1628669145751555
186,0.1628645857598743
187,0.16286227373624082
188,0.16285997839498956
189,0.16285769962676697
190,0.16285543732215835
191,0.16285319137171414
192,0.16285096166597685
193,0.16284874809550584
194,0.16284655055090094
195,0.16284436892282672
196,0.16284220310203618
197,0.1628400529793927
198,0.16283791844589118
199,0.16283579939267998
200,0.16283369571108033
201,0.1628316072926074
202,0.1628295340289882
203,0.16282747581218107
204,0.16282543253439286
205,0.16282340408809665
206,0.16282139036604798
207,0.1628193912613021
208,0.1628174066672285
209,0.1628154364775266
210,0.1628134805862396
211,0.1628115388877697
212,0.16280961127689014
213,0.16280769764875874
214,0.16280579789893118
215,0.16280391192337154
216,0.16280203961846515
217,0.16280018088102857
218,0.16279833560832102
219,0.16279650369805415
220,0.16279468504840147
221,0.16279287955800822
222,0.16279108712599985
223,0.16278930765199084
224,0.16278754103609244
225,0.16278578717892087
226,0.16278404598160393
227,0.16278231734578816
228,0.1627806011736461
229,0.1627788973678816
230,0.16277720583173702
231,0.16277552646899696
232,0.16277385918399503
233,0.16277220388161842
234,0.16277056046731211
235,0.1627689288470839
236,0.16276730892750788
237,0.16276570061572881
238,0.16276410381946488
239,0.16276251844701123
240,0.16276094440724376
241,0.16275938160962
242,0.16275782996418378
243,0.16275628938156633
244,0.16275475977298726
245,0.16275324105025915
246,0.16275173312578634
247,0.16275023591256788
248,0.16274874932419814
249,0.16274727327486826
250,0.1627458076793659
251,0.1627443524530773
252,0.16274290751198628
253,0.16274147277267584
254,0.16274004815232682
255,0.1627386335687188
256,0.1627372289402297
257,0.1627358341858358
258,0.16273444922510927
259,0.16273307397822054
260,0.16273170836593495
261,0.1627303523096124
262,0.1627290057312078
263,0.16272766855326762
264,0.1627263406989302
265,0.16272502209192352
266,0.16272371265656393
267,0.16272241231775464
268,0.1627211210009838
269,0.16271983863232287
270,0.16271856513842378
271,0.16271730044651908
272,0.16271604448441712
273,0.16271479718050175
274,0.16271355846372948
275,0.16271232826362683
276,0.16271110651028872
277,0.16270989313437484
278,0.16270868806710903
279,0.1627074912402737
280,0.16270630258621016
281,0.1627051220378143
282,0.1627039495285338
283,0.1627027849923659
284,0.16270162836385407
285,0.1627004795780857
286,0.16269933857068808
287,0.16269820527782664
288,0.1626970796362006
289,0.16269596158304067
290,0.16269485105610673
291,0.16269374799368255
292,0.16269265233457406
293,0.16269156401810653
294,0.1626904829841201
295,0.1626894091729671
296,0.16268834252550932
297,0.16268728298311314
298,0.16268623048764794
299,0.16268518498148243
300,0.16268414640747997
301,0.16268311470899613
302,0.1626820898298759
303,0.16268107171444957
304,0.16268006030752877
305,0.16267905555440484
306,0.16267805740084265
307,0.16267706579308006
308,0.1626760806778228
309,0.1626751020022416
310,0.1626741297139683
311,0.1626731637610921
312,0.16267220409215843
313,0.16267125065616148
314,0.1626703034025451
315,0.1626693622811958
316,0.16266842724244152
317,0.1626674982370473
318,0.1626665752162122
319,0.1626656581315652
320,0.16266474693516275
321,0.1626638415794843
322,0.16266294201743015
323,0.16266204820231728
324,0.1626611600878755
325,0.16266027762824517
326,0.16265940077797325
327,0.16265852949200973
328,0.16265766372570484
329,0.16265680343480549
330,0.16265594857545135
331,0.16265509910417275
332,0.16265425497788658
333,0.1626534161538928
334,0.1626525825898722
335,0.16265175424388234
336,0.16265093107435372
337,0.16265011304008867
338,0.16264930010025605
339,0.1626484922143886
340,0.1626476893423807
341,0.16264689144448433
342,0.1626460984813058
343,0.1626453104138038
344,0.16264452720328446
345,0.16264374881140037
346,0.16264297520014587
347,0.16264220633185508
348,0.16264144216919757
349,0.16264068267517737
350,0.16263992781312822
351,0.1626391775467114
352,0.1626384318399123
353,0.16263769065703812
354,0.16263695396271516
355,0.1626362217218847
356,0.1626354938998011
357,0.16263477046202882
358,0.16263405137444015
359,0.16263333660321028
360,0.1626326261148178
361,0.16263191987603912
362,0.1626312178539472
363,0.1626305200159083
364,0.16262982632957937
365,0.1626291367629057
366,0.16262845128411715
367,0.16262776986172753
368,0.1626270924645303
369,0.16262641906159617
370,0.1626257496222711
371,0.1626250841161739
372,0.16262442251319226
373,0.16262376478348212
374,0.16262311089746415
375,0.16262246082582132
376,0.16262181453949692
377,0.1626211720096907
378,0.16262053320785916
379,0.1626198981057101
380,0.16261926667520288
381,0.16261863888854405
382,0.16261801471818618
383,0.1626173941368251
384,0.16261677711739775
385,0.16261616363308054
386,0.1626155536572853
387,0.1626149471636591
388,0.16261434412608097
389,0.1626137445186597
390,0.16261314831573181
391,0.16261255549185966
392,0.1626119660218293
393,0.16261137988064756
394,0.16261079704354126
395,0.16261021748595333
396,0.16260964118354349
397,0.16260906811218323
398,0.1626084982479555
399,0.1626079315671524
400,0.16260736804627346
401,0.16260680766202276
402,0.16260625039130794
403,0.16260569621123758
404,0.1626051450991202
405,0.16260459703246127
406,0.1626040519889619
407,0.16260350994651718
408,0.16260297088321396
409,0.16260243477732908
410,0.16260190160732768
411,0.16260137135186137
412,0.16260084398976654
413,0.1626003195000624
414,0.16259979786194925
415,0.16259927905480748
416,0.16259876305819396
417,0.16259824985184326
418,0.16259773941566355
419,0.16259723172973503
420,0.1625967267743107
421,0.16259622452981143
422,0.1625957249768269
423,0.16259522809611274
424,0.16259473386858955
425,0.16259424227534044
426,0.1625937532976109
427,0.16259326691680615
428,0.16259278311448958
429,0.1625923018723821
430,0.1625918231723597
431,0.1625913469964533
432,0.16259087332684552
433,0.1625904021458705
434,0.16258993343601214
435,0.1625894671799024
436,0.16258900336032062
437,0.16258854196019087
438,0.16258808296258265
439,0.16258762635070692
440,0.16258717210791637
441,0.16258672021770446
442,0.16258627066370293
443,0.16258582342968084
444,0.1625853784995435
445,0.16258493585733125
446,0.16258449548721804
447,0.16258405737351012
448,0.16258362150064445
449,0.16258318785318868
450,0.1625827564158379
451,0.16258232717341606
452,0.16258190011087217
453,0.1625814752132809
454,0.1625810524658406
455,0.16258063185387245
456,0.162580213362819
457,0.16257979697824307
458,0.1625793826858274
459,0.16257897047137246
460,0.1625785603207957
461,0.16257815222013064
462,0.16257774615552575
463,0.16257734211324343
464,0.1625769400796586
465,0.162576540041258
466,0.16257614198463907
467,0.1625757458965086
468,0.16257535176368246
469,0.16257495957308374
470,0.16257456931174225
471,0.16257418096679313
472,0.16257379452547702
473,0.16257340997513706
474,0.16257302730321985
475,0.16257264649727357
476,0.16257226754494697
477,0.16257189043398912
478,0.16257151515224713
479,0.1625711416876675
480,0.16257077002829268
481,0.16257040016226204
482,0.1625700320778101
483,0.16256966576326537
484,0.1625693012070505
485,0.16256893839768088
486,0.16256857732376373
487,0.16256821797399681
488,0.16256786033716908
489,0.1625675044021577
490,0.16256715015792927
491,0.16256679759353784
492,0.16256644669812453
493,0.16256609746091627
494,0.16256574987122543
495,0.16256540391844937
496,0.16256505959206913
497,0.16256471688164825
498,0.1625643757768334
499,0.1625640362673521
500,0.16256369834301312
501,0.16256336199370505
502,0.1625630272093959
503,0.16256269398013262
504,0.16256236229603907
505,0.16256203214731788
506,0.16256170352424704
507,0.16256137641718055
508,0.16256105081654773
509,0.16256072671285254
510,0.1625604040966721
511,0.16256008295865718
512,0.16255976328953134
513,0.16255944508008915
514,0.16255912832119668
515,0.162558813003791
516,0.1625584991188783
517,0.1625581866575344
518,0.16255787561090426
519,0.1625575659702001
520,0.1625572577267021
521,0.1625569508717568
522,0.16255664539677778
523,0.1625563412932437
524,0.16255603855269826
525,0.16255573716675
526,0.16255543712707102
527,0.1625551384253972
528,0.1625548410535263
529,0.1625545450033202
530,0.16255425026670023
531,0.16255395683565033
532,0.16255366470221477
533,0.16255337385849727
534,0.16255308429666218
535,0.16255279600893205
536,0.16255250898758816
537,0.1625522232249699
538,0.16255193871347376
539,0.16255165544555367
540,0.16255137341372022
541,0.1625510926105392
542,0.16255081302863242
543,0.16255053466067695
544,0.16255025749940374
545,0.1625499815375985
546,0.16254970676809982
547,0.16254943318379986
548,0.16254916077764348
549,0.16254888954262803
550,0.1625486194718014
551,0.16254835055826458
552,0.16254808279516744
553,0.16254781617571232
554,0.16254755069314994
555,0.16254728634078158
556,0.16254702311195704
557,0.16254676100007504
558,0.16254649999858292
559,0.1625462401009753
560,0.16254598130079492
561,0.16254572359163114
562,0.1625454669671198
563,0.16254521142094405
564,0.16254495694683144
565,0.16254470353855602
566,0.1625444511899369
567,0.16254419989483762
568,0.16254394964716556
569,0.16254370044087318
570,0.16254345226995562
571,0.16254320512845175
572,0.1625429590104428
573,0.16254271391005315
574,0.16254246982144854
575,0.16254222673883703
576,0.16254198465646819
577,0.162541743568632
578,0.1625415034696597
579,0.1625412643539232
580,0.16254102621583347
581,0.16254078904984184
582,0.16254055285043936
583,0.1625403176121553
584,0.16254008332955835
585,0.16253984999725524
586,0.16253961760989075
587,0.16253938616214766
588,0.16253915564874596
589,0.1625389260644431
590,0.16253869740403318
591,0.1625384696623465
592,0.16253824283425003
593,0.1625380169146465
594,0.16253779189847442
595,0.1625375677807073
596,0.16253734455635435
597,0.1625371222204583
598,0.16253690076809774
599,0.16253668019438475
600,0.1625364604944653
601,0.16253624166351885
602,0.16253602369675904
603,0.16253580658943126
604,0.16253559033681503
605,0.16253537493422154
606,0.16253516037699442
607,0.16253494666050997
608,0.1625347337801751
609,0.16253452173142902
610,0.16253431050974204
611,0.1625341001106154
612,0.16253389052958128
613,0.16253368176220157
614,0.16253347380406924
615,0.16253326665080708
616,0.16253306029806747
617,0.1625328547415325
618,0.16253264997691333
619,0.16253244599994987
620,0.1625322428064116
621,0.1625320403920964
622,0.16253183875282973
623,0.16253163788446628
624,0.16253143778288778
625,0.16253123844400366
626,0.1625310398637516
627,0.16253084203809562
628,0.16253064496302772
629,0.16253044863456545
630,0.162530253048754
631,0.1625300582016641
632,0.16252986408939427
633,0.16252967070806673
634,0.16252947805383083
635,0.1625292861228615
636,0.16252909491135872
637,0.16252890441554754
638,0.1625287146316781
639,0.1625285255560253
640,0.1625283371848887
641,0.162528149514592
642,0.16252796254148327
643,0.16252777626193443
644,0.16252759067234152
645,0.16252740576912403
646,0.1625272215487246
647,0.16252703800760931
648,0.1625268551422677
649,0.16252667294921178
650,0.16252649142497647
651,0.1625263105661187
652,0.1625261303692187
653,0.16252595083087848
654,0.16252577194772144
655,0.16252559371639383
656,0.16252541613356306
657,0.16252523919591794
658,0.16252506290016916
659,0.16252488724304825
660,0.16252471222130754
661,0.1625245378317206
662,0.16252436407108178
663,0.16252419093620538
664,0.16252401842392675
665,0.16252384653110136
666,0.1625236752546042
667,0.1625235045913311
668,0.16252333453819665
669,0.1625231650921361
670,0.16252299625010325
671,0.16252282800907167
672,0.16252266036603422
673,0.16252249331800275
