1,0.20222252965074408
2,0.2022180411442886
3,0.2022135119462793
4,0.20220894150420465
5,0.20220432925555262
6,0.20219967462758298
7,0.20219497703709627
8,0.2021902358901933
9,0.20218545058203105
10,0.20218062049656926
11,0.20217574500631214
12,0.20217082347204093
13,0.20216585524254077
14,0.2021608396543182
15,0.2021557760313136
16,0.20215066368460063
17,0.20214550191208236
18,0.20214028999817502
19,0.2021350272134843
20,0.20212971281447184
21,0.20212434604311297
22,0.2021189261265423
23,0.2021134522766918
24,0.20210792368991543
25,0.20210233954660461
26,0.20209669901079208
27,0.20209100122974244
28,0.2020852453335328
29,0.2020794304346179
30,0.2020735556273851
31,0.20206761998769357
32,0.20206162257240032
33,0.20205556241887107
34,0.20204943854447738
35,0.20204324994607673
36,0.2020369955994761
37,0.20203067445888112
38,0.20202428545632475
39,0.20201782750107994
40,0.2020112994790528
41,0.20200470025215694
42,0.2019980286576662
43,0.20199128350754883
44,0.2019844635877771
45,0.20197756765761726
46,0.20197059444889387
47,0.20196354266523106
48,0.20195641098126793
49,0.2019491980418484
50,0.201941902461183
51,0.2019345228219832
52,0.20192705767456576
53,0.20191950553592672
54,0.2019118648887832
55,0.2019041341805828
56,0.2018963118224785
57,0.20188839618826637
58,0.20188038561328822
59,0.20187227839329402
60,0.201864072783264
61,0.20185576699618854
62,0.20184735920180563
63,0.2018388475252903
64,0.20183023004589887
65,0.20182150479556107
66,0.20181266975742296
67,0.2018037228643341
68,0.20179466199727827
69,0.20178548498374718
70,0.20177618959605087
71,0.20176677354956554
72,0.20175723450091257
73,0.20174757004607072
74,0.20173777771841145
75,0.20172785498666249
76,0.2017177992527865
77,0.2017076078497806
78,0.20169727803938697
79,0.2016868070097112
80,0.2016761918727468
81,0.2016654296617985
82,0.2016545173288018
83,0.2016434517415316
84,0.20163222968069638
85,0.20162084783691214
86,0.20160930280755018
87,0.20159759109345082
88,0.20158570909549983
89,0.20157365311105854
90,0.20156141933023952
91,0.20154900383202315
92,0.2015364025802038
93,0.20152361141916028
94,0.20151062606943626
95,0.20149744212312837
96,0.20148405503906489
97,0.20147046013776862
98,0.201456652596191
99,0.20144262744220362
100,0.20142837954883813
101,0.201413903628259
102,0.20139919422545138
103,0.20138424571161492
104,0.20136905227724206
105,0.20135360792486598
106,0.201337906461459
107,0.2013219414904611
108,0.2013057064034192
109,0.20128919437121245
110,0.20127239833484403
111,0.201255310995767
112,0.20123792480572603
113,0.20122023195607813
114,0.2012022243665675
115,0.20118389367351688
116,0.2011652312174054
117,0.20114622802978935
118,0.20112687481953168
119,0.20110716195829217
120,0.20108707946523569
121,0.20106661699090786
122,0.2010457638002232
123,0.20102450875451464
124,0.20100284029257548
125,0.20098074641063607
126,0.20095821464119892
127,0.20093523203066105
128,0.2009117851156378
129,0.2008878598979044
130,0.20086344181785942
131,0.20083851572640685
132,0.20081306585514924
133,0.20078707578477112
134,0.20076052841148814
135,0.20073340591141875
136,0.20070568970273225
137,0.20067736040541004
138,0.2006483977984446
139,0.2006187807742841
140,0.2005884872903203
141,0.2005574943171898
142,0.20052577778365066
143,0.20049331251776462
144,0.2004600721840995
145,0.20042602921663755
146,0.20039115474704453
147,0.20035541852793043
148,0.20031878885068874
149,0.2002812324574741
150,0.20024271444682396
151,0.20020319817239765
152,0.20016264513423992
153,0.20012101486193395
154,0.20007826478893387
155,0.20003435011730478
156,0.19998922367201707
157,0.19994283574385738
158,0.1998951339199204
159,0.19984606290054122
160,0.19979556430140574
161,0.19974357643944712
162,0.19969003410098282
163,0.19963486829038204
164,0.19957800595736516
165,0.1995193697008302
166,0.19945887744685878
167,0.19939644209829446
168,0.199331971152986
169,0.19926536628744942
170,0.19919652290232334
171,0.19912532962556567
172,0.19905166776884584
173,0.19897541073204603
174,0.1988964233501538
175,0.19881456117611818
176,0.1987296696924446
177,0.19864158344337976
178,0.19855012507849368
179,0.19845510429728383
180,0.1983563166830608
181,0.19825354241282978
182,0.19814654482810942
183,0.19803506884960295
184,0.19791883921632533
185,0.19779755852713077
186,0.1976709050595633
187,0.19753853033747668
188,0.1974000564149085
189,0.1972550728391698
190,0.19710313325094858
191,0.1969437515733641
192,0.19677639773526118
193,0.1966004928665386
194,0.1964154038949036
195,0.1962204374641122
196,0.19601483308350193
197,0.19579775540755778
198,0.1955682855325837
199,0.19532541118570143
200,0.19506801567006243
201,0.19479486542048657
202,0.19450459601752954
203,0.1941956965079876
204,0.19386649189026872
205,0.1935151236501226
206,0.19313952828519645
207,0.19273741384932253
208,0.1923062346990723
209,0.1918431648643832
210,0.1913450708325713
211,0.19080848508799697
212,0.19022958256742828
213,0.18960416338127944
214,0.1889276468545497
215,0.1881950843342738
216,0.18740120149345785
217,0.18654048522601724
218,0.18560733577139008
219,0.18459631126387233
220,0.1835024987171481
221,0.18232205065536167
222,0.18105292641356877
223,0.17969586497415527
224,0.17825558220533494
225,0.17674211756939845
226,0.17517214501619094
227,0.17356991628533525
228,0.17196736214184408
229,0.17040282637213094
230,0.1689180711813906
231,0.1675536556281895
232,0.1663434765731063
233,0.16530986758357344
234,0.164460755094679
235,0.16378975919982447
236,0.16327905012813773
237,0.16290382601231826
238,0.16263695176963433
239,0.1624526311808343
240,0.1623286324717391
241,0.16224716031519626
242,0.16219476819416642
243,0.16216175009879735
244,0.16214135272221972
245,0.16212901515858225
246,0.1621217316996834
247,0.162117561839983
248,0.1621152748797614
249,0.16211410278450084
250,0.16211357365471557
251,0.1621134022031905
252,0.16211341909596372
253,0.1621135260782465
254,0.16211366785637815
255,0.16211381469159294
256,0.1621139517505035
257,0.16211407266892602
258,0.16211417571583994
259,0.16211426154576633
260,0.16211433191120672
261,0.16211438894835234
262,0.1621144348000345
263,0.16211447143323152
264,0.16211450056577614
265,0.1621145236518731
266,0.16211454189717578
267,0.1621145562868422
268,0.16211456761749113
269,0.16211457652836034
270,0.16211458352947325
271,0.162114589026005
272,0.16211459333878164
273,0.16211459672120143
274,0.16211459937302003
275,0.1621146014514702
276,0.1621146030801707
277,0.16211460435622518
278,0.16211460535585615
279,0.16211460613886203
280,0.1621146067521369
281,0.16211460723244253
282,0.16211460760859056
283,0.16211460790315668
284,0.16211460813382794
285,0.16211460831445978
286,0.16211460845590445
287,0.16211460856666174
288,0.1621146086533885
289,0.1621146087212983
290,0.16211460877447278
291,0.16211460881610956
292,0.1621146088487117
293,0.16211460887423967
294,0.16211460889422827
295,0.16211460890987944
296,0.16211460892213442
297,0.16211460893173027
298,0.16211460893924376
299,0.162114608945127
300,0.16211460894973334
301,0.16211460895334048
302,0.16211460895616464
303,0.16211460895837598
304,0.16211460896010751
305,0.16211460896146332
306,0.16211460896252491
307,0.16211460896335608
308,0.16211460896400698
309,0.1621146089645165
310,0.16211460896491556
311,0.1621146089652281
312,0.16211460896547275
313,0.16211460896566424
314,0.16211460896581426
315,0.16211460896593183
316,0.16211460896602367
317,0.16211460896609564
318,0.16211460896615204
319,0.16211460896619612
320,0.16211460896623076
321,0.1621146089662578
322,0.162114608966279
323,0.1621146089662955
324,0.16211460896630847
325,0.16211460896631882
326,0.1621146089663266
327,0.16211460896633287
328,0.16211460896633792
329,0.16211460896634164
330,0.16211460896634453
331,0.16211460896634697
332,0.16211460896634886
333,0.16211460896635027
334,0.1621146089663514
335,0.16211460896635238
336,0.16211460896635294
337,0.16211460896635352
338,0.16211460896635388
339,0.1621146089663542
340,0.1621146089663545
341,0.16211460896635468
342,0.1621146089663549
343,0.16211460896635504
344,0.16211460896635502
345,0.16211460896635518
346,0.16211460896635518
347,0.1621146089663552
348,0.16211460896635538
349,0.1621146089663553
350,0.16211460896635543
351,0.1621146089663554
352,0.16211460896635543
353,0.16211460896635532
354,0.16211460896635546
355,0.1621146089663554
356,0.16211460896635535
357,0.1621146089663555
358,0.16211460896635546
359,0.16211460896635557
360,0.16211460896635532
361,0.16211460896635535
362,0.16211460896635535
363,0.16211460896635538
364,0.16211460896635543
365,0.16211460896635546
366,0.1621146089663554
367,0.16211460896635552
368,0.16211460896635552
369,0.16211460896635552
370,0.16211460896635543
371,0.16211460896635535
372,0.16211460896635532
373,0.16211460896635535
374,0.16211460896635535
375,0.16211460896635546
376,0.16211460896635546
377,0.1621146089663554
378,0.1621146089663554
379,0.16211460896635543
380,0.1621146089663554
381,0.16211460896635538
382,0.16211460896635538
383,0.16211460896635538
384,0.16211460896635538
385,0.16211460896635538
386,0.16211460896635538
387,0.16211460896635538
388,0.16211460896635538
389,0.16211460896635538
390,0.16211460896635538
391,0.16211460896635538
392,0.16211460896635538
393,0.16211460896635538
394,0.16211460896635538
395,0.1621146089663554
396,0.16211460896635538
397,0.16211460896635538
398,0.16211460896635538
399,0.16211460896635538
400,0.16211460896635538
401,0.16211460896635538
402,0.16211460896635538
403,0.16211460896635538
404,0.16211460896635538
405,0.16211460896635538
406,0.16211460896635538
407,0.16211460896635538
408,0.16211460896635538
409,0.16211460896635538
410,0.16211460896635538
411,0.1621146089663554
412,0.16211460896635538
413,0.16211460896635538
414,0.16211460896635538
415,0.16211460896635538
416,0.16211460896635538
417,0.16211460896635538
418,0.16211460896635538
419,0.16211460896635538
420,0.16211460896635538
421,0.16211460896635538
422,0.16211460896635538
423,0.16211460896635538
424,0.16211460896635538
425,0.16211460896635538
426,0.16211460896635538
427,0.1621146089663554
428,0.16211460896635538
429,0.16211460896635538
430,0.16211460896635538
431,0.16211460896635538
432,0.16211460896635538
433,0.16211460896635538
434,0.16211460896635538
435,0.16211460896635538
436,0.16211460896635538
437,0.16211460896635538
438,0.16211460896635538
439,0.16211460896635538
440,0.16211460896635538
441,0.16211460896635538
442,0.16211460896635538
443,0.1621146089663554
444,0.16211460896635538
445,0.16211460896635538
446,0.16211460896635538
447,0.16211460896635538
448,0.16211460896635538
449,0.16211460896635538
450,0.16211460896635538
451,0.16211460896635538
452,0.16211460896635538
453,0.16211460896635538
454,0.16211460896635538
455,0.16211460896635538
456,0.16211460896635538
457,0.16211460896635538
458,0.16211460896635538
459,0.1621146089663554
460,0.16211460896635538
461,0.16211460896635538
462,0.16211460896635538
463,0.16211460896635538
464,0.16211460896635538
465,0.16211460896635538
466,0.16211460896635538
467,0.16211460896635538
468,0.16211460896635538
469,0.16211460896635538
470,0.16211460896635538
471,0.16211460896635538
472,0.16211460896635538
473,0.16211460896635538
474,0.16211460896635538
475,0.1621146089663554
476,0.16211460896635538
477,0.16211460896635538
478,0.16211460896635538
479,0.16211460896635538
480,0.16211460896635538
481,0.16211460896635538
482,0.16211460896635538
483,0.16211460896635538
484,0.16211460896635538
485,0.16211460896635538
486,0.16211460896635538
487,0.16211460896635538
488,0.16211460896635538
489,0.16211460896635538
490,0.16211460896635538
491,0.1621146089663554
492,0.16211460896635538
493,0.16211460896635538
494,0.16211460896635538
495,0.16211460896635538
496,0.16211460896635538
497,0.16211460896635538
498,0.16211460896635538
499,0.16211460896635538
500,0.16211460896635538
501,0.16211460896635538
502,0.16211460896635538
503,0.16211460896635538
504,0.16211460896635538
505,0.16211460896635538
506,0.16211460896635538
507,0.1621146089663554
508,0.16211460896635538
509,0.16211460896635538
510,0.16211460896635538
511,0.16211460896635538
512,0.16211460896635538
513,0.16211460896635538
514,0.16211460896635538
515,0.16211460896635538
516,0.16211460896635538
517,0.16211460896635538
518,0.16211460896635538
519,0.16211460896635538
520,0.16211460896635538
521,0.16211460896635538
522,0.16211460896635538
523,0.1621146089663554
524,0.16211460896635538
525,0.16211460896635538
526,0.16211460896635538
527,0.16211460896635538
528,0.16211460896635538
529,0.16211460896635538
530,0.16211460896635538
531,0.16211460896635538
532,0.16211460896635538
533,0.16211460896635538
534,0.16211460896635538
535,0.16211460896635538
536,0.16211460896635538
537,0.16211460896635538
538,0.16211460896635538
539,0.1621146089663554
540,0.16211460896635538
541,0.16211460896635538
542,0.16211460896635538
543,0.16211460896635538
544,0.16211460896635538
545,0.16211460896635538
546,0.16211460896635538
547,0.16211460896635538
548,0.16211460896635538
549,0.16211460896635538
550,0.16211460896635538
551,0.16211460896635538
552,0.16211460896635538
553,0.16211460896635538
554,0.16211460896635538
555,0.1621146089663554
556,0.16211460896635538
557,0.16211460896635538
558,0.16211460896635538
559,0.16211460896635538
560,0.16211460896635538
561,0.16211460896635538
562,0.16211460896635538
563,0.16211460896635538
564,0.16211460896635538
565,0.16211460896635538
566,0.16211460896635538
567,0.16211460896635538
568,0.16211460896635538
569,0.16211460896635538
570,0.16211460896635538
571,0.1621146089663554
572,0.16211460896635538
573,0.16211460896635538
574,0.16211460896635538
575,0.16211460896635538
576,0.16211460896635538
577,0.16211460896635538
578,0.16211460896635538
579,0.16211460896635538
580,0.16211460896635538
581,0.16211460896635538
582,0.16211460896635538
583,0.16211460896635538
584,0.16211460896635538
585,0.16211460896635538
586,0.16211460896635538
587,0.1621146089663554
588,0.16211460896635538
589,0.16211460896635538
590,0.16211460896635538
591,0.16211460896635538
592,0.16211460896635538
593,0.16211460896635538
594,0.16211460896635538
595,0.16211460896635538
596,0.16211460896635538
597,0.16211460896635538
598,0.16211460896635538
599,0.16211460896635538
600,0.16211460896635538
601,0.16211460896635538
602,0.16211460896635538
603,0.1621146089663554
604,0.16211460896635538
605,0.16211460896635538
606,0.16211460896635538
607,0.16211460896635538
608,0.16211460896635538
609,0.16211460896635538
610,0.16211460896635538
611,0.16211460896635538
612,0.16211460896635538
613,0.16211460896635538
614,0.16211460896635538
615,0.16211460896635538
616,0.16211460896635538
617,0.16211460896635538
618,0.16211460896635538
619,0.1621146089663554
620,0.16211460896635538
621,0.16211460896635538
622,0.16211460896635538
623,0.16211460896635538
624,0.16211460896635538
625,0.16211460896635538
626,0.16211460896635538
627,0.16211460896635538
628,0.16211460896635538
629,0.16211460896635538
630,0.16211460896635538
631,0.16211460896635538
632,0.16211460896635538
633,0.16211460896635538
634,0.16211460896635538
635,0.1621146089663554
636,0.16211460896635538
637,0.16211460896635538
638,0.16211460896635538
639,0.16211460896635538
640,0.16211460896635538
641,0.16211460896635538
642,0.16211460896635538
643,0.16211460896635538
644,0.16211460896635538
645,0.16211460896635538
646,0.16211460896635538
647,0.16211460896635538
648,0.16211460896635538
649,0.16211460896635538
650,0.16211460896635538
651,0.1621146089663554
652,0.16211460896635538
653,0.16211460896635538
654,0.16211460896635538
655,0.16211460896635538
656,0.16211460896635538
657,0.16211460896635538
658,0.16211460896635538
659,0.16211460896635538
660,0.16211460896635538
661,0.16211460896635538
662,0.16211460896635538
663,0.16211460896635538
664,0.16211460896635538
665,0.16211460896635538
666,0.16211460896635538
667,0.1621146089663554
668,0.16211460896635538
669,0.16211460896635538
670,0.16211460896635538
671,0.16211460896635538
672,0.16211460896635538
673,0.16211460896635538
674,0.16211460896635538
675,0.16211460896635538
676,0.16211460896635538
677,0.16211460896635538
678,0.16211460896635538
679,0.16211460896635538
680,0.16211460896635538
681,0.16211460896635538
682,0.16211460896635538
683,0.1621146089663554
684,0.16211460896635538
685,0.16211460896635538
686,0.16211460896635538
687,0.16211460896635538
688,0.16211460896635538
689,0.16211460896635538
690,0.16211460896635538
691,0.16211460896635538
692,0.16211460896635538
693,0.16211460896635538
694,0.16211460896635538
695,0.16211460896635538
696,0.16211460896635538
697,0.16211460896635538
698,0.16211460896635538
699,0.1621146089663554
700,0.16211460896635538
701,0.16211460896635538
702,0.16211460896635538
703,0.16211460896635538
704,0.16211460896635538
705,0.16211460896635538
706,0.16211460896635538
707,0.16211460896635538
708,0.16211460896635538
709,0.16211460896635538
710,0.16211460896635538
711,0.16211460896635538
712,0.16211460896635538
713,0.16211460896635538
714,0.16211460896635538
715,0.1621146089663554
716,0.16211460896635538
717,0.16211460896635538
718,0.16211460896635538
719,0.16211460896635538
720,0.16211460896635538
721,0.16211460896635538
722,0.16211460896635538
723,0.16211460896635538
724,0.16211460896635538
725,0.16211460896635538
726,0.16211460896635538
727,0.16211460896635538
728,0.16211460896635538
729,0.16211460896635538
730,0.16211460896635538
731,0.1621146089663554
732,0.16211460896635538
733,0.16211460896635538
734,0.16211460896635538
735,0.16211460896635538
736,0.16211460896635538
737,0.16211460896635538
738,0.16211460896635538
739,0.16211460896635538
740,0.16211460896635538
741,0.16211460896635538
742,0.16211460896635538
743,0.16211460896635538
744,0.16211460896635538
745,0.16211460896635538
746,0.16211460896635538
747,0.1621146089663554
748,0.16211460896635538
749,0.16211460896635538
750,0.16211460896635538
751,0.16211460896635538
752,0.16211460896635538
753,0.16211460896635538
754,0.16211460896635538
755,0.16211460896635538
756,0.16211460896635538
757,0.16211460896635538
758,0.16211460896635538
759,0.16211460896635538
760,0.16211460896635538
761,0.16211460896635538
762,0.16211460896635538
763,0.1621146089663554
764,0.16211460896635538
765,0.16211460896635538
766,0.16211460896635538
767,0.16211460896635538
768,0.16211460896635538
769,0.16211460896635538
770,0.16211460896635538
771,0.16211460896635538
772,0.16211460896635538
773,0.16211460896635538
774,0.16211460896635538
775,0.16211460896635538
776,0.16211460896635538
777,0.16211460896635538
778,0.16211460896635538
779,0.1621146089663554
780,0.16211460896635538
781,0.16211460896635538
782,0.16211460896635538
783,0.16211460896635538
784,0.16211460896635538
785,0.16211460896635538
786,0.16211460896635538
787,0.16211460896635538
788,0.16211460896635538
789,0.16211460896635538
790,0.16211460896635538
791,0.16211460896635538
792,0.16211460896635538
793,0.16211460896635538
794,0.16211460896635538
795,0.1621146089663554
796,0.16211460896635538
797,0.16211460896635538
798,0.16211460896635538
799,0.16211460896635538
800,0.16211460896635538
801,0.16211460896635538
802,0.16211460896635538
803,0.16211460896635538
804,0.16211460896635538
805,0.16211460896635538
806,0.16211460896635538
807,0.16211460896635538
808,0.16211460896635538
809,0.16211460896635538
810,0.16211460896635538
811,0.1621146089663554
812,0.16211460896635538
813,0.16211460896635538
814,0.16211460896635538
815,0.16211460896635538
816,0.16211460896635538
817,0.16211460896635538
818,0.16211460896635538
819,0.16211460896635538
820,0.16211460896635538
821,0.16211460896635538
822,0.16211460896635538
823,0.16211460896635538
824,0.16211460896635538
825,0.16211460896635538
826,0.16211460896635538
827,0.1621146089663554
828,0.16211460896635538
829,0.16211460896635538
830,0.16211460896635538
831,0.16211460896635538
832,0.16211460896635538
833,0.16211460896635538
834,0.16211460896635538
835,0.16211460896635538
836,0.16211460896635538
837,0.16211460896635538
838,0.16211460896635538
839,0.16211460896635538
840,0.16211460896635538
841,0.16211460896635538
842,0.16211460896635538
843,0.1621146089663554
844,0.16211460896635538
845,0.16211460896635538
846,0.16211460896635538
847,0.16211460896635538
848,0.16211460896635538
849,0.16211460896635538
850,0.16211460896635538
851,0.16211460896635538
852,0.16211460896635538
853,0.16211460896635538
854,0.16211460896635538
855,0.16211460896635538
856,0.16211460896635538
857,0.16211460896635538
858,0.16211460896635538
859,0.1621146089663554
860,0.16211460896635538
861,0.16211460896635538
862,0.16211460896635538
863,0.16211460896635538
864,0.16211460896635538
865,0.16211460896635538
866,0.16211460896635538
867,0.16211460896635538
868,0.16211460896635538
869,0.16211460896635538
870,0.16211460896635538
871,0.16211460896635538
872,0.16211460896635538
873,0.16211460896635538
874,0.16211460896635538
875,0.1621146089663554
876,0.16211460896635538
877,0.16211460896635538
878,0.16211460896635538
879,0.16211460896635538
880,0.16211460896635538
881,0.16211460896635538
882,0.16211460896635538
883,0.16211460896635538
884,0.16211460896635538
885,0.16211460896635538
886,0.16211460896635538
887,0.16211460896635538
888,0.16211460896635538
889,0.16211460896635538
890,0.16211460896635538
891,0.1621146089663554
892,0.16211460896635538
893,0.16211460896635538
894,0.16211460896635538
895,0.16211460896635538
896,0.16211460896635538
897,0.16211460896635538
898,0.16211460896635538
899,0.16211460896635538
900,0.16211460896635538
901,0.16211460896635538
902,0.16211460896635538
903,0.16211460896635538
904,0.16211460896635538
905,0.16211460896635538
906,0.16211460896635538
907,0.1621146089663554
908,0.16211460896635538
909,0.16211460896635538
910,0.16211460896635538
911,0.16211460896635538
912,0.16211460896635538
913,0.16211460896635538
914,0.16211460896635538
915,0.16211460896635538
916,0.16211460896635538
917,0.16211460896635538
918,0.16211460896635538
919,0.16211460896635538
920,0.16211460896635538
921,0.16211460896635538
922,0.16211460896635538
923,0.1621146089663554
924,0.16211460896635538
925,0.16211460896635538
926,0.16211460896635538
927,0.16211460896635538
928,0.16211460896635538
929,0.16211460896635538
930,0.16211460896635538
931,0.16211460896635538
932,0.16211460896635538
933,0.16211460896635538
934,0.16211460896635538
935,0.16211460896635538
936,0.16211460896635538
937,0.16211460896635538
938,0.16211460896635538
939,0.1621146089663554
940,0.16211460896635538
941,0.16211460896635538
942,0.16211460896635538
943,0.16211460896635538
944,0.16211460896635538
945,0.16211460896635538
946,0.16211460896635538
947,0.16211460896635538
948,0.16211460896635538
949,0.16211460896635538
950,0.16211460896635538
951,0.16211460896635538
952,0.16211460896635538
953,0.16211460896635538
954,0.16211460896635538
955,0.1621146089663554
956,0.16211460896635538
957,0.16211460896635538
958,0.16211460896635538
959,0.16211460896635538
960,0.16211460896635538
961,0.16211460896635538
962,0.16211460896635538
963,0.16211460896635538
964,0.16211460896635538
965,0.16211460896635538
966,0.16211460896635538
967,0.16211460896635538
968,0.16211460896635538
969,0.16211460896635538
970,0.16211460896635538
971,0.1621146089663554
972,0.16211460896635538
973,0.16211460896635538
974,0.16211460896635538
975,0.16211460896635538
976,0.16211460896635538
977,0.16211460896635538
978,0.16211460896635538
979,0.16211460896635538
980,0.16211460896635538
981,0.16211460896635538
982,0.16211460896635538
983,0.16211460896635538
984,0.16211460896635538
985,0.16211460896635538
986,0.16211460896635538
987,0.1621146089663554
988,0.16211460896635538
989,0.16211460896635538
990,0.16211460896635538
991,0.16211460896635538
992,0.16211460896635538
993,0.16211460896635538
994,0.16211460896635538
995,0.16211460896635538
996,0.16211460896635538
997,0.16211460896635538
998,0.16211460896635538
999,0.16211460896635538
1000,0.16211460896635538
1001,0.16211460896635538
1002,0.16211460896635538
1003,0.1621146089663554
1004,0.16211460896635538
1005,0.16211460896635538
1006,0.16211460896635538
1007,0.16211460896635538
1008,0.16211460896635538
1009,0.16211460896635538
1010,0.16211460896635538
1011,0.16211460896635538
1012,0.16211460896635538
1013,0.16211460896635538
1014,0.16211460896635538
1015,0.16211460896635538
1016,0.16211460896635538
1017,0.16211460896635538
1018,0.16211460896635538
1019,0.1621146089663554
1020,0.16211460896635538
1021,0.16211460896635538
1022,0.16211460896635538
1023,0.16211460896635538
1024,0.16211460896635538
1025,0.16211460896635538
1026,0.16211460896635538
1027,0.16211460896635538
1028,0.16211460896635538
1029,0.16211460896635538
1030,0.16211460896635538
1031,0.16211460896635538
1032,0.16211460896635538
1033,0.16211460896635538
1034,0.16211460896635538
1035,0.1621146089663554
1036,0.16211460896635538
1037,0.16211460896635538
1038,0.16211460896635538
1039,0.16211460896635538
1040,0.16211460896635538
1041,0.16211460896635538
1042,0.16211460896635538
1043,0.16211460896635538
1044,0.16211460896635538
1045,0.16211460896635538
1046,0.16211460896635538
1047,0.16211460896635538
1048,0.16211460896635538
1049,0.16211460896635538
1050,0.16211460896635538
1051,0.1621146089663554
1052,0.16211460896635538
1053,0.16211460896635538
1054,0.16211460896635538
1055,0.16211460896635538
1056,0.16211460896635538
1057,0.16211460896635538
1058,0.16211460896635538
1059,0.16211460896635538
1060,0.16211460896635538
1061,0.16211460896635538
1062,0.16211460896635538
1063,0.16211460896635538
1064,0.16211460896635538
1065,0.16211460896635538
1066,0.16211460896635538
1067,0.1621146089663554
1068,0.16211460896635538
1069,0.16211460896635538
1070,0.16211460896635538
1071,0.16211460896635538
1072,0.16211460896635538
1073,0.16211460896635538
1074,0.16211460896635538
1075,0.16211460896635538
1076,0.16211460896635538
1077,0.16211460896635538
1078,0.16211460896635538
1079,0.16211460896635538
1080,0.16211460896635538
1081,0.16211460896635538
1082,0.16211460896635538
1083,0.1621146089663554
1084,0.16211460896635538
1085,0.16211460896635538
1086,0.16211460896635538
1087,0.16211460896635538
1088,0.16211460896635538
1089,0.16211460896635538
1090,0.16211460896635538
1091,0.16211460896635538
1092,0.16211460896635538
1093,0.16211460896635538
1094,0.16211460896635538
1095,0.16211460896635538
1096,0.16211460896635538
1097,0.16211460896635538
1098,0.16211460896635538
1099,0.1621146089663554
1100,0.16211460896635538
1101,0.16211460896635538
1102,0.16211460896635538
1103,0.16211460896635538
1104,0.16211460896635538
1105,0.16211460896635538
1106,0.16211460896635538
1107,0.16211460896635538
1108,0.16211460896635538
1109,0.16211460896635538
1110,0.16211460896635538
1111,0.16211460896635538
1112,0.16211460896635538
1113,0.16211460896635538
1114,0.16211460896635538
1115,0.1621146089663554
1116,0.16211460896635538
1117,0.16211460896635538
1118,0.16211460896635538
1119,0.16211460896635538
1120,0.16211460896635538
1121,0.16211460896635538
1122,0.16211460896635538
1123,0.16211460896635538
1124,0.16211460896635538
1125,0.16211460896635538
1126,0.16211460896635538
1127,0.16211460896635538
1128,0.16211460896635538
1129,0.16211460896635538
1130,0.16211460896635538
1131,0.1621146089663554
1132,0.16211460896635538
1133,0.16211460896635538
1134,0.16211460896635538
1135,0.16211460896635538
1136,0.16211460896635538
1137,0.16211460896635538
1138,0.16211460896635538
1139,0.16211460896635538
1140,0.16211460896635538
1141,0.16211460896635538
1142,0.16211460896635538
1143,0.16211460896635538
1144,0.16211460896635538
1145,0.16211460896635538
1146,0.16211460896635538
1147,0.1621146089663554
1148,0.16211460896635538
1149,0.16211460896635538
1150,0.16211460896635538
1151,0.16211460896635538
1152,0.16211460896635538
1153,0.16211460896635538
1154,0.16211460896635538
1155,0.16211460896635538
1156,0.16211460896635538
1157,0.16211460896635538
1158,0.16211460896635538
1159,0.16211460896635538
1160,0.16211460896635538
1161,0.16211460896635538
1162,0.16211460896635538
1163,0.1621146089663554
1164,0.16211460896635538
1165,0.16211460896635538
1166,0.16211460896635538
1167,0.16211460896635538
1168,0.16211460896635538
1169,0.16211460896635538
1170,0.16211460896635538
1171,0.16211460896635538
1172,0.16211460896635538
1173,0.16211460896635538
1174,0.16211460896635538
1175,0.16211460896635538
1176,0.16211460896635538
1177,0.16211460896635538
1178,0.16211460896635538
1179,0.1621146089663554
1180,0.16211460896635538
1181,0.16211460896635538
1182,0.16211460896635538
1183,0.16211460896635538
1184,0.16211460896635538
1185,0.16211460896635538
1186,0.16211460896635538
1187,0.16211460896635538
1188,0.16211460896635538
1189,0.16211460896635538
1190,0.16211460896635538
1191,0.16211460896635538
1192,0.16211460896635538
1193,0.16211460896635538
1194,0.16211460896635538
1195,0.1621146089663554
1196,0.16211460896635538
1197,0.16211460896635538
1198,0.16211460896635538
1199,0.16211460896635538
1200,0.16211460896635538
1201,0.16211460896635538
1202,0.16211460896635538
1203,0.16211460896635538
1204,0.16211460896635538
1205,0.16211460896635538
1206,0.16211460896635538
1207,0.16211460896635538
1208,0.16211460896635538
1209,0.16211460896635538
1210,0.16211460896635538
1211,0.1621146089663554
1212,0.16211460896635538
1213,0.16211460896635538
1214,0.16211460896635538
1215,0.16211460896635538
1216,0.16211460896635538
1217,0.16211460896635538
1218,0.16211460896635538
1219,0.16211460896635538
1220,0.16211460896635538
1221,0.16211460896635538
1222,0.16211460896635538
1223,0.16211460896635538
1224,0.16211460896635538
1225,0.16211460896635538
1226,0.16211460896635538
1227,0.1621146089663554
1228,0.16211460896635538
1229,0.16211460896635538
1230,0.16211460896635538
1231,0.16211460896635538
1232,0.16211460896635538
1233,0.16211460896635538
1234,0.16211460896635538
1235,0.16211460896635538
1236,0.16211460896635538
1237,0.16211460896635538
1238,0.16211460896635538
1239,0.16211460896635538
1240,0.16211460896635538
1241,0.16211460896635538
1242,0.16211460896635538
1243,0.1621146089663554
1244,0.16211460896635538
1245,0.16211460896635538
1246,0.16211460896635538
1247,0.16211460896635538
1248,0.16211460896635538
1249,0.16211460896635538
1250,0.16211460896635538
1251,0.16211460896635538
1252,0.16211460896635538
1253,0.16211460896635538
1254,0.16211460896635538
1255,0.16211460896635538
1256,0.16211460896635538
1257,0.16211460896635538
1258,0.16211460896635538
1259,0.1621146089663554
1260,0.16211460896635538
1261,0.16211460896635538
1262,0.16211460896635538
1263,0.16211460896635538
1264,0.16211460896635538
1265,0.16211460896635538
1266,0.16211460896635538
1267,0.16211460896635538
1268,0.16211460896635538
1269,0.16211460896635538
1270,0.16211460896635538
1271,0.16211460896635538
1272,0.16211460896635538
1273,0.16211460896635538
1274,0.16211460896635538
1275,0.1621146089663554
1276,0.16211460896635538
1277,0.16211460896635538
1278,0.16211460896635538
1279,0.16211460896635538
1280,0.16211460896635538
1281,0.16211460896635538
1282,0.16211460896635538
1283,0.16211460896635538
1284,0.16211460896635538
1285,0.16211460896635538
1286,0.16211460896635538
1287,0.16211460896635538
1288,0.16211460896635538
1289,0.16211460896635538
1290,0.16211460896635538
1291,0.1621146089663554
1292,0.16211460896635538
1293,0.16211460896635538
1294,0.16211460896635538
1295,0.16211460896635538
1296,0.16211460896635538
1297,0.16211460896635538
1298,0.16211460896635538
1299,0.16211460896635538
1300,0.16211460896635538
1301,0.16211460896635538
1302,0.16211460896635538
1303,0.16211460896635538
1304,0.16211460896635538
1305,0.16211460896635538
1306,0.16211460896635538
1307,0.1621146089663554
1308,0.16211460896635538
1309,0.16211460896635538
1310,0.16211460896635538
1311,0.16211460896635538
1312,0.16211460896635538
1313,0.16211460896635538
1314,0.16211460896635538
1315,0.16211460896635538
1316,0.16211460896635538
1317,0.16211460896635538
1318,0.16211460896635538
1319,0.16211460896635538
1320,0.16211460896635538
1321,0.16211460896635538
1322,0.16211460896635538
1323,0.1621146089663554
1324,0.16211460896635538
1325,0.16211460896635538
1326,0.16211460896635538
1327,0.16211460896635538
1328,0.16211460896635538
1329,0.16211460896635538
1330,0.16211460896635538
1331,0.16211460896635538
1332,0.16211460896635538
1333,0.16211460896635538
1334,0.16211460896635538
1335,0.16211460896635538
1336,0.16211460896635538
1337,0.16211460896635538
1338,0.16211460896635538
1339,0.1621146089663554
1340,0.16211460896635538
1341,0.16211460896635538
1342,0.16211460896635538
1343,0.16211460896635538
1344,0.16211460896635538
1345,0.16211460896635538
1346,0.16211460896635538
1347,0.16211460896635538
1348,0.16211460896635538
1349,0.16211460896635538
1350,0.16211460896635538
1351,0.16211460896635538
1352,0.16211460896635538
1353,0.16211460896635538
1354,0.16211460896635538
1355,0.1621146089663554
1356,0.16211460896635538
1357,0.16211460896635538
1358,0.16211460896635538
1359,0.16211460896635538
1360,0.16211460896635538
1361,0.16211460896635538
1362,0.16211460896635538
1363,0.16211460896635538
1364,0.16211460896635538
1365,0.16211460896635538
1366,0.16211460896635538
1367,0.16211460896635538
1368,0.16211460896635538
1369,0.16211460896635538
1370,0.16211460896635538
1371,0.1621146089663554
1372,0.16211460896635538
1373,0.16211460896635538
1374,0.16211460896635538
1375,0.16211460896635538
1376,0.16211460896635538
1377,0.16211460896635538
1378,0.16211460896635538
1379,0.16211460896635538
1380,0.16211460896635538
1381,0.16211460896635538
1382,0.16211460896635538
1383,0.16211460896635538
1384,0.16211460896635538
1385,0.16211460896635538
1386,0.16211460896635538
1387,0.1621146089663554
1388,0.16211460896635538
1389,0.16211460896635538
1390,0.16211460896635538
1391,0.16211460896635538
1392,0.16211460896635538
1393,0.16211460896635538
1394,0.16211460896635538
1395,0.16211460896635538
1396,0.16211460896635538
1397,0.16211460896635538
1398,0.16211460896635538
1399,0.16211460896635538
1400,0.16211460896635538
1401,0.16211460896635538
1402,0.16211460896635538
1403,0.1621146089663554
1404,0.16211460896635538
1405,0.16211460896635538
1406,0.16211460896635538
1407,0.16211460896635538
1408,0.16211460896635538
1409,0.16211460896635538
1410,0.16211460896635538
1411,0.16211460896635538
1412,0.16211460896635538
1413,0.16211460896635538
1414,0.16211460896635538
1415,0.16211460896635538
1416,0.16211460896635538
1417,0.16211460896635538
1418,0.16211460896635538
1419,0.1621146089663554
1420,0.16211460896635538
1421,0.16211460896635538
1422,0.16211460896635538
1423,0.16211460896635538
1424,0.16211460896635538
1425,0.16211460896635538
1426,0.16211460896635538
1427,0.16211460896635538
1428,0.16211460896635538
1429,0.16211460896635538
1430,0.16211460896635538
1431,0.16211460896635538
1432,0.16211460896635538
1433,0.16211460896635538
1434,0.16211460896635538
1435,0.1621146089663554
1436,0.16211460896635538
1437,0.16211460896635538
1438,0.16211460896635538
1439,0.16211460896635538
1440,0.16211460896635538
1441,0.16211460896635538
1442,0.16211460896635538
1443,0.16211460896635538
1444,0.16211460896635538
1445,0.16211460896635538
1446,0.16211460896635538
1447,0.16211460896635538
1448,0.16211460896635538
1449,0.16211460896635538
1450,0.16211460896635538
1451,0.1621146089663554
1452,0.16211460896635538
1453,0.16211460896635538
1454,0.16211460896635538
1455,0.16211460896635538
1456,0.16211460896635538
1457,0.16211460896635538
1458,0.16211460896635538
1459,0.16211460896635538
1460,0.16211460896635538
1461,0.16211460896635538
1462,0.16211460896635538
1463,0.16211460896635538
1464,0.16211460896635538
1465,0.16211460896635538
1466,0.16211460896635538
1467,0.1621146089663554
1468,0.16211460896635538
1469,0.16211460896635538
1470,0.16211460896635538
1471,0.16211460896635538
1472,0.16211460896635538
1473,0.16211460896635538
1474,0.16211460896635538
1475,0.16211460896635538
1476,0.16211460896635538
1477,0.16211460896635538
1478,0.16211460896635538
1479,0.16211460896635538
1480,0.16211460896635538
1481,0.16211460896635538
1482,0.16211460896635538
1483,0.1621146089663554
1484,0.16211460896635538
1485,0.16211460896635538
1486,0.16211460896635538
1487,0.16211460896635538
1488,0.16211460896635538
1489,0.16211460896635538
1490,0.16211460896635538
1491,0.16211460896635538
1492,0.16211460896635538
1493,0.16211460896635538
1494,0.16211460896635538
1495,0.16211460896635538
1496,0.16211460896635538
1497,0.16211460896635538
1498,0.16211460896635538
1499,0.1621146089663554
1500,0.16211460896635538
1501,0.16211460896635538
1502,0.16211460896635538
1503,0.16211460896635538
1504,0.16211460896635538
1505,0.16211460896635538
1506,0.16211460896635538
1507,0.16211460896635538
1508,0.16211460896635538
1509,0.16211460896635538
1510,0.16211460896635538
1511,0.16211460896635538
1512,0.16211460896635538
1513,0.16211460896635538
1514,0.16211460896635538
1515,0.1621146089663554
1516,0.16211460896635538
1517,0.16211460896635538
1518,0.16211460896635538
1519,0.16211460896635538
1520,0.16211460896635538
1521,0.16211460896635538
1522,0.16211460896635538
1523,0.16211460896635538
1524,0.16211460896635538
1525,0.16211460896635538
1526,0.16211460896635538
1527,0.16211460896635538
1528,0.16211460896635538
1529,0.16211460896635538
1530,0.16211460896635538
1531,0.1621146089663554
1532,0.16211460896635538
1533,0.16211460896635538
1534,0.16211460896635538
1535,0.16211460896635538
1536,0.16211460896635538
1537,0.16211460896635538
1538,0.16211460896635538
1539,0.16211460896635538
1540,0.16211460896635538
1541,0.16211460896635538
1542,0.16211460896635538
1543,0.16211460896635538
1544,0.16211460896635538
1545,0.16211460896635538
1546,0.16211460896635538
1547,0.1621146089663554
1548,0.16211460896635538
1549,0.16211460896635538
1550,0.16211460896635538
1551,0.16211460896635538
1552,0.16211460896635538
1553,0.16211460896635538
1554,0.16211460896635538
1555,0.16211460896635538
1556,0.16211460896635538
1557,0.16211460896635538
1558,0.16211460896635538
1559,0.16211460896635538
1560,0.16211460896635538
1561,0.16211460896635538
1562,0.16211460896635538
1563,0.1621146089663554
1564,0.16211460896635538
1565,0.16211460896635538
1566,0.16211460896635538
1567,0.16211460896635538
1568,0.16211460896635538
1569,0.16211460896635538
1570,0.16211460896635538
1571,0.16211460896635538
1572,0.16211460896635538
1573,0.16211460896635538
1574,0.16211460896635538
1575,0.16211460896635538
1576,0.16211460896635538
1577,0.16211460896635538
1578,0.16211460896635538
1579,0.1621146089663554
1580,0.16211460896635538
1581,0.16211460896635538
1582,0.16211460896635538
1583,0.16211460896635538
1584,0.16211460896635538
1585,0.16211460896635538
1586,0.16211460896635538
1587,0.16211460896635538
1588,0.16211460896635538
1589,0.16211460896635538
1590,0.16211460896635538
1591,0.16211460896635538
1592,0.16211460896635538
1593,0.16211460896635538
1594,0.16211460896635538
1595,0.1621146089663554
1596,0.16211460896635538
1597,0.16211460896635538
1598,0.16211460896635538
1599,0.16211460896635538
1600,0.16211460896635538
1601,0.16211460896635538
1602,0.16211460896635538
1603,0.16211460896635538
1604,0.16211460896635538
1605,0.16211460896635538
1606,0.16211460896635538
1607,0.16211460896635538
1608,0.16211460896635538
1609,0.16211460896635538
1610,0.16211460896635538
1611,0.1621146089663554
1612,0.16211460896635538
1613,0.16211460896635538
1614,0.16211460896635538
1615,0.16211460896635538
1616,0.16211460896635538
1617,0.16211460896635538
1618,0.16211460896635538
1619,0.16211460896635538
1620,0.16211460896635538
1621,0.16211460896635538
1622,0.16211460896635538
1623,0.16211460896635538
1624,0.16211460896635538
1625,0.16211460896635538
1626,0.16211460896635538
1627,0.1621146089663554
1628,0.16211460896635538
1629,0.16211460896635538
1630,0.16211460896635538
1631,0.16211460896635538
1632,0.16211460896635538
1633,0.16211460896635538
1634,0.16211460896635538
1635,0.16211460896635538
1636,0.16211460896635538
1637,0.16211460896635538
1638,0.16211460896635538
1639,0.16211460896635538
1640,0.16211460896635538
1641,0.16211460896635538
1642,0.16211460896635538
1643,0.1621146089663554
1644,0.16211460896635538
1645,0.16211460896635538
1646,0.16211460896635538
1647,0.16211460896635538
1648,0.16211460896635538
1649,0.16211460896635538
1650,0.16211460896635538
1651,0.16211460896635538
1652,0.16211460896635538
1653,0.16211460896635538
1654,0.16211460896635538
1655,0.16211460896635538
1656,0.16211460896635538
1657,0.16211460896635538
1658,0.16211460896635538
1659,0.1621146089663554
1660,0.16211460896635538
1661,0.16211460896635538
1662,0.16211460896635538
1663,0.16211460896635538
1664,0.16211460896635538
1665,0.16211460896635538
1666,0.16211460896635538
1667,0.16211460896635538
1668,0.16211460896635538
1669,0.16211460896635538
1670,0.16211460896635538
1671,0.16211460896635538
1672,0.16211460896635538
1673,0.16211460896635538
1674,0.16211460896635538
1675,0.1621146089663554
1676,0.16211460896635538
1677,0.16211460896635538
1678,0.16211460896635538
1679,0.16211460896635538
1680,0.16211460896635538
1681,0.16211460896635538
1682,0.16211460896635538
1683,0.16211460896635538
1684,0.16211460896635538
1685,0.16211460896635538
1686,0.16211460896635538
1687,0.16211460896635538
1688,0.16211460896635538
1689,0.16211460896635538
1690,0.16211460896635538
1691,0.1621146089663554
1692,0.16211460896635538
1693,0.16211460896635538
1694,0.16211460896635538
1695,0.16211460896635538
1696,0.16211460896635538
1697,0.16211460896635538
1698,0.16211460896635538
1699,0.16211460896635538
1700,0.16211460896635538
1701,0.16211460896635538
1702,0.16211460896635538
1703,0.16211460896635538
1704,0.16211460896635538
1705,0.16211460896635538
1706,0.16211460896635538
1707,0.1621146089663554
1708,0.16211460896635538
1709,0.16211460896635538
1710,0.16211460896635538
1711,0.16211460896635538
1712,0.16211460896635538
1713,0.16211460896635538
1714,0.16211460896635538
1715,0.16211460896635538
1716,0.16211460896635538
1717,0.16211460896635538
1718,0.16211460896635538
1719,0.16211460896635538
1720,0.16211460896635538
1721,0.16211460896635538
1722,0.16211460896635538
1723,0.1621146089663554
1724,0.16211460896635538
1725,0.16211460896635538
1726,0.16211460896635538
1727,0.16211460896635538
1728,0.16211460896635538
1729,0.16211460896635538
1730,0.16211460896635538
1731,0.16211460896635538
1732,0.16211460896635538
1733,0.16211460896635538
1734,0.16211460896635538
1735,0.16211460896635538
1736,0.16211460896635538
1737,0.16211460896635538
1738,0.16211460896635538
1739,0.1621146089663554
1740,0.16211460896635538
1741,0.16211460896635538
1742,0.16211460896635538
1743,0.16211460896635538
1744,0.16211460896635538
1745,0.16211460896635538
1746,0.16211460896635538
1747,0.16211460896635538
1748,0.16211460896635538
1749,0.16211460896635538
1750,0.16211460896635538
1751,0.16211460896635538
1752,0.16211460896635538
1753,0.16211460896635538
1754,0.16211460896635538
1755,0.1621146089663554
1756,0.16211460896635538
1757,0.16211460896635538
1758,0.16211460896635538
1759,0.16211460896635538
1760,0.16211460896635538
1761,0.16211460896635538
1762,0.16211460896635538
1763,0.16211460896635538
1764,0.16211460896635538
1765,0.16211460896635538
1766,0.16211460896635538
1767,0.16211460896635538
1768,0.16211460896635538
1769,0.16211460896635538
1770,0.16211460896635538
1771,0.1621146089663554
1772,0.16211460896635538
1773,0.16211460896635538
1774,0.16211460896635538
1775,0.16211460896635538
1776,0.16211460896635538
1777,0.16211460896635538
1778,0.16211460896635538
1779,0.16211460896635538
1780,0.16211460896635538
1781,0.16211460896635538
1782,0.16211460896635538
1783,0.16211460896635538
1784,0.16211460896635538
1785,0.16211460896635538
1786,0.16211460896635538
1787,0.1621146089663554
1788,0.16211460896635538
1789,0.16211460896635538
1790,0.16211460896635538
