1,0.19915850143238115
2,0.17275214831983646
3,0.1727048569157599
4,0.17270432032236438
5,0.17270417605339614
6,0.1727040339368399
7,0.17270389212531817
8,0.17270375079193068
9,0.17270360994792608
10,0.17270346957575852
11,0.17270332962458
12,0.17270318989547864
13,0.17270304870448128
14,0.1727025621438664
15,0.1726355454466141
16,0.17263554585717886
17,0.17263554774923826
18,0.17263554763861744
19,0.1726355473070925
20,0.17263554695340294
21,0.17263554659756233
22,0.17263554624156707
23,0.17263554588561592
24,0.17263554552972843
25,0.17263554517390686
26,0.17263554481815163
27,0.17263554446246238
28,0.17263554410683887
29,0.17263554375128165
30,0.17263554339579057
31,0.1726355430403651
32,0.172635542685006
33,0.17263554232971262
34,0.17263554197448513
35,0.17263554161932348
36,0.1726355412642282
37,0.17263554090919836
38,0.17263554055423466
39,0.17263554019933666
40,0.1726355398445044
41,0.17263553948973803
42,0.17263553913503737
43,0.17263553878040247
44,0.17263553842583373
45,0.1726355380713303
46,0.17263553771689266
47,0.17263553736252082
48,0.17263553700821432
49,0.17263553665397385
50,0.17263553629979914
51,0.17263553594568987
52,0.17263553559164607
53,0.17263553523766795
54,0.17263553488375538
55,0.17263553452990826
56,0.17263553417612693
57,0.17263553382241098
58,0.17263553346876045
59,0.17263553311517532
60,0.17263553276165614
61,0.1726355324082021
62,0.17263553205481344
63,0.17263553170149004
64,0.1726355313482321
65,0.17263553099503967
66,0.1726355306419126
67,0.1726355302888508
68,0.17263552993585435
69,0.1726355295829232
70,0.17263552923005737
71,0.1726355288772566
72,0.17263552852452113
73,0.17263552817185102
74,0.17263552781924604
75,0.17263552746670627
76,0.17263552711423172
77,0.17263552676182226
78,0.17263552640947794
79,0.1726355260571989
80,0.17263552570498464
81,0.17263552535283574
82,0.17263552500075185
83,0.17263552464873314
84,0.17263552429677897
85,0.17263552394489004
86,0.17263552359306614
87,0.17263552324130754
88,0.17263552288961337
89,0.17263552253798445
90,0.17263552218642042
91,0.172635521834921
92,0.172635521483487
93,0.17263552113211755
94,0.1726355207808129
95,0.17263552042957317
96,0.17263552007839836
97,0.17263551972728802
98,0.17263551937624266
99,0.17263551902526245
100,0.17263551867434634
101,0.17263551832349522
102,0.17263551797270876
103,0.172635517621987
104,0.17263551727133022
105,0.17263551692073756
106,0.1726355165702099
107,0.1726355162197467
108,0.17263551586934814
109,0.1726355155190142
110,0.17263551516874467
111,0.17263551481854
112,0.17263551446839953
113,0.17263551411832384
114,0.17263551376831227
115,0.1726355134183657
116,0.17263551306848318
117,0.17263551271866523
118,0.17263551236891175
119,0.17263551201922248
120,0.17263551166959773
121,0.1726355113200374
122,0.17263551097054136
123,0.17263551062110966
124,0.17263551027174237
125,0.1726355099224393
126,0.17263550957320042
127,0.17263550922402598
128,0.1726355088749157
129,0.17263550852586942
130,0.17263550817688764
131,0.17263550782796996
132,0.17263550747911643
133,0.17263550713032724
134,0.1726355067816021
135,0.17263550643294095
136,0.17263550608434386
137,0.17263550573581102
138,0.17263550538734226
139,0.1726355050389374
140,0.17263550469059671
141,0.17263550434231995
142,0.17263550399410726
143,0.17263550364595856
144,0.17263550329787378
145,0.17263550294985303
146,0.17263550260189603
147,0.17263550225400293
148,0.1726355019061739
149,0.1726355015584089
150,0.17263550121070736
151,0.17263550086306975
152,0.1726355005154962
153,0.17263550016798634
154,0.17263549982054016
155,0.17263549947315773
156,0.17263549912583911
157,0.17263549877858436
158,0.17263549843139336
159,0.17263549808426587
160,0.17263549773720221
161,0.17263549739020198
162,0.17263549704326572
163,0.17263549669639283
164,0.1726354963495837
165,0.172635496002838
166,0.17263549565615602
167,0.17263549530953753
168,0.1726354949629827
169,0.1726354946164913
170,0.17263549427006347
171,0.1726354939236992
172,0.17263549357739813
173,0.17263549323116073
174,0.17263549288498672
175,0.17263549253887603
176,0.17263549219282887
177,0.1726354918468451
178,0.17263549150092464
179,0.17263549115506785
180,0.17263549080927398
181,0.17263549046354332
182,0.17263549011787635
183,0.17263548977227253
184,0.17263548942673185
185,0.17263548908125442
186,0.17263548873584053
187,0.1726354883904897
188,0.17263548804520198
189,0.1726354876999774
190,0.1726354873548161
191,0.17263548700971787
192,0.17263548666468292
193,0.17263548631971093
194,0.17263548597480205
195,0.1726354856299563
196,0.17263548528517345
197,0.17263548494045386
198,0.1726354845957972
199,0.17263548425120354
200,0.17263548390667288
201,0.17263548356220507
202,0.17263548321780037
203,0.17263548287345865
204,0.17263548252917998
205,0.1726354821849639
206,0.17263548184081076
207,0.17263548149672053
208,0.17263548115269312
209,0.17263548080872854
210,0.17263548046482696
211,0.1726354801209881
212,0.1726354797772118
213,0.17263547943349863
214,0.17263547908984792
215,0.17263547874625992
216,0.1726354784027349
217,0.17263547805927235
218,0.1726354777158728
219,0.1726354773725355
220,0.172635477029261
221,0.17263547668604906
222,0.17263547634289997
223,0.1726354759998134
224,0.17263547565678938
225,0.1726354753138277
226,0.17263547497092877
227,0.1726354746280925
228,0.17263547428531859
229,0.17263547394260711
230,0.1726354735999584
231,0.17263547325737177
232,0.1726354729148477
233,0.17263547257238612
234,0.17263547222998693
235,0.17263547188765005
236,0.17263547154537567
237,0.17263547120316364
238,0.17263547086101372
239,0.1726354705189265
240,0.1726354701769015
241,0.17263546983493852
242,0.17263546949303782
243,0.17263546915119965
244,0.1726354688094237
245,0.17263546846771
246,0.1726354681260583
247,0.17263546778446867
248,0.17263546744294142
249,0.17263546710147626
250,0.1726354667600734
251,0.17263546641873265
252,0.17263546607745392
253,0.17263546573623728
254,0.1726354653950827
255,0.1726354650539902
256,0.17263546471295968
257,0.17263546437199115
258,0.1726354640310846
259,0.17263546369024008
260,0.17263546334945754
261,0.17263546300873717
262,0.17263546266807858
263,0.17263546232748184
264,0.1726354619869467
265,0.17263546164647392
266,0.1726354613060629
267,0.17263546096571375
268,0.1726354606254262
269,0.17263546028520083
270,0.1726354599450371
271,0.1726354596049351
272,0.17263545926489493
273,0.17263545892491633
274,0.17263545858499962
275,0.1726354582451448
276,0.17263545790535129
277,0.17263545756561982
278,0.1726354572259498
279,0.17263545688634152
280,0.17263545654679482
281,0.1726354562073099
282,0.17263545586788617
283,0.1726354555285244
284,0.17263545518922416
285,0.17263545484998552
286,0.1726354545108082
287,0.1726354541716924
288,0.17263545383263845
289,0.17263545349364542
290,0.17263545315471437
291,0.17263545281584464
292,0.17263545247703618
293,0.17263545213828924
294,0.17263545179960357
295,0.1726354514609795
296,0.17263545112241666
297,0.1726354507839152
298,0.17263545044547512
299,0.1726354501070963
300,0.1726354497687789
301,0.17263544943052278
302,0.17263544909232764
303,0.17263544875419415
304,0.17263544841612152
305,0.17263544807811015
306,0.1726354477401601
307,0.17263544740227132
308,0.17263544706444367
309,0.17263544672667705
310,0.1726354463889718
311,0.17263544605132747
312,0.1726354457137443
313,0.17263544537622202
314,0.17263544503876116
315,0.1726354447013611
316,0.1726354443640222
317,0.1726354440267441
318,0.17263544368952746
319,0.1726354433523714
320,0.17263544301527642
321,0.17263544267824255
322,0.17263544234126946
323,0.17263544200435707
324,0.17263544166750594
325,0.1726354413307156
326,0.17263544099398603
327,0.17263544065731748
328,0.1726354403207097
329,0.1726354399841626
330,0.17263543964767647
331,0.17263543931125105
332,0.17263543897488642
333,0.17263543863858274
334,0.17263543830233957
335,0.17263543796615705
336,0.17263543763003533
337,0.17263543729397432
338,0.17263543695797426
339,0.17263543662203454
340,0.17263543628615555
341,0.1726354359503371
342,0.17263543561457914
343,0.17263543527888195
344,0.17263543494324546
345,0.17263543460766942
346,0.17263543427215391
347,0.1726354339366989
348,0.17263543360130434
349,0.17263543326597042
350,0.172635432930697
351,0.1726354325954839
352,0.17263543226033137
353,0.17263543192523909
354,0.1726354315902074
355,0.17263543125523612
356,0.17263543092032513
357,0.1726354305854744
358,0.17263543025068404
359,0.17263542991595413
360,0.17263542958128464
361,0.17263542924667527
362,0.1726354289121263
363,0.17263542857763753
364,0.17263542824320902
365,0.1726354279088407
366,0.17263542757453276
367,0.17263542724028472
368,0.17263542690609712
369,0.17263542657196954
370,0.17263542623790226
371,0.1726354259038949
372,0.1726354255699479
373,0.172635425236061
374,0.17263542490223407
375,0.17263542456846717
376,0.17263542423476053
377,0.1726354239011136
378,0.172635423567527
379,0.17263542323400002
380,0.17263542290053357
381,0.17263542256712697
382,0.17263542223378012
383,0.17263542190049325
384,0.17263542156726638
385,0.1726354212340994
386,0.1726354209009922
387,0.17263542056794515
388,0.17263542023495776
389,0.17263541990203007
390,0.17263541956916253
391,0.17263541923635464
392,0.1726354189036066
393,0.1726354185709183
394,0.17263541823828976
395,0.17263541790572126
396,0.172635417573212
397,0.1726354172407628
398,0.17263541690837314
399,0.17263541657604323
400,0.17263541624377282
401,0.17263541591156228
402,0.1726354155794115
403,0.1726354152473201
404,0.17263541491528844
405,0.17263541458331622
406,0.17263541425140383
407,0.17263541391955065
408,0.1726354135877573
409,0.17263541325602333
410,0.17263541292434897
411,0.172635412592734
412,0.17263541226117854
413,0.17263541192968257
414,0.172635411598246
415,0.1726354112668689
416,0.17263541093555118
417,0.17263541060429285
418,0.17263541027309423
419,0.17263540994195448
420,0.17263540961087434
421,0.17263540927985332
422,0.17263540894889198
423,0.17263540861798973
424,0.1726354082871467
425,0.17263540795636312
426,0.1726354076256386
427,0.17263540729497354
428,0.17263540696436766
429,0.17263540663382076
430,0.1726354063033332
431,0.1726354059729049
432,0.17263540564253563
433,0.17263540531222574
434,0.17263540498197466
435,0.17263540465178287
436,0.17263540432165028
437,0.1726354039915767
438,0.17263540366156194
439,0.17263540333160649
440,0.1726354030017099
441,0.1726354026718724
442,0.1726354023420941
443,0.1726354020123746
444,0.172635401682714
445,0.17263540135311256
446,0.17263540102356972
447,0.17263540069408642
448,0.1726354003646615
449,0.1726354000352955
450,0.1726353997059886
451,0.17263539937674033
452,0.1726353990475511
453,0.17263539871842065
454,0.17263539838934902
455,0.1726353980603361
456,0.17263539773138215
457,0.172635397402487
458,0.1726353970736502
459,0.17263539674487247
460,0.17263539641615339
461,0.17263539608749298
462,0.17263539575889136
463,0.1726353954303483
464,0.17263539510186401
465,0.17263539477343814
466,0.1726353944450712
467,0.17263539411676268
468,0.1726353937885127
469,0.17263539346032147
470,0.17263539313218867
471,0.17263539280411444
472,0.1726353924760987
473,0.17263539214814175
474,0.1726353918202428
475,0.1726353914924028
476,0.17263539116462115
477,0.17263539083689786
478,0.1726353905092329
479,0.17263539018162674
480,0.17263538985407884
481,0.17263538952658916
482,0.17263538919915802
483,0.17263538887178506
484,0.1726353885444707
485,0.17263538821721444
486,0.17263538789001673
487,0.17263538756287714
488,0.17263538723579575
489,0.1726353869087729
490,0.17263538658180813
491,0.17263538625490166
492,0.1726353859280535
493,0.17263538560126332
494,0.17263538527453123
495,0.17263538494785766
496,0.17263538462124225
497,0.17263538429468472
498,0.17263538396818542
499,0.17263538364174427
500,0.17263538331536135
501,0.1726353829890363
502,0.17263538266276934
503,0.17263538233656048
504,0.17263538201040954
505,0.1726353816843169
506,0.17263538135828208
507,0.17263538103230514
508,0.1726353807063864
509,0.17263538038052545
510,0.1726353800547226
511,0.17263537972897752
512,0.1726353794032904
513,0.17263537907766136
514,0.17263537875208998
515,0.17263537842657659
516,0.17263537810112087
517,0.1726353777757232
518,0.1726353774503832
519,0.17263537712510113
520,0.17263537679987676
521,0.1726353764747102
522,0.17263537614960145
523,0.17263537582455035
524,0.17263537549955704
525,0.17263537517462132
526,0.1726353748497433
527,0.17263537452492325
528,0.17263537420016067
529,0.1726353738754556
530,0.1726353735508083
531,0.1726353732262187
532,0.17263537290168668
533,0.17263537257721223
534,0.17263537225279543
535,0.17263537192843598
536,0.17263537160413442
537,0.17263537127988993
538,0.17263537095570328
539,0.17263537063157391
540,0.17263537030750234
541,0.172635369983488
542,0.17263536965953133
543,0.172635369335632
544,0.17263536901178989
545,0.1726353686880052
546,0.17263536836427798
547,0.17263536804060842
548,0.17263536771699575
549,0.1726353673934409
550,0.17263536706994312
551,0.17263536674650254
552,0.17263536642311952
553,0.1726353660997939
554,0.17263536577652516
555,0.1726353654533138
556,0.17263536513015976
557,0.172635364807063
558,0.1726353644840231
559,0.17263536416104075
560,0.17263536383811548
561,0.17263536351524753
562,0.17263536319243658
563,0.17263536286968278
564,0.17263536254698594
565,0.17263536222434656
566,0.17263536190176396
567,0.1726353615792386
568,0.1726353612567702
569,0.17263536093435897
570,0.17263536061200474
571,0.17263536028970752
572,0.1726353599674671
573,0.1726353596452838
574,0.17263535932315746
575,0.17263535900108826
576,0.1726353586790757
577,0.17263535835712035
578,0.17263535803522181
579,0.17263535771338012
580,0.17263535739159536
581,0.1726353570698673
582,0.1726353567481962
583,0.1726353564265819
584,0.17263535610502442
585,0.17263535578352399
586,0.17263535546208014
587,0.17263535514069273
588,0.17263535481936254
589,0.172635354498089
590,0.17263535417687212
591,0.17263535385571233
592,0.17263535353460852
593,0.17263535321356172
594,0.17263535289257168
595,0.17263535257163848
596,0.17263535225076157
597,0.17263535192994142
598,0.17263535160917795
599,0.17263535128847118
600,0.17263535096782062
601,0.17263535064722701
602,0.1726353503266895
603,0.1726353500062089
604,0.17263534968578467
605,0.17263534936541694
606,0.17263534904510577
607,0.17263534872485115
608,0.17263534840465286
609,0.1726353480845109
610,0.17263534776442552
611,0.17263534744439646
612,0.17263534712442408
613,0.172635346804508
614,0.17263534648464807
615,0.1726353461648445
616,0.17263534584509743
617,0.17263534552540669
618,0.1726353452057724
619,0.1726353448861941
620,0.1726353445666721
621,0.1726353442472066
622,0.1726353439277971
623,0.172635343608444
624,0.1726353432891471
625,0.17263534296990626
626,0.17263534265072195
627,0.17263534233159372
628,0.1726353420125215
629,0.1726353416935054
630,0.17263534137454564
631,0.17263534105564185
632,0.17263534073679412
633,0.17263534041800255
634,0.1726353400992669
635,0.1726353397805877
636,0.17263533946196433
637,0.172635339143397
638,0.17263533882488571
639,0.1726353385064303
640,0.17263533818803095
641,0.1726353378696874
642,0.17263533755140023
643,0.17263533723316873
644,0.17263533691499328
645,0.1726353365968737
646,0.17263533627880967
647,0.17263533596080197
648,0.17263533564285002
649,0.17263533532495395
650,0.1726353350071136
651,0.1726353346893294
652,0.17263533437160067
653,0.17263533405392772
654,0.1726353337363107
655,0.1726353334187493
656,0.17263533310124402
657,0.17263533278379392
658,0.17263533246640006
659,0.17263533214906177
660,0.1726353318317789
661,0.17263533151455213
662,0.1726353311973806
663,0.17263533088026514
664,0.17263533056320485
665,0.17263533024620056
666,0.17263532992925165
667,0.17263532961235845
668,0.1726353292955209
669,0.17263532897873887
670,0.17263532866201228
671,0.1726353283453413
672,0.1726353280287257
673,0.17263532771216594
674,0.17263532739566131
675,0.17263532707921245
676,0.1726353267628189
677,0.17263532644648072
678,0.17263532613019816
679,0.1726353258139709
680,0.1726353254977991
681,0.17263532518168265
682,0.17263532486562141
683,0.17263532454961594
684,0.17263532423366518
685,0.17263532391777028
686,0.17263532360193065
687,0.17263532328614623
688,0.17263532297041714
689,0.17263532265474318
690,0.17263532233912462
691,0.17263532202356133
692,0.17263532170805312
693,0.17263532139260035
694,0.17263532107720259
695,0.17263532076186006
696,0.1726353204465724
697,0.17263532013134045
698,0.17263531981616337
699,0.1726353195010413
700,0.17263531918597474
701,0.1726353188709629
702,0.1726353185560063
703,0.17263531824110473
704,0.17263531792625825
705,0.1726353176114667
706,0.17263531729673035
707,0.1726353169820489
708,0.1726353166674224
709,0.17263531635285118
710,0.17263531603833474
711,0.17263531572387306
712,0.17263531540946667
713,0.17263531509511498
714,0.17263531478081817
715,0.1726353144665765
716,0.1726353141523897
717,0.17263531383825742
718,0.17263531352418027
719,0.17263531321015776
720,0.17263531289619016
721,0.17263531258227754
722,0.1726353122684196
723,0.1726353119546166
724,0.1726353116408681
725,0.17263531132717466
726,0.17263531101353558
727,0.1726353106999515
728,0.17263531038642208
729,0.17263531007294738
730,0.1726353097595272
731,0.17263530944616182
732,0.17263530913285108
733,0.17263530881959496
734,0.17263530850639355
735,0.17263530819324677
736,0.17263530788015458
737,0.1726353075671168
738,0.1726353072541337
739,0.17263530694120532
740,0.17263530662833113
741,0.1726353063155118
742,0.1726353060027468
743,0.1726353056900365
744,0.17263530537738042
745,0.1726353050647788
746,0.17263530475223185
747,0.1726353044397392
748,0.1726353041273011
749,0.17263530381491732
750,0.17263530350258796
751,0.17263530319031292
752,0.17263530287809242
753,0.17263530256592605
754,0.17263530225381427
755,0.17263530194175686
756,0.17263530162975346
757,0.17263530131780455
758,0.17263530100591004
759,0.17263530069406957
760,0.17263530038228334
761,0.17263530007055147
762,0.17263529975887387
763,0.17263529944725042
764,0.1726352991356813
765,0.172635298824166
766,0.17263529851270532
767,0.17263529820129853
768,0.17263529788994603
769,0.17263529757864743
770,0.17263529726740312
771,0.172635296956213
772,0.17263529664507696
773,0.17263529633399496
774,0.1726352960229668
775,0.17263529571199307
776,0.17263529540107317
777,0.17263529509020722
778,0.17263529477939538
779,0.17263529446863746
780,0.17263529415793358
781,0.17263529384728357
782,0.17263529353668766
783,0.17263529322614574
784,0.1726352929156574
785,0.17263529260522328
786,0.172635292294843
787,0.1726352919845165
788,0.17263529167424385
789,0.17263529136402506
790,0.17263529105386033
791,0.17263529074374911
792,0.17263529043369197
793,0.17263529012368842
794,0.17263528981373893
795,0.17263528950384288
796,0.17263528919400078
797,0.17263528888421245
798,0.17263528857447782
799,0.17263528826479668
800,0.17263528795516944
801,0.17263528764559583
802,0.17263528733607592
803,0.17263528702660969
804,0.17263528671719702
805,0.17263528640783793
806,0.1726352860985325
807,0.17263528578928097
808,0.1726352854800826
809,0.172635285170938
810,0.17263528486184715
811,0.1726352845528095
812,0.17263528424382538
813,0.1726352839348952
814,0.1726352836260182
815,0.1726352833171946
816,0.17263528300842473
817,0.17263528269970813
818,0.17263528239104525
819,0.17263528208243537
820,0.17263528177387918
821,0.17263528146537638
822,0.172635281156927
823,0.17263528084853094
824,0.17263528054018826
825,0.17263528023189897
826,0.17263527992366318
827,0.17263527961548042
828,0.17263527930735093
829,0.172635278999275
830,0.17263527869125228
831,0.17263527838328277
832,0.17263527807536655
833,0.17263527776750343
834,0.17263527745969362
835,0.17263527715193702
836,0.17263527684423396
837,0.1726352765365836
838,0.17263527622898653
839,0.17263527592144284
840,0.17263527561395212
841,0.17263527530651462
842,0.17263527499913
843,0.17263527469179882
844,0.1726352743845206
845,0.1726352740772953
846,0.17263527377012342
847,0.17263527346300428
848,0.1726352731559382
849,0.17263527284892513
850,0.17263527254196523
851,0.1726352722350582
852,0.1726352719282044
853,0.17263527162140316
854,0.1726352713146552
855,0.1726352710079598
856,0.1726352707013177
857,0.17263527039472848
858,0.1726352700881919
859,0.17263526978170865
860,0.1726352694752779
861,0.17263526916890026
862,0.17263526886257521
863,0.17263526855630315
864,0.17263526825008393
865,0.17263526794391748
866,0.1726352676378038
867,0.17263526733174264
868,0.1726352670257345
869,0.17263526671977925
870,0.17263526641387647
871,0.17263526610802657
872,0.1726352658022294
873,0.17263526549648475
874,0.17263526519079292
875,0.17263526488515377
876,0.17263526457956727
877,0.17263526427403356
878,0.1726352639685521
879,0.1726352636631233
880,0.17263526335774745
881,0.17263526305242388
882,0.17263526274715327
883,0.17263526244193475
884,0.1726352621367689
885,0.17263526183165576
886,0.17263526152659506
887,0.1726352612215869
888,0.1726352609166311
889,0.17263526061172776
890,0.17263526030687712
891,0.17263526000207868
892,0.17263525969733282
893,0.17263525939263943
894,0.1726352590879984
895,0.17263525878340974
896,0.17263525847887323
897,0.1726352581743895
898,0.17263525786995795
899,0.1726352575655788
900,0.17263525726125192
901,0.1726352569569774
902,0.172635256652755
903,0.172635256348585
904,0.17263525604446736
905,0.17263525574040217
906,0.1726352554363889
907,0.17263525513242794
908,0.1726352548285193
909,0.1726352545246628
910,0.17263525422085846
911,0.17263525391710638
912,0.17263525361340634
913,0.17263525330975862
914,0.1726352530061628
915,0.17263525270261945
916,0.17263525239912803
917,0.1726352520956889
918,0.17263525179230158
919,0.17263525148896636
920,0.17263525118568324
921,0.17263525088245235
922,0.17263525057927337
923,0.17263525027614637
924,0.17263524997307142
925,0.17263524967004856
926,0.1726352493670775
927,0.17263524906415847
928,0.17263524876129163
929,0.17263524845847653
930,0.17263524815571307
931,0.17263524785300197
932,0.1726352475503426
933,0.17263524724773502
934,0.17263524694517973
935,0.17263524664267588
936,0.172635246340224
937,0.17263524603782385
938,0.17263524573547576
939,0.17263524543317935
940,0.17263524513093487
941,0.172635244828742
942,0.17263524452660095
943,0.17263524422451154
944,0.17263524392247404
945,0.17263524362048843
946,0.17263524331855404
947,0.17263524301667182
