1,0.1954804163664513
2,0.21564135767690923
3,0.2088451994268708
4,0.1932732877700783
5,0.18124841548070234
6,0.1804725578342566
7,0.18049586005740448
8,0.1804957202589774
9,0.18049342721738926
10,0.18049098460035462
11,0.18048852296287984
12,0.180486050508918
13,0.18048356761940326
14,0.18048107417504924
15,0.18047857002383633
16,0.1804760550107862
17,0.18047352897981048
18,0.1804709917737867
19,0.1804684432345281
20,0.18046588320275148
21,0.1804633115180459
22,0.18046072801884444
23,0.18045813254239543
24,0.18045552492473588
25,0.180452905000663
26,0.18045027260370908
27,0.1804476275661134
28,0.1804449697187956
29,0.18044229889132876
30,0.18043961491191232
31,0.18043691760734548
32,0.18043420680299896
33,0.18043148232278752
34,0.1804287439891433
35,0.18042599162298653
36,0.18042322504369865
37,0.18042044406909255
38,0.18041764851538517
39,0.18041483819716833
40,0.1804120129273793
41,0.18040917251727137
42,0.18040631677638472
43,0.18040344551251597
44,0.18040055853168882
45,0.1803976556381227
46,0.18039473663420225
47,0.18039180132044683
48,0.1803888494954783
49,0.1803858809559901
50,0.1803828954967149
51,0.18037989291039255
52,0.18037687298773764
53,0.18037383551740596
54,0.18037078028596204
55,0.18036770707784483
56,0.18036461567533454
57,0.1803615058585178
58,0.18035837740525354
59,0.18035523009113802
60,0.18035206368946907
61,0.1803488779712105
62,0.1803456727049569
63,0.18034244765689672
64,0.18033920259077518
65,0.18033593726785757
66,0.18033265144689206
67,0.18032934488407143
68,0.1803260173329947
69,0.18032266854462925
70,0.18031929826727053
71,0.18031590624650493
72,0.18031249222516701
73,0.18030905594330204
74,0.18030559713812358
75,0.18030211554397385
76,0.18029861089228164
77,0.18029508291152077
78,0.18029153132716838
79,0.1802879558616615
80,0.1802843562343552
81,0.18028073216147786
82,0.18027708335609022
83,0.18027340952803758
84,0.18026971038390832
85,0.18026598562698792
86,0.18026223495721325
87,0.18025845807112817
88,0.18025465466183666
89,0.18025082441895615
90,0.18024696702857226
91,0.18024308217318974
92,0.18023916953168706
93,0.18023522877926648
94,0.1802312595874078
95,0.18022726162381902
96,0.18022323455238728
97,0.18021917803313048
98,0.1802150917221467
99,0.18021097527156626
100,0.18020682832949966
101,0.18020265053998902
102,0.18019844154295642
103,0.18019420097415387
104,0.18018992846511153
105,0.18018562364308727
106,0.18018128613101453
107,0.18017691554745163
108,0.18017251150652885
109,0.18016807361789763
110,0.18016360148667818
111,0.18015909471340694
112,0.18015455289398533
113,0.180149975619627
114,0.1801453624768056
115,0.180140713047203
116,0.18013602690765698
117,0.18013130363010954
118,0.18012654278155424
119,0.18012174392398497
120,0.18011690661434537
121,0.18011203040447568
122,0.18010711484106356
123,0.1801021594655921
124,0.18009716381429025
125,0.18009212741808311
126,0.18008704980254223
127,0.18008193048783736
128,0.18007676898868707
129,0.18007156481431272
130,0.18006631746839072
131,0.18006102644900704
132,0.18005569124861087
133,0.18005031135397276
134,0.18004488624613885
135,0.18003941540039062
136,0.18003389828620275
137,0.1800283343672047
138,0.18002272310114106
139,0.1800170639398357
140,0.18001135632915635
141,0.1800055997089806
142,0.17999979351316395
143,0.1799939371695108
144,0.17998803009974484
145,0.17998207171948516
146,0.17997606143822073
147,0.1799699986592905
148,0.17996388277986408
149,0.17995771319092568
150,0.17995148927726096
151,0.17994521041744707
152,0.17993887598384492
153,0.179932485342595
154,0.17992603785361863
155,0.17991953287061893
156,0.17991296974108992
157,0.1799063478063262
158,0.17989966640143884
159,0.1798929248553749
160,0.1798861224909424
161,0.17987925862483867
162,0.17987233256768548
163,0.17986534362406822
164,0.17985829109258109
165,0.17985117426587885
166,0.17984399243073323
167,0.17983674486809711
168,0.17982943085317357
169,0.17982204965549473
170,0.17981460053900472
171,0.17980708276215146
172,0.1797994955779875
173,0.17979183823427664
174,0.17978410997361038
175,0.1797763100335342
176,0.17976843764668013
177,0.1797604920409116
178,0.1797524724394775
179,0.1797443780611752
180,0.17973620812052557
181,0.17972796182795855
182,0.17971963839001096
183,0.17971123700953448
184,0.1797027568859171
185,0.17969419721531787
186,0.17968555719091217
187,0.1796768360031546
188,0.17966803284005178
189,0.1796591468874517
190,0.17965017732934854
191,0.17964112334820154
192,0.17963198412526937
193,0.17962275884096335
194,0.1796134466752142
195,0.179604046807859
196,0.1795945584190427
197,0.17958498068964251
198,0.17957531280170488
199,0.1795655539389083
200,0.1795557032870397
201,0.179545760034496
202,0.17953572337280305
203,0.17952559249715633
204,0.1795153666069848
205,0.17950504490653424
206,0.1794946266054757
207,0.17948411091953378
208,0.17947349707114105
209,0.17946278429011467
210,0.1794519718143563
211,0.1794410588905783
212,0.17943004477505312
213,0.17941892873438803
214,0.1794077100463251
215,0.17939638800056731
216,0.17938496189962932
217,0.17937343105971415
218,0.17936179481161654
219,0.17935005250165237
220,0.17933820349261284
221,0.17932624716474602
222,0.17931418291676365
223,0.1793020101668744
224,0.1792897283538414
225,0.17927733693806666
226,0.17926483540269902
227,0.17925222325476806
228,0.17923950002634087
229,0.17922666527570294
230,0.1792137185885614
231,0.1792006595792708
232,0.17918748789207958
233,0.17917420320239766
234,0.17916080521808145
235,0.179147293680739
236,0.17913366836705014
237,0.17911992909010283
238,0.17910607570074363
239,0.17909210808893908
240,0.17907802618514856
241,0.17906382996170617
242,0.1790495194342072
243,0.17903509466290116
244,0.17902055575408607
245,0.17900590286150164
246,0.1789911361877207
247,0.17897625598553543
248,0.17896126255933423
249,0.17894615626646726
250,0.17893093751859862
251,0.17891560678304136
252,0.17890016458406904
253,0.17888461150420548
254,0.17886894818548651
255,0.17885317533068856
256,0.1788372937045227
257,0.17882130413478992
258,0.1788052075134929
259,0.17878900479789955
260,0.17877269701155613
261,0.17875628524524548
262,0.178739770657883
263,0.17872315447735107
264,0.17870643800126346
265,0.17868962259765747
266,0.17867270970560972
267,0.17865570083577015
268,0.17863859757081033
269,0.17862140156578257
270,0.17860411454838593
271,0.1785867383191333
272,0.17856927475141895
273,0.17855172579147893
274,0.17853409345824459
275,0.17851637984308355
276,0.17849858710942515
277,0.17848071749226838
278,0.1784627732975695
279,0.17844475690150682
280,0.17842667074961951
281,0.17840851735582078
282,0.1783902993012826
283,0.17837201923319068
284,0.17835367986337058
285,0.1783352839667831
286,0.1783168343798888
287,0.17829833399888548
288,0.17827978577781398
289,0.17826119272653923
290,0.17824255790860455
291,0.17822388443896384
292,0.17820517548159326
293,0.17818643424698527
294,0.17816766398953035
295,0.17814886800478816
296,0.17813004962665566
297,0.17811121222443363
298,0.17809235919980065
299,0.17807349398369743
300,0.17805462003312916
301,0.17803574082789297
302,0.17801685986723634
303,0.17799798066645295
304,0.17797910675342646
305,0.17796024166512694
306,0.17794138894407088
307,0.17792255213475003
308,0.17790373478003954
309,0.17788494041759428
310,0.17786617257624002
311,0.1778474347723707
312,0.1778287305063588
313,0.17781006325898766
314,0.1777914364879154
315,0.17777285362417872
316,0.17775431806874484
317,0.17773583318911895
318,0.17771740231601849
319,0.1776990287401163
320,0.17768071570886892
321,0.17766246642342662
322,0.17764428403564164
323,0.17762617164517608
324,0.17760813229671646
325,0.1775901689773015
326,0.17757228461376778
327,0.1775544820703191
328,0.17753676414622152
329,0.17751913357363303
330,0.17750159301556423
331,0.1774841450639788
332,0.17746679223803505
333,0.17744953698246707
334,0.1774323816661119
335,0.17741532858057935
336,0.17739837993906873
337,0.1773815378753278
338,0.17736480444275982
339,0.17734818161367047
340,0.17733167127866004
341,0.177315275246153
342,0.1772989952420686
343,0.17728283290962513
344,0.17726678980927718
345,0.17725086741878315
346,0.17723506713339748
347,0.17721939026618552
348,0.17720383804845563
349,0.17718841163030594
350,0.17717311208127828
351,0.17715794039111898
352,0.17714289747063544
353,0.17712798415265063
354,0.177113201193045
355,0.17709854927188204
356,0.17708402899461406
357,0.17706964089336094
358,0.1770553854282562
359,0.17704126298885775
360,0.1770272738956156
361,0.17701341840139106
362,0.17699969669302684
363,0.1769861088929543
364,0.17697265506084334
365,0.17695933519528165
366,0.17694614923548388
367,0.1769330970630221
368,0.17692017850357802
369,0.17690739332870667
370,0.1768947412576136
371,0.17688222195893716
372,0.17686983505253354
373,0.17685758011126176
374,0.17684545666276463
375,0.17683346419124102
376,0.17682160213920964
377,0.17680986990925826
378,0.17679826686577654
379,0.17678679233667186
380,0.1767754456150628
381,0.17676422596095123
382,0.1767531326028669
383,0.17674216473948837
384,0.17673132154123297
385,0.17672060215181895
386,0.17671000568979298
387,0.17669953125002996
388,0.17668917790519487
389,0.17667894470717305
390,0.17666883068846356
391,0.17665883486353806
392,0.17664895623016252
393,0.17663919377068155
394,0.17662954645326745
395,0.17662001323313042
396,0.1766105930536913
397,0.17660128484771803
398,0.17659208753842362
399,0.17658300004052807
400,0.17657402126128188
401,0.17656515010145327
402,0.1765563854562807
403,0.17654772621638623
404,0.17653917126865673
405,0.1765307194970873
406,0.17652236978359237
407,0.17651412100878175
408,0.1765059720527028
409,0.1764979217955527
410,0.17648996911835524
411,0.17648211290360893
412,0.17647435203590403
413,0.17646668540250884
414,0.17645911189392816
415,0.17645163040443332
416,0.1764442398325636
417,0.17643693908160274
418,0.17642972706002755
419,0.1764226026819328
420,0.1764155648674315
421,0.17640861254303117
422,0.176401744641986
423,0.17639496010463085
424,0.17638825787868892
425,0.17638163691956288
426,0.17637509619060343
427,0.17636863466336075
428,0.17636225131781577
429,0.17635594514259464
430,0.17634971513516712
431,0.17634356030202622
432,0.17633747965885407
433,0.1763314722306724
434,0.1763255370519781
435,0.17631967316686528
436,0.17631387962913464
437,0.17630815550238832
438,0.17630249986011562
439,0.17629691178576476
440,0.17629139037280495
441,0.17628593472477763
442,0.17628054395533718
443,0.1762752171882838
444,0.1762699535575853
445,0.17626475220739268
446,0.17625961229204481
447,0.17625453297606855
448,0.176249513434169
449,0.17624455285121474
450,0.17623965042221507
451,0.17623480535229266
452,0.17623001685664905
453,0.1762252841605259
454,0.1762206064991602
455,0.17621598311773556
456,0.17621141327132833
457,0.17620689622484945
458,0.1762024312529841
459,0.17619801764012422
460,0.17619365468030204
461,0.17618934167711622
462,0.17618507794365904
463,0.17618086280243703
464,0.1761766955852923
465,0.17617257563331998
466,0.17616850229678346
467,0.17616447493502896
468,0.1761604929163971
469,0.1761565556181333
470,0.17615266242629798
471,0.1761488127356726
472,0.1761450059496682
473,0.17614124148023033
474,0.17613751874774414
475,0.17613383718093897
476,0.17613019621679205
477,0.176126595300431
478,0.17612303388503758
479,0.17611951143174967
480,0.17611602740956384
481,0.1761125812952378
482,0.17610917257319214
483,0.17610580073541357
484,0.17610246528135604
485,0.17609916571784467
486,0.17609590155897825
487,0.17609267232603174
488,0.1760894775473614
489,0.17608631675830796
490,0.176083189501101
491,0.17608009532476473
492,0.17607703378502318
493,0.17607400444420704
494,0.17607100687116037
495,0.17606804064114814
496,0.1760651053357645
497,0.1760622005428429
498,0.17605932585636505
499,0.17605648087637196
500,0.17605366520887558
501,0.17605087846577153
502,0.1760481202647515
503,0.17604539022921875
504,0.17604268798820177
505,0.17604001317627174
506,0.17603736543345827
507,0.17603474440516756
508,0.1760321497421021
509,0.17602958110017897
510,0.17602703814045123
511,0.17602452052903042
512,0.17602202793700777
513,0.17601956004037836
514,0.17601711651996677
515,0.1760146970613503
516,0.1760123013547883
517,0.17600992909514726
518,0.1760075799818307
519,0.17600525371870845
520,0.1760029500140464
521,0.17600066858043836
522,0.17599840913473852
523,0.17599617139799456
524,0.17599395509538135
525,0.17599175995613753
526,0.17598958571349985
527,0.17598743210464154
528,0.17598529887060962
529,0.17598318575626418
530,0.17598109251021762
531,0.17597901888477588
532,0.17597696463587964
533,0.17597492952304708
534,0.17597291330931672
535,0.17597091576119253
536,0.1759689366485878
537,0.17596697574477196
538,0.17596503282631717
539,0.17596310767304513
540,0.17596120006797691
541,0.1759593097972805
542,0.17595743665022182
543,0.17595558041911577
544,0.17595374089927693
545,0.17595191788897205
546,0.17595011118937406
547,0.17594832060451462
548,0.17594654594123993
549,0.17594478700916472
550,0.17594304362063018
551,0.17594131559065837
552,0.17593960273691148
553,0.17593790487964944
554,0.1759362218416886
555,0.17593455344836123
556,0.17593289952747576
557,0.17593125990927783
558,0.17592963442641127
559,0.17592802291388052
560,0.1759264252090134
561,0.1759248411514241
562,0.17592327058297746
563,0.17592171334775292
564,0.1759201692920107
565,0.17591863826415655
566,0.17591712011470811
567,0.17591561469626246
568,0.17591412186346198
569,0.17591264147296437
570,0.17591117338340917
571,0.17590971745538805
572,0.17590827355141325
573,0.17590684153588781
574,0.17590542127507755
575,0.17590401263707942
576,0.17590261549179537
577,0.17590122971090275
578,0.1758998551678274
579,0.1758984917377164
580,0.17589713929741138
581,0.17589579772542208
582,0.17589446690190116
583,0.17589314670861778
584,0.17589183702893385
585,0.1758905377477786
586,0.17588924875162515
587,0.17588796992846595
588,0.17588670116779037
589,0.17588544236056117
590,0.17588419339919215
591,0.17588295417752606
592,0.17588172459081247
593,0.17588050453568624
594,0.17587929391014773
595,0.1758780926135402
596,0.1758769005465304
597,0.17587571761108856
598,0.17587454371046854
599,0.17587337874918804
600,0.17587222263301044
601,0.17587107526892487
602,0.17586993656512873
603,0.17586880643100913
604,0.1758676847771253
605,0.17586657151519022
606,0.17586546655805468
607,0.17586436981968928
608,0.17586328121516817
609,0.1758622006606526
610,0.17586112807337442
611,0.17586006337162055
612,0.1758590064747176
613,0.17585795730301612
614,0.17585691577787513
615,0.1758558818216479
616,0.17585485535766743
617,0.1758538363102314
618,0.17585282460458843
619,0.17585182016692377
620,0.1758508229243467
621,0.17584983280487537
622,0.17584884973742526
623,0.17584787365179472
624,0.1758469044786529
625,0.1758459421495276
626,0.17584498659679126
627,0.17584403775365054
628,0.1758430955541333
629,0.1758421599330765
630,0.1758412308261158
631,0.17584030816967297
632,0.17583939190094505
633,0.17583848195789328
634,0.17583757827923202
635,0.17583668080441864
636,0.17583578947364187
637,0.17583490422781248
638,0.17583402500855255
639,0.17583315175818495
640,0.17583228441972493
641,0.1758314229368684
642,0.17583056725398394
643,0.17582971731610306
644,0.1758288730689097
645,0.1758280344587326
646,0.17582720143253575
647,0.17582637393790942
648,0.1758255519230615
649,0.17582473533680873
650,0.175823924128569
651,0.17582311824835223
652,0.17582231764675219
653,0.17582152227493908
654,0.17582073208465113
655,0.175819947028187
656,0.17581916705839798
657,0.1758183921286805
658,0.1758176221929683
659,0.17581685720572604
660,0.17581609712194082
661,0.17581534189711626
662,0.1758145914872645
663,0.17581384584890017
664,0.1758131049390332
665,0.17581236871516187
666,0.17581163713526685
667,0.17581091015780412
668,0.1758101877416988
669,0.1758094698463393
670,0.17580875643157054
671,0.1758080474576881
672,0.17580734288543226
673,0.1758066426759819
674,0.17580594679094896
675,0.17580525519237225
676,0.1758045678427129
677,0.17580388470484698
678,0.1758032057420619
679,0.17580253091804954
680,0.1758018601969021
681,0.17580119354310636
682,0.17580053092153794
683,0.17579987229745722
684,0.1757992176365038
685,0.17579856690469192
686,0.1757979200684051
687,0.17579727709439139
688,0.1757966379497593
689,0.17579600260197265
690,0.17579537101884601
691,0.17579474316854013
692,0.17579411901955816
693,0.17579349854074003
694,0.17579288170125945
695,0.17579226847061874
696,0.17579165881864522
697,0.17579105271548637
698,0.17579045013160713
699,0.17578985103778388
700,0.17578925540510248
701,0.17578866320495307
702,0.17578807440902672
703,0.17578748898931176
704,0.17578690691808968
705,0.17578632816793213
706,0.17578575271169627
707,0.1757851805225219
708,0.17578461157382824
709,0.1757840458393095
710,0.1757834832929323
711,0.17578292390893216
712,0.17578236766180955
713,0.17578181452632766
714,0.17578126447750822
715,0.1757807174906289
716,0.17578017354122003
717,0.17577963260506108
718,0.1757790946581785
719,0.17577855967684186
720,0.17577802763756142
721,0.1757774985170853
722,0.17577697229239528
723,0.1757764489407066
724,0.1757759284394621
725,0.17577541076633182
726,0.175774895899209
727,0.1757743838162078
728,0.17577387449566065
729,0.17577336791611595
730,0.1757728640563346
731,0.17577236289528841
732,0.17577186441215686
733,0.17577136858632555
734,0.17577087539738245
735,0.17577038482511706
736,0.1757698968495165
737,0.17576941145076388
738,0.17576892860923665
739,0.17576844830550312
740,0.175767970520321
741,0.1757674952346346
742,0.17576702242957365
743,0.17576655208644995
744,0.17576608418675566
745,0.175765618712162
746,0.1757651556445158
747,0.17576469496583882
748,0.17576423665832466
749,0.17576378070433696
750,0.17576332708640827
751,0.17576287578723734
752,0.1757624267896871
753,0.17576198007678345
754,0.1757615356317126
755,0.17576109343782037
756,0.17576065347860867
757,0.17576021573773545
758,0.175759780199012
759,0.17575934684640174
760,0.1757589156640171
761,0.1757584866361204
762,0.17575805974711967
763,0.17575763498156807
764,0.17575721232416244
765,0.17575679175974163
766,0.1757563732732844
767,0.17575595684990833
768,0.17575554247486808
769,0.17575513013355396
770,0.17575471981149043
771,0.17575431149433465
772,0.17575390516787445
773,0.17575350081802807
774,0.17575309843084147
775,0.17575269799248797
776,0.1757522994892657
777,0.17575190290759748
778,0.17575150823402874
779,0.1757511154552259
780,0.175750724557976
781,0.1757503355291846
782,0.17574994835587443
783,0.1757495630251851
784,0.1757491795243704
785,0.17574879784079886
786,0.17574841796195015
787,0.17574803987541607
788,0.17574766356889826
789,0.1757472890302074
790,0.17574691624726166
791,0.17574654520808602
792,0.17574617590081035
793,0.17574580831366948
794,0.1757454424350011
795,0.1757450782532451
796,0.1757447157569422
797,0.17574435493473325
798,0.17574399577535812
799,0.1757436382676539
800,0.17574328240055542
801,0.1757429281630923
802,0.17574257554438993
803,0.17574222453366703
804,0.17574187512023484
805,0.17574152729349712
806,0.17574118104294773
807,0.17574083635817128
808,0.17574049322884094
809,0.1757401516447181
810,0.1757398115956513
811,0.17573947307157525
812,0.17573913606251015
813,0.17573880055856075
814,0.1757384665499156
815,0.17573813402684577
816,0.17573780297970407
817,0.17573747339892495
818,0.17573714527502296
819,0.17573681859859175
820,0.17573649336030409
821,0.17573616955091018
822,0.17573584716123766
823,0.17573552618219035
824,0.17573520660474726
825,0.17573488841996268
826,0.17573457161896433
827,0.1757342561929536
828,0.17573394213320442
829,0.17573362943106202
830,0.1757333180779434
831,0.17573300806533532
832,0.17573269938479444
833,0.17573239202794663
834,0.17573208598648551
835,0.17573178125217256
836,0.1757314778168366
837,0.17573117567237245
838,0.17573087481073973
839,0.17573057522396454
840,0.1757302769041363
841,0.17572997984340819
842,0.17572968403399716
843,0.17572938946818153
844,0.17572909613830265
845,0.17572880403676228
846,0.17572851315602311
847,0.175728223488608
848,0.17572793502709919
849,0.17572764776413802
850,0.17572736169242356
851,0.17572707680471322
852,0.17572679309382191
853,0.17572651055262045
854,0.175726229174036
855,0.17572594895105184
856,0.1757256698767054
857,0.17572539194408968
858,0.17572511514635064
859,0.17572483947668846
860,0.17572456492835617
861,0.17572429149465887
862,0.1757240191689546
863,0.17572374794465162
864,0.17572347781521003
865,0.17572320877414038
866,0.17572294081500292
867,0.17572267393140806
868,0.17572240811701445
869,0.1757221433655303
870,0.17572187967071154
871,0.17572161702636196
872,0.17572135542633247
873,0.17572109486452128
874,0.17572083533487232
875,0.17572057683137626
876,0.17572031934806878
877,0.1757200628790312
878,0.17571980741838897
879,0.17571955296031253
880,0.17571929949901569
881,0.17571904702875607
882,0.17571879554383432
883,0.17571854503859335
884,0.1757182955074194
885,0.1757180469447398
886,0.17571779934502357
887,0.17571755270278128
888,0.175717307012564
889,0.17571706226896286
890,0.17571681846660986
891,0.17571657560017617
892,0.17571633366437248
893,0.1757160926539485
894,0.17571585256369215
895,0.17571561338843047
896,0.1757153751230275
897,0.17571513776238556
898,0.17571490130144404
899,0.17571466573517897
900,0.17571443105860365
901,0.17571419726676718
902,0.1757139643547543
903,0.1757137323176863
904,0.1757135011507187
905,0.1757132708490434
906,0.17571304140788532
907,0.1757128128225053
908,0.17571258508819732
909,0.17571235820028971
910,0.1757121321541437
911,0.17571190694515446
912,0.17571168256874922
913,0.17571145902038868
914,0.17571123629556507
915,0.1757110143898034
916,0.1757107932986601
917,0.17571057301772303
918,0.17571035354261144
919,0.17571013486897555
920,0.17570991699249608
921,0.17570969990888433
922,0.1757094836138816
923,0.17570926810325949
924,0.1757090533728188
925,0.17570883941838977
926,0.1757086262358321
927,0.17570841382103414
928,0.17570820216991287
929,0.1757079912784138
930,0.17570778114251034
931,0.17570757175820417
932,0.17570736312152413
933,0.17570715522852737
934,0.1757069480752973
935,0.17570674165794498
936,0.17570653597260774
937,0.17570633101544988
938,0.17570612678266168
939,0.17570592327045967
940,0.1757057204750862
941,0.17570551839280935
942,0.17570531701992229
943,0.1757051163527441
944,0.17570491638761812
945,0.17570471712091307
946,0.17570451854902155
947,0.17570432066836159
948,0.17570412347537456
949,0.17570392696652606
950,0.17570373113830576
951,0.17570353598722632
952,0.17570334150982445
953,0.17570314770265974
954,0.17570295456231477
955,0.1757027620853952
956,0.17570257026852892
957,0.17570237910836659
958,0.17570218860158127
959,0.1757019987448677
960,0.17570180953494274
961,0.17570162096854514
962,0.17570143304243477
963,0.17570124575339352
964,0.17570105909822378
965,0.1757008730737493
966,0.17570068767681532
967,0.1757005029042865
968,0.1757003187530491
969,0.17570013522000932
970,0.1756999523020932
971,0.17569976999624778
972,0.17569958829943924
973,0.17569940720865346
974,0.17569922672089652
975,0.175699046833193
976,0.17569886754258762
977,0.17569868884614348
978,0.17569851074094314
979,0.17569833322408784
980,0.17569815629269703
981,0.1756979799439095
982,0.17569780417488182
983,0.17569762898278846
984,0.17569745436482298
985,0.17569728031819584
986,0.17569710684013584
987,0.17569693392788932
988,0.17569676157872027
989,0.17569658978990957
990,0.17569641855875606
991,0.17569624788257499
992,0.1756960777586988
993,0.175695908184477
994,0.1756957391572758
995,0.17569557067447772
996,0.17569540273348166
997,0.17569523533170311
998,0.17569506846657376
999,0.17569490213554137
1000,0.1756947363360694
1001,0.17569457106563735
1002,0.17569440632174035
1003,0.17569424210188922
1004,0.17569407840361007
1005,0.17569391522444452
1006,0.17569375256194925
1007,0.1756935904136962
1008,0.1756934287772723
1009,0.17569326765027932
1010,0.17569310703033372
1011,0.17569294691506676
1012,0.17569278730212415
1013,0.17569262818916614
1014,0.17569246957386725
1015,0.17569231145391623
1016,0.1756921538270157
1017,0.1756919966908829
1018,0.17569184004324834
1019,0.1756916838818567
1020,0.17569152820446626
1021,0.17569137300884874
1022,0.17569121829278955
1023,0.1756910640540874
1024,0.17569091029055448
1025,0.17569075700001585
1026,0.17569060418030996
1027,0.17569045182928802
1028,0.17569029994481422
1029,0.1756901485247656
1030,0.17568999756703207
1031,0.17568984706951565
1032,0.1756896970301315
1033,0.17568954744680687
1034,0.17568939831748145
1035,0.1756892496401072
1036,0.17568910141264793
1037,0.17568895363307988
1038,0.17568880629939135
1039,0.17568865940958217
1040,0.1756885129616643
1041,0.17568836695366122
1042,0.17568822138360818
1043,0.17568807624955177
1044,0.17568793154955042
1045,0.17568778728167364
1046,0.17568764344400242
1047,0.17568750003462888
1048,0.17568735705165628
1049,0.17568721449319868
1050,0.17568707235738198
1051,0.17568693064234203
1052,0.17568678934622592
1053,0.17568664846719168
1054,0.17568650800340752
1055,0.1756863679530526
1056,0.17568622831431666
1057,0.17568608908539957
1058,0.17568595026451192
1059,0.17568581184987428
1060,0.17568567383971767
1061,0.17568553623228303
1062,0.17568539902582167
1063,0.17568526221859468
1064,0.17568512580887335
1065,0.1756849897949386
1066,0.17568485417508098
1067,0.1756847189476013
1068,0.17568458411080962
1069,0.17568444966302554
1070,0.1756843156025788
1071,0.17568418192780794
1072,0.17568404863706072
1073,0.17568391572869527
1074,0.17568378320107786
1075,0.17568365105258463
1076,0.17568351928160067
1077,0.17568338788652002
1078,0.17568325686574596
1079,0.17568312621769067
1080,0.17568299594077474
1081,0.17568286603342814
1082,0.1756827364940899
1083,0.17568260732120683
1084,0.17568247851323487
1085,0.1756823500686387
1086,0.17568222198589126
1087,0.1756820942634739
1088,0.1756819668998768
1089,0.17568183989359804
1090,0.17568171324314424
1091,0.17568158694703012
1092,0.17568146100377852
1093,0.1756813354119206
1094,0.1756812101699959
1095,0.17568108527655107
1096,0.17568096073014142
1097,0.17568083652933006
1098,0.17568071267268756
1099,0.1756805891587931
1100,0.17568046598623288
1101,0.17568034315360087
1102,0.17568022065949923
1103,0.17568009850253713
1104,0.17567997668133128
1105,0.17567985519450638
1106,0.1756797340406941
1107,0.175679613218534
1108,0.17567949272667213
1109,0.1756793725637626
1110,0.17567925272846674
1111,0.17567913321945264
1112,0.17567901403539576
1113,0.17567889517497898
1114,0.1756787766368914
1115,0.17567865841982996
1116,0.17567854052249796
1117,0.17567842294360647
1118,0.17567830568187226
1119,0.17567818873602004
1120,0.17567807210478031
1121,0.17567795578689097
1122,0.1756778397810965
1123,0.17567772408614804
1124,0.17567760870080287
1125,0.17567749362382573
1126,0.1756773788539868
1127,0.17567726439006348
1128,0.17567715023083985
1129,0.17567703637510532
1130,0.17567692282165656
1131,0.17567680956929588
1132,0.17567669661683283
1133,0.1756765839630822
1134,0.17567647160686567
1135,0.17567635954701055
1136,0.17567624778235028
1137,0.1756761363117248
1138,0.17567602513397984
1139,0.175675914247967
1140,0.17567580365254398
1141,0.17567569334657437
1142,0.17567558332892783
1143,0.17567547359847896
1144,0.17567536415410978
1145,0.17567525499470632
1146,0.17567514611916182
1147,0.17567503752637414
1148,0.17567492921524727
1149,0.17567482118469074
1150,0.17567471343361996
1151,0.17567460596095533
1152,0.17567449876562288
1153,0.1756743918465546
1154,0.1756742852026875
1155,0.17567417883296405
1156,0.17567407273633207
1157,0.1756739669117451
1158,0.1756738613581615
1159,0.17567375607454475
1160,0.17567365105986443
1161,0.17567354631309456
1162,0.17567344183321443
1163,0.17567333761920906
1164,0.17567323367006774
1165,0.1756731299847853
1166,0.17567302656236167
1167,0.17567292340180174
1168,0.1756728205021151
1169,0.17567271786231664
1170,0.17567261548142632
1171,0.1756725133584682
1172,0.17567241149247223
1173,0.17567230988247262
1174,0.17567220852750823
1175,0.1756721074266231
1176,0.17567200657886553
1177,0.17567190598328936
1178,0.17567180563895224
1179,0.17567170554491687
1180,0.17567160570025078
1181,0.1756715061040255
1182,0.17567140675531803
1183,0.1756713076532089
1184,0.17567120879678372
1185,0.17567111018513268
1186,0.17567101181735031
1187,0.17567091369253524
1188,0.17567081580979083
1189,0.17567071816822516
1190,0.17567062076694998
1191,0.17567052360508184
1192,0.17567042668174118
1193,0.17567032999605334
1194,0.17567023354714714
1195,0.17567013733415643
1196,0.17567004135621864
1197,0.17566994561247576
1198,0.17566985010207334
1199,0.17566975482416183
1200,0.1756696597778954
1201,0.1756695649624324
1202,0.1756694703769349
1203,0.17566937602056934
1204,0.17566928189250625
1205,0.1756691879919198
1206,0.17566909431798833
1207,0.175669000869894
1208,0.1756689076468231
1209,0.1756688146479653
1210,0.17566872187251478
1211,0.17566862931966945
1212,0.17566853698863025
1213,0.17566844487860286
1214,0.17566835298879657
1215,0.1756682613184239
1216,0.1756681698667016
1217,0.17566807863284986
1218,0.17566798761609279
1219,0.17566789681565767
1220,0.17566780623077638
1221,0.1756677158606835
1222,0.17566762570461725
1223,0.17566753576182015
1224,0.17566744603153744
1225,0.17566735651301868
1226,0.17566726720551626
1227,0.17566717810828633
1228,0.1756670892205888
1229,0.17566700054168669
1230,0.17566691207084623
1231,0.17566682380733795
1232,0.17566673575043493
1233,0.1756666478994136
1234,0.17566656025355465
1235,0.17566647281214098
1236,0.17566638557445952
1237,0.1756662985398003
1238,0.17566621170745664
1239,0.1756661250767251
1240,0.17566603864690583
1241,0.17566595241730124
1242,0.17566586638721818
1243,0.17566578055596566
1244,0.1756656949228567
1245,0.17566560948720678
1246,0.17566552424833484
1247,0.17566543920556282
1248,0.1756653543582161
1249,0.17566526970562252
1250,0.17566518524711353
1251,0.1756651009820236
1252,0.17566501690968958
1253,0.17566493302945232
1254,0.17566484934065477
1255,0.17566476584264354
1256,0.17566468253476752
1257,0.17566459941637924
1258,0.1756645164868339
1259,0.17566443374548923
1260,0.17566435119170645
1261,0.17566426882484934
1262,0.1756641866442843
1263,0.17566410464938123
1264,0.17566402283951252
1265,0.17566394121405313
1266,0.17566385977238083
1267,0.17566377851387674
1268,0.1756636974379245
1269,0.17566361654391005
1270,0.17566353583122268
1271,0.1756634552992538
1272,0.17566337494739834
1273,0.17566329477505294
1274,0.1756632147816176
1275,0.17566313496649497
1276,0.17566305532909013
1277,0.1756629758688108
1278,0.17566289658506729
1279,0.17566281747727255
1280,0.17566273854484232
1281,0.17566265978719472
1282,0.1756625812037505
1283,0.17566250279393275
1284,0.1756624245571673
1285,0.17566234649288281
1286,0.1756622686005095
1287,0.17566219087948112
1288,0.17566211332923334
1289,0.17566203594920465
1290,0.1756619587388354
1291,0.1756618816975691
1292,0.17566180482485103
1293,0.17566172812012928
1294,0.17566165158285432
1295,0.17566157521247897
1296,0.17566149900845818
1297,0.17566142297024964
1298,0.1756613470973132
1299,0.1756612713891109
1300,0.17566119584510756
1301,0.17566112046476964
1302,0.17566104524756662
1303,0.1756609701929697
1304,0.17566089530045279
1305,0.17566082056949153
1306,0.1756607459995645
1307,0.17566067159015175
1308,0.1756605973407363
1309,0.17566052325080284
1310,0.1756604493198385
1311,0.17566037554733258
1312,0.17566030193277643
1313,0.17566022847566382
1314,0.17566015517549036
1315,0.1756600820317543
1316,0.17566000904395532
1317,0.1756599362115958
1318,0.17565986353417998
1319,0.17565979101121404
1320,0.17565971864220692
1321,0.1756596464266689
1322,0.1756595743641126
1323,0.17565950245405257
1324,0.17565943069600595
1325,0.17565935908949107
1326,0.17565928763402888
1327,0.1756592163291421
1328,0.17565914517435566
1329,0.17565907416919618
1330,0.17565900331319276
1331,0.1756589326058756
1332,0.17565886204677789
1333,0.1756587916354341
1334,0.17565872137138092
1335,0.17565865125415664
1336,0.17565858128330192
1337,0.17565851145835906
1338,0.17565844177887222
1339,0.17565837224438763
1340,0.1756583028544534
1341,0.17565823360861943
1342,0.1756581645064373
1343,0.17565809554746092
1344,0.17565802673124534
1345,0.17565795805734818
1346,0.17565788952532832
1347,0.175657821134747
1348,0.17565775288516694
1349,0.17565768477615226
1350,0.17565761680726968
1351,0.1756575489780872
1352,0.17565748128817477
1353,0.17565741373710358
1354,0.17565734632444768
1355,0.1756572790497816
1356,0.17565721191268258
1357,0.1756571449127291
1358,0.1756570780495013
1359,0.1756570113225816
1360,0.17565694473155327
1361,0.17565687827600177
1362,0.17565681195551427
1363,0.17565674576967957
1364,0.17565667971808782
1365,0.1756566138003315
1366,0.17565654801600403
1367,0.17565648236470074
1368,0.1756564168460188
1369,0.17565635145955663
1370,0.17565628620491458
1371,0.17565622108169462
1372,0.17565615608949972
1373,0.1756560912279353
1374,0.17565602649660775
1375,0.17565596189512558
1376,0.17565589742309803
1377,0.1756558330801369
1378,0.17565576886585457
1379,0.1756557047798659
1380,0.17565564082178636
1381,0.17565557699123377
1382,0.17565551328782697
1383,0.17565544971118657
1384,0.17565538626093438
1385,0.17565532293669422
1386,0.17565525973809068
1387,0.17565519666475052
1388,0.17565513371630165
1389,0.17565507089237328
1390,0.17565500819259663
1391,0.1756549456166039
1392,0.17565488316402883
1393,0.17565482083450673
1394,0.17565475862767396
1395,0.17565469654316904
1396,0.1756546345806313
1397,0.17565457273970178
1398,0.17565451102002239
1399,0.17565444942123745
1400,0.17565438794299174
1401,0.17565432658493152
1402,0.17565426534670536
1403,0.17565420422796202
1404,0.17565414322835202
1405,0.1756540823475278
1406,0.17565402158514232
1407,0.1756539609408502
1408,0.17565390041430784
1409,0.17565384000517234
1410,0.17565377971310234
1411,0.1756537195377579
1412,0.17565365947880027
1413,0.17565359953589238
1414,0.1756535397086976
1415,0.17565347999688172
1416,0.17565342040011064
1417,0.17565336091805273
1418,0.17565330155037667
1419,0.17565324229675292
1420,0.17565318315685308
1421,0.17565312413035
1422,0.17565306521691762
1423,0.1756530064162313
1424,0.17565294772796794
1425,0.17565288915180508
1426,0.17565283068742202
1427,0.17565277233449858
1428,0.1756527140927167
1429,0.1756526559617589
1430,0.175652597941309
1431,0.17565254003105232
1432,0.17565248223067517
1433,0.17565242453986482
1434,0.1756523669583101
1435,0.17565230948570063
1436,0.17565225212172758
1437,0.17565219486608327
1438,0.17565213771846094
1439,0.17565208067855498
1440,0.17565202374606112
1441,0.17565196692067628
1442,0.1756519102020981
1443,0.1756518535900259
1444,0.1756517970841599
1445,0.1756517406842012
1446,0.17565168438985232
1447,0.17565162820081687
1448,0.17565157211679958
1449,0.175651516137506
1450,0.17565146026264306
1451,0.1756514044919188
1452,0.17565134882504213
1453,0.1756512932617232
1454,0.1756512378016733
1455,0.17565118244460465
1456,0.17565112719023024
1457,0.17565107203826516
1458,0.17565101698842425
1459,0.17565096204042432
1460,0.17565090719398274
1461,0.17565085244881817
1462,0.17565079780465048
1463,0.17565074326119975
1464,0.1756506888181885
1465,0.17565063447533863
1466,0.17565058023237418
1467,0.17565052608902024
1468,0.17565047204500214
1469,0.17565041810004675
1470,0.17565036425388175
1471,0.17565031050623608
1472,0.17565025685683944
1473,0.17565020330542283
1474,0.17565014985171723
1475,0.1756500964954561
1476,0.17565004323637262
1477,0.1756499900742016
1478,0.17564993700867873
1479,0.1756498840395404
1480,0.17564983116652455
1481,0.17564977838936902
1482,0.17564972570781365
1483,0.1756496731215987
1484,0.1756496206304654
1485,0.17564956823415606
1486,0.17564951593241399
1487,0.17564946372498286
1488,0.17564941161160816
1489,0.17564935959203548
1490,0.17564930766601167
1491,0.1756492558332849
1492,0.1756492040936034
1493,0.17564915244671683
1494,0.1756491008923758
1495,0.1756490494303315
1496,0.17564899806033618
1497,0.17564894678214302
1498,0.17564889559550614
1499,0.1756488445001802
1500,0.1756487934959211
1501,0.17564874258248553
1502,0.1756486917596307
1503,0.17564864102711522
1504,0.1756485903846984
1505,0.17564853983214
1506,0.1756484893692012
1507,0.17564843899564353
1508,0.17564838871122984
1509,0.17564833851572356
1510,0.17564828840888885
1511,0.17564823839049085
1512,0.17564818846029565
1513,0.1756481386180698
1514,0.17564808886358096
1515,0.1756480391965977
1516,0.17564798961688907
1517,0.1756479401242253
1518,0.175647890718377
1519,0.175647841399116
1520,0.17564779216621462
1521,0.1756477430194462
1522,0.1756476939585847
1523,0.175647644983405
1524,0.17564759609368258
1525,0.17564754728919393
1526,0.17564749856971637
1527,0.17564744993502765
1528,0.17564740138490653
1529,0.17564735291913264
1530,0.1756473045374859
1531,0.17564725623974783
1532,0.17564720802569972
1533,0.17564715989512453
1534,0.175647111847805
1535,0.17564706388352574
1536,0.1756470160020712
1537,0.17564696820322692
1538,0.17564692048677955
1539,0.17564687285251554
1540,0.1756468253002229
1541,0.17564677782969018
1542,0.17564673044070628
1543,0.17564668313306134
1544,0.17564663590654583
1545,0.17564658876095132
1546,0.17564654169606986
1547,0.17564649471169425
1548,0.17564644780761757
1549,0.1756464009836345
1550,0.1756463542395398
1551,0.17564630757512897
1552,0.17564626099019845
1553,0.17564621448454498
1554,0.1756461680579665
1555,0.17564612171026123
1556,0.1756460754412285
1557,0.17564602925066744
1558,0.1756459831383791
1559,0.17564593710416435
1560,0.17564589114782458
1561,0.17564584526916277
1562,0.1756457994679818
1563,0.17564575374408536
1564,0.1756457080972781
1565,0.1756456625273649
1566,0.1756456170341516
1567,0.17564557161744446
1568,0.17564552627705077
1569,0.17564548101277797
1570,0.17564543582443454
1571,0.17564539071182955
1572,0.1756453456747723
1573,0.17564530071307355
1574,0.17564525582654378
1575,0.1756452110149946
1576,0.17564516627823837
1577,0.17564512161608759
1578,0.175645077028356
1579,0.17564503251485727
1580,0.17564498807540624
1581,0.17564494370981829
1582,0.1756448994179091
1583,0.17564485519949538
1584,0.17564481105439397
1585,0.1756447669824229
1586,0.17564472298339998
