1,0.1882470622894532
2,0.17837997995758959
3,0.16472651777509492
4,0.16141012418301462
5,0.1612448817446093
6,0.1612203191669016
7,0.1612009539052382
8,0.16118165989277317
9,0.16116224583078803
10,0.1611427130163829
11,0.16112307093614908
12,0.1611033300744308
13,0.16108350161653823
14,0.16106359741475693
15,0.16104362995875057
16,0.16102361234022275
17,0.16100355821145854
18,0.1609834817378396
19,0.16096339754453493
20,0.1609433206576874
21,0.16092326644050534
22,0.1609032505247772
23,0.16088328873842747
24,0.16086339702981706
25,0.16084359138956142
26,0.16082388777072543
27,0.1608043020082772
28,0.1607848497387315
29,0.16076554632092319
30,0.16074640675883312
31,0.16072744562737543
32,0.16070867700199903
33,0.16069011439289382
34,0.160671770684512
35,0.1606536580810196
36,0.16063578805818374
37,0.16061817132209652
38,0.1606008177750036
39,0.16058373648839616
40,0.16056693568340177
41,0.16055042271839803
42,0.16053420408365887
43,0.16051828540275845
44,0.1605026714403608
45,0.16048736611595793
46,0.16047237252305419
47,0.160457692953259
48,0.16044332892470636
49,0.1604292812142113
50,0.1604155498925699
51,0.16040213436240142
52,0.1603890333979709
53,0.16037624518642665
54,0.1603637673699542
55,0.16035159708834668
56,0.16033973102156907
57,0.16032816543191536
58,0.16031689620541378
59,0.16030591889217574
60,0.16029522874543872
61,0.16028482075908432
62,0.16027468970346564
63,0.16026483015941542
64,0.16025523655033047
65,0.160245903172283
66,0.1602368242221165
67,0.16022799382352118
68,0.16021940605110604
69,0.16021105495250254
70,0.1602029345685433
71,0.16019503895159062
72,0.16018736218207605
73,0.16017989838334432
74,0.16017264173487983
75,0.1601655864840133
76,0.16015872695619848
77,0.16015205756395737
78,0.16014557281458422
79,0.16013926731670214
80,0.16013313578576233
81,0.1601271730485774
82,0.1601213740469639
83,0.16011573384058334
84,0.1601102476090516
85,0.1601049106533924
86,0.16009971839689707
87,0.16009466638545977
88,0.16008975028744082
89,0.16008496589311824
90,0.16008030911376897
91,0.16007577598043826
92,0.1600713626424268
93,0.16006706536554172
94,0.16006288053014567
95,0.16005880462903385
96,0.16005483426516962
97,0.16005096614930217
98,0.16004719709749582
99,0.160043524028583
100,0.16003994396156618
101,0.16003645401298558
102,0.1600330513942609
103,0.16002973340902918
104,0.1600264974504811
105,0.16002334099871443
106,0.1600202616181056
107,0.16001725695471172
108,0.16001432473370653
109,0.16001146275686132
110,0.16000866890006504
111,0.1600059411108988
112,0.16000327740625875
113,0.16000067587003797
114,0.1599981346508599
115,0.15999565195987533
116,0.15999322606861321
117,0.15999085530689544
118,0.15998853806081043
119,0.15998627277074493
120,0.15998405792947865
121,0.1599818920803369
122,0.15997977381540066
123,0.1599777017737784
124,0.15997567463993026
125,0.15997369114205282
126,0.15997175005051473
127,0.15996985017634946
128,0.159967990369797
129,0.15996616951890102
130,0.15996438654815104
131,0.15996264041717714
132,0.15996093011948803
133,0.1599592546812579
134,0.15995761316015591
135,0.15995600464421758
136,0.15995442825076026
137,0.15995288312533595
138,0.15995136844072397
139,0.15994988339596258
140,0.1599484272154138
141,0.15994699914786456
142,0.1599455984656626
143,0.159944224463883
144,0.15994287645952643
145,0.15994155379074756
146,0.15994025581611346
147,0.15993898191388808
148,0.15993773148134516
149,0.15993650393410563
150,0.15993529870550213
151,0.15993411524596385
152,0.15993295302242805
153,0.15993181151777214
154,0.15993069023026582
155,0.15992958867304613
156,0.1599285063736104
157,0.15992744287332886
158,0.15992639772697545
159,0.15992537050227448
160,0.1599243607794676
161,0.15992336815089267
162,0.1599223922205819
163,0.15992143260387215
164,0.15992048892703054
165,0.1599195608268943
166,0.1599186479505237
167,0.15991774995486568
168,0.15991686650643372
169,0.15991599728099556
170,0.15991514196327286
171,0.15991430024665568
172,0.15991347183292032
173,0.1599126564319639
174,0.15991185376154485
175,0.15991106354703286
176,0.15991028552116893
177,0.159909519423834
178,0.15990876500182408
179,0.15990802200863463
180,0.15990729020425298
181,0.15990656935495687
182,0.15990585923312015
183,0.15990515961702656
184,0.1599044702906877
185,0.15990379104367022
186,0.1599031216709259
187,0.15990246197262983
188,0.1599018117540231
189,0.15990117082526148
190,0.1599005390012679
191,0.15989991610159185
192,0.15989930195027222
193,0.15989869637570525
194,0.15989809921051576
195,0.15989751029143578
196,0.15989692945918246
197,0.15989635655834525
198,0.1598957914372721
199,0.1598952339479629
200,0.15989468394596434
201,0.15989414129026955
202,0.1598936058432198
203,0.15989307747040976
204,0.1598925560405973
205,0.1598920414256131
206,0.1598915335002767
207,0.159891032142312
208,0.15989053723226815
209,0.15989004865344125
210,0.15988956629179887
211,0.15988909003590723
212,0.1598886197768606
213,0.15988815540821297
214,0.15988769682591178
215,0.1598872439282323
216,0.1598867966157183
217,0.15988635479111804
218,0.1598859183593287
219,0.15988548722733828
220,0.15988506130417002
221,0.15988464050083123
222,0.15988422473025907
223,0.1598838139072718
224,0.15988340794852005
225,0.15988300677243894
226,0.15988261029920312
227,0.15988221845068112
228,0.1598818311503935
229,0.15988144832347043
230,0.15988106989661083
231,0.15988069579804276
232,0.15988032595748633
233,0.15987996030611493
234,0.15987959877651942
235,0.15987924130267436
236,0.15987888781990192
237,0.15987853826484086
238,0.15987819257541183
239,0.1598778506907892
240,0.15987751255136778
241,0.15987717809873514
242,0.15987684727564228
243,0.15987652002597494
244,0.15987619629472874
245,0.15987587602798045
246,0.15987555917286295
247,0.1598752456775414
248,0.15987493549118773
249,0.15987462856395745
250,0.15987432484696712
251,0.1598740242922711
252,0.15987372685284085
253,0.1598734324825434
254,0.15987314113611978
255,0.15987285276916663
256,0.15987256733811595
257,0.1598722848002158
258,0.15987200511351277
259,0.1598717282368323
260,0.15987145412976328
261,0.15987118275264003
262,0.159870914066524
263,0.15987064803319104
264,0.1598703846151133
265,0.15987012377544338
266,0.1598698654780017
267,0.15986960968725952
268,0.15986935636832678
269,0.15986910548693578
270,0.15986885700943043
271,0.15986861090275103
272,0.15986836713442315
273,0.15986812567254302
274,0.15986788648576683
275,0.15986764954329952
276,0.1598674148148805
277,0.15986718227077534
278,0.15986695188176214
279,0.159866723619124
280,0.15986649745463424
281,0.15986627336055018
282,0.15986605130960063
283,0.15986583127497753
284,0.15986561323032478
285,0.15986539714973122
286,0.1598651830077198
287,0.1598649707792393
288,0.15986476043965578
289,0.15986455196474375
290,0.1598643453306788
291,0.15986414051402895
292,0.15986393749174607
293,0.1598637362411601
294,0.15986353673996945
295,0.15986333896623509
296,0.15986314289837317
297,0.15986294851514787
298,0.1598627557956642
299,0.15986256471936217
300,0.15986237526600935
301,0.15986218741569547
302,0.15986200114882507
303,0.15986181644611322
304,0.15986163328857683
305,0.15986145165753168
306,0.15986127153458513
307,0.15986109290163067
308,0.15986091574084324
309,0.15986074003467324
310,0.159860565765841
311,0.15986039291733295
312,0.15986022147239598
313,0.1598600514145324
314,0.15985988272749518
315,0.15985971539528304
316,0.15985954940213767
317,0.15985938473253716
318,0.15985922137119207
319,0.15985905930304178
320,0.15985889851325102
321,0.15985873898720368
322,0.15985858071050052
323,0.15985842366895503
324,0.15985826784858867
325,0.15985811323562846
326,0.15985795981650242
327,0.15985780757783574
328,0.1598576565064488
329,0.15985750658935155
330,0.1598573578137421
331,0.15985721016700247
332,0.15985706363669475
333,0.15985691821056014
334,0.15985677387651281
335,0.15985663062263936
336,0.1598564884371951
337,0.15985634730860024
338,0.15985620722543864
339,0.15985606817645331
340,0.15985593015054514
341,0.15985579313676934
342,0.15985565712433322
343,0.15985552210259313
344,0.1598553880610528
345,0.15985525498935985
346,0.15985512287730394
347,0.1598549917148147
348,0.15985486149195857
349,0.15985473219893628
350,0.1598546038260834
351,0.15985447636386402
352,0.1598543498028711
353,0.1598542241338243
354,0.15985409934756703
355,0.15985397543506494
356,0.1598538523874039
357,0.1598537301957879
358,0.1598536088515379
359,0.15985348834608754
360,0.15985336867098487
361,0.1598532498178877
362,0.1598531317785632
363,0.15985301454488554
364,0.15985289810883455
365,0.15985278246249393
366,0.15985266759804945
367,0.1598525535077875
368,0.1598524401840934
369,0.15985232761945065
370,0.15985221580643733
371,0.15985210473772707
372,0.15985199440608625
373,0.15985188480437212
374,0.15985177592553287
375,0.15985166776260482
376,0.1598515603087118
377,0.15985145355706395
378,0.15985134750095537
379,0.1598512421337644
380,0.15985113744895074
381,0.15985103344005538
382,0.15985093010069895
383,0.15985082742458034
384,0.15985072540547562
385,0.1598506240372374
386,0.15985052331379304
387,0.15985042322914325
388,0.15985032377736244
389,0.15985022495259565
390,0.15985012674905935
391,0.1598500291610389
392,0.15984993218288834
393,0.15984983580903037
394,0.15984974003395216
395,0.15984964485220807
396,0.15984955025841613
397,0.1598494562472591
398,0.15984936281348072
399,0.15984926995188842
400,0.15984917765734982
401,0.15984908592479216
402,0.15984899474920225
403,0.15984890412562547
404,0.15984881404916465
405,0.15984872451497872
406,0.1598486355182835
407,0.1598485470543487
408,0.15984845911849985
409,0.15984837170611452
410,0.15984828481262423
411,0.15984819843351186
412,0.1598481125643124
413,0.15984802720061003
414,0.15984794233804078
415,0.1598478579722879
416,0.1598477740990849
417,0.1598476907142125
418,0.15984760781349786
419,0.1598475253928159
420,0.1598474434480868
421,0.15984736197527646
422,0.15984728097039477
423,0.15984720042949663
424,0.15984712034867946
425,0.15984704072408418
426,0.159846961551894
427,0.15984688282833356
428,0.15984680454966896
429,0.1598467267122067
430,0.1598466493122935
431,0.15984657234631575
432,0.15984649581069865
433,0.15984641970190566
434,0.1598463440164388
435,0.15984626875083746
436,0.15984619390167762
437,0.15984611946557223
438,0.15984604543916983
439,0.15984597181915525
440,0.15984589860224735
441,0.1598458257852008
442,0.15984575336480356
443,0.1598456813378777
444,0.15984560970127862
445,0.1598455384518949
446,0.15984546758664636
447,0.15984539710248685
448,0.15984532699640017
449,0.15984525726540194
450,0.1598451879065386
451,0.15984511891688727
452,0.15984505029355503
453,0.15984498203367795
454,0.15984491413442228
455,0.15984484659298304
456,0.15984477940658326
457,0.15984471257247523
458,0.15984464608793775
459,0.15984457995027843
460,0.15984451415683104
461,0.15984444870495682
462,0.15984438359204303
463,0.15984431881550368
464,0.15984425437277847
465,0.15984419026133162
466,0.15984412647865465
467,0.1598440630222618
468,0.15984399988969328
469,0.15984393707851322
470,0.1598438745863095
471,0.15984381241069404
472,0.1598437505493024
473,0.15984368899979293
474,0.15984362775984648
475,0.15984356682716763
476,0.15984350619948182
477,0.15984344587453803
478,0.15984338585010613
479,0.15984332612397756
480,0.159843266693965
481,0.1598432075579028
482,0.1598431487136455
483,0.15984309015906809
484,0.1598430318920665
485,0.15984297391055563
486,0.15984291621247151
487,0.15984285879576868
488,0.15984280165842174
489,0.15984274479842378
490,0.15984268821378733
491,0.1598426319025431
492,0.1598425758627412
493,0.1598425200924487
494,0.1598424645897521
495,0.15984240935275443
496,0.15984235437957714
497,0.15984229966835892
498,0.1598422452172558
499,0.15984219102444075
500,0.15984213708810352
501,0.15984208340645023
502,0.15984202997770453
503,0.15984197680010498
504,0.15984192387190696
505,0.15984187119138216
506,0.15984181875681672
507,0.1598417665665138
508,0.159841714618791
509,0.1598416629119814
510,0.15984161144443315
511,0.15984156021450918
512,0.15984150922058718
513,0.15984145846105904
514,0.15984140793433238
515,0.15984135763882695
516,0.1598413075729785
517,0.1598412577352354
518,0.15984120812406014
519,0.15984115873792923
520,0.1598411095753322
521,0.1598410606347722
522,0.15984101191476496
523,0.15984096341384024
524,0.15984091513053975
525,0.15984086706341827
526,0.15984081921104326
527,0.1598407715719947
528,0.15984072414486478
529,0.15984067692825776
530,0.15984062992079073
531,0.1598405831210917
532,0.15984053652780092
533,0.1598404901395706
534,0.15984044395506408
535,0.1598403979729566
536,0.1598403521919347
537,0.15984030661069526
538,0.15984026122794737
539,0.15984021604241064
540,0.1598401710528154
541,0.15984012625790303
542,0.1598400816564249
543,0.159840037247144
544,0.15983999302883278
545,0.15983994900027468
546,0.15983990516026267
547,0.15983986150759974
548,0.15983981804109984
549,0.15983977475958616
550,0.15983973166189178
551,0.15983968874685892
552,0.1598396460133402
553,0.159839603460198
554,0.15983956108630204
555,0.1598395188905343
556,0.15983947687178382
557,0.15983943502894918
558,0.15983939336093808
559,0.159839351866668
560,0.15983931054506373
561,0.1598392693950597
562,0.15983922841559925
563,0.1598391876056334
564,0.15983914696412216
565,0.15983910649003408
566,0.1598390661823463
567,0.15983902604004313
568,0.15983898606211797
569,0.15983894624757147
570,0.15983890659541342
571,0.15983886710466064
572,0.1598388277743381
573,0.15983878860347814
574,0.15983874959112135
575,0.1598387107363156
576,0.1598386720381162
577,0.1598386334955863
578,0.15983859510779597
579,0.15983855687382315
580,0.1598385187927525
581,0.15983848086367566
582,0.15983844308569234
583,0.1598384054579083
584,0.15983836797943682
585,0.1598383306493978
586,0.15983829346691822
587,0.15983825643113148
588,0.15983821954117822
589,0.1598381827962051
590,0.1598381461953657
591,0.15983810973782006
592,0.15983807342273457
593,0.15983803724928203
594,0.15983800121664196
595,0.15983796532399955
596,0.15983792957054627
597,0.15983789395548068
598,0.159837858478006
599,0.1598378231373323
600,0.15983778793267575
601,0.15983775286325766
602,0.15983771792830648
603,0.159837683127055
604,0.1598376484587429
605,0.15983761392261517
606,0.15983757951792207
607,0.15983754524392013
608,0.1598375110998714
609,0.15983747708504278
610,0.1598374431987069
611,0.15983740944014213
612,0.15983737580863186
613,0.15983734230346475
614,0.15983730892393516
615,0.1598372756693417
616,0.15983724253898934
617,0.15983720953218697
618,0.15983717664824973
619,0.15983714388649675
620,0.15983711124625266
621,0.1598370787268468
622,0.1598370463276136
623,0.1598370140478922
624,0.15983698188702675
625,0.1598369498443656
626,0.1598369179192623
627,0.1598368861110749
628,0.15983685441916592
629,0.15983682284290324
630,0.1598367913816577
631,0.15983676003480654
632,0.15983672880173028
633,0.15983669768181355
634,0.1598366666744469
635,0.15983663577902324
636,0.15983660499494173
637,0.15983657432160406
638,0.1598365437584176
639,0.1598365133047928
640,0.15983648296014508
641,0.15983645272389346
642,0.15983642259546135
643,0.15983639257427584
644,0.15983636265976853
645,0.1598363328513747
646,0.15983630314853328
647,0.15983627355068816
648,0.15983624405728547
649,0.1598362146677773
650,0.15983618538161698
651,0.15983615619826408
652,0.1598361271171803
