1,0.17466258556148917
2,0.16199475983499972
3,0.1598328714710682
4,0.15976019727673121
5,0.1597580515627496
6,0.1597567549010578
7,0.15975551417390435
8,0.1597542966173689
9,0.15975309981164515
10,0.15975192313422698
11,0.15975076608667207
12,0.1597496281927069
13,0.15974850899147636
14,0.1597474080365887
15,0.15974632489553842
16,0.15974525914917642
17,0.15974421039120187
18,0.15974317822768141
19,0.15974216227658586
20,0.1597411621673497
21,0.15974017754044814
22,0.15973920804699518
23,0.15973825334835498
24,0.15973731311577388
25,0.15973638703002646
26,0.1597354747810748
27,0.15973457606774613
28,0.1597336905974202
29,0.15973281808573117
30,0.15973195825628173
31,0.1597311108403694
32,0.15973027557672265
33,0.15972945221124882
34,0.15972864049679153
35,0.1597278401928981
36,0.1597270510655968
37,0.15972627288718083
38,0.1597255054360033
39,0.1597247484962788
40,0.1597240018578924
41,0.1597232653162166
42,0.15972253867193567
43,0.1597218217308753
44,0.1597211143038402
45,0.1597204162064567
46,0.1597197272590217
47,0.1597190472863575
48,0.15971837611767095
49,0.15971771358641895
50,0.15971705953017803
51,0.15971641379051957
52,0.1597157762128881
53,0.15971514664648526
54,0.159714524944157
55,0.15971391096228618
56,0.15971330456068672
57,0.1597127056025033
58,0.15971211395411397
59,0.159711529485036
60,0.15971095206783484
61,0.15971038157803713
62,0.15970981789404523
63,0.1597092608970557
64,0.15970871047098045
65,0.1597081665023698
66,0.15970762888033918
67,0.1597070974964973
68,0.15970657224487725
69,0.1597060530218697
70,0.15970553972615822
71,0.1597050322586568
72,0.15970453052244912
73,0.15970403442273073
74,0.15970354386675145
75,0.15970305876376087
76,0.1597025790249556
77,0.15970210456342707
78,0.15970163529411224
79,0.1597011711337451
80,0.15970071200080987
81,0.1597002578154955
82,0.15969980849965226
83,0.15969936397674805
84,0.15969892417182874
85,0.1596984890114764
86,0.15969805842377108
87,0.15969763233825376
88,0.15969721068588894
89,0.15969679339902898
90,0.1596963804113811
91,0.15969597165797203
92,0.15969556707511715
93,0.1596951666003879
94,0.15969477017258207
95,0.1596943777316932
96,0.15969398921888273
97,0.1596936045764513
98,0.15969322374781117
99,0.1596928466774612
100,0.1596924733109594
101,0.15969210359489938
102,0.159691737476885
103,0.1596913749055079
104,0.15969101583032308
105,0.1596906602018277
106,0.15969030797143938
107,0.15968995909147424
108,0.15968961351512737
109,0.15968927119645196
110,0.1596889320903403
111,0.1596885961525053
112,0.1596882633394609
113,0.15968793360850542
114,0.15968760691770345
115,0.1596872832258687
116,0.15968696249254785
117,0.15968664467800464
118,0.15968632974320332
119,0.15968601764979456
120,0.15968570836009888
121,0.1596854018370947
122,0.15968509804440162
123,0.15968479694626803
124,0.15968449850755762
125,0.159684202693736
126,0.15968390947085792
127,0.1596836188055551
128,0.15968333066502433
129,0.1596830450170146
130,0.1596827618298174
131,0.1596824810722531
132,0.15968220271366254
133,0.1596819267238943
134,0.15968165307329577
135,0.15968138173270172
136,0.15968111267342522
137,0.15968084586724737
138,0.159680581286409
139,0.15968031890359966
140,0.15968005869195
141,0.15967980062502285
142,0.15967954467680393
143,0.15967929082169385
144,0.15967903903450048
145,0.15967878929042995
146,0.15967854156507943
147,0.15967829583442966
148,0.15967805207483693
149,0.1596778102630265
150,0.15967757037608485
151,0.15967733239145332
152,0.15967709628692067
153,0.1596768620406172
154,0.15967662963100748
155,0.15967639903688494
156,0.15967617023736458
157,0.15967594321187817
158,0.15967571794016688
159,0.15967549440227663
160,0.15967527257855244
161,0.15967505244963193
162,0.15967483399644125
163,0.15967461720018816
164,0.15967440204235842
165,0.1596741885047099
166,0.15967397656926752
167,0.15967376621831897
168,0.15967355743440967
169,0.15967335020033802
170,0.15967314449915077
171,0.15967294031413948
172,0.15967273762883424
173,0.15967253642700213
174,0.15967233669264058
175,0.1596721384099742
176,0.15967194156345166
177,0.15967174613774018
178,0.1596715521177228
179,0.15967135948849462
180,0.1596711682353583
181,0.15967097834382138
182,0.15967078979959246
183,0.15967060258857713
184,0.15967041669687596
185,0.15967023211077952
186,0.15967004881676672
187,0.15966986680150042
188,0.15966968605182483
189,0.15966950655476267
190,0.15966932829751182
191,0.15966915126744233
192,0.15966897545209383
193,0.15966880083917293
194,0.15966862741654936
195,0.15966845517225509
196,0.15966828409447958
197,0.15966811417156895
198,0.1596679453920223
199,0.15966777774449004
200,0.1596676112177706
201,0.15966744580080855
202,0.1596672814826923
203,0.15966711825265156
204,0.15966695610005488
205,0.15966679501440817
206,0.1596666349853517
207,0.15966647600265807
208,0.15966631805623116
209,0.15966616113610227
210,0.15966600523242952
211,0.15966585033549566
212,0.15966569643570533
213,0.15966554352358406
214,0.15966539158977622
215,0.15966524062504225
216,0.15966509062025847
217,0.1596649415664135
218,0.15966479345460854
219,0.15966464627605376
220,0.15966450002206786
221,0.15966435468407547
222,0.1596642102536066
223,0.15966406672229455
224,0.15966392408187374
225,0.15966378232417933
226,0.15966364144114478
227,0.15966350142480104
228,0.15966336226727437
229,0.15966322396078592
230,0.15966308649764924
231,0.15966294987026938
232,0.15966281407114213
233,0.1596626790928515
234,0.1596625449280698
235,0.15966241156955469
236,0.1596622790101493
237,0.1596621472427808
238,0.15966201626045862
239,0.15966188605627332
240,0.15966175662339635
241,0.15966162795507738
242,0.15966150004464474
243,0.15966137288550294
244,0.15966124647113272
245,0.15966112079508904
246,0.1596609958510003
247,0.15966087163256812
248,0.15966074813356484
249,0.15966062534783385
250,0.15966050326928763
251,0.15966038189190757
252,0.15966026120974225
253,0.1596601412169072
254,0.15966002190758355
255,0.15965990327601703
256,0.15965978531651767
257,0.15965966802345835
258,0.15965955139127389
259,0.15965943541446076
260,0.15965932008757577
261,0.15965920540523518
262,0.15965909136211454
263,0.1596589779529469
264,0.15965886517252312
265,0.15965875301569002
266,0.15965864147735048
267,0.15965853055246232
268,0.15965842023603743
269,0.1596583105231416
270,0.1596582014088928
271,0.15965809288846192
272,0.1596579849570703
273,0.1596578776099908
274,0.15965777084254643
275,0.1596576646501087
276,0.15965755902809894
277,0.1596574539719859
278,0.1596573494772862
279,0.159657245539563
280,0.15965714215442617
281,0.15965703931753084
282,0.15965693702457745
283,0.15965683527131116
284,0.15965673405352074
285,0.15965663336703828
286,0.15965653320773907
287,0.15965643357153994
288,0.15965633445440086
289,0.15965623585232114
290,0.15965613776134235
291,0.1596560401775455
292,0.1596559430970511
293,0.15965584651601955
294,0.1596557504306495
295,0.15965565483717759
296,0.15965555973187834
297,0.15965546511106363
298,0.15965537097108232
299,0.1596552773083191
300,0.15965518411919477
301,0.1596550914001659
302,0.15965499914772363
303,0.15965490735839372
304,0.1596548160287362
305,0.15965472515534507
306,0.15965463473484734
307,0.15965454476390284
308,0.1596544552392042
309,0.15965436615747636
310,0.15965427751547534
311,0.15965418930998923
312,0.15965410153783677
313,0.15965401419586736
314,0.15965392728096042
315,0.1596538407900258
316,0.1596537547200024
317,0.1596536690678586
318,0.1596535838305915
319,0.1596534990052266
320,0.15965341458881774
321,0.1596533305784465
322,0.15965324697122207
323,0.15965316376428074
324,0.1596530809547856
325,0.15965299853992646
326,0.15965291651691907
327,0.15965283488300575
328,0.1596527536354538
329,0.159652672771556
330,0.15965259228863068
331,0.15965251218402038
332,0.1596524324550922
333,0.1596523530992376
334,0.15965227411387214
335,0.15965219549643472
336,0.15965211724438771
337,0.15965203935521646
338,0.1596519618264296
339,0.1596518846555581
340,0.15965180784015492
341,0.15965173137779595
342,0.15965165526607836
343,0.15965157950262074
344,0.15965150408506365
345,0.15965142901106835
346,0.15965135427831695
347,0.15965127988451253
348,0.15965120582737857
349,0.15965113210465837
350,0.1596510587141156
351,0.15965098565353358
352,0.1596509129207151
353,0.15965084051348236
354,0.1596507684296767
355,0.15965069666715823
356,0.15965062522380605
357,0.1596505540975175
358,0.1596504832862083
359,0.15965041278781222
360,0.1596503426002811
361,0.15965027272158447
362,0.15965020314970915
363,0.15965013388265975
364,0.15965006491845765
365,0.15964999625514106
366,0.15964992789076562
367,0.159649859823403
368,0.15964979205114166
369,0.15964972457208587
370,0.15964965738435657
371,0.15964959048609026
372,0.15964952387543932
373,0.15964945755057133
374,0.15964939150967034
375,0.1596493257509343
376,0.1596492602725772
377,0.15964919507282777
378,0.1596491301499293
379,0.15964906550213998
380,0.15964900112773242
381,0.15964893702499364
382,0.1596488731922246
383,0.15964880962774042
384,0.15964874632987022
385,0.1596486832969567
386,0.15964862052735646
387,0.15964855801943947
388,0.1596484957715889
389,0.15964843378220095
390,0.15964837204968574
391,0.15964831057246504
392,0.1596482493489747
393,0.15964818837766231
394,0.15964812765698833
395,0.15964806718542598
396,0.15964800696146048
397,0.15964794698358892
398,0.15964788725032125
399,0.15964782776017838
400,0.15964776851169385
401,0.1596477095034124
402,0.15964765073389073
403,0.15964759220169675
404,0.1596475339054096
405,0.15964747584361988
406,0.15964741801492957
407,0.15964736041795127
408,0.1596473030513087
409,0.1596472459136361
410,0.15964718900357897
411,0.15964713231979266
412,0.15964707586094376
413,0.15964701962570882
414,0.15964696361277492
415,0.15964690782083926
416,0.1596468522486087
417,0.15964679689480085
418,0.15964674175814256
419,0.15964668683737132
420,0.15964663213123326
421,0.15964657763848497
422,0.1596465233578924
423,0.15964646928823042
424,0.15964641542828398
425,0.15964636177684696
426,0.1596463083327222
427,0.1596462550947222
428,0.1596462020616676
429,0.15964614923238898
430,0.15964609660572493
431,0.1596460441805232
432,0.15964599195564028
433,0.15964593992994064
434,0.15964588810229816
435,0.1596458364715943
436,0.15964578503671953
437,0.15964573379657232
438,0.15964568275005908
439,0.15964563189609468
440,0.15964558123360226
441,0.15964553076151222
442,0.15964548047876348
443,0.15964543038430232
444,0.15964538047708315
445,0.1596453307560681
446,0.15964528122022642
447,0.15964523186853546
448,0.15964518269997977
449,0.15964513371355132
450,0.15964508490824927
451,0.15964503628308058
452,0.15964498783705888
453,0.15964493956920484
454,0.15964489147854702
455,0.15964484356412004
456,0.15964479582496624
457,0.15964474826013417
458,0.1596447008686799
459,0.15964465364966574
460,0.1596446066021608
461,0.15964455972524105
462,0.15964451301798882
463,0.15964446647949318
464,0.15964442010884952
465,0.15964437390515962
466,0.1596443278675318
467,0.15964428199508046
468,0.15964423628692653
469,0.15964419074219674
470,0.1596441453600242
471,0.15964410013954813
472,0.15964405507991397
473,0.15964401018027252
474,0.1596439654397811
475,0.15964392085760254
476,0.15964387643290598
477,0.15964383216486555
478,0.15964378805266177
479,0.15964374409548096
480,0.15964370029251412
481,0.15964365664295876
482,0.15964361314601766
483,0.15964356980089892
484,0.15964352660681633
485,0.15964348356298855
486,0.15964344066864009
487,0.15964339792300086
488,0.1596433553253057
489,0.15964331287479464
490,0.1596432705707129
491,0.15964322841231127
492,0.15964318639884484
493,0.15964314452957418
494,0.15964310280376515
495,0.1596430612206877
496,0.1596430197796178
497,0.1596429784798353
498,0.15964293732062557
499,0.15964289630127815
500,0.15964285542108791
501,0.15964281467935404
502,0.15964277407538058
503,0.15964273360847606
504,0.15964269327795402
505,0.15964265308313177
506,0.15964261302333202
507,0.15964257309788135
508,0.15964253330611097
509,0.15964249364735647
510,0.15964245412095787
511,0.15964241472625956
512,0.15964237546261026
513,0.15964233632936242
514,0.15964229732587346
515,0.15964225845150465
516,0.1596422197056219
517,0.15964218108759393
518,0.15964214259679502
519,0.15964210423260297
520,0.15964206599439917
521,0.15964202788156975
522,0.15964198989350437
523,0.15964195202959663
524,0.1596419142892442
525,0.15964187667184845
526,0.1596418391768147
527,0.15964180180355184
528,0.15964176455147297
529,0.1596417274199948
530,0.15964169040853754
531,0.15964165351652507
532,0.15964161674338537
533,0.15964158008854948
534,0.15964154355145252
535,0.15964150713153277
536,0.15964147082823243
537,0.1596414346409968
538,0.1596413985692753
539,0.15964136261252024
540,0.15964132677018744
541,0.15964129104173652
542,0.15964125542662982
543,0.15964121992433394
544,0.15964118453431791
545,0.15964114925605438
546,0.15964111408901965
547,0.15964107903269287
548,0.15964104408655652
549,0.1596410092500961
550,0.15964097452280063
551,0.15964093990416223
552,0.1596409053936759
553,0.1596408709908398
554,0.15964083669515536
555,0.15964080250612697
556,0.159640768423262
557,0.15964073444607108
558,0.15964070057406743
559,0.1596406668067675
560,0.15964063314369065
561,0.15964059958435906
562,0.15964056612829805
563,0.15964053277503548
564,0.15964049952410234
565,0.15964046637503246
566,0.15964043332736197
567,0.15964040038063074
568,0.15964036753438046
569,0.1596403347881562
570,0.15964030214150543
571,0.1596402695939785
572,0.15964023714512843
573,0.15964020479451071
574,0.15964017254168397
575,0.15964014038620875
576,0.15964010832764872
577,0.15964007636557015
578,0.15964004449954167
579,0.15964001272913453
580,0.1596399810539226
581,0.15963994947348198
582,0.15963991798739155
583,0.15963988659523273
584,0.1596398552965892
585,0.15963982409104713
586,0.1596397929781952
587,0.1596397619576242
588,0.1596397310289277
589,0.1596397001917017
590,0.15963966944554384
591,0.15963963879005508
592,0.159639608224838
593,0.1596395777494977
594,0.15963954736364153
595,0.1596395170668793
596,0.15963948685882268
597,0.15963945673908617
598,0.1596394267072859
599,0.1596393967630405
600,0.15963936690597091
601,0.15963933713569986
602,0.15963930745185254
603,0.1596392778540562
604,0.15963924834194035
605,0.15963921891513608
606,0.1596391895732773
607,0.15963916031599992
608,0.15963913114294137
609,0.15963910205374143
610,0.15963907304804212
611,0.1596390441254872
612,0.15963901528572272
613,0.1596389865283963
614,0.15963895785315807
615,0.1596389292596597
616,0.15963890074755516
617,0.15963887231649987
618,0.15963884396615172
619,0.15963881569617033
620,0.15963878750621696
621,0.15963875939595515
622,0.15963873136505008
623,0.15963870341316916
624,0.15963867553998082
625,0.15963864774515624
626,0.15963862002836773
627,0.15963859238928998
628,0.15963856482759933
629,0.15963853734297356
630,0.1596385099350925
631,0.15963848260363758
632,0.15963845534829235
633,0.1596384281687418
634,0.15963840106467253
635,0.15963837403577322
636,0.15963834708173394
637,0.15963832020224666
638,0.15963829339700494
639,0.15963826666570377
640,0.1596382400080402
641,0.15963821342371318
642,0.15963818691242215
643,0.15963816047386917
644,0.15963813410775782
645,0.15963810781379312
646,0.15963808159168136
647,0.15963805544113108
648,0.15963802936185145
649,0.15963800335355458
650,0.15963797741595273
651,0.15963795154876073
652,0.15963792575169394
653,0.15963790002447015
654,0.15963787436680849
655,0.15963784877842924
656,0.15963782325905404
657,0.15963779780840667
658,0.1596377724262119
659,0.15963774711219617
660,0.1596377218660871
661,0.1596376966876141
662,0.15963767157650777
663,0.15963764653250007
664,0.15963762155532468
665,0.15963759664471638
666,0.15963757180041155
667,0.15963754702214789
668,0.1596375223096643
669,0.1596374976627013
670,0.15963747308100057
671,0.15963744856430553
672,0.15963742411236032
673,0.15963739972491076
674,0.1596373754017042
675,0.1596373511424888
676,0.15963732694701446
677,0.1596373028150321
678,0.15963727874629424
679,0.15963725474055437
680,0.15963723079756723
681,0.15963720691708919
682,0.15963718309887745
683,0.15963715934269077
684,0.15963713564828894
685,0.15963711201543318
686,0.15963708844388572
687,0.15963706493341015
688,0.1596370414837714
689,0.15963701809473502
690,0.15963699476606874
691,0.1596369714975403
692,0.15963694828891964
693,0.15963692513997732
694,0.15963690205048522
695,0.15963687902021623
696,0.15963685604894465
697,0.1596368331364455
698,0.1596368102824957
699,0.15963678748687243
700,0.1596367647493544
701,0.15963674206972145
702,0.15963671944775468
703,0.1596366968832359
704,0.1596366743759481
705,0.1596366519256755
706,0.1596366295322036
707,0.15963660719531833
708,0.15963658491480742
709,0.15963656269045914
710,0.159636540522063
711,0.1596365184094098
712,0.1596364963522907
713,0.15963647435049858
714,0.15963645240382698
715,0.15963643051207071
716,0.15963640867502524
717,0.1596363868924876
718,0.1596363651642549
719,0.15963634349012643
720,0.15963632186990148
721,0.15963630030338097
722,0.15963627879036615
723,0.15963625733066011
724,0.15963623592406595
725,0.15963621457038846
726,0.1596361932694332
727,0.15963617202100647
728,0.15963615082491558
729,0.15963612968096866
730,0.15963610858897556
731,0.1596360875487459
732,0.15963606656009094
733,0.1596360456228225
734,0.1596360247367538
735,0.15963600390169863
736,0.15963598311747146
737,0.15963596238388808
738,0.1596359417007647
739,0.1596359210679187
740,0.15963590048516874
741,0.1596358799523338
742,0.1596358594692334
743,0.15963583903568881
744,0.15963581865152177
745,0.15963579831655453
746,0.15963577803061066
747,0.15963575779351444
748,0.15963573760509062
749,0.15963571746516547
750,0.15963569737356564
751,0.15963567733011846
752,0.15963565733465246
753,0.15963563738699676
754,0.1596356174869812
755,0.15963559763443694
756,0.1596355778291951
757,0.15963555807108856
758,0.15963553835994976
759,0.1596355186956133
760,0.1596354990779136
761,0.15963547950668613
762,0.15963545998176729
763,0.15963544050299394
764,0.15963542107020387
765,0.15963540168323567
766,0.15963538234192864
767,0.15963536304612289
768,0.1596353437956592
769,0.15963532459037888
770,0.1596353054301243
771,0.1596352863147385
772,0.159635267244065
773,0.1596352482179486
774,0.15963522923623402
775,0.15963521029876737
776,0.15963519140539517
777,0.15963517255596482
778,0.15963515375032397
779,0.15963513498832158
780,0.1596351162698069
781,0.15963509759462985
782,0.15963507896264162
783,0.15963506037369324
784,0.15963504182763685
785,0.15963502332432536
786,0.15963500486361212
787,0.1596349864453514
788,0.15963496806939773
789,0.15963494973560674
790,0.15963493144383434
791,0.1596349131939373
792,0.15963489498577313
793,0.15963487681919977
794,0.15963485869407595
795,0.1596348406102608
796,0.1596348225676147
797,0.15963480456599766
798,0.15963478660527103
799,0.159634768685297
800,0.1596347508059375
801,0.15963473296705605
802,0.1596347151685159
803,0.1596346974101816
804,0.15963467969191786
805,0.15963466201359033
806,0.15963464437506492
807,0.15963462677620854
808,0.15963460921688805
809,0.15963459169697164
810,0.1596345742163278
811,0.15963455677482516
812,0.15963453937233377
813,0.1596345220087236
814,0.15963450468386536
815,0.1596344873976305
816,0.1596344701498908
817,0.15963445294051865
818,0.1596344357693873
819,0.15963441863637018
820,0.15963440154134137
821,0.1596343844841756
822,0.1596343674647481
823,0.1596343504829347
824,0.1596343335386115
825,0.15963431663165553
826,0.1596342997619442
827,0.1596342829293553
828,0.1596342661337672
829,0.15963424937505918
830,0.15963423265311047
831,0.1596342159678012
832,0.15963419931901215
833,0.1596341827066238
834,0.15963416613051828
835,0.1596341495905774
836,0.1596341330866839
837,0.15963411661872068
838,0.15963410018657156
839,0.1596340837901205
840,0.1596340674292521
841,0.15963405110385145
842,0.15963403481380428
843,0.1596340185589966
844,0.1596340023393148
845,0.1596339861546461
846,0.15963397000487814
847,0.15963395388989843
848,0.15963393780959614
849,0.1596339217638596
850,0.15963390575257855
851,0.15963388977564302
852,0.1596338738329432
853,0.15963385792436977
854,0.15963384204981432
855,0.15963382620916847
856,0.15963381040232422
857,0.15963379462917446
858,0.15963377888961236
859,0.15963376318353126
860,0.15963374751082562
861,0.1596337318713893
862,0.15963371626511746
863,0.15963370069190552
864,0.1596336851516492
865,0.1596336696442447
866,0.15963365416958838
867,0.15963363872757794
868,0.1596336233181102
869,0.15963360794108386
870,0.15963359259639645
871,0.15963357728394728
872,0.15963356200363543
873,0.15963354675536032
874,0.15963353153902238
875,0.15963351635452175
876,0.1596335012017594
877,0.15963348608063635
878,0.1596334709910548
879,0.15963345593291647
880,0.1596334409061237
881,0.15963342591057966
882,0.1596334109461875
883,0.15963339601285095
884,0.15963338111047412
885,0.15963336623896146
886,0.1596333513982178
887,0.15963333658814824
888,0.15963332180865855
889,0.15963330705965498
890,0.1596332923410435
891,0.15963327765273125
892,0.15963326299462524
893,0.15963324836663287
894,0.15963323376866226
895,0.15963321920062176
896,0.1596332046624197
897,0.15963319015396546
898,0.1596331756751683
899,0.15963316122593801
900,0.1596331468061847
901,0.1596331324158188
902,0.15963311805475117
903,0.1596331037228931
904,0.15963308942015608
905,0.15963307514645222
906,0.15963306090169346
907,0.15963304668579262
908,0.15963303249866287
909,0.15963301834021726
910,0.15963300421036944
911,0.15963299010903356
912,0.15963297603612397
913,0.15963296199155533
914,0.15963294797524277
915,0.1596329339871013
916,0.15963292002704713
917,0.1596329060949961
918,0.15963289219086452
919,0.15963287831456932
920,0.15963286446602723
921,0.15963285064515584
922,0.15963283685187266
923,0.15963282308609597
924,0.15963280934774388
925,0.1596327956367352
926,0.1596327819529888
927,0.15963276829642414
928,0.1596327546669608
929,0.15963274106451844
930,0.15963272748901763
931,0.15963271394037898
932,0.159632700418523
933,0.15963268692337107
934,0.1596326734548451
935,0.1596326600128661
936,0.1596326465973566
937,0.159632633208239
938,0.15963261984543603
939,0.15963260650887043
940,0.15963259319846582
941,0.15963257991414567
942,0.1596325666558337
943,0.15963255342345442
944,0.15963254021693232
945,0.15963252703619185
946,0.15963251388115843
947,0.15963250075175706
948,0.15963248764791355
949,0.15963247456955407
950,0.15963246151660432
951,0.15963244848899136
952,0.1596324354866416
953,0.15963242250948226
954,0.1596324095574404
955,0.159632396630444
956,0.1596323837284208
957,0.15963237085129903
958,0.15963235799900694
959,0.15963234517147346
960,0.15963233236862753
961,0.15963231959039845
962,0.1596323068367155
963,0.15963229410750862
964,0.15963228140270816
965,0.1596322687222442
966,0.15963225606604717
967,0.15963224343404803
968,0.15963223082617808
969,0.15963221824236842
970,0.15963220568255085
971,0.1596321931466573
972,0.15963218063461973
973,0.15963216814637085
974,0.159632155681843
975,0.15963214324096914
976,0.1596321308236826
977,0.15963211842991656
978,0.15963210605960496
979,0.15963209371268158
980,0.15963208138908028
981,0.15963206908873617
982,0.15963205681158324
983,0.15963204455755667
984,0.1596320323265915
985,0.1596320201186232
986,0.15963200793358728
987,0.1596319957714196
988,0.15963198363205625
989,0.15963197151543362
990,0.15963195942148836
991,0.1596319473501571
992,0.159631935301377
993,0.15963192327508505
994,0.1596319112712192
995,0.15963189928971688
996,0.15963188733051614
997,0.15963187539355492
998,0.1596318634787719
999,0.15963185158610593
1000,0.15963183971549536
1001,0.15963182786687974
1002,0.15963181604019788
1003,0.15963180423538978
1004,0.15963179245239498
1005,0.15963178069115366
1006,0.15963176895160566
1007,0.15963175723369155
1008,0.15963174553735207
1009,0.15963173386252794
1010,0.1596317222091603
1011,0.15963171057719033
1012,0.1596316989665597
1013,0.15963168737720995
1014,0.1596316758090829
1015,0.15963166426212086
1016,0.15963165273626614
1017,0.15963164123146142
1018,0.15963162974764916
1019,0.15963161828477243
1020,0.15963160684277428
1021,0.15963159542159808
1022,0.15963158402118782
1023,0.15963157264148692
1024,0.1596315612824394
1025,0.15963154994398923
1026,0.1596315386260811
1027,0.15963152732865946
1028,0.1596315160516691
1029,0.15963150479505483
1030,0.1596314935587621
1031,0.1596314823427362
1032,0.15963147114692255
1033,0.15963145997126696
1034,0.15963144881571542
1035,0.15963143768021384
1036,0.15963142656470908
1037,0.15963141546914728
1038,0.15963140439347498
1039,0.15963139333763945
1040,0.1596313823015876
1041,0.15963137128526664
1042,0.1596313602886243
1043,0.15963134931160794
1044,0.1596313383541652
1045,0.1596313274162449
1046,0.1596313164977945
1047,0.15963130559876265
1048,0.15963129471909765
1049,0.15963128385874883
1050,0.15963127301766428
1051,0.1596312621957937
1052,0.15963125139308643
1053,0.15963124060949163
1054,0.15963122984495914
1055,0.15963121909943853
1056,0.15963120837287997
1057,0.15963119766523354
1058,0.1596311869764497
1059,0.15963117630647858
1060,0.1596311656552714
1061,0.15963115502277864
1062,0.15963114440895143
1063,0.15963113381374106
1064,0.15963112323709872
1065,0.15963111267897617
1066,0.15963110213932477
1067,0.15963109161809677
1068,0.15963108111524374
1069,0.15963107063071832
1070,0.1596310601644727
1071,0.15963104971645947
1072,0.15963103928663103
1073,0.15963102887494066
1074,0.15963101848134104
1075,0.15963100810578548
1076,0.1596309977482273
1077,0.1596309874086201
1078,0.1596309770869175
1079,0.15963096678307323
1080,0.15963095649704132
1081,0.1596309462287758
1082,0.15963093597823116
1083,0.15963092574536158
1084,0.1596309155301219
1085,0.15963090533246677
1086,0.1596308951523512
1087,0.15963088498972985
1088,0.15963087484455862
1089,0.15963086471679236
1090,0.15963085460638674
1091,0.1596308445132974
1092,0.15963083443748005
1093,0.15963082437889123
1094,0.15963081433748613
1095,0.15963080431322177
1096,0.15963079430605423
1097,0.1596307843159401
1098,0.15963077434283615
1099,0.1596307643866993
1100,0.15963075444748642
1101,0.15963074452515458
1102,0.15963073461966143
1103,0.15963072473096396
1104,0.15963071485902006
1105,0.1596307050037873
1106,0.1596306951652235
1107,0.15963068534328675
1108,0.1596306755379351
1109,0.15963066574912702
1110,0.1596306559768208
1111,0.15963064622097495
1112,0.15963063648154813
1113,0.15963062675849937
1114,0.15963061705178733
1115,0.15963060736137158
1116,0.159630597687211
1117,0.159630588029265
1118,0.15963057838749317
1119,0.15963056876185508
1120,0.15963055915231064
1121,0.15963054955881967
1122,0.15963053998134227
1123,0.15963053041983855
1124,0.15963052087426882
1125,0.15963051134459366
1126,0.15963050183077337
1127,0.15963049233276894
1128,0.15963048285054088
1129,0.1596304733840505
1130,0.15963046393325864
1131,0.15963045449812677
1132,0.1596304450786161
1133,0.1596304356746877
1134,0.1596304262863038
1135,0.15963041691342578
1136,0.1596304075560154
1137,0.15963039821403502
1138,0.15963038888744635
1139,0.1596303795762118
1140,0.15963037028029348
1141,0.15963036099965414
1142,0.1596303517342563
1143,0.15963034248406255
1144,0.15963033324903567
1145,0.15963032402913885
1146,0.15963031482433507
1147,0.15963030563458747
1148,0.15963029645985938
1149,0.1596302873001141
1150,0.15963027815531539
1151,0.15963026902542687
1152,0.15963025991041196
1153,0.15963025081023502
1154,0.15963024172485996
1155,0.15963023265425075
1156,0.15963022359837187
1157,0.15963021455718734
1158,0.15963020553066182
1159,0.1596301965187601
1160,0.1596301875214463
1161,0.15963017853868602
1162,0.15963016957044357
1163,0.15963016061668417
1164,0.15963015167737304
1165,0.15963014275247547
1166,0.1596301338419566
1167,0.15963012494578224
1168,0.15963011606391772
1169,0.15963010719632886
1170,0.15963009834298156
1171,0.15963008950384147
1172,0.1596300806788747
1173,0.15963007186804767
1174,0.15963006307132627
1175,0.1596300542886771
1176,0.15963004552006643
1177,0.15963003676546095
1178,0.15963002802482712
1179,0.1596300192981321
1180,0.15963001058534254
1181,0.15963000188642518
1182,0.15962999320134752
1183,0.1596299845300766
1184,0.15962997587257963
1185,0.15962996722882414
1186,0.15962995859877754
1187,0.15962994998240732
1188,0.1596299413796816
1189,0.1596299327905677
1190,0.15962992421503372
1191,0.15962991565304765
1192,0.15962990710457792
1193,0.15962989856959206
1194,0.1596298900480589
1195,0.1596298815399467
1196,0.15962987304522397
1197,0.15962986456385922
1198,0.15962985609582142
1199,0.15962984764107888
1200,0.15962983919960094
1201,0.15962983077135637
1202,0.15962982235631432
1203,0.159629813954444
1204,0.15962980556571454
1205,0.15962979719009568
1206,0.15962978882755655
1207,0.15962978047806664
1208,0.15962977214159596
1209,0.15962976381811372
1210,0.15962975550759023
1211,0.15962974720999532
1212,0.15962973892529916
1213,0.15962973065347139
1214,0.1596297223944827
1215,0.1596297141483033
1216,0.15962970591490336
1217,0.15962969769425353
1218,0.15962968948632428
1219,0.1596296812910867
1220,0.15962967310851092
1221,0.15962966493856806
1222,0.1596296567812291
1223,0.15962964863646495
1224,0.15962964050424702
1225,0.15962963238454617
1226,0.1596296242773338
1227,0.15962961618258126
1228,0.15962960810026
1229,0.15962960003034163
1230,0.15962959197279775
1231,0.15962958392760013
1232,0.1596295758947205
1233,0.15962956787413082
1234,0.15962955986580304
1235,0.15962955186970929
1236,0.15962954388582148
1237,0.15962953591411225
1238,0.1596295279545534
1239,0.1596295200071177
1240,0.15962951207177767
1241,0.15962950414850557
1242,0.15962949623727424
1243,0.15962948833805646
1244,0.159629480450825
1245,0.1596294725755524
1246,0.15962946471221226
1247,0.15962945686077729
1248,0.15962944902122073
1249,0.15962944119351546
1250,0.15962943337763505
1251,0.15962942557355309
1252,0.1596294177812428
1253,0.15962941000067762
1254,0.15962940223183134
1255,0.15962939447467764
1256,0.1596293867291902
1257,0.15962937899534277
1258,0.15962937127310964
1259,0.15962936356246443
1260,0.1596293558633814
1261,0.1596293481758348
1262,0.15962934049979874
1263,0.1596293328352475
1264,0.15962932518215567
1265,0.15962931754049747
1266,0.15962930991024746
1267,0.15962930229138036
1268,0.15962929468387071
1269,0.15962928708769358
1270,0.15962927950282366
1271,0.15962927192923557
1272,0.15962926436690486
1273,0.15962925681580617
1274,0.1596292492759148
1275,0.15962924174720589
1276,0.15962923422965472
1277,0.15962922672323657
1278,0.15962921922792708
1279,0.1596292117437016
1280,0.1596292042705355
1281,0.1596291968084049
1282,0.1596291893572852
1283,0.1596291819171522
1284,0.15962917448798186
1285,0.15962916706975003
1286,0.15962915966243255
1287,0.1596291522660057
1288,0.15962914488044558
1289,0.15962913750572835
1290,0.15962913014183036
1291,0.1596291227887279
1292,0.1596291154463973
1293,0.1596291081148152
1294,0.15962910079395787
1295,0.15962909348380228
1296,0.15962908618432495
1297,0.15962907889550249
1298,0.15962907161731185
1299,0.15962906434972995
1300,0.15962905709273367
1301,0.15962904984630014
1302,0.15962904261040634
1303,0.15962903538502943
1304,0.15962902817014654
1305,0.15962902096573503
1306,0.1596290137717724
1307,0.15962900658823587
1308,0.15962899941510283
1309,0.1596289922523512
1310,0.15962898509995804
1311,0.15962897795790146
1312,0.1596289708261591
1313,0.15962896370470872
1314,0.15962895659352816
1315,0.15962894949259526
1316,0.15962894240188813
1317,0.15962893532138472
1318,0.15962892825106337
1319,0.1596289211909021
1320,0.15962891414087893
1321,0.1596289071009724
1322,0.159628900071161
1323,0.15962889305142297
1324,0.15962888604173664
1325,0.15962887904208092
1326,0.1596288720524339
1327,0.15962886507277485
1328,0.159628858103082
1329,0.15962885114333458
1330,0.15962884419351095
1331,0.15962883725359028
1332,0.15962883032355157
1333,0.15962882340337378
1334,0.15962881649303623
1335,0.15962880959251746
1336,0.15962880270179716
1337,0.1596287958208544
1338,0.15962878894966878
1339,0.1596287820882193
1340,0.15962877523648555
1341,0.15962876839444717
1342,0.15962876156208344
1343,0.15962875473937413
1344,0.1596287479262988
1345,0.15962874112283726
1346,0.15962873432896926
1347,0.15962872754467475
1348,0.15962872076993337
1349,0.1596287140047252
1350,0.15962870724903028
1351,0.1596287005028286
1352,0.1596286937661003
1353,0.1596286870388255
1354,0.1596286803209844
1355,0.15962867361255748
1356,0.15962866691352495
1357,0.15962866022386712
1358,0.15962865354356448
1359,0.15962864687259753
1360,0.15962864021094678
1361,0.15962863355859297
1362,0.15962862691551666
1363,0.1596286202816987
1364,0.15962861365711953
1365,0.15962860704176027
1366,0.15962860043560156
1367,0.15962859383862452
1368,0.15962858725081008
1369,0.15962858067213923
1370,0.15962857410259296
1371,0.15962856754215254
1372,0.1596285609907992
1373,0.15962855444851382
1374,0.1596285479152782
1375,0.15962854139107333
1376,0.1596285348758806
1377,0.1596285283696817
1378,0.15962852187245788
1379,0.15962851538419084
1380,0.159628508904862
1381,0.15962850243445326
1382,0.1596284959729461
1383,0.15962848952032196
1384,0.15962848307656347
1385,0.15962847664165172
1386,0.15962847021556897
1387,0.1596284637982971
1388,0.15962845738981787
1389,0.15962845099011358
1390,0.15962844459916628
1391,0.15962843821695805
1392,0.15962843184347097
1393,0.1596284254786875
1394,0.1596284191225898
1395,0.15962841277516024
1396,0.15962840643638104
1397,0.15962840010623475
1398,0.15962839378470398
1399,0.15962838747177097
1400,0.15962838116741834
1401,0.15962837487162904
1402,0.15962836858438514
1403,0.15962836230566976
1404,0.15962835603546574
1405,0.15962834977375545
1406,0.15962834352052208
1407,0.15962833727574832
1408,0.15962833103941726
1409,0.15962832481151187
1410,0.15962831859201512
1411,0.15962831238091008
1412,0.15962830617817994
1413,0.1596282999838076
1414,0.15962829379777677
1415,0.15962828762007034
1416,0.15962828145067146
1417,0.15962827528956378
1418,0.15962826913673062
1419,0.15962826299215538
1420,0.1596282568558214
1421,0.1596282507277126
1422,0.1596282446078121
1423,0.1596282384961036
1424,0.1596282323925709
1425,0.15962822629719767
1426,0.15962822020996761
1427,0.1596282141308645
1428,0.15962820805987216
1429,0.15962820199697417
1430,0.159628195942155
1431,0.15962818989539818
1432,0.15962818385668792
1433,0.159628177826008
1434,0.15962817180334263
1435,0.15962816578867617
1436,0.1596281597819925
1437,0.15962815378327577
1438,0.15962814779251044
1439,0.15962814180968074
1440,0.15962813583477078
1441,0.15962812986776528
1442,0.1596281239086482
1443,0.15962811795740464
1444,0.1596281120140183
1445,0.15962810607847433
1446,0.1596281001507571
1447,0.1596280942308512
1448,0.15962808831874112
1449,0.1596280824144119
1450,0.1596280765178481
1451,0.15962807062903442
1452,0.15962806474795554
1453,0.15962805887459663
1454,0.15962805300894248
1455,0.159628047150978
1456,0.1596280413006881
1457,0.15962803545805782
1458,0.15962802962307238
1459,0.1596280237957163
1460,0.1596280179759753
1461,0.1596280121638345
1462,0.15962800635927882
1463,0.15962800056229348
1464,0.15962799477286405
1465,0.1596279889909758
1466,0.1596279832166137
1467,0.15962797744976365
1468,0.1596279716904107
1469,0.15962796593854037
1470,0.15962796019413844
1471,0.1596279544571903
1472,0.1596279487276813
1473,0.1596279430055972
1474,0.15962793729092392
1475,0.15962793158364666
1476,0.15962792588375144
1477,0.15962792019122418
1478,0.1596279145060504
1479,0.15962790882821604
1480,0.15962790315770695
1481,0.15962789749450884
1482,0.159627891838608
1483,0.15962788618999024
1484,0.15962788054864147
1485,0.15962787491454805
1486,0.1596278692876956
1487,0.1596278636680709
1488,0.15962785805565932
1489,0.1596278524504477
1490,0.15962784685242198
1491,0.1596278412615683
1492,0.15962783567787336
1493,0.15962783010132314
1494,0.15962782453190413
1495,0.1596278189696027
1496,0.15962781341440518
1497,0.15962780786629818
1498,0.15962780232526827
1499,0.1596277967913019
1500,0.15962779126438564
1501,0.1596277857445061
1502,0.15962778023164972
1503,0.15962777472580367
1504,0.15962776922695412
1505,0.15962776373508816
1506,0.1596277582501923
1507,0.1596277527722537
1508,0.15962774730125867
1509,0.15962774183719475
1510,0.1596277363800484
1511,0.1596277309298067
1512,0.15962772548645637
1513,0.15962772004998488
1514,0.15962771462037886
1515,0.15962770919762556
1516,0.15962770378171195
1517,0.15962769837262547
1518,0.15962769297035298
1519,0.15962768757488172
1520,0.159627682186199
1521,0.15962767680429218
1522,0.15962767142914838
1523,0.15962766606075476
1524,0.1596276606990992
1525,0.15962765534416856
1526,0.15962764999595058
1527,0.15962764465443258
1528,0.1596276393196023
1529,0.15962763399144667
1530,0.1596276286699537
1531,0.15962762335511096
1532,0.15962761804690592
1533,0.15962761274532614
1534,0.15962760745035948
1535,0.15962760216199348
1536,0.15962759688021605
1537,0.1596275916050148
1538,0.15962758633637758
1539,0.15962758107429215
1540,0.15962757581874634
1541,0.15962757056972815
1542,0.15962756532722536
1543,0.15962756009122592
1544,0.159627554861718
1545,0.15962754963868941
1546,0.159627544422128
1547,0.15962753921202222
1548,0.15962753400835994
1549,0.15962752881112924
1550,0.15962752362031854
1551,0.15962751843591552
1552,0.15962751325790883
1553,0.15962750808628637
1554,0.15962750292103658
1555,0.15962749776214805
1556,0.15962749260960846
1557,0.15962748746340658
