1,0.18282702363480244
2,0.174872596569128
3,0.1748623161151926
4,0.1748616774701641
5,0.17486163166763488
6,0.17486162834593277
7,0.17486162810483932
8,0.1748616280873396
9,0.17486162808606942
10,0.17486162808597705
11,0.17486162808597033
12,0.17486162808596978
13,0.1748616280859698
14,0.17486162808596983
15,0.17486162808596983
16,0.17486162808596983
17,0.17486162808596983
18,0.17486162808596983
19,0.17486162808596983
20,0.17486162808596983
21,0.17486162808596983
22,0.17486162808596983
23,0.17486162808596983
24,0.17486162808596983
25,0.17486162808596983
26,0.17486162808596983
27,0.17486162808596983
28,0.17486162808596983
29,0.17486162808596983
30,0.17486162808596983
31,0.17486162808596983
32,0.17486162808596983
33,0.17486162808596983
34,0.17486162808596983
35,0.17486162808596983
36,0.17486162808596983
37,0.17486162808596983
38,0.17486162808596983
39,0.17486162808596983
40,0.17486162808596983
41,0.17486162808596983
42,0.17486162808596983
43,0.17486162808596983
44,0.17486162808596983
45,0.17486162808596983
46,0.17486162808596983
47,0.17486162808596983
48,0.17486162808596983
49,0.17486162808596983
50,0.17486162808596983
51,0.17486162808596983
52,0.17486162808596983
53,0.17486162808596983
54,0.17486162808596983
55,0.17486162808596983
56,0.17486162808596983
57,0.17486162808596983
58,0.17486162808596983
59,0.17486162808596983
60,0.17486162808596983
61,0.17486162808596983
62,0.17486162808596983
63,0.17486162808596983
64,0.17486162808596983
65,0.17486162808596983
66,0.17486162808596983
67,0.17486162808596983
68,0.17486162808596983
69,0.17486162808596983
70,0.17486162808596983
71,0.17486162808596983
72,0.17486162808596983
73,0.17486162808596983
74,0.17486162808596983
75,0.17486162808596983
76,0.17486162808596983
77,0.17486162808596983
78,0.17486162808596983
79,0.17486162808596983
80,0.17486162808596983
81,0.17486162808596983
82,0.17486162808596983
83,0.17486162808596983
84,0.17486162808596983
85,0.17486162808596983
86,0.17486162808596983
87,0.17486162808596983
88,0.17486162808596983
89,0.17486162808596983
90,0.17486162808596983
91,0.17486162808596983
92,0.17486162808596983
93,0.17486162808596983
94,0.17486162808596983
95,0.17486162808596983
96,0.17486162808596983
97,0.17486162808596983
98,0.17486162808596983
99,0.17486162808596983
100,0.17486162808596983
101,0.17486162808596983
102,0.17486162808596983
103,0.17486162808596983
104,0.17486162808596983
105,0.17486162808596983
106,0.17486162808596983
107,0.17486162808596983
108,0.17486162808596983
109,0.17486162808596983
110,0.17486162808596983
111,0.17486162808596983
112,0.17486162808596983
113,0.17486162808596983
114,0.17486162808596983
115,0.17486162808596983
116,0.17486162808596983
117,0.17486162808596983
118,0.17486162808596983
119,0.17486162808596983
120,0.17486162808596983
121,0.17486162808596983
122,0.17486162808596983
123,0.17486162808596983
124,0.17486162808596983
125,0.17486162808596983
126,0.17486162808596983
127,0.17486162808596983
128,0.17486162808596983
129,0.17486162808596983
130,0.17486162808596983
131,0.17486162808596983
132,0.17486162808596983
133,0.17486162808596983
134,0.17486162808596983
135,0.17486162808596983
136,0.17486162808596983
137,0.17486162808596983
138,0.17486162808596983
139,0.17486162808596983
140,0.17486162808596983
141,0.17486162808596983
142,0.17486162808596983
143,0.17486162808596983
144,0.17486162808596983
145,0.17486162808596983
146,0.17486162808596983
147,0.17486162808596983
148,0.17486162808596983
149,0.17486162808596983
150,0.17486162808596983
151,0.17486162808596983
152,0.17486162808596983
153,0.17486162808596983
154,0.17486162808596983
155,0.17486162808596983
156,0.17486162808596983
157,0.17486162808596983
158,0.17486162808596983
159,0.17486162808596983
160,0.17486162808596983
161,0.17486162808596983
162,0.17486162808596983
163,0.17486162808596983
164,0.17486162808596983
165,0.17486162808596983
166,0.17486162808596983
167,0.17486162808596983
168,0.17486162808596983
169,0.17486162808596983
170,0.17486162808596983
171,0.17486162808596983
172,0.17486162808596983
173,0.17486162808596983
174,0.17486162808596983
175,0.17486162808596983
176,0.17486162808596983
177,0.17486162808596983
178,0.17486162808596983
179,0.17486162808596983
180,0.17486162808596983
181,0.17486162808596983
182,0.17486162808596983
183,0.17486162808596983
184,0.17486162808596983
185,0.17486162808596983
186,0.17486162808596983
187,0.17486162808596983
188,0.17486162808596983
189,0.17486162808596983
190,0.17486162808596983
191,0.17486162808596983
192,0.17486162808596983
193,0.17486162808596983
194,0.17486162808596983
195,0.17486162808596983
196,0.17486162808596983
197,0.17486162808596983
198,0.17486162808596983
199,0.17486162808596983
200,0.17486162808596983
201,0.17486162808596983
202,0.17486162808596983
203,0.17486162808596983
204,0.17486162808596983
205,0.17486162808596983
206,0.17486162808596983
207,0.17486162808596983
208,0.17486162808596983
209,0.17486162808596983
210,0.17486162808596983
211,0.17486162808596983
212,0.17486162808596983
213,0.17486162808596983
214,0.17486162808596983
215,0.17486162808596983
216,0.17486162808596983
217,0.17486162808596983
218,0.17486162808596983
219,0.17486162808596983
220,0.17486162808596983
221,0.17486162808596983
222,0.17486162808596983
223,0.17486162808596983
224,0.17486162808596983
225,0.17486162808596983
226,0.17486162808596983
227,0.17486162808596983
228,0.17486162808596983
229,0.17486162808596983
230,0.17486162808596983
231,0.17486162808596983
232,0.17486162808596983
233,0.17486162808596983
234,0.17486162808596983
235,0.17486162808596983
236,0.17486162808596983
237,0.17486162808596983
238,0.17486162808596983
239,0.17486162808596983
240,0.17486162808596983
241,0.17486162808596983
242,0.17486162808596983
243,0.17486162808596983
244,0.17486162808596983
245,0.17486162808596983
246,0.17486162808596983
247,0.17486162808596983
248,0.17486162808596983
249,0.17486162808596983
250,0.17486162808596983
251,0.17486162808596983
252,0.17486162808596983
253,0.17486162808596983
254,0.17486162808596983
255,0.17486162808596983
256,0.17486162808596983
257,0.17486162808596983
258,0.17486162808596983
259,0.17486162808596983
260,0.17486162808596983
261,0.17486162808596983
262,0.17486162808596983
263,0.17486162808596983
264,0.17486162808596983
265,0.17486162808596983
266,0.17486162808596983
267,0.17486162808596983
268,0.17486162808596983
269,0.17486162808596983
270,0.17486162808596983
271,0.17486162808596983
272,0.17486162808596983
273,0.17486162808596983
274,0.17486162808596983
275,0.17486162808596983
276,0.17486162808596983
277,0.17486162808596983
278,0.17486162808596983
279,0.17486162808596983
280,0.17486162808596983
281,0.17486162808596983
282,0.17486162808596983
283,0.17486162808596983
284,0.17486162808596983
285,0.17486162808596983
286,0.17486162808596983
287,0.17486162808596983
288,0.17486162808596983
289,0.17486162808596983
290,0.17486162808596983
291,0.17486162808596983
292,0.17486162808596983
293,0.17486162808596983
294,0.17486162808596983
295,0.17486162808596983
296,0.17486162808596983
297,0.17486162808596983
298,0.17486162808596983
299,0.17486162808596983
300,0.17486162808596983
301,0.17486162808596983
302,0.17486162808596983
303,0.17486162808596983
304,0.17486162808596983
305,0.17486162808596983
306,0.17486162808596983
307,0.17486162808596983
308,0.17486162808596983
309,0.17486162808596983
310,0.17486162808596983
311,0.17486162808596983
312,0.17486162808596983
313,0.17486162808596983
314,0.17486162808596983
315,0.17486162808596983
316,0.17486162808596983
317,0.17486162808596983
318,0.17486162808596983
319,0.17486162808596983
320,0.17486162808596983
321,0.17486162808596983
322,0.17486162808596983
323,0.17486162808596983
324,0.17486162808596983
325,0.17486162808596983
326,0.17486162808596983
327,0.17486162808596983
328,0.17486162808596983
329,0.17486162808596983
330,0.17486162808596983
331,0.17486162808596983
332,0.17486162808596983
333,0.17486162808596983
334,0.17486162808596983
335,0.17486162808596983
336,0.17486162808596983
337,0.17486162808596983
338,0.17486162808596983
339,0.17486162808596983
340,0.17486162808596983
341,0.17486162808596983
342,0.17486162808596983
343,0.17486162808596983
344,0.17486162808596983
345,0.17486162808596983
346,0.17486162808596983
347,0.17486162808596983
348,0.17486162808596983
349,0.17486162808596983
350,0.17486162808596983
351,0.17486162808596983
352,0.17486162808596983
353,0.17486162808596983
354,0.17486162808596983
355,0.17486162808596983
356,0.17486162808596983
357,0.17486162808596983
358,0.17486162808596983
359,0.17486162808596983
360,0.17486162808596983
361,0.17486162808596983
362,0.17486162808596983
363,0.17486162808596983
364,0.17486162808596983
365,0.17486162808596983
366,0.17486162808596983
367,0.17486162808596983
368,0.17486162808596983
369,0.17486162808596983
370,0.17486162808596983
371,0.17486162808596983
372,0.17486162808596983
373,0.17486162808596983
374,0.17486162808596983
375,0.17486162808596983
376,0.17486162808596983
377,0.17486162808596983
378,0.17486162808596983
379,0.17486162808596983
380,0.17486162808596983
381,0.17486162808596983
382,0.17486162808596983
383,0.17486162808596983
384,0.17486162808596983
385,0.17486162808596983
386,0.17486162808596983
387,0.17486162808596983
388,0.17486162808596983
389,0.17486162808596983
390,0.17486162808596983
391,0.17486162808596983
392,0.17486162808596983
393,0.17486162808596983
394,0.17486162808596983
395,0.17486162808596983
396,0.17486162808596983
397,0.17486162808596983
398,0.17486162808596983
399,0.17486162808596983
400,0.17486162808596983
401,0.17486162808596983
402,0.17486162808596983
403,0.17486162808596983
404,0.17486162808596983
405,0.17486162808596983
406,0.17486162808596983
407,0.17486162808596983
408,0.17486162808596983
409,0.17486162808596983
410,0.17486162808596983
411,0.17486162808596983
412,0.17486162808596983
413,0.17486162808596983
414,0.17486162808596983
415,0.17486162808596983
416,0.17486162808596983
417,0.17486162808596983
418,0.17486162808596983
419,0.17486162808596983
420,0.17486162808596983
421,0.17486162808596983
422,0.17486162808596983
423,0.17486162808596983
424,0.17486162808596983
425,0.17486162808596983
426,0.17486162808596983
427,0.17486162808596983
428,0.17486162808596983
429,0.17486162808596983
430,0.17486162808596983
431,0.17486162808596983
432,0.17486162808596983
433,0.17486162808596983
434,0.17486162808596983
435,0.17486162808596983
436,0.17486162808596983
437,0.17486162808596983
438,0.17486162808596983
439,0.17486162808596983
440,0.17486162808596983
441,0.17486162808596983
442,0.17486162808596983
443,0.17486162808596983
444,0.17486162808596983
445,0.17486162808596983
446,0.17486162808596983
447,0.17486162808596983
448,0.17486162808596983
449,0.17486162808596983
450,0.17486162808596983
451,0.17486162808596983
452,0.17486162808596983
453,0.17486162808596983
454,0.17486162808596983
455,0.17486162808596983
456,0.17486162808596983
457,0.17486162808596983
458,0.17486162808596983
459,0.17486162808596983
460,0.17486162808596983
461,0.17486162808596983
462,0.17486162808596983
463,0.17486162808596983
464,0.17486162808596983
465,0.17486162808596983
466,0.17486162808596983
467,0.17486162808596983
468,0.17486162808596983
469,0.17486162808596983
470,0.17486162808596983
471,0.17486162808596983
472,0.17486162808596983
473,0.17486162808596983
474,0.17486162808596983
475,0.17486162808596983
476,0.17486162808596983
477,0.17486162808596983
478,0.17486162808596983
479,0.17486162808596983
480,0.17486162808596983
481,0.17486162808596983
482,0.17486162808596983
483,0.17486162808596983
484,0.17486162808596983
485,0.17486162808596983
486,0.17486162808596983
487,0.17486162808596983
488,0.17486162808596983
489,0.17486162808596983
490,0.17486162808596983
491,0.17486162808596983
492,0.17486162808596983
493,0.17486162808596983
494,0.17486162808596983
495,0.17486162808596983
496,0.17486162808596983
497,0.17486162808596983
498,0.17486162808596983
499,0.17486162808596983
500,0.17486162808596983
501,0.17486162808596983
502,0.17486162808596983
503,0.17486162808596983
504,0.17486162808596983
505,0.17486162808596983
506,0.17486162808596983
507,0.17486162808596983
508,0.17486162808596983
509,0.17486162808596983
510,0.17486162808596983
511,0.17486162808596983
512,0.17486162808596983
513,0.17486162808596983
514,0.17486162808596983
515,0.17486162808596983
516,0.17486162808596983
517,0.17486162808596983
518,0.17486162808596983
519,0.17486162808596983
520,0.17486162808596983
521,0.17486162808596983
522,0.17486162808596983
523,0.17486162808596983
524,0.17486162808596983
525,0.17486162808596983
526,0.17486162808596983
527,0.17486162808596983
528,0.17486162808596983
529,0.17486162808596983
530,0.17486162808596983
531,0.17486162808596983
532,0.17486162808596983
533,0.17486162808596983
534,0.17486162808596983
535,0.17486162808596983
536,0.17486162808596983
537,0.17486162808596983
538,0.17486162808596983
539,0.17486162808596983
540,0.17486162808596983
541,0.17486162808596983
542,0.17486162808596983
543,0.17486162808596983
544,0.17486162808596983
545,0.17486162808596983
546,0.17486162808596983
547,0.17486162808596983
548,0.17486162808596983
549,0.17486162808596983
550,0.17486162808596983
551,0.17486162808596983
552,0.17486162808596983
553,0.17486162808596983
554,0.17486162808596983
555,0.17486162808596983
556,0.17486162808596983
557,0.17486162808596983
558,0.17486162808596983
559,0.17486162808596983
560,0.17486162808596983
561,0.17486162808596983
562,0.17486162808596983
563,0.17486162808596983
564,0.17486162808596983
565,0.17486162808596983
566,0.17486162808596983
567,0.17486162808596983
568,0.17486162808596983
569,0.17486162808596983
570,0.17486162808596983
571,0.17486162808596983
572,0.17486162808596983
573,0.17486162808596983
574,0.17486162808596983
575,0.17486162808596983
576,0.17486162808596983
577,0.17486162808596983
578,0.17486162808596983
579,0.17486162808596983
580,0.17486162808596983
581,0.17486162808596983
582,0.17486162808596983
583,0.17486162808596983
584,0.17486162808596983
585,0.17486162808596983
586,0.17486162808596983
587,0.17486162808596983
588,0.17486162808596983
589,0.17486162808596983
590,0.17486162808596983
591,0.17486162808596983
592,0.17486162808596983
593,0.17486162808596983
594,0.17486162808596983
595,0.17486162808596983
596,0.17486162808596983
597,0.17486162808596983
598,0.17486162808596983
599,0.17486162808596983
600,0.17486162808596983
601,0.17486162808596983
602,0.17486162808596983
603,0.17486162808596983
604,0.17486162808596983
605,0.17486162808596983
606,0.17486162808596983
607,0.17486162808596983
608,0.17486162808596983
609,0.17486162808596983
610,0.17486162808596983
611,0.17486162808596983
612,0.17486162808596983
613,0.17486162808596983
614,0.17486162808596983
615,0.17486162808596983
616,0.17486162808596983
617,0.17486162808596983
618,0.17486162808596983
619,0.17486162808596983
620,0.17486162808596983
621,0.17486162808596983
622,0.17486162808596983
623,0.17486162808596983
624,0.17486162808596983
625,0.17486162808596983
626,0.17486162808596983
627,0.17486162808596983
628,0.17486162808596983
629,0.17486162808596983
630,0.17486162808596983
631,0.17486162808596983
632,0.17486162808596983
633,0.17486162808596983
634,0.17486162808596983
635,0.17486162808596983
636,0.17486162808596983
637,0.17486162808596983
638,0.17486162808596983
639,0.17486162808596983
640,0.17486162808596983
641,0.17486162808596983
642,0.17486162808596983
643,0.17486162808596983
644,0.17486162808596983
645,0.17486162808596983
646,0.17486162808596983
647,0.17486162808596983
648,0.17486162808596983
649,0.17486162808596983
650,0.17486162808596983
651,0.17486162808596983
652,0.17486162808596983
653,0.17486162808596983
654,0.17486162808596983
655,0.17486162808596983
656,0.17486162808596983
657,0.17486162808596983
658,0.17486162808596983
659,0.17486162808596983
660,0.17486162808596983
661,0.17486162808596983
662,0.17486162808596983
663,0.17486162808596983
664,0.17486162808596983
665,0.17486162808596983
666,0.17486162808596983
667,0.17486162808596983
