1,0.17087551713905177
2,0.17120876734458637
3,0.17120878435974232
4,0.17120878436009132
5,0.17120878436009132
6,0.17120878436009132
7,0.17120878436009132
8,0.17120878436009138
9,0.17120878436009132
10,0.17120878436009132
11,0.17120878436009132
12,0.17120878436009138
13,0.17120878436009132
14,0.17120878436009132
15,0.17120878436009132
16,0.17120878436009138
17,0.17120878436009132
18,0.17120878436009132
19,0.17120878436009132
20,0.17120878436009138
21,0.17120878436009132
22,0.17120878436009132
23,0.17120878436009132
24,0.17120878436009138
25,0.17120878436009132
26,0.17120878436009132
27,0.17120878436009132
28,0.17120878436009138
29,0.17120878436009132
30,0.17120878436009132
31,0.17120878436009132
32,0.17120878436009138
33,0.17120878436009132
34,0.17120878436009132
35,0.17120878436009132
36,0.17120878436009138
37,0.17120878436009132
38,0.17120878436009132
39,0.17120878436009132
40,0.17120878436009138
41,0.17120878436009132
42,0.17120878436009132
43,0.17120878436009132
44,0.17120878436009138
45,0.17120878436009132
46,0.17120878436009132
47,0.17120878436009132
48,0.17120878436009138
49,0.17120878436009132
50,0.17120878436009132
51,0.17120878436009132
52,0.17120878436009138
53,0.17120878436009132
54,0.17120878436009132
55,0.17120878436009132
56,0.17120878436009138
57,0.17120878436009132
58,0.17120878436009132
59,0.17120878436009132
60,0.17120878436009138
61,0.17120878436009132
62,0.17120878436009132
63,0.17120878436009132
64,0.17120878436009138
65,0.17120878436009132
66,0.17120878436009132
67,0.17120878436009132
68,0.17120878436009138
69,0.17120878436009132
70,0.17120878436009132
71,0.17120878436009132
72,0.17120878436009138
73,0.17120878436009132
74,0.17120878436009132
75,0.17120878436009132
76,0.17120878436009138
77,0.17120878436009132
78,0.17120878436009132
79,0.17120878436009132
80,0.17120878436009138
81,0.17120878436009132
82,0.17120878436009132
83,0.17120878436009132
84,0.17120878436009138
85,0.17120878436009132
86,0.17120878436009132
87,0.17120878436009132
88,0.17120878436009138
89,0.17120878436009132
90,0.17120878436009132
91,0.17120878436009132
92,0.17120878436009138
93,0.17120878436009132
94,0.17120878436009132
95,0.17120878436009132
96,0.17120878436009138
97,0.17120878436009132
98,0.17120878436009132
99,0.17120878436009132
100,0.17120878436009138
101,0.17120878436009132
102,0.17120878436009132
103,0.17120878436009132
104,0.17120878436009138
105,0.17120878436009132
106,0.17120878436009132
107,0.17120878436009132
108,0.17120878436009138
109,0.17120878436009132
110,0.17120878436009132
111,0.17120878436009132
112,0.17120878436009138
113,0.17120878436009132
114,0.17120878436009132
115,0.17120878436009132
116,0.17120878436009138
117,0.17120878436009132
118,0.17120878436009132
119,0.17120878436009132
120,0.17120878436009138
121,0.17120878436009132
122,0.17120878436009132
123,0.17120878436009132
124,0.17120878436009138
125,0.17120878436009132
126,0.17120878436009132
127,0.17120878436009132
128,0.17120878436009138
129,0.17120878436009132
130,0.17120878436009132
131,0.17120878436009132
132,0.17120878436009138
133,0.17120878436009132
134,0.17120878436009132
135,0.17120878436009132
136,0.17120878436009138
137,0.17120878436009132
138,0.17120878436009132
139,0.17120878436009132
140,0.17120878436009138
141,0.17120878436009132
142,0.17120878436009132
143,0.17120878436009132
144,0.17120878436009138
145,0.17120878436009132
146,0.17120878436009132
147,0.17120878436009132
148,0.17120878436009138
149,0.17120878436009132
150,0.17120878436009132
151,0.17120878436009132
152,0.17120878436009138
153,0.17120878436009132
154,0.17120878436009132
155,0.17120878436009132
156,0.17120878436009138
157,0.17120878436009132
158,0.17120878436009132
159,0.17120878436009132
160,0.17120878436009138
161,0.17120878436009132
162,0.17120878436009132
163,0.17120878436009132
164,0.17120878436009138
165,0.17120878436009132
166,0.17120878436009132
167,0.17120878436009132
168,0.17120878436009138
169,0.17120878436009132
170,0.17120878436009132
171,0.17120878436009132
172,0.17120878436009138
173,0.17120878436009132
174,0.17120878436009132
175,0.17120878436009132
176,0.17120878436009138
177,0.17120878436009132
178,0.17120878436009132
179,0.17120878436009132
180,0.17120878436009138
181,0.17120878436009132
182,0.17120878436009132
183,0.17120878436009132
184,0.17120878436009138
185,0.17120878436009132
186,0.17120878436009132
187,0.17120878436009132
188,0.17120878436009138
189,0.17120878436009132
190,0.17120878436009132
191,0.17120878436009132
192,0.17120878436009138
193,0.17120878436009132
194,0.17120878436009132
195,0.17120878436009132
196,0.17120878436009138
197,0.17120878436009132
198,0.17120878436009132
199,0.17120878436009132
200,0.17120878436009138
201,0.17120878436009132
202,0.17120878436009132
203,0.17120878436009132
204,0.17120878436009138
205,0.17120878436009132
206,0.17120878436009132
207,0.17120878436009132
208,0.17120878436009138
209,0.17120878436009132
210,0.17120878436009132
211,0.17120878436009132
212,0.17120878436009138
213,0.17120878436009132
214,0.17120878436009132
215,0.17120878436009132
216,0.17120878436009138
217,0.17120878436009132
218,0.17120878436009132
219,0.17120878436009132
220,0.17120878436009138
221,0.17120878436009132
222,0.17120878436009132
223,0.17120878436009132
224,0.17120878436009138
225,0.17120878436009132
226,0.17120878436009132
227,0.17120878436009132
228,0.17120878436009138
229,0.17120878436009132
230,0.17120878436009132
231,0.17120878436009132
232,0.17120878436009138
233,0.17120878436009132
234,0.17120878436009132
235,0.17120878436009132
236,0.17120878436009138
237,0.17120878436009132
238,0.17120878436009132
239,0.17120878436009132
240,0.17120878436009138
241,0.17120878436009132
242,0.17120878436009132
243,0.17120878436009132
244,0.17120878436009138
245,0.17120878436009132
246,0.17120878436009132
247,0.17120878436009132
248,0.17120878436009138
249,0.17120878436009132
250,0.17120878436009132
251,0.17120878436009132
252,0.17120878436009138
253,0.17120878436009132
254,0.17120878436009132
255,0.17120878436009132
256,0.17120878436009138
257,0.17120878436009132
258,0.17120878436009132
259,0.17120878436009132
260,0.17120878436009138
261,0.17120878436009132
262,0.17120878436009132
263,0.17120878436009132
264,0.17120878436009138
265,0.17120878436009132
266,0.17120878436009132
267,0.17120878436009132
268,0.17120878436009138
269,0.17120878436009132
270,0.17120878436009132
271,0.17120878436009132
272,0.17120878436009138
273,0.17120878436009132
274,0.17120878436009132
275,0.17120878436009132
276,0.17120878436009138
277,0.17120878436009132
278,0.17120878436009132
279,0.17120878436009132
280,0.17120878436009138
281,0.17120878436009132
282,0.17120878436009132
283,0.17120878436009132
284,0.17120878436009138
285,0.17120878436009132
286,0.17120878436009132
287,0.17120878436009132
288,0.17120878436009138
289,0.17120878436009132
290,0.17120878436009132
291,0.17120878436009132
292,0.17120878436009138
293,0.17120878436009132
294,0.17120878436009132
295,0.17120878436009132
296,0.17120878436009138
297,0.17120878436009132
298,0.17120878436009132
299,0.17120878436009132
300,0.17120878436009138
301,0.17120878436009132
302,0.17120878436009132
303,0.17120878436009132
304,0.17120878436009138
305,0.17120878436009132
306,0.17120878436009132
307,0.17120878436009132
308,0.17120878436009138
309,0.17120878436009132
310,0.17120878436009132
311,0.17120878436009132
312,0.17120878436009138
313,0.17120878436009132
314,0.17120878436009132
315,0.17120878436009132
316,0.17120878436009138
317,0.17120878436009132
318,0.17120878436009132
319,0.17120878436009132
320,0.17120878436009138
321,0.17120878436009132
322,0.17120878436009132
323,0.17120878436009132
324,0.17120878436009138
325,0.17120878436009132
326,0.17120878436009132
327,0.17120878436009132
328,0.17120878436009138
329,0.17120878436009132
330,0.17120878436009132
331,0.17120878436009132
332,0.17120878436009138
333,0.17120878436009132
334,0.17120878436009132
335,0.17120878436009132
336,0.17120878436009138
337,0.17120878436009132
338,0.17120878436009132
339,0.17120878436009132
340,0.17120878436009138
341,0.17120878436009132
342,0.17120878436009132
343,0.17120878436009132
344,0.17120878436009138
345,0.17120878436009132
346,0.17120878436009132
347,0.17120878436009132
348,0.17120878436009138
349,0.17120878436009132
350,0.17120878436009132
351,0.17120878436009132
352,0.17120878436009138
353,0.17120878436009132
354,0.17120878436009132
355,0.17120878436009132
356,0.17120878436009138
357,0.17120878436009132
358,0.17120878436009132
359,0.17120878436009132
360,0.17120878436009138
361,0.17120878436009132
362,0.17120878436009132
363,0.17120878436009132
364,0.17120878436009138
365,0.17120878436009132
366,0.17120878436009132
367,0.17120878436009132
368,0.17120878436009138
369,0.17120878436009132
370,0.17120878436009132
371,0.17120878436009132
372,0.17120878436009138
373,0.17120878436009132
374,0.17120878436009132
375,0.17120878436009132
376,0.17120878436009138
377,0.17120878436009132
378,0.17120878436009132
379,0.17120878436009132
380,0.17120878436009138
381,0.17120878436009132
382,0.17120878436009132
383,0.17120878436009132
384,0.17120878436009138
385,0.17120878436009132
386,0.17120878436009132
387,0.17120878436009132
388,0.17120878436009138
389,0.17120878436009132
390,0.17120878436009132
391,0.17120878436009132
392,0.17120878436009138
393,0.17120878436009132
394,0.17120878436009132
395,0.17120878436009132
396,0.17120878436009138
397,0.17120878436009132
398,0.17120878436009132
399,0.17120878436009132
400,0.17120878436009138
401,0.17120878436009132
402,0.17120878436009132
403,0.17120878436009132
404,0.17120878436009138
405,0.17120878436009132
406,0.17120878436009132
407,0.17120878436009132
408,0.17120878436009138
409,0.17120878436009132
410,0.17120878436009132
411,0.17120878436009132
412,0.17120878436009138
413,0.17120878436009132
414,0.17120878436009132
415,0.17120878436009132
416,0.17120878436009138
417,0.17120878436009132
418,0.17120878436009132
419,0.17120878436009132
420,0.17120878436009138
421,0.17120878436009132
422,0.17120878436009132
423,0.17120878436009132
424,0.17120878436009138
425,0.17120878436009132
426,0.17120878436009132
427,0.17120878436009132
428,0.17120878436009138
429,0.17120878436009132
430,0.17120878436009132
431,0.17120878436009132
432,0.17120878436009138
433,0.17120878436009132
434,0.17120878436009132
435,0.17120878436009132
436,0.17120878436009138
437,0.17120878436009132
438,0.17120878436009132
439,0.17120878436009132
440,0.17120878436009138
441,0.17120878436009132
442,0.17120878436009132
443,0.17120878436009132
444,0.17120878436009138
445,0.17120878436009132
446,0.17120878436009132
447,0.17120878436009132
448,0.17120878436009138
449,0.17120878436009132
450,0.17120878436009132
451,0.17120878436009132
452,0.17120878436009138
453,0.17120878436009132
454,0.17120878436009132
455,0.17120878436009132
456,0.17120878436009138
457,0.17120878436009132
458,0.17120878436009132
459,0.17120878436009132
460,0.17120878436009138
461,0.17120878436009132
462,0.17120878436009132
463,0.17120878436009132
464,0.17120878436009138
465,0.17120878436009132
466,0.17120878436009132
467,0.17120878436009132
468,0.17120878436009138
469,0.17120878436009132
470,0.17120878436009132
471,0.17120878436009132
472,0.17120878436009138
473,0.17120878436009132
474,0.17120878436009132
475,0.17120878436009132
476,0.17120878436009138
477,0.17120878436009132
478,0.17120878436009132
479,0.17120878436009132
480,0.17120878436009138
481,0.17120878436009132
482,0.17120878436009132
483,0.17120878436009132
484,0.17120878436009138
485,0.17120878436009132
486,0.17120878436009132
487,0.17120878436009132
488,0.17120878436009138
489,0.17120878436009132
490,0.17120878436009132
491,0.17120878436009132
492,0.17120878436009138
493,0.17120878436009132
494,0.17120878436009132
495,0.17120878436009132
496,0.17120878436009138
497,0.17120878436009132
498,0.17120878436009132
499,0.17120878436009132
500,0.17120878436009138
501,0.17120878436009132
502,0.17120878436009132
503,0.17120878436009132
504,0.17120878436009138
505,0.17120878436009132
506,0.17120878436009132
507,0.17120878436009132
508,0.17120878436009138
509,0.17120878436009132
510,0.17120878436009132
511,0.17120878436009132
512,0.17120878436009138
513,0.17120878436009132
514,0.17120878436009132
515,0.17120878436009132
516,0.17120878436009138
517,0.17120878436009132
518,0.17120878436009132
519,0.17120878436009132
520,0.17120878436009138
521,0.17120878436009132
522,0.17120878436009132
523,0.17120878436009132
524,0.17120878436009138
525,0.17120878436009132
526,0.17120878436009132
527,0.17120878436009132
528,0.17120878436009138
529,0.17120878436009132
530,0.17120878436009132
531,0.17120878436009132
532,0.17120878436009138
533,0.17120878436009132
534,0.17120878436009132
535,0.17120878436009132
536,0.17120878436009138
537,0.17120878436009132
538,0.17120878436009132
539,0.17120878436009132
540,0.17120878436009138
541,0.17120878436009132
542,0.17120878436009132
543,0.17120878436009132
544,0.17120878436009138
545,0.17120878436009132
546,0.17120878436009132
547,0.17120878436009132
548,0.17120878436009138
549,0.17120878436009132
550,0.17120878436009132
551,0.17120878436009132
552,0.17120878436009138
553,0.17120878436009132
554,0.17120878436009132
555,0.17120878436009132
556,0.17120878436009138
557,0.17120878436009132
558,0.17120878436009132
559,0.17120878436009132
560,0.17120878436009138
561,0.17120878436009132
562,0.17120878436009132
563,0.17120878436009132
564,0.17120878436009138
565,0.17120878436009132
566,0.17120878436009132
567,0.17120878436009132
568,0.17120878436009138
569,0.17120878436009132
570,0.17120878436009132
571,0.17120878436009132
572,0.17120878436009138
573,0.17120878436009132
574,0.17120878436009132
575,0.17120878436009132
576,0.17120878436009138
577,0.17120878436009132
578,0.17120878436009132
579,0.17120878436009132
580,0.17120878436009138
581,0.17120878436009132
582,0.17120878436009132
583,0.17120878436009132
584,0.17120878436009138
585,0.17120878436009132
586,0.17120878436009132
587,0.17120878436009132
588,0.17120878436009138
589,0.17120878436009132
590,0.17120878436009132
591,0.17120878436009132
592,0.17120878436009138
593,0.17120878436009132
594,0.17120878436009132
595,0.17120878436009132
596,0.17120878436009138
597,0.17120878436009132
598,0.17120878436009132
599,0.17120878436009132
600,0.17120878436009138
601,0.17120878436009132
602,0.17120878436009132
603,0.17120878436009132
604,0.17120878436009138
605,0.17120878436009132
606,0.17120878436009132
607,0.17120878436009132
608,0.17120878436009138
609,0.17120878436009132
610,0.17120878436009132
611,0.17120878436009132
612,0.17120878436009138
613,0.17120878436009132
614,0.17120878436009132
615,0.17120878436009132
616,0.17120878436009138
617,0.17120878436009132
618,0.17120878436009132
619,0.17120878436009132
620,0.17120878436009138
621,0.17120878436009132
622,0.17120878436009132
623,0.17120878436009132
624,0.17120878436009138
625,0.17120878436009132
626,0.17120878436009132
627,0.17120878436009132
628,0.17120878436009138
629,0.17120878436009132
630,0.17120878436009132
631,0.17120878436009132
632,0.17120878436009138
633,0.17120878436009132
634,0.17120878436009132
635,0.17120878436009132
636,0.17120878436009138
637,0.17120878436009132
638,0.17120878436009132
639,0.17120878436009132
640,0.17120878436009138
641,0.17120878436009132
642,0.17120878436009132
643,0.17120878436009132
644,0.17120878436009138
645,0.17120878436009132
646,0.17120878436009132
647,0.17120878436009132
648,0.17120878436009138
649,0.17120878436009132
650,0.17120878436009132
651,0.17120878436009132
652,0.17120878436009138
653,0.17120878436009132
654,0.17120878436009132
655,0.17120878436009132
656,0.17120878436009138
657,0.17120878436009132
658,0.17120878436009132
659,0.17120878436009132
660,0.17120878436009138
661,0.17120878436009132
662,0.17120878436009132
