1,0.21436781057896234
2,0.18111105824154636
3,0.17444097601324648
4,0.1744090928051621
5,0.17440891851608845
6,0.17440887800881333
7,0.1744088383308729
8,0.1744087988956265
9,0.17440875969838437
10,0.17440872073704178
11,0.17440868200952803
12,0.17440864351379673
13,0.17440860524782512
14,0.17440856720961276
15,0.17440852939718313
16,0.174408491808581
17,0.174408454441874
18,0.17440841729515155
19,0.1744083803665241
20,0.17440834365412355
21,0.17440830715610323
22,0.17440827087063654
23,0.17440823479591727
24,0.1744081989301592
25,0.1744081632715966
26,0.17440812781848222
27,0.1744080925690889
28,0.17440805752170827
29,0.17440802267465022
30,0.17440798802624416
31,0.17440795357483665
32,0.174407919318793
33,0.17440788525649606
34,0.17440785138634582
35,0.17440781770675995
36,0.1744077842161732
37,0.17440775091303717
38,0.17440771779581957
39,0.1744076848630051
40,0.17440765211309445
41,0.17440761954460404
42,0.17440758715606616
43,0.17440755494602897
44,0.1744075229130555
45,0.1744074910557241
46,0.17440745937262794
47,0.1744074278623751
48,0.17440739652358841
49,0.17440736535490478
50,0.17440733435497496
51,0.17440730352246472
52,0.17440727285605262
53,0.17440724235443145
54,0.17440721201630716
55,0.17440718184039933
56,0.17440715182544067
57,0.17440712197017602
58,0.1744070922733647
59,0.17440706273377654
60,0.17440703335019594
61,0.17440700412141802
62,0.17440697504625116
63,0.1744069461235149
64,0.17440691735204145
65,0.17440688873067445
66,0.17440686025826868
67,0.1744068319336908
68,0.17440680375581893
69,0.17440677572354193
70,0.17440674783576013
71,0.17440672009138367
72,0.1744066924893353
73,0.1744066650285467
74,0.17440663770796092
75,0.17440661052653098
76,0.17440658348322055
77,0.17440655657700302
78,0.17440652980686178
79,0.1744065031717906
80,0.17440647667079226
81,0.17440645030287993
82,0.17440642406707557
83,0.17440639796241122
84,0.17440637198792786
85,0.1744063461426757
86,0.17440632042571405
87,0.17440629483611123
88,0.17440626937294446
89,0.1744062440352993
90,0.17440621882227084
91,0.17440619373296215
92,0.17440616876648465
93,0.17440614392195847
94,0.17440611919851162
95,0.17440609459528073
96,0.17440607011141013
97,0.1744060457460525
98,0.17440602149836795
99,0.17440599736752457
100,0.17440597335269858
101,0.17440594945307317
102,0.17440592566783963
103,0.1744059019961964
104,0.17440587843734895
105,0.17440585499051056
106,0.1744058316549019
107,0.1744058084297497
108,0.174405785314289
109,0.17440576230776114
110,0.17440573940941426
111,0.17440571661850388
112,0.17440569393429112
113,0.174405671356045
114,0.17440564888304033
115,0.17440562651455904
116,0.17440560424988857
117,0.1744055820883238
118,0.17440556002916496
119,0.1744055380717193
120,0.1744055162152998
121,0.17440549445922518
122,0.17440547280282118
123,0.17440545124541848
124,0.17440542978635393
125,0.1744054084249707
126,0.1744053871606171
127,0.17440536599264764
128,0.1744053449204222
129,0.17440532394330613
130,0.17440530306067034
131,0.17440528227189167
132,0.17440526157635153
133,0.17440524097343732
134,0.1744052204625414
135,0.174405200043062
136,0.17440517971440117
137,0.17440515947596752
138,0.17440513932717416
139,0.1744051192674388
140,0.17440509929618445
141,0.1744050794128395
142,0.1744050596168365
143,0.17440503990761302
144,0.17440502028461138
145,0.17440500074727883
146,0.17440498129506657
147,0.1744049619274316
148,0.17440494264383435
149,0.17440492344374056
150,0.17440490432661968
151,0.17440488529194617
152,0.17440486633919886
153,0.1744048474678605
154,0.17440482867741813
155,0.17440480996736357
156,0.17440479133719256
157,0.17440477278640484
158,0.1744047543145042
159,0.17440473592099873
160,0.17440471760540072
161,0.174404699367226
162,0.17440468120599423
163,0.17440466312123012
164,0.17440464511246073
165,0.17440462717921812
166,0.1744046093210372
167,0.1744045915374577
168,0.17440457382802194
169,0.17440455619227646
170,0.17440453862977182
171,0.17440452114006144
172,0.1744045037227031
173,0.17440448637725717
174,0.17440446910328825
175,0.17440445190036452
176,0.1744044347680567
177,0.1744044177059397
178,0.1744044007135916
179,0.17440438379059417
180,0.17440436693653114
181,0.17440435015099112
182,0.17440433343356512
183,0.1744043167838478
184,0.1744043002014365
185,0.17440428368593164
186,0.17440426723693744
187,0.17440425085406044
188,0.17440423453691078
189,0.17440421828510191
190,0.1744042020982485
191,0.17440418597597082
192,0.17440416991788987
193,0.17440415392363087
194,0.17440413799282148
195,0.17440412212509188
196,0.1744041063200756
197,0.1744040905774087
198,0.1744040748967303
199,0.17440405927768188
200,0.17440404371990753
201,0.17440402822305504
202,0.17440401278677342
203,0.17440399741071566
204,0.1744039820945362
205,0.17440396683789328
206,0.17440395164044642
207,0.17440393650185881
208,0.17440392142179592
209,0.1744039063999245
210,0.17440389143591595
211,0.174403876529442
212,0.1744038616801786
213,0.17440384688780297
214,0.17440383215199465
215,0.17440381747243647
216,0.17440380284881293
217,0.17440378828081096
218,0.17440377376811977
219,0.17440375931043078
220,0.17440374490743807
221,0.17440373055883748
222,0.17440371626432744
223,0.17440370202360833
224,0.17440368783638271
225,0.17440367370235574
226,0.17440365962123372
227,0.17440364559272628
228,0.17440363161654449
229,0.1744036176924015
230,0.1744036038200129
231,0.1744035899990956
232,0.17440357622936942
233,0.17440356251055553
234,0.17440354884237738
235,0.17440353522456037
236,0.1744035216568319
237,0.17440350813892133
238,0.1744034946705596
239,0.17440348125147984
240,0.1744034678814173
241,0.1744034545601088
242,0.1744034412872931
243,0.1744034280627105
244,0.17440341488610353
245,0.1744034017572163
246,0.17440338867579522
247,0.17440337564158778
248,0.17440336265434353
249,0.17440334971381363
250,0.17440333681975145
251,0.17440332397191163
252,0.1744033111700501
253,0.1744032984139257
254,0.17440328570329772
255,0.17440327303792796
256,0.17440326041757948
257,0.1744032478420167
258,0.17440323531100627
259,0.17440322282431622
260,0.1744032103817158
261,0.1744031979829762
262,0.17440318562787024
263,0.17440317331617214
264,0.17440316104765782
265,0.17440314882210417
266,0.17440313663929022
267,0.17440312449899634
268,0.17440311240100412
269,0.1744031003450971
270,0.17440308833105983
271,0.17440307635867844
272,0.17440306442774073
273,0.1744030525380353
274,0.17440304068935328
275,0.17440302888148587
276,0.17440301711422665
277,0.1744030053873701
278,0.1744029937007121
279,0.17440298205405047
280,0.17440297044718356
281,0.17440295887991106
282,0.17440294735203482
283,0.17440293586335726
284,0.17440292441368227
285,0.17440291300281505
286,0.1744029016305628
287,0.17440289029673223
288,0.1744028790011332
289,0.17440286774357563
290,0.17440285652387122
291,0.17440284534183262
292,0.17440283419727368
293,0.17440282309000982
294,0.17440281201985758
295,0.17440280098663394
296,0.17440278999015818
297,0.17440277903025023
298,0.17440276810673083
299,0.17440275721942267
300,0.17440274636814854
301,0.1744027355527335
302,0.1744027247730031
303,0.17440271402878368
304,0.1744027033199036
305,0.17440269264619196
306,0.17440268200747835
307,0.17440267140359395
308,0.174402660834371
309,0.1744026502996427
310,0.17440263979924367
311,0.17440262933300937
312,0.17440261890077588
313,0.17440260850238049
314,0.1744025981376621
315,0.17440258780645987
316,0.1744025775086146
317,0.17440256724396735
318,0.1744025570123612
319,0.17440254681363898
320,0.17440253664764552
321,0.17440252651422614
322,0.17440251641322724
323,0.17440250634449597
324,0.17440249630788082
325,0.17440248630323074
326,0.17440247633039627
327,0.1744024663892281
328,0.17440245647957828
329,0.17440244660129978
330,0.17440243675424646
331,0.17440242693827288
332,0.17440241715323476
333,0.1744024073989886
334,0.17440239767539145
335,0.17440238798230193
336,0.17440237831957858
337,0.174402368687082
338,0.1744023590846725
339,0.17440234951221184
340,0.1744023399695626
341,0.17440233045658782
342,0.17440232097315192
343,0.1744023115191198
344,0.1744023020943571
345,0.1744022926987305
346,0.17440228333210692
347,0.17440227399435518
348,0.174402264685344
349,0.1744022554049428
350,0.17440224615302255
351,0.17440223692945447
352,0.17440222773411007
353,0.1744022185668627
354,0.1744022094275859
355,0.17440220031615367
356,0.1744021912324416
357,0.1744021821763249
358,0.17440217314768033
359,0.17440216414638537
360,0.17440215517231755
361,0.17440214622535577
362,0.17440213730537987
363,0.1744021284122694
364,0.17440211954590518
365,0.17440211070616896
366,0.174402101892943
367,0.17440209310610988
368,0.17440208434555335
369,0.1744020756111578
370,0.1744020669028078
371,0.17440205822038954
372,0.17440204956378852
373,0.17440204093289197
374,0.1744020323275877
375,0.1744020237477636
376,0.17440201519330856
377,0.17440200666411199
378,0.17440199816006433
379,0.1744019896810561
380,0.17440198122697873
381,0.17440197279772413
382,0.17440196439318514
383,0.17440195601325464
384,0.17440194765782652
385,0.17440193932679574
386,0.17440193102005663
387,0.17440192273750546
388,0.17440191447903788
389,0.1744019062445508
390,0.1744018980339421
391,0.17440188984710928
392,0.17440188168395088
393,0.1744018735443664
394,0.174401865428255
395,0.17440185733551727
396,0.1744018492660539
397,0.17440184121976646
398,0.17440183319655647
399,0.1744018251963267
400,0.1744018172189799
401,0.17440180926441984
402,0.17440180133255037
403,0.17440179342327625
404,0.17440178553650262
405,0.1744017776721349
406,0.17440176983007968
407,0.17440176201024354
408,0.1744017542125333
409,0.17440174643685702
410,0.17440173868312303
411,0.17440173095123992
412,0.17440172324111672
413,0.1744017155526636
414,0.17440170788579024
415,0.1744017002404078
416,0.17440169261642743
417,0.1744016850137604
418,0.17440167743231932
419,0.17440166987201677
420,0.17440166233276577
421,0.17440165481447983
422,0.17440164731707314
423,0.17440163984046025
424,0.1744016323845558
425,0.1744016249492758
426,0.17440161753453579
427,0.1744016101402519
428,0.17440160276634134
429,0.17440159541272116
430,0.1744015880793089
431,0.1744015807660231
432,0.174401573472782
433,0.17440156619950462
434,0.1744015589461105
435,0.17440155171251892
436,0.1744015444986513
437,0.17440153730442737
438,0.17440153012976853
439,0.17440152297459674
440,0.174401515838833
441,0.1744015087224008
442,0.17440150162522186
443,0.17440149454722023
444,0.1744014874883189
445,0.1744014804484424
446,0.17440147342751453
447,0.17440146642546042
448,0.1744014594422053
449,0.1744014524776745
450,0.17440144553179404
451,0.17440143860449056
452,0.17440143169569028
453,0.1744014248053209
454,0.17440141793330932
455,0.17440141107958373
456,0.1744014042440721
457,0.17440139742670335
458,0.1744013906274065
459,0.17440138384611048
460,0.17440137708274533
461,0.17440137033724099
462,0.17440136360952826
463,0.17440135689953712
464,0.17440135020719938
465,0.17440134353244618
466,0.17440133687520948
467,0.17440133023542162
468,0.17440132361301502
469,0.17440131700792263
470,0.17440131042007773
471,0.17440130384941346
472,0.17440129729586423
473,0.17440129075936378
474,0.1744012842398472
475,0.17440127773724895
476,0.1744012712515046
477,0.17440126478254953
478,0.17440125833031972
479,0.17440125189475117
480,0.1744012454757806
481,0.17440123907334484
482,0.174401232687381
483,0.17440122631782662
484,0.17440121996461913
485,0.1744012136276971
486,0.17440120730699876
487,0.17440120100246284
488,0.17440119471402835
489,0.17440118844163466
490,0.17440118218522113
491,0.17440117594472815
492,0.17440116972009553
493,0.17440116351126372
494,0.1744011573181742
495,0.17440115114076737
496,0.17440114497898498
497,0.1744011388327688
498,0.1744011327020604
499,0.17440112658680246
500,0.17440112048693696
501,0.1744011144024074
502,0.1744011083331564
503,0.17440110227912756
504,0.17440109624026448
505,0.174401090216511
506,0.17440108420781175
507,0.17440107821411063
508,0.17440107223535273
509,0.17440106627148305
510,0.17440106032244657
511,0.17440105438818906
512,0.17440104846865648
513,0.17440104256379468
514,0.17440103667355014
515,0.1744010307978694
516,0.1744010249366994
517,0.17440101908998698
518,0.17440101325767968
519,0.1744010074397252
520,0.17440100163607125
521,0.174400995846666
522,0.1744009900714578
523,0.1744009843103952
524,0.17440097856342737
525,0.17440097283050296
526,0.17440096711157146
527,0.1744009614065828
528,0.1744009557154863
529,0.17440095003823222
530,0.17440094437477088
531,0.17440093872505297
532,0.17440093308902896
533,0.17440092746664973
534,0.17440092185786704
535,0.1744009162626322
536,0.17440091068089653
537,0.1744009051126122
538,0.17440089955773153
539,0.17440089401620662
540,0.17440088848798993
541,0.17440088297303477
542,0.17440087747129362
543,0.17440087198272017
544,0.17440086650726763
545,0.1744008610448899
546,0.17440085559554055
547,0.17440085015917398
548,0.1744008447357446
549,0.17440083932520672
550,0.17440083392751493
551,0.1744008285426247
552,0.17440082317049083
553,0.1744008178110689
554,0.17440081246431427
555,0.17440080713018302
556,0.17440080180863082
557,0.17440079649961424
558,0.17440079120308927
559,0.1744007859190127
560,0.17440078064734127
561,0.1744007753880322
562,0.17440077014104233
563,0.1744007649063295
564,0.17440075968385077
565,0.17440075447356415
566,0.17440074927542776
567,0.17440074408939954
568,0.17440073891543778
569,0.17440073375350124
570,0.17440072860354844
571,0.17440072346553853
572,0.1744007183394306
573,0.17440071322518375
574,0.17440070812275732
575,0.17440070303211117
576,0.17440069795320517
577,0.17440069288599924
578,0.17440068783045365
579,0.17440068278652868
580,0.1744006777541849
581,0.1744006727333831
582,0.174400667724084
583,0.17440066272624888
584,0.17440065773983907
585,0.1744006527648156
586,0.1744006478011403
587,0.17440064284877493
588,0.1744006379076816
589,0.17440063297782205
590,0.1744006280591587
591,0.17440062315165417
592,0.17440061825527087
593,0.1744006133699716
594,0.17440060849571962
595,0.1744006036324772
596,0.17440059878020844
597,0.17440059393887633
598,0.1744005891084445
599,0.17440058428887706
600,0.17440057948013749
601,0.17440057468218978
602,0.17440056989499855
603,0.17440056511852806
604,0.17440056035274235
605,0.17440055559760687
606,0.17440055085308623
607,0.1744005461191449
608,0.1744005413957485
609,0.17440053668286243
610,0.17440053198045183
611,0.17440052728848238
612,0.17440052260692018
613,0.1744005179357304
614,0.17440051327487963
615,0.17440050862433396
616,0.17440050398405954
617,0.17440049935402338
618,0.17440049473419164
619,0.17440049012453088
620,0.17440048552500861
621,0.1744004809355912
622,0.17440047635624661
623,0.17440047178694176
624,0.174400467227644
625,0.17440046267832118
626,0.17440045813894087
627,0.17440045360947123
628,0.17440044908987995
629,0.17440044458013534
630,0.17440044008020583
631,0.17440043559005985
632,0.17440043110966572
633,0.17440042663899222
634,0.17440042217800839
635,0.17440041772668313
636,0.17440041328498515
637,0.17440040885288413
638,0.17440040443034932
639,0.17440040001735033
640,0.1744003956138565
641,0.17440039121983775
642,0.17440038683526363
643,0.17440038246010464
644,0.17440037809433043
645,0.1744003737379116
646,0.17440036939081835
647,0.17440036505302137
648,0.17440036072449097
649,0.17440035640519838
650,0.1744003520951139
651,0.1744003477942084
652,0.17440034350245384
653,0.1744003392198206
654,0.17440033494628057
655,0.17440033068180488
656,0.1744003264263655
657,0.17440032217993373
658,0.1744003179424814
659,0.17440031371398063
660,0.17440030949440352
661,0.17440030528372183
662,0.17440030108190846
663,0.17440029688893519
664,0.17440029270477503
665,0.17440028852940032
666,0.17440028436278393
667,0.17440028020489826
668,0.1744002760557171
669,0.17440027191521276
670,0.17440026778335857
671,0.17440026366012834
672,0.1744002595454948
673,0.17440025543943183
674,0.17440025134191298
675,0.17440024725291176
676,0.1744002431724023
677,0.1744002391003584
678,0.17440023503675373
679,0.17440023098156313
680,0.1744002269347604
681,0.17440022289631993
682,0.17440021886621632
683,0.17440021484442403
684,0.17440021083091767
685,0.17440020682567187
686,0.17440020282866195
687,0.17440019883986224
688,0.17440019485924874
689,0.17440019088679562
690,0.17440018692247866
691,0.17440018296627294
692,0.17440017901815458
693,0.1744001750780982
694,0.17440017114608
695,0.17440016722207555
696,0.17440016330606115
697,0.1744001593980123
698,0.174400155497905
699,0.17440015160571573
700,0.17440014772142026
701,0.17440014384499514
702,0.17440013997641685
703,0.17440013611566224
704,0.17440013226270712
705,0.17440012841752894
706,0.17440012458010404
707,0.1744001207504095
708,0.17440011692842197
709,0.17440011311411904
710,0.17440010930747743
711,0.17440010550847465
712,0.17440010171708786
713,0.17440009793329486
714,0.17440009415707242
715,0.17440009038839882
716,0.1744000866272512
717,0.17440008287360792
718,0.17440007912744643
719,0.17440007538874475
720,0.1744000716574811
721,0.17440006793363327
722,0.1744000642171797
723,0.17440006050809886
724,0.17440005680636855
725,0.17440005311196763
726,0.17440004942487455
727,0.17440004574506807
728,0.17440004207252674
729,0.17440003840722937
730,0.17440003474915472
731,0.1744000310982817
732,0.1744000274545898
733,0.17440002381805778
734,0.17440002018866468
735,0.1744000165663901
736,0.17440001295121316
737,0.17440000934311342
738,0.17440000574207018
739,0.1744000021480635
740,0.1743999985610727
741,0.17439999498107736
742,0.1743999914080576
743,0.17439998784199326
744,0.174399984282864
745,0.1743999807306504
746,0.1743999771853322
747,0.17439997364688986
748,0.1743999701153034
749,0.17439996659055337
750,0.17439996307262018
751,0.174399959561484
752,0.1743999560571259
753,0.1743999525595263
754,0.17439994906866582
755,0.17439994558452515
756,0.17439994210708545
757,0.1743999386363276
758,0.17439993517223268
759,0.17439993171478146
760,0.17439992826395553
761,0.17439992481973554
762,0.17439992138210322
763,0.17439991795103996
764,0.1743999145265268
765,0.17439991110854533
766,0.17439990769707758
767,0.17439990429210486
768,0.1743999008936087
769,0.17439989750157123
770,0.17439989411597395
771,0.17439989073679935
772,0.17439988736402823
773,0.17439988399764397
774,0.17439988063762818
775,0.17439987728396264
776,0.1743998739366302
777,0.17439987059561263
778,0.17439986726089274
779,0.17439986393245266
780,0.17439986061027501
781,0.17439985729434235
782,0.1743998539846375
783,0.17439985068114286
784,0.17439984738384126
785,0.17439984409271592
786,0.17439984080774887
787,0.1743998375289237
788,0.17439983425622352
789,0.1743998309896309
790,0.1743998277291293
791,0.1743998244747019
792,0.1743998212263316
793,0.1743998179840024
794,0.17439981474769733
795,0.17439981151739958
796,0.1743998082930929
797,0.1743998050747609
798,0.174399801862387
799,0.1743997986559552
800,0.17439979545544873
801,0.17439979226085195
802,0.1743997890721483
803,0.17439978588932198
804,0.17439978271235662
805,0.17439977954123634
806,0.17439977637594567
807,0.17439977321646832
808,0.1743997700627884
809,0.1743997669148905
810,0.17439976377275873
811,0.1743997606363776
812,0.17439975750573122
813,0.1743997543808045
814,0.1743997512615818
815,0.17439974814804765
816,0.1743997450401866
817,0.1743997419379837
818,0.17439973884142346
819,0.17439973575049053
820,0.17439973266517
821,0.17439972958544692
822,0.17439972651130597
823,0.1743997234427324
824,0.17439972037971108
825,0.17439971732222714
826,0.174399714270266
827,0.17439971122381284
828,0.17439970818285278
829,0.17439970514737133
830,0.17439970211735373
831,0.17439969909278544
832,0.17439969607365208
833,0.1743996930599392
834,0.1743996900516324
835,0.17439968704871697
836,0.17439968405117906
837,0.17439968105900425
838,0.17439967807217838
839,0.17439967509068707
840,0.17439967211451654
841,0.1743996691436526
842,0.1743996661780811
843,0.17439966321778838
844,0.1743996602627603
845,0.1743996573129831
846,0.17439965436844285
847,0.17439965142912575
848,0.1743996484950187
849,0.17439964556610718
850,0.17439964264237795
851,0.17439963972381758
852,0.17439963681041207
853,0.1743996339021485
854,0.17439963099901323
855,0.17439962810099272
856,0.17439962520807398
857,0.17439962232024314
858,0.17439961943748758
859,0.17439961655979366
860,0.17439961368714835
861,0.17439961081953842
862,0.17439960795695122
863,0.17439960509937366
864,0.17439960224679224
865,0.1743995993991943
866,0.17439959655656703
867,0.17439959371889757
868,0.17439959088617318
869,0.17439958805838096
870,0.17439958523550833
871,0.17439958241754233
872,0.1743995796044709
873,0.17439957679628065
874,0.17439957399295983
875,0.17439957119449556
876,0.17439956840087537
877,0.17439956561208667
878,0.17439956282811758
879,0.17439956004895546
880,0.1743995572745879
881,0.17439955450500325
882,0.17439955174018848
883,0.17439954898013219
884,0.17439954622482146
885,0.1743995434742449
886,0.17439954072839006
887,0.174399537987245
888,0.17439953525079815
889,0.1743995325190371
890,0.17439952979195017
891,0.17439952706952547
892,0.1743995243517512
893,0.17439952163861547
894,0.17439951893010694
895,0.1743995162262137
896,0.17439951352692407
897,0.17439951083222632
898,0.17439950814210917
899,0.1743995054565609
900,0.17439950277557023
901,0.17439950009912528
902,0.1743994974272149
903,0.174399494759828
904,0.17439949209695269
905,0.17439948943857805
906,0.1743994867846929
907,0.17439948413528564
908,0.17439948149034534
909,0.17439947884986068
910,0.17439947621382057
911,0.17439947358221422
912,0.17439947095503008
913,0.17439946833225753
914,0.17439946571388562
915,0.17439946309990328
916,0.17439946049029972
917,0.1743994578850636
918,0.17439945528418466
919,0.174399452687652
920,0.17439945009545488
921,0.17439944750758232
922,0.1743994449240239
923,0.17439944234476884
924,0.17439943976980654
925,0.17439943719912632
926,0.174399434632718
927,0.1743994320705706
928,0.1743994295126739
929,0.1743994269590176
930,0.17439942440959097
931,0.17439942186438379
932,0.17439941932338549
933,0.17439941678658633
