1,0.17335838158330139
2,0.17328349353309014
3,0.17321313625581647
4,0.17314524985640878
5,0.1730789559411434
6,0.1730138780635164
7,0.1729498521534278
8,0.17288680332784861
9,0.17282469406475084
10,0.17276350251174263
11,0.172703213410536
12,0.17264381428522693
13,0.1725852938293598
14,0.1725276412166257
15,0.17247084580362554
16,0.17241489700168983
17,0.17235978422314036
18,0.1723054968611583
19,0.1722520242852156
20,0.17219935584385498
21,0.1721474808709421
22,0.1720963886934946
23,0.17204606864012473
24,0.17199651004959288
25,0.1719477022792074
26,0.1718996347129252
27,0.1718522967690842
28,0.17180567790772958
29,0.17175976763751777
30,0.17171455552220635
31,0.17167003118672633
32,0.17162618432285248
33,0.17158300469448395
34,0.17154048214254508
35,0.17149860658952992
36,0.17145736804369216
37,0.17141675660290592
38,0.1713767624582085
39,0.17133737589703407
40,0.17129858730616215
41,0.17126038717438424
42,0.17122276609490977
43,0.17118571476751854
44,0.17114922400047564
45,0.17111328471221943
46,0.17107788793283435
47,0.17104302480531983
48,0.17100868658666774
49,0.1709748646487545
50,0.1709415504790651
51,0.17090873568125214
52,0.17087641197554257
53,0.17084457119899987
54,0.1708132053056534
55,0.1707823063664981
56,0.1707518665693765
57,0.17072187821874926
58,0.17069233373536313
59,0.1706632256558186
60,0.1706345466320519
61,0.17060628943072806
62,0.17057844693256033
63,0.1705510121315551
64,0.17052397813419096
65,0.1704973381585359
66,0.17047108553331025
67,0.17044521369689467
68,0.17041971619629284
69,0.17039458668605248
70,0.17036981892714467
71,0.1703454067858103
72,0.17032134423237358
73,0.17029762534002998
74,0.17027424428360502
75,0.17025119533829616
76,0.17022847287839157
77,0.17020607137597596
78,0.17018398539962046
79,0.1701622096130618
80,0.17014073877387287
81,0.17011956773212522
82,0.17009869142904868
83,0.17007810489568403
84,0.1700578032515379
85,0.17003778170323572
86,0.17001803554317635
87,0.16999856014819145
88,0.16997935097820557
89,0.1699604035749061
90,0.169941713560415
91,0.16992327663597284
92,0.169905088580628
93,0.16988714524993628
94,0.16986944257467132
95,0.16985197655954504
96,0.1698347432819408
97,0.1698177388906558
98,0.16980095960466096
99,0.16978440171187012
100,0.16976806156792412
101,0.16975193559498938
102,0.16973602028057133
103,0.1697203121763403
104,0.16970480789697495
105,0.16968950411902034
106,0.16967439757975966
107,0.16965948507610418
108,0.16964476346349805
109,0.169630229654837
110,0.1696158806194065
111,0.1696017133818329
112,0.16958772502105252
113,0.1695739126692956
114,0.16956027351108666
115,0.16954680478226158
116,0.16953350376899964
117,0.16952036780687194
118,0.1695073942799063
119,0.16949458061966602
120,0.16948192430434658
121,0.16946942285788674
122,0.16945707384909495
123,0.16944487489079146
124,0.16943282363896597
125,0.16942091779194815
126,0.16940915508959775
127,0.16939753331250315
128,0.16938605028119963
129,0.16937470385539977
130,0.16936349193323785
131,0.16935241245052904
132,0.16934146338004236
133,0.16933064273078685
134,0.16931994854731108
135,0.16930937890901784
136,0.1692989319294876
137,0.169288605755821
138,0.16927839856798738
139,0.16926830857819172
140,0.16925833403024915
141,0.16924847319897549
142,0.16923872438958598
143,0.1692290859371091
144,0.16921955620580992
145,0.16921013358862508
146,0.1692008165066082
147,0.1691916034083894
148,0.1691824927696405
149,0.16917348309255562
150,0.1691645729053386
151,0.16915576076170336
152,0.16914704524038102
153,0.16913842494464074
154,0.1691298985018165
155,0.16912146456284663
156,0.1691131218018191
157,0.16910486891552917
158,0.16909670462304421
159,0.16908862766527666
160,0.1690806368045682
161,0.1690727308242794
162,0.16906490852838885
163,0.16905716874110163
164,0.16904951030646337
165,0.16904193208798254
166,0.16903443296826312
167,0.16902701184864077
168,0.1690196676488291
169,0.1690123993065719
170,0.16900520577730307
171,0.16899808603381197
172,0.16899103906591809
173,0.1689840638801498
174,0.16897715949943132
175,0.16897032496277445
176,0.1689635593249783
177,0.1689568616563341
178,0.16895023104233517
179,0.16894366658339452
180,0.1689371673945679
181,0.1689307326052802
182,0.16892436135905992
183,0.16891805281327774
184,0.1689118061388921
185,0.16890562052019542
186,0.16889949515457234
187,0.16889342925225595
188,0.16888742203609286
189,0.16888147274131252
190,0.16887558061530064
191,0.16886974491737677
192,0.16886396491857694
193,0.16885823990144086
194,0.16885256915980257
195,0.1688469519985856
196,0.1688413877336029
197,0.16883587569136
198,0.1688304152088621
199,0.1688250056334248
200,0.16881964632248986
201,0.16881433664344303
202,0.16880907597343625
203,0.16880386369921346
204,0.1687986992169394
205,0.16879358193203303
206,0.16878851125900135
207,0.16878348662128065
208,0.16877850745107661
209,0.16877357318921143
210,0.1687686832849704
211,0.16876383719595445
212,0.1687590343879338
213,0.16875427433470483
214,0.1687495565179499
215,0.16874488042710084
216,0.16874024555920225
217,0.16873565141878133
218,0.16873109751771673
219,0.16872658337511273
220,0.16872210851717345
221,0.16871767247708075
222,0.1687132747948757
223,0.16870891501733953
224,0.16870459269787813
225,0.1687003073964111
226,0.1686960586792575
227,0.16869184611902946
228,0.16868766929452544
229,0.1686835277906243
230,0.16867942119818277
231,0.16867534911393564
232,0.16867131114039574
233,0.16866730688575782
234,0.16866333596380312
235,0.16865939799380567
236,0.16865549260044066
237,0.16865161941369583
238,0.1686477780687813
239,0.16864396820604446
240,0.16864018947088438
241,0.1686364415136687
242,0.16863272398965198
243,0.16862903655889477
244,0.1686253788861858
245,0.16862175064096402
246,0.16861815149724285
247,0.168614581133535
248,0.16861103923278145
249,0.1686075254822769
250,0.16860403957360137
251,0.16860058120255006
252,0.16859715006906592
253,0.16859374587717277
254,0.1685903683349098
255,0.16858701715426747
256,0.1685836920511241
257,0.16858039274518463
258,0.16857711895991892
259,0.16857387042250324
260,0.16857064686375953
261,0.16856744801809995
262,0.16856427362346946
263,0.16856112342129037
264,0.16855799715640743
265,0.1685548945770345
266,0.16855181543470218
267,0.1685487594842062
268,0.16854572648355523
269,0.16854271619392364
270,0.1685397283796002
271,0.16853676280794022
272,0.16853381924932004
273,0.1685308974770883
274,0.16852799726752235
275,0.1685251183997818
276,0.1685222606558649
277,0.16851942382056598
278,0.16851660768143253
279,0.16851381202872248
280,0.16851103665536457
281,0.16850828135691798
282,0.16850554593153053
283,0.16850283017990275
284,0.16850013390524718
285,0.16849745691325194
286,0.16849479901204342
287,0.16849216001215014
288,0.1684895397264664
289,0.16848693797021777
290,0.16848435456092614
291,0.1684817893183759
292,0.1684792420645813
293,0.1684767126237522
294,0.16847420082226264
295,0.1684717064886193
296,0.16846922945342996
297,0.16846676954937315
298,0.16846432661116728
299,0.16846190047554166
300,0.16845949098120755
301,0.1684570979688292
302,0.1684547212809951
303,0.16845236076219094
304,0.1684500162587727
305,0.16844768761893844
306,0.16844537469270338
307,0.16844307733187328
308,0.16844079539001897
309,0.16843852872245166
310,0.16843627718619728
311,0.16843404063997297
312,0.16843181894416379
313,0.16842961196079764
314,0.16842741955352297
315,0.16842524158758715
316,0.16842307792981148
317,0.1684209284485718
318,0.1684187930137751
319,0.1684166714968388
320,0.16841456377067074
321,0.1684124697096459
322,0.16841038918958953
323,0.16840832208775408
324,0.16840626828280167
325,0.16840422765478308
326,0.16840220008512075
327,0.1684001854565875
328,0.16839818365328965
329,0.16839619456064903
330,0.16839421806538452
331,0.16839225405549385
332,0.16839030242023761
333,0.16838836305012136
334,0.1683864358368785
335,0.16838452067345402
336,0.16838261745399
337,0.16838072607380525
338,0.16837884642938405
339,0.16837697841835764
340,0.16837512193949017
341,0.16837327689266346
342,0.16837144317886088
343,0.1683696207001546
344,0.16836780935968984
345,0.1683660090616701
346,0.1683642197113444
347,0.16836244121499214
348,0.16836067347991043
349,0.1683589164143986
350,0.16835716992774688
351,0.16835543393022143
352,0.16835370833305183
353,0.16835199304841703
354,0.16835028798943247
355,0.16834859307013686
356,0.16834690820547898
357,0.1683452333113024
358,0.16834356830433345
359,0.16834191310216579
360,0.1683402676232443
361,0.1683386317868482
362,0.16833700551307434
363,0.16833538872281448
364,0.16833378133772986
365,0.168332183280222
366,0.1683305944733901
367,0.16832901484097906
368,0.1683274443072997
369,0.1683258827971111
370,0.16832433023543825
371,0.1683227865472584
372,0.16832125165695336
373,0.1683197254872614
374,0.16831820795711708
375,0.16831669897672175
376,0.16831519843468581
377,0.16831370615776833
378,0.16831222174474655
379,0.16831074346310124
380,0.16830924560939528
381,0.17275545997487463
382,0.17235353564550845
383,0.17049320730787318
384,0.1696154913696329
385,0.1692715057487369
386,0.1691537177166601
387,0.16911703475827772
388,0.16910642579234475
389,0.1691035765794936
390,0.16910287517233424
391,0.16910270733187857
392,0.16910264104282308
393,0.16910257493349765
394,0.1691024931082017
395,0.16910239829637033
396,0.16910229524107928
397,0.16910218744096023
398,0.1691020770510597
399,0.16910196530896637
400,0.16910185290267754
401,0.1691017402084723
402,0.16910162743037652
403,0.16910151467846962
404,0.16910140201194634
405,0.16910128946253825
406,0.1691011770471833
407,0.16910106477486112
408,0.16910095265026903
409,0.1691008406758038
410,0.1691007288526261
411,0.16910061718123123
412,0.16910050566175802
413,0.1691003942941536
414,0.16910028307826258
415,0.1691001720138747
416,0.16910006110074985
417,0.16909995033863326
418,0.16909983972726184
419,0.16909972926636863
420,0.16909961895568432
421,0.16909950879493918
422,0.16909939878386324
423,0.16909928892218695
424,0.16909917920964063
425,0.16909906964595567
426,0.16909896023086404
427,0.16909885096409707
428,0.169098741845388
429,0.16909863287447036
430,0.16909852405107786
431,0.1690984153749446
432,0.1690983068458061
433,0.1690981984633978
434,0.1690980902274556
435,0.1690979821377166
436,0.16909787419391792
437,0.1690977663957971
438,0.169097658743093
439,0.16909755123554504
440,0.16909744387289186
441,0.16909733665487361
442,0.16909722958123147
443,0.1690971226517068
444,0.1690970158660405
445,0.16909690922397552
446,0.16909680272525474
447,0.16909669636962188
448,0.1690965901568198
449,0.16909648408659425
450,0.16909637815868955
451,0.16909627237285185
452,0.16909616672882688
453,0.16909606122636137
454,0.16909595586520335
455,0.16909585064509983
456,0.16909574556579904
457,0.1690956406270505
458,0.16909553582860293
459,0.1690954311702067
460,0.16909532665161234
461,0.1690952222725708
462,0.16909511803283328
463,0.16909501393215262
464,0.16909490997028068
465,0.169094806146971
466,0.1690947024619771
467,0.16909459891505302
468,0.1690944955059538
469,0.1690943922344344
470,0.16909428910025084
471,0.16909418610315946
472,0.16909408324291658
473,0.16909398051928
474,0.16909387793200706
475,0.16909377548085677
476,0.16909367316558743
477,0.16909357098595873
478,0.16909346894173052
479,0.16909336703266306
480,0.16909326525851734
481,0.16909316361905488
482,0.16909306211403738
483,0.16909296074322747
484,0.1690928595063881
485,0.16909275840328267
486,0.1690926574336751
487,0.16909255659732964
488,0.16909245589401162
489,0.16909235532348635
490,0.16909225488551943
491,0.1690921545798779
492,0.16909205440632818
493,0.16909195436463814
494,0.16909185445457525
495,0.1690917546759083
496,0.1690916550284062
497,0.16909155551183794
498,0.16909145612597348
499,0.16909135687058355
500,0.16909125774543896
501,0.16909115875031078
502,0.16909105988497078
503,0.16909096114919175
504,0.16909086254274594
505,0.16909076406540702
506,0.16909066571694864
507,0.16909056749714474
508,0.16909046940577063
509,0.16909037144260056
510,0.16909027360741094
511,0.16909017589997774
512,0.16909007832007747
513,0.1690899808674872
514,0.16908988354198468
515,0.16908978634334731
516,0.16908968927135437
517,0.16908959232578416
518,0.1690894955064166
519,0.16908939881303103
520,0.16908930224540844
521,0.1690892058033289
522,0.16908910948657427
523,0.169089013294926
524,0.16908891722816657
525,0.16908882128607786
526,0.1690887254684439
527,0.16908862977504752
528,0.16908853420567324
529,0.1690884387601052
530,0.1690883434381282
531,0.16908824823952792
532,0.16908815316409007
533,0.1690880582116012
534,0.16908796338184734
535,0.16908786867461628
536,0.16908777408969508
537,0.16908767962687227
538,0.16908758528593626
539,0.1690874910666757
540,0.16908739696888017
541,0.16908730299233954
542,0.16908720913684405
543,0.16908711540218452
544,0.16908702178815152
545,0.16908692829453764
546,0.16908683492113352
547,0.16908674166773285
548,0.1690866485341281
549,0.16908655552011248
550,0.1690864626254794
551,0.16908636985002368
552,0.1690862771935395
553,0.16908618465582204
554,0.16908609223666676
555,0.16908599993586965
556,0.16908590775322663
557,0.1690858156885349
558,0.16908572374159145
559,0.16908563191219378
560,0.1690855402001398
561,0.16908544860522848
562,0.16908535712725825
563,0.16908526576602786
564,0.16908517452133792
565,0.16908508339298833
566,0.16908499238077887
567,0.16908490148451122
568,0.1690848107039865
569,0.16908472003900646
570,0.16908462948937328
571,0.16908453905488974
572,0.1690844487353585
573,0.16908435853058276
574,0.16908426844036695
575,0.16908417846451484
576,0.1690840886028311
577,0.1690839988551209
578,0.16908390922118954
579,0.16908381970084296
580,0.16908373029388743
581,0.16908364100012907
582,0.1690835518193757
583,0.16908346275143402
584,0.1690833737961123
585,0.1690832849532188
586,0.16908319622256182
587,0.16908310760395076
588,0.16908301909719478
589,0.16908293070210356
590,0.16908284241848764
591,0.1690827542461577
592,0.16908266618492407
593,0.16908257823459885
594,0.16908249039499343
595,0.1690824026659197
596,0.16908231504719085
597,0.16908222753861954
598,0.16908214014001877
599,0.16908205285120248
600,0.16908196567198508
601,0.16908187860218038
602,0.16908179164160342
603,0.1690817047900698
604,0.16908161804739466
605,0.1690815314133941
606,0.16908144488788496
607,0.16908135847068337
608,0.1690812721616066
609,0.16908118596047242
610,0.16908109986709846
611,0.16908101388130278
612,0.16908092800290428
613,0.1690808422317217
614,0.169080756567575
615,0.16908067101028312
616,0.16908058555966654
617,0.16908050021554583
618,0.16908041497774146
619,0.16908032984607504
620,0.16908024482036763
621,0.16908015990044203
622,0.16908007508611972
623,0.16907999037722352
624,0.1690799057735767
625,0.16907982127500243
626,0.16907973688132458
627,0.16907965259236699
628,0.16907956840795482
629,0.16907948432791214
630,0.16907940035206429
631,0.169079316480237
632,0.16907923271225608
633,0.16907914904794805
634,0.16907906548713886
635,0.16907898202965613
636,0.16907889867532683
637,0.1690788154239786
638,0.1690787322754399
639,0.1690786492295384
640,0.1690785662861034
641,0.16907848344496348
642,0.16907840070594815
643,0.1690783180688876
644,0.16907823553361181
645,0.1690781530999506
646,0.16907807076773546
647,0.1690779885367973
648,0.16907790640696774
649,0.16907782437807803
650,0.16907774244996113
651,0.16907766062244922
652,0.16907757889537484
653,0.16907749726857169
654,0.1690774157418727
655,0.16907733431511243
656,0.16907725298812445
657,0.1690771717607434
658,0.16907709063280452
659,0.16907700960414287
660,0.16907692867459362
661,0.16907684784399324
662,0.1690767671121772
663,0.16907668647898283
664,0.16907660594424645
665,0.1690765255078055
666,0.16907644516949744
667,0.16907636492915976
668,0.16907628478663125
669,0.16907620474174972
670,0.1690761247943546
671,0.1690760449442851
672,0.16907596519138016
673,0.16907588553547992
674,0.1690758059764246
675,0.1690757265140543
676,0.16907564714821005
677,0.16907556787873282
678,0.16907548870546407
679,0.16907540962824574
680,0.16907533064691954
681,0.1690752517613277
682,0.16907517297131347
683,0.1690750942767193
684,0.16907501567738903
685,0.16907493717316602
686,0.1690748587638939
687,0.1690747804494171
688,0.16907470222958065
689,0.16907462410422883
690,0.1690745460732074
691,0.1690744681363612
692,0.16907439029353677
693,0.16907431254457972
694,0.1690742348893365
695,0.16907415732765393
696,0.16907407985937914
697,0.1690740024843594
698,0.16907392520244255
699,0.16907384801347625
700,0.16907377091730913
701,0.16907369391378907
702,0.16907361700276585
703,0.16907354018408785
704,0.16907346345760518
705,0.16907338682316733
706,0.16907331028062408
707,0.1690732338298264
708,0.16907315747062457
709,0.16907308120286962
710,0.16907300502641287
711,0.1690729289411059
712,0.1690728529468003
713,0.1690727770433488
714,0.16907270123060344
715,0.16907262550841684
716,0.1690725498766424
717,0.16907247433513323
718,0.1690723988837429
719,0.16907232352232557
720,0.16907224825073527
721,0.16907217306882655
722,0.16907209797645414
723,0.16907202297347287
724,0.16907194805973874
725,0.16907187323510695
726,0.16907179849943335
727,0.16907172385257455
728,0.16907164929438664
729,0.1690715748247265
730,0.16907150044345143
731,0.16907142615041854
732,0.1690713519454856
733,0.16907127782851059
734,0.16907120379935134
735,0.16907112985786704
736,0.1690710560039155
737,0.16907098223735673
738,0.16907090855804927
739,0.16907083496585312
740,0.16907076146062835
741,0.16907068804223468
742,0.16907061471053245
743,0.16907054146538303
744,0.16907046830664663
745,0.16907039523418513
746,0.16907032224785967
747,0.16907024934753215
748,0.16907017653306472
749,0.1690701038043196
750,0.1690700311611595
751,0.16906995860344728
752,0.1690698861310461
753,0.16906981374381944
754,0.16906974144163073
755,0.16906966922434427
756,0.16906959709182406
757,0.16906952504393483
758,0.16906945308054108
759,0.16906938120150827
760,0.1690693094067009
761,0.1690692376959853
762,0.16906916606922703
763,0.16906909452629193
764,0.1690690230670469
