1,0.2149453014731319
2,0.21421972111611653
3,0.21403287731081133
4,0.2137534241277924
5,0.2132786975897556
6,0.2122967479961953
7,0.20908989843308529
8,0.18580543426355575
9,0.17087879871881137
10,0.17084388662980488
11,0.17081391382210007
12,0.17078660227074327
13,0.17076166618908736
14,0.17073885295074784
15,0.17071793939523375
16,0.17069872844163164
17,0.17068104600369732
18,0.17066473821611794
19,0.17064966896449185
20,0.17063571770134953
21,0.17062277752513108
22,0.17061075349678792
23,0.17059956116849204
24,0.17058912529995626
25,0.1705793787396125
26,0.17057026144993526
27,0.1705617196583691
28,0.17055370511742937
29,0.17054617445954212
30,0.17053908863400982
31,0.17053241241514844
32,0.17052611397208273
33,0.17052016449198695
34,0.17051453784967308
35,0.1705092103173972
36,0.17050416030960758
37,0.17049936815807765
38,0.17049481591349297
39,0.17049048717010107
40,0.1704863669104968
41,0.17048244136800944
42,0.1704786979044981
43,0.17047512490166128
44,0.17047171166421046
45,0.1704684483334785
46,0.17046532581021917
47,0.17046233568551486
48,0.17045947017884844
49,0.1704567220825114
50,0.17045408471163045
51,0.17045155185918093
52,0.17044911775542493
53,0.1704467770313005
54,0.17044452468532112
55,0.1704423560536152
56,0.17044026678276955
57,0.17043825280518593
58,0.17043631031668569
59,0.17043443575613634
60,0.1704326257868926
61,0.17043087727987202
62,0.1704291872981017
63,0.1704275530825944
64,0.1704259720394228
65,0.17042444172787893
66,0.170422959849618
67,0.17042152423868737
68,0.17042013285237
69,0.1704187837627568
70,0.17041747514898942
71,0.17041620529010829
72,0.17041497255845853
73,0.17041377541359717
74,0.17041261239666552
75,0.17041148212518045
76,0.17041038328821426
77,0.17040931464192677
78,0.17040827500542333
79,0.1704072632569082
80,0.17040627833011332
81,0.17040531921097823
82,0.1704043849345592
83,0.1704034745821548
84,0.1704025872786239
85,0.17040172218988806
86,0.17040087852059893
87,0.17040005551196186
88,0.1703992524396997
89,0.1703984686121526
90,0.17039770336849594
91,0.17039695607707603
92,0.17039622613384636
93,0.17039551296090616
94,0.17039481600512604
95,0.17039413473685996
96,0.17039346864873514
97,0.1703928172545142
98,0.1703921800880257
99,0.17039155670215922
100,0.17039094666791701
101,0.17039034957352278
102,0.1703897650235808
103,0.17038919263828453
104,0.17038863205266755
105,0.1703880829158993
106,0.1703875448906178
107,0.17038701765230121
108,0.17038650088867244
109,0.17038599429913667
110,0.1703854975942488
111,0.17038501049520996
112,0.17038453273339058
113,0.1703840640498779
114,0.17038360419504786
115,0.17038315292815823
116,0.17038271001696445
117,0.17038227523735255
118,0.17038184837299308
119,0.17038142921500998
120,0.17038101756166812
121,0.17038061321807593
122,0.17038021599589986
123,0.1703798257130972
124,0.17037944219365872
125,0.17037906526736368
126,0.17037869476954845
127,0.17037833054088464
128,0.1703779724271667
129,0.17037762027911305
130,0.1703772739521709
131,0.17037693330633585
132,0.1703765982059755
133,0.17037626851966212
134,0.1703759441200148
135,0.17037562488354618
136,0.17037531069051537
137,0.17037500142479253
138,0.1703746969737218
139,0.1703743972279968
140,0.1703741020815368
141,0.17037381143137198
142,0.17037352517753032
143,0.1703732432229321
144,0.17037296547328531
145,0.1703726918369904
146,0.17037242222504356
147,0.17037215655094884
148,0.17037189473062905
149,0.1703716366823455
150,0.17037138232661644
151,0.17037113158614162
152,0.17037088438572884
153,0.17037064065222274
154,0.17037040031443804
155,0.17037016330309418
156,0.17036992955075209
157,0.17036969899175608
158,0.17036947156217364
159,0.17036924719974184
160,0.17036902584381294
161,0.17036880743530308
162,0.1703685919166426
163,0.17036837923172926
164,0.1703681693258813
165,0.17036796214579417
166,0.1703677576394973
167,0.1703675557563134
168,0.17036735644681875
169,0.17036715966280608
170,0.1703669653572459
171,0.17036677348425291
172,0.17036658399905216
173,0.1703663968579431
174,0.17036621201827137
175,0.1703660294383962
176,0.17036584907766059
177,0.17036567089636476
178,0.17036549485573552
179,0.17036532091790227
180,0.17036514904586963
181,0.17036497920349303
182,0.17036481135545525
183,0.17036464546724217
184,0.1703644815051207
185,0.1703643194361175
186,0.17036415922799747
187,0.170364000849243
188,0.17036384426903525
189,0.17036368945723476
190,0.17036353638436286
191,0.17036338502158385
192,0.17036323534068754
193,0.17036308731407396
194,0.17036294091473517
195,0.1703627961162402
196,0.17036265289272048
197,0.1703625112188557
198,0.17036237106985722
199,0.17036223242145654
200,0.1703620952498911
201,0.17036195953189073
202,0.1703618252446656
203,0.17036169236589516
204,0.1703615608737141
205,0.17036143074670151
206,0.17036130196387161
207,0.17036117450466023
208,0.17036104834891594
209,0.17036092347688966
210,0.1703607998692247
211,0.1703606775069467
212,0.17036055637145467
213,0.17036043644451218
214,0.17036031770823873
215,0.1703602001450999
216,0.17036008373790057
217,0.17035996846977616
218,0.17035985432418474
219,0.17035974128490025
220,0.1703596293360029
221,0.1703595184618757
222,0.17035940864719318
223,0.17035929987691795
224,0.17035919213629205
225,0.17035908541083192
226,0.17035897968632105
227,0.17035887494880425
228,0.17035877118458245
229,0.17035866838020558
230,0.17035856652246814
231,0.1703584655984027
232,0.17035836559527573
233,0.17035826650058142
234,0.17035816830203737
235,0.17035807098757944
236,0.17035797454535626
237,0.17035787896372637
238,0.17035778423125086
239,0.17035769033669224
240,0.1703575972690075
241,0.17035750501734528
242,0.17035741357104178
243,0.17035732291961544
244,0.17035723305276507
245,0.17035714396036444
246,0.17035705563245954
247,0.1703569680592642
248,0.1703568812311572
249,0.1703567951386789
250,0.17035670977252726
251,0.17035662512355507
252,0.1703565411827668
253,0.17035645794131513
254,0.17035637539049883
255,0.17035629352175802
256,0.1703562123266737
257,0.1703561317969625
258,0.17035605192447584
259,0.17035597270119615
260,0.17035589411923516
261,0.17035581617082962
262,0.17035573884834138
263,0.17035566214425246
264,0.17035558605116485
265,0.17035551056179574
266,0.17035543566897776
267,0.17035536136565502
268,0.17035528764488192
269,0.17035521449982066
270,0.17035514192373852
271,0.1703550699100076
272,0.17035499845210034
273,0.1703549275435908
274,0.17035485717814897
275,0.1703547873495426
276,0.17035471805163246
277,0.17035464927837268
278,0.17035458102380815
279,0.1703545132820722
280,0.1703544460473864
281,0.17035437931405767
282,0.1703543130764773
283,0.17035424732911922
284,0.17035418206653927
285,0.1703541172833718
286,0.17035405297433054
287,0.17035398913420577
288,0.17035392575786307
289,0.1703538628402423
290,0.17035380037635636
291,0.17035373836128978
292,0.17035367679019656
293,0.17035361565830043
294,0.17035355496089274
295,0.17035349469333175
296,0.17035343485104043
297,0.1703533754295071
298,0.17035331642428186
299,0.17035325783097854
300,0.17035319964527093
301,0.17035314186289294
302,0.17035308447963773
303,0.1703530274913566
304,0.17035297089395635
305,0.17035291468340183
306,0.17035285885571147
307,0.1703528034069583
308,0.17035274833326905
309,0.1703526936308217
310,0.17035263929584643
311,0.1703525853246233
312,0.17035253171348322
313,0.17035247845880527
314,0.17035242555701627
315,0.17035237300459152
316,0.17035232079805143
317,0.17035226893396327
318,0.17035221740893952
319,0.1703521662196355
320,0.17035211536275166
321,0.17035206483503065
322,0.1703520146332575
323,0.17035196475425846
324,0.17035191519490092
325,0.1703518659520923
326,0.1703518170227798
327,0.17035176840394906
328,0.17035172009262511
329,0.17035167208586935
330,0.17035162438078133
331,0.17035157697449654
332,0.17035152986418686
333,0.1703514830470592
334,0.17035143652035561
335,0.17035139028135274
336,0.17035134432736024
337,0.1703512986557215
338,0.17035125326381287
339,0.1703512081490429
340,0.17035116330885122
341,0.17035111874071007
342,0.17035107444212133
343,0.17035103041061775
344,0.17035098664376172
345,0.1703509431391455
346,0.17035089989438998
347,0.17035085690714455
348,0.17035081417508782
349,0.17035077169592405
350,0.17035072946738716
351,0.17035068748723628
352,0.17035064575325753
353,0.17035060426326334
354,0.17035056301509263
355,0.17035052200660775
356,0.17035048123569785
357,0.1703504407002761
358,0.1703504003982799
359,0.1703503603276703
360,0.17035032048643245
361,0.17035028087257495
362,0.17035024148412856
363,0.17035020231914705
364,0.17035016337570671
365,0.17035012465190505
366,0.17035008614586228
367,0.1703500478557188
368,0.1703500097796369
369,0.1703499719157994
370,0.17034993426240916
371,0.17034989681768994
372,0.17034985957988505
373,0.17034982254725686
374,0.17034978571808815
375,0.17034974909067985
376,0.1703497126633521
377,0.17034967643444357
378,0.1703496404023116
379,0.17034960456533063
380,0.17034956892189362
381,0.17034953347041148
382,0.17034949820931133
383,0.170349463137038
384,0.17034942825205343
385,0.17034939355283535
386,0.17034935903787896
387,0.17034932470569503
388,0.17034929055481035
389,0.17034925658376776
390,0.17034922279112527
391,0.17034918917545577
392,0.17034915573534892
393,0.1703491224694076
394,0.17034908937625068
395,0.17034905645451043
396,0.17034902370283478
397,0.17034899111988483
398,0.17034895870433603
399,0.1703489264548777
400,0.1703488943702126
401,0.17034886244905714
402,0.1703488306901411
403,0.17034879909220688
404,0.17034876765401005
405,0.17034873637431966
406,0.17034870525191623
407,0.17034867428559375
408,0.17034864347415737
409,0.17034861281642577
410,0.17034858231122835
411,0.17034855195740728
412,0.1703485217538161
413,0.17034849169931926
414,0.1703484617927937
415,0.17034843203312702
416,0.17034840241921798
417,0.17034837294997626
418,0.17034834362432227
419,0.17034831444118798
420,0.17034828539951477
421,0.17034825649825489
422,0.17034822773637112
423,0.17034819911283727
424,0.17034817062663482
425,0.17034814227675726
426,0.1703481140622072
427,0.17034808598199735
428,0.17034805803514938
429,0.17034803022069472
430,0.1703480025376745
431,0.17034797498513843
432,0.17034794756214613
433,0.17034792026776535
434,0.1703478931010738
435,0.17034786606115668
436,0.17034783914710924
437,0.17034781235803478
438,0.17034778569304468
439,0.17034775915125963
440,0.17034773273180795
441,0.17034770643382605
442,0.17034768025645847
443,0.17034765419885942
444,0.17034762826018787
445,0.17034760243961378
446,0.17034757673631273
447,0.17034755114946903
448,0.170347525678274
449,0.17034750032192672
450,0.1703474750796335
451,0.17034744995060846
452,0.17034742493407207
453,0.17034740002925253
454,0.17034737523538498
455,0.17034735055171146
456,0.1703473259774808
457,0.17034730151194932
458,0.17034727715437903
459,0.1703472529040397
460,0.17034722876020666
461,0.1703472047221624
462,0.17034718078919553
463,0.1703471569606019
464,0.17034713323568226
465,0.1703471096137446
466,0.17034708609410237
467,0.17034706267607627
468,0.17034703935899162
469,0.17034701614218054
470,0.1703469930249812
471,0.1703469700067366
472,0.1703469470867967
473,0.17034692426451667
474,0.17034690153925694
475,0.17034687891038394
476,0.17034685637726973
477,0.1703468339392916
478,0.1703468115958318
479,0.17034678934627917
480,0.17034676719002678
481,0.17034674512647313
482,0.1703467231550221
483,0.17034670127508236
484,0.170346679486068
485,0.17034665778739805
486,0.17034663617849638
487,0.17034661465879203
488,0.17034659322771808
489,0.1703465718847135
490,0.17034655062922097
491,0.170346529460689
492,0.17034650837856993
493,0.17034648738232072
494,0.17034646647140317
495,0.17034644564528378
496,0.17034642490343327
497,0.17034640424532585
498,0.17034638367044205
499,0.1703463631782649
500,0.17034634276828273
501,0.17034632243998793
502,0.17034630219287672
503,0.17034628202645008
504,0.1703462619402124
505,0.1703462419336727
506,0.17034622200634295
507,0.17034620215774118
508,0.1703461823873876
509,0.17034616269480615
510,0.17034614307952625
511,0.1703461235410798
512,0.17034610407900294
513,0.1703460846928356
514,0.17034606538212055
515,0.17034604614640572
516,0.1703460269852421
517,0.17034600789818302
518,0.17034598888478758
519,0.17034596994461684
520,0.17034595107723588
521,0.17034593228221254
522,0.17034591355911935
523,0.17034589490753146
524,0.17034587632702675
525,0.1703458578171881
526,0.17034583937760028
527,0.17034582100785142
528,0.1703458027075334
529,0.1703457844762413
530,0.17034576631357276
531,0.17034574821912904
532,0.1703457301925142
533,0.1703457122333359
534,0.1703456943412038
535,0.17034567651573193
536,0.1703456587565361
537,0.17034564106323566
538,0.1703456234354527
539,0.1703456058728124
540,0.17034558837494243
541,0.17034557094147357
542,0.1703455535720391
543,0.1703455362662759
544,0.17034551902382217
545,0.17034550184432043
546,0.17034548472741448
547,0.17034546767275122
548,0.17034545067998066
549,0.17034543374875508
550,0.17034541687872887
551,0.1703454000695593
552,0.17034538332090687
553,0.17034536663243277
554,0.17034535000380255
555,0.17034533343468236
556,0.17034531692474222
557,0.1703453004736531
558,0.17034528408108862
559,0.17034526774672512
560,0.17034525147024016
561,0.17034523525131332
562,0.17034521908962616
563,0.17034520298486178
564,0.1703451869367048
565,0.17034517094484072
566,0.1703451550089555
567,0.17034513912873508
568,0.1703451233038656
569,0.1703451075340303
570,0.17034509181890808
571,0.1703450761581731
572,0.17034506055148604
573,0.17034504499849001
574,0.1703450294987936
575,0.1703450140519465
576,0.17034499865738503
577,0.17034498331431197
578,0.17034496802139146
579,0.17034495277584005
580,0.1703449375699207
581,0.17034492237050775
582,0.17034490682102824
583,0.17328511319599108
584,0.1710415946766631
585,0.17100055317855126
586,0.17100054884029003
587,0.17100054452935592
588,0.17100054022649078
589,0.17100053593167175
590,0.17100053164487702
591,0.17100052736608412
592,0.17100052309527106
593,0.17100051883241504
594,0.17100051457749454
595,0.1710005103304877
596,0.17100050609137235
597,0.1710005018601267
598,0.1710004976367293
599,0.1710004934211577
600,0.1710004892133914
601,0.17100048501340817
602,0.17100048082118693
603,0.17100047663670637
604,0.171000472459945
605,0.17100046829088167
606,0.17100046412949543
607,0.17100045997576516
608,0.1710004558296699
609,0.17100045169118894
610,0.17100044756030156
611,0.17100044343698642
612,0.17100043932122358
613,0.171000435212992
614,0.17100043111227128
615,0.17100042701904106
616,0.17100042293328127
617,0.17100041885497125
618,0.17100041478409098
619,0.17100041072062
620,0.17100040666453864
621,0.1710004026158267
622,0.1710003985744646
623,0.171000394540432
624,0.17100039051370938
625,0.17100038649427712
626,0.17100038248211546
627,0.17100037847720465
628,0.17100037447952574
629,0.17100037048905892
630,0.17100036650578468
631,0.17100036252968426
632,0.17100035856073784
633,0.17100035459892665
634,0.17100035064423144
635,0.17100034669663347
636,0.17100034275611325
637,0.17100033882265267
638,0.17100033489623248
639,0.171000330976834
640,0.17100032706443807
641,0.17100032315902713
642,0.17100031926058115
643,0.1710003153690834
644,0.17100031148451417
645,0.1710003076068555
646,0.1710003037360894
647,0.17100029987219711
648,0.17100029601516067
649,0.17100029216496226
650,0.17100028832158345
651,0.17100028448500662
652,0.17100028065521347
653,0.17100027683218627
654,0.17100027301590764
655,0.1710002692063598
656,0.17100026540352425
657,0.17100026160738424
658,0.17100025781792189
659,0.17100025403511998
660,0.17100025025896107
661,0.17100024648942744
662,0.17100024272650205
