1,0.20625193404753206
2,0.2056928372344473
3,0.20564547607771885
4,0.205597391520542
5,0.20554856769744667
6,0.2054989882969351
7,0.20544863654643575
8,0.2053974951966794
9,0.2053455465054695
10,0.2052927722208197
11,0.2052391535634395
12,0.20518467120852993
13,0.20512930526686843
14,0.20507303526514858
15,0.20501584012554522
16,0.20495769814446826
17,0.20489858697047716
18,0.20483848358131396
19,0.204777364260022
20,0.20471520457011
21,0.2046519793297197
22,0.20458766258475952
23,0.20452222758095445
24,0.2044556467347737
25,0.2043878916031829
26,0.20431893285217614
27,0.20424874022403697
28,0.20417728250327144
29,0.20410452748116914
30,0.20403044191892317
31,0.20395499150926177
32,0.20387814083652867
33,0.20379985333514816
34,0.20372009124641813
35,0.20363881557356026
36,0.2035559860349669
37,0.20347156101557262
38,0.20338549751628862
39,0.20329775110142348
40,0.20320827584402662
41,0.2031170242690827
42,0.20302394729448311
43,0.20292899416971358
44,0.20283211241218216
45,0.20273324774112428
46,0.20263234400902136
47,0.20252934313047136
48,0.20242418500845524
49,0.20231680745794925
50,0.20220714612683952
51,0.20209513441410026
52,0.201980703385216
53,0.20186378168483052
54,0.20174429544662476
55,0.2016221682004433
56,0.20149732077671098
57,0.20136967120819718
58,0.20123913462922152
59,0.20110562317242853
60,0.20096904586328213
61,0.20082930851249461
62,0.20068631360663447
63,0.20053996019723444
64,0.2003901437887673
65,0.20023675622595277
66,0.20007968558092631
67,0.1999188160409155
68,0.19975402779717089
69,0.19958519693603205
70,0.1994121953331552
71,0.19923489055208787
72,0.19905314574856953
73,0.19886681958214614
74,0.1986757661369186
75,0.19847983485352386
76,0.19827887047473372
77,0.19807271300740864
78,0.19786119770391142
79,0.19764415506650515
80,0.1974214108787391
81,0.19719278626833273
82,0.19695809780665466
83,0.19671715765052092
84,0.19646977373273242
85,0.1962157500085367
86,0.19595488676602296
87,0.195686981009352
88,0.19541182692467765
89,0.19512921643964487
90,0.19483893988840761
91,0.1945407867952335
92,0.19423454679090635
93,0.1939200106772677
94,0.19359697165637416
95,0.19326522674178578
96,0.19292457837044286
97,0.19257483623433583
98,0.19221581935166876
99,0.19184735839734043
100,0.19146929831223092
101,0.19108150120980524
102,0.19068384959681478
103,0.19027624992214878
104,0.1898586364640159
105,0.18943097556031335
106,0.1889932701801027
107,0.1885455648252222
108,0.18808795074005444
109,0.18762057139404154
110,0.18714362818557226
111,0.1866573862972544
112,0.18616218061131512
113,0.1856584215702064
114,0.1851466008417557
115,0.184627296621138
116,0.18410117837452455
117,0.18356901080284807
118,0.18303165678051486
119,0.18249007900521283
120,0.181945340083766
121,0.1813986007780119
122,0.18085111614684535
123,0.1803042293485818
124,0.17975936291399403
125,0.17921800736626653
126,0.17868170715001985
127,0.1781520439362354
128,0.17763061749025313
129,0.17711902442078528
130,0.17661883526189195
131,0.17613157046808203
132,0.17565867601497892
133,0.17520149938383206
134,0.17476126675783207
135,0.1743390622638896
136,0.17393581005053024
137,0.17355225990004378
138,0.17318897693462196
139,0.17284633579998987
140,0.1725245195077738
141,0.17222352290409798
142,0.17194316052229947
143,0.17168307838738964
144,0.1714427691820664
145,0.1712215900683551
146,0.17101878239084942
147,0.1708334924680663
148,0.17066479270445248
149,0.17051170232055582
150,0.17037320709385673
151,0.17024827761760675
152,0.17013588570955054
153,0.1700350187272918
154,0.1699446916645203
155,0.16986395700653817
156,0.16979191241075964
157,0.16972770634627024
158,0.16967054187601419
159,0.1696196787968609
160,0.16957443436877018
161,0.1695341828671035
162,0.1694983541846371
163,0.1694664316947323
164,0.16943794956696306
165,0.16941248970342077
166,0.1693896784397283
167,0.16936918313083746
168,0.16935070871899016
169,0.16933399436043048
170,0.16931881016897615
171,0.1693049541185477
172,0.16929224913322272
173,0.16928054038221832
174,0.16926969278821224
175,0.16925958875036418
176,0.1692501260780304
177,0.16924121612723916
178,0.1692327821292454
179,0.16922475769872047
180,0.16921708550812348
181,0.16920971611440797
182,0.16920260692426808
183,0.1691957212845102
184,0.16918902768476485
185,0.1691824990605184
186,0.16917611218531348
187,0.16916984714187522
188,0.16916368686283345
189,0.16915761673261132
190,0.16915162424290614
191,0.1691456986950015
192,0.1691398309429004
193,0.16913401317195745
194,0.1691282387083316
195,0.169122501855132
196,0.1691167977516576
197,0.16911112225257768
198,0.1691054718243131
199,0.1690998434562309
200,0.16909423458458386
201,0.16908864302740695
202,0.16908306692881797
203,0.1690775047113892
204,0.16907195503543618
205,0.16906641676423304
206,0.16906088893430027
207,0.16905537073003443
208,0.16904986146204723
209,0.1690443605486792
210,0.16903886750022235
211,0.16903338190545952
212,0.16902790342017582
213,0.1690224317573626
214,0.16901696667885568
215,0.1690115079882026
216,0.1690060555245792
217,0.1690006091575966
218,0.16899516878286988
219,0.16898973431823755
220,0.16898430570053266
221,0.16897888288282792
222,0.1689734658320792
223,0.16896805452711697
224,0.16896264895692678
225,0.16895724911917887
226,0.16895185501897247
227,0.16894646666776036
228,0.1689410840824273
229,0.16893570728450147
230,0.16893033629947835
231,0.16892497115624092
232,0.16891961188656096
233,0.1689142585246715
234,0.16890891110689907
235,0.16890356967134668
236,0.16889823425762115
237,0.16889290490659756
238,0.16888758166021664
239,0.16888226456130806
240,0.16887695365343894
241,0.1688716489807818
242,0.1688663505879999
243,0.1688610585201479
244,0.16885577282258535
245,0.16885049354089995
246,0.1688452207208426
247,0.16883995440826918
248,0.1688346946490893
249,0.1688294414892217
250,0.1688241949745555
251,0.168818955150915
252,0.16881372206402925
253,0.1688084957595042
254,0.16880327628279887
255,0.168798063679204
256,0.16879285799382243
257,0.1687876592715522
258,0.16878246755707152
259,0.16877728289482283
260,0.16877210532900322
261,0.16876693490355077
262,0.16876177166213582
263,0.16875661564815136
264,0.16875146690470347
265,0.16874632547460594
266,0.16874119140037075
267,0.16873606472420383
268,0.16873094548799764
269,0.16872583373332647
270,0.1687207295014422
271,0.16871563283326815
272,0.16871054376939662
273,0.16870546235008368
274,0.16870038861524658
275,0.16869532260446019
276,0.16869026435695356
277,0.1686852139116073
278,0.16868017130695184
279,0.16867513658116348
280,0.16867010977206384
281,0.16866509091711637
282,0.16866008005342512
283,0.16865507721773335
284,0.16865008244642088
285,0.16864509577550388
286,0.16864011724063166
287,0.16863514687708744
288,0.16863018471978639
289,0.16862523080327313
290,0.1686202851617233
291,0.16861534782894116
292,0.1686104188383582
293,0.16860549822303425
294,0.16860058601565467
295,0.16859568224853197
296,0.16859078695360322
297,0.168585900162431
298,0.16858102190620256
299,0.16857615221572939
300,0.16857129112144711
301,0.16856643865341459
302,0.16856159484131567
303,0.16855675971445666
304,0.16855193330176765
305,0.16854711563180255
306,0.16854230673273857
307,0.16853750663237616
308,0.1685327153581402
309,0.16852793293707963
310,0.16852315939586676
311,0.16851839476079886
312,0.16851363905779798
313,0.1685088923124109
314,0.16850415454981055
315,0.1684994257947948
316,0.16849470607178868
317,0.16848999540484358
318,0.16848529381763855
319,0.1684806013334807
320,0.16847591797530515
321,0.1684712437656764
322,0.1684665787267896
323,0.16846192288046946
324,0.16845727624817228
325,0.16845263885098685
326,0.16844801070963447
327,0.16844339184446977
328,0.16843878227548298
329,0.16843418202229873
330,0.1684295911041787
331,0.1684250095400217
332,0.16842043734836512
333,0.16841587454738485
334,0.1684113211548981
335,0.16840677718836256
336,0.16840224266487933
337,0.16839771760119238
338,0.16839320201369093
339,0.16838869591840955
340,0.16838419933103058
341,0.16837971226688392
342,0.1683752347409492
343,0.16837076676785764
344,0.1683663083618912
345,0.1683618595369859
346,0.16835742030673298
347,0.16835299068437795
348,0.1683485706828259
349,0.16834416031463928
350,0.16833975959204128
351,0.16833536852691638
352,0.1683309871308126
353,0.16832661541494193
354,0.16832225339018275
355,0.16831790106708067
356,0.1683135584558515
357,0.16830922556637953
358,0.1683049024082232
359,0.16830058899061368
360,0.1682962853224573
361,0.16829199141233833
362,0.16828770726851824
363,0.1682834328989399
364,0.1682791683112274
365,0.16827491351268833
366,0.1682706685103157
367,0.16826643331078955
368,0.16826220792047808
369,0.1682579923454399
370,0.1682537865914264
371,0.1682495906638819
372,0.1682454045679468
373,0.1682412283084586
374,0.1682370618899542
375,0.16823290531667154
376,0.1682287585925506
377,0.1682246217212374
378,0.1682204947060826
379,0.16821637755014637
380,0.16821227025619817
381,0.16820817282672035
382,0.16820408526390837
383,0.1682000075696737
384,0.16819593974564462
385,0.16819188179317054
386,0.1681878337133206
387,0.16818379550688825
388,0.16817976717439148
389,0.16817574871607593
390,0.16817174013191594
391,0.16816774142161697
392,0.16816375258461758
393,0.168159773620091
394,0.1681558045269473
395,0.16815184530383523
396,0.16814789594914475
397,0.16814395646100766
398,0.16814002683730114
399,0.16813610707564888
400,0.1681321971734231
401,0.1681282971277467
402,0.16812440693549463
403,0.16812052659329746
404,0.1681166560975414
405,0.16811279544437166
406,0.16810894462969347
407,0.1681051036491752
408,0.16810127249824938
409,0.1680974511721153
410,0.16809363966573995
411,0.16808983797386262
412,0.1680860460909926
413,0.16808226401141574
414,0.16807849172919348
415,0.1680747292381657
416,0.16807097653195313
417,0.16806723360395856
418,0.16806350044736992
419,0.1680597770551604
420,0.16805606342009335
421,0.16805235953472028
422,0.1680486653913875
423,0.16804498098223417
424,0.16804130629919664
425,0.1680376413340088
426,0.16803398607820552
427,0.16803034052312432
428,0.168026704659906
429,0.16802307847949816
430,0.16801946197265683
431,0.1680158551299477
432,0.1680122579417492
433,0.16800867039825337
434,0.16800509248946868
435,0.1680015242052208
436,0.1679979655351563
437,0.16799441646874322
438,0.1679908769952728
439,0.16798734710386296
440,0.1679838267834585
441,0.1679803160228345
442,0.1679768148105965
443,0.16797332313518382
444,0.16796984098487144
445,0.1679663683477708
446,0.1679629052118332
447,0.16795945156484937
448,0.16795600739445443
449,0.16795257268812722
450,0.16794914743319306
451,0.16794573161682586
452,0.1679423252260498
453,0.16793892824774048
454,0.16793554066862823
455,0.1679321624752983
456,0.16792879365419333
457,0.16792543419161607
458,0.16792208407372963
459,0.16791874328656015
460,0.16791541181599862
461,0.16791208964780194
462,0.16790877676759602
463,0.1679054731608761
464,0.16790217881300928
465,0.16789889370923616
466,0.1678956178346724
467,0.16789235117431073
468,0.1678890937130226
469,0.16788584543555965
470,0.16788260632655494
471,0.16787937637052605
472,0.1678761555518765
473,0.1678729438548955
474,0.16786974126376136
475,0.16786654776254353
476,0.16786336333520288
477,0.1678601879655942
478,0.1678570216374674
479,0.16785386433446925
480,0.1678507160401455
481,0.16784757673794146
482,0.16784444641120427
483,0.1678413250431848
484,0.1678382126170387
485,0.16783510911582697
486,0.16783201452252036
487,0.16782892881999778
488,0.16782585199104957
489,0.16782278401837858
490,0.16781972488460226
491,0.16781667457225294
492,0.16781363306378003
493,0.16781060034155207
494,0.16780757638785707
495,0.16780456118490503
496,0.16780155471482838
497,0.16779855695968404
498,0.167795567901455
499,0.16779258752205128
500,0.16778961580331128
501,0.16778665272700405
502,0.16778369827482967
503,0.16778075242842092
504,0.1677778151693449
505,0.16777488647910432
506,0.16777196633913852
507,0.16776905473082562
508,0.16776615163548264
509,0.1677632570343678
510,0.16776037090868134
511,0.16775749323956732
512,0.16775462400811447
513,0.16775176319535673
514,0.167748910782277
515,0.1677460667498049
516,0.16774323107882144
517,0.16774040375015792
518,0.16773758474459763
519,0.16773477404287826
520,0.1677319716256914
521,0.16772917747368493
522,0.16772639156746366
523,0.16772361388759102
524,0.16772084441458945
525,0.16771808312894204
526,0.16771533001109382
527,0.16771258504145256
528,0.16770984820038984
529,0.16770711946824302
530,0.16770439882531515
531,0.16770168625187665
532,0.16769898172816605
533,0.16769628523439215
534,0.16769359675073348
535,0.1676909162573409
536,0.16768824373433747
537,0.16768557916181995
538,0.16768292251985972
539,0.1676802737885046
540,0.1676776329477785
541,0.16767499997768295
542,0.16767237485819844
543,0.16766975756928557
544,0.1676671480908851
545,0.1676645464029196
546,0.16766195248529403
547,0.16765936631789755
548,0.16765678788060268
549,0.16765421715326884
550,0.16765165411573998
551,0.1676490987478487
552,0.16764655102941495
553,0.16764401094024808
554,0.1676414784601467
555,0.16763895356890082
556,0.16763643624629176
557,0.16763392647209316
558,0.16763142422607213
559,0.16762892948798983
560,0.16762644223760215
561,0.16762396245466116
562,0.16762149011891506
563,0.16761902521010927
564,0.16761656770798816
565,0.16761411759229428
566,0.16761167484276956
567,0.1676092394391574
568,0.16760681136120167
569,0.1676043905886482
570,0.16760197710124577
571,0.1675995708787463
572,0.16759717190090592
573,0.16759478014748552
574,0.16759239559825193
575,0.16759001823297734
576,0.16758764803144158
577,0.16758528497343225
578,0.16758292903874408
579,0.16758058020718147
580,0.167578238458559
581,0.16757590377270032
582,0.1675735761294402
583,0.16757125550862573
584,0.16756894189011462
585,0.167566635253779
586,0.16756433557950245
587,0.16756204284718454
588,0.16755975703673748
589,0.16755747812808994
590,0.16755520610118496
591,0.1675529409359831
592,0.16755068261246137
593,0.16754843111061327
594,0.16754618641045127
595,0.16754394849200616
596,0.16754171733532666
597,0.16753949292048212
598,0.16753727522756165
599,0.1675350642366747
600,0.16753285992795175
601,0.1675306622815449
602,0.16752847127762815
603,0.16752628689639837
604,0.16752410911807483
605,0.1675219379229008
606,0.16751977329114287
607,0.16751761520309302
608,0.16751546363906686
609,0.16751331857940563
610,0.16751118000447682
611,0.16750904789467386
612,0.16750692223041613
613,0.16750480299215056
614,0.1675026901603514
615,0.16750058371552046
616,0.16749848363818784
617,0.16749638990891288
618,0.16749430250828257
619,0.16749222141691436
620,0.167490146615455
621,0.16748807808458152
622,0.16748601580500125
623,0.16748395975745253
624,0.16748190992270476
625,0.16747986628155878
626,0.16747782881484743
627,0.1674757975034358
628,0.16747377232822128
629,0.16747175327013442
630,0.16746974031013884
631,0.1674677334292316
632,0.16746573260844339
633,0.16746373782883958
634,0.16746174907151956
635,0.16745976631761683
636,0.16745778954830123
637,0.16745581874477655
638,0.16745385388828268
639,0.16745189496009577
640,0.1674499419415273
641,0.16744799481392547
642,0.1674460535586751
643,0.16744411815719767
644,0.16744218859095164
645,0.16744026484143323
646,0.16743834689017614
647,0.16743643471875203
648,0.1674345283087701
649,0.16743262764187802
650,0.16743073269976236
651,0.16742884346414777
652,0.1674269599167983
653,0.16742508203951725
654,0.1674232098141466
655,0.16742134322256813
656,0.1674194822467036
657,0.16741762686851502
658,0.16741577707000327
659,0.1674139328332106
660,0.16741209414021946
661,0.16741026097315284
662,0.16740843331417415
663,0.1674066111454885
664,0.16740479444934178
665,0.16740298320802108
666,0.16740117740385502
667,0.16739937701921395
668,0.16739758203650962
669,0.1673957924381957
670,0.16739400820676853
671,0.16739222932476566
672,0.16739045577476774
673,0.16738868753939745
674,0.16738692460131982
675,0.1673851669432429
676,0.16738341454791697
677,0.16738166739813626
678,0.16737992547673713
679,0.16737818876659916
680,0.16737645725064526
681,0.16737473091184168
682,0.16737300973319819
683,0.1673712936977678
684,0.1673695827886475
685,0.16736787698897732
686,0.16736617628194195
687,0.16736448065076914
688,0.16736279007873103
689,0.16736110454914369
690,0.16735942404536744
691,0.1673577485508062
692,0.16735607804890876
693,0.16735441252316768
694,0.16735275195712043
695,0.16735109633434844
696,0.16734944563847767
697,0.1673477998531789
698,0.16734615896216717
699,0.1673445229492024
700,0.1673428917980888
701,0.1673412654926758
702,0.16733964401685703
703,0.1673380273545714
704,0.16733641548980235
705,0.1673348084065784
706,0.16733320608897284
707,0.16733160852110374
708,0.16733001568713465
709,0.16732842757127325
710,0.1673268441577732
711,0.16732526543093226
712,0.16732369137509398
713,0.16732212197464622
714,0.16732055721402259
715,0.16731899707770126
716,0.167317441550206
717,0.1673158906161052
718,0.1673143442600125
719,0.16731280246658647
720,0.16731126522053136
721,0.16730973250659578
722,0.16730820430957402
723,0.167306680614305
724,0.16730516140567306
725,0.16730364666860717
726,0.16730213638808192
727,0.16730063054911665
728,0.16729912913677572
729,0.16729763213616852
730,0.1672961395324495
731,0.1672946513108182
732,0.16729316745651868
733,0.16729168795484023
734,0.16729021279111703
735,0.16728874195072851
736,0.1672872754190982
737,0.16728581318169478
738,0.16728435522403196
739,0.16728290153166814
740,0.16728145209020612
741,0.16728000688529374
742,0.1672785659026229
743,0.16727712912793144
744,0.16727569654699997
745,0.1672742681456551
746,0.16727284390976713
747,0.1672714238252511
748,0.16727000787806634
749,0.1672685960542169
750,0.16726718833975035
751,0.16726578472075923
752,0.16726438518337997
753,0.1672629897137933
754,0.16726159829822382
755,0.16726021092294027
756,0.1672588275742554
757,0.16725744823852612
758,0.16725607290215277
759,0.16725470155157965
760,0.167253334173295
761,0.1672519707538307
762,0.16725061127976204
763,0.1672492557377078
764,0.16724790411433083
765,0.16724655639633693
766,0.1672452125704751
767,0.16724387262353868
768,0.16724253654236235
769,0.1672412043138261
770,0.16723987592485134
771,0.1672385513624033
772,0.16723723061349036
773,0.1672359136651629
774,0.1672346005045147
775,0.16723329111868224
776,0.16723198549484486
777,0.16723068362022414
778,0.1672293854820834
779,0.16722809106772998
780,0.16722680036451243
781,0.1672255133598222
782,0.1672242300410922
783,0.16722295039579807
784,0.16722167441145708
785,0.16722040207562838
786,0.1672191333759139
787,0.16721786829995575
788,0.16721660683543885
789,0.16721534897008944
790,0.1672140946916752
791,0.16721284398800548
792,0.1672115968469303
793,0.16721035325634173
794,0.16720911320417234
795,0.16720787667839665
796,0.16720664366702856
797,0.16720541415812482
798,0.16720418813978155
799,0.1672029656001363
800,0.1672017465273666
801,0.1672005309096914
802,0.16719931873536892
803,0.16719810999269896
804,0.16719690467002046
805,0.1671957027557133
806,0.1671945042381968
807,0.16719330910593105
808,0.16719211734741524
809,0.16719092895118834
810,0.16718974390582922
811,0.16718856219995665
812,0.16718738382222847
813,0.167186208761342
814,0.1671850370060337
815,0.16718386854507944
816,0.16718270336729388
817,0.16718154146153122
818,0.16718038281668368
819,0.16717922742168298
820,0.16717807526549971
821,0.16717692633714198
822,0.16717578062565724
823,0.16717463812013142
824,0.16717349880968818
825,0.1671723626834897
826,0.16717122973073614
827,0.16717009994066562
