1,0.20219533530420625
2,0.19493086583437935
3,0.19329103991267535
4,0.19129839958405853
5,0.1888699318766537
6,0.18592589643393753
7,0.18242933214893292
8,0.1784659964449392
9,0.1743478105514832
10,0.17062504987581792
11,0.1678455812445653
12,0.1661864864300318
13,0.16539654021957761
14,0.1650914133678373
15,0.16499566691967776
16,0.16497365140440493
17,0.16497281510223943
18,0.1649761833140283
19,0.1649792817452744
20,0.1649813833729829
21,0.16498266552218627
22,0.16498341116278087
23,0.16498383453436963
24,0.16498407191859865
25,0.16498420411816292
26,0.16498427746300143
27,0.16498431806549055
28,0.16498434050966346
29,0.16498435290087538
30,0.16498435973174852
31,0.1649843634887783
32,0.16498436554702822
33,0.16498436666658606
34,0.16498436726749813
35,0.1649843675818629
36,0.16498436773791758
37,0.16498436780651138
38,0.16498436782678758
39,0.1649843678203708
40,0.16498436779920841
41,0.16498436776990097
42,0.16498436773609443
43,0.1649843676998038
44,0.16498436766214206
45,0.16498436762372368
46,0.16498436758488846
47,0.16498436754582443
48,0.16498436750663464
49,0.16498436746737696
50,0.1649843674280828
51,0.16498436738876943
52,0.16498436734944677
53,0.16498436731012026
54,0.16498436727079246
55,0.1649843672314653
56,0.16498436719213963
57,0.16498436715281575
58,0.16498436711349415
59,0.16498436707417496
60,0.16498436703485833
61,0.16498436699554403
62,0.16498436695623242
63,0.16498436691692314
64,0.1649843668776166
65,0.1649843668383127
66,0.1649843667990111
67,0.164984366759712
68,0.16498436672041575
69,0.16498436668112174
70,0.16498436664183072
71,0.1649843666025421
72,0.16498436656325563
73,0.16498436652397216
74,0.16498436648469123
75,0.16498436644541267
76,0.16498436640613678
77,0.16498436636686334
78,0.16498436632759256
79,0.16498436628832439
80,0.1649843662490587
81,0.16498436620979545
82,0.16498436617053483
83,0.16498436613127673
84,0.16498436609202144
85,0.1649843660527685
86,0.16498436601351807
87,0.16498436597427033
88,0.164984365935025
89,0.16498436589578216
90,0.16498436585654208
91,0.16498436581730458
92,0.1649843657780694
93,0.164984365738837
94,0.16498436569960687
95,0.16498436566037952
96,0.16498436562115468
97,0.16498436558193236
98,0.16498436554271254
99,0.1649843655034954
100,0.16498436546428086
101,0.16498436542506864
102,0.16498436538585914
103,0.16498436534665234
104,0.1649843653074477
105,0.16498436526824606
106,0.16498436522904641
107,0.16498436518984969
108,0.16498436515065537
109,0.1649843651114637
110,0.1649843650722745
111,0.16498436503308808
112,0.1649843649939039
113,0.16498436495472238
114,0.16498436491554344
115,0.16498436487636706
116,0.1649843648371931
117,0.16498436479802175
118,0.16498436475885306
119,0.16498436471968672
120,0.1649843646805231
121,0.16498436464136187
122,0.1649843646022034
123,0.16498436456304716
124,0.1649843645238939
125,0.16498436448474282
126,0.16498436444559442
127,0.16498436440644834
128,0.16498436436730518
129,0.16498436432816435
130,0.16498436428902613
131,0.16498436424989035
132,0.1649843642107574
133,0.16498436417162665
134,0.1649843641324985
135,0.164984364093373
136,0.16498436405425007
137,0.16498436401512953
138,0.16498436397601188
139,0.16498436393689636
140,0.1649843638977836
141,0.16498436385867316
142,0.16498436381956555
143,0.16498436378046033
144,0.16498436374135747
145,0.1649843637022575
146,0.16498436366315983
147,0.16498436362406463
148,0.16498436358497232
149,0.16498436354588225
150,0.16498436350679485
151,0.16498436346770992
152,0.16498436342862766
153,0.1649843633895477
154,0.16498436335047056
155,0.16498436331139563
156,0.16498436327232338
157,0.1649843632332537
158,0.16498436319418666
159,0.16498436315512183
160,0.16498436311606
161,0.16498436307700054
162,0.16498436303794353
163,0.16498436299888875
164,0.16498436295983687
165,0.16498436292078766
166,0.1649843628817409
167,0.16498436284269652
168,0.16498436280365478
169,0.1649843627646155
170,0.16498436272557862
171,0.16498436268654443
172,0.16498436264751284
173,0.16498436260848381
174,0.16498436256945706
175,0.16498436253043303
176,0.16498436249141146
177,0.16498436245239237
178,0.16498436241337602
179,0.16498436237436215
180,0.16498436233535063
181,0.1649843622963418
182,0.16498436225733543
183,0.16498436221833152
184,0.16498436217933032
185,0.1649843621403315
186,0.1649843621013353
187,0.16498436206234177
188,0.16498436202335032
189,0.1649843619843616
190,0.1649843619453757
191,0.16498436190639196
192,0.16498436186741108
193,0.1649843618284326
194,0.16498436178945644
195,0.16498436175048298
196,0.16498436171151198
197,0.16498436167254357
198,0.16498436163357777
199,0.1649843615946143
200,0.1649843615556535
201,0.16498436151669513
202,0.1649843614777394
203,0.16498436143878611
204,0.16498436139983544
205,0.16498436136088723
206,0.16498436132194147
207,0.16498436128299815
208,0.16498436124405752
209,0.16498436120511953
210,0.164984361166184
211,0.16498436112725073
212,0.16498436108832035
213,0.16498436104939232
214,0.1649843610104666
215,0.1649843609715437
216,0.1649843609326234
217,0.1649843608937051
218,0.16498436085479
219,0.164984360815877
220,0.16498436077696668
221,0.1649843607380589
222,0.16498436069915332
223,0.16498436066025046
224,0.16498436062135027
225,0.16498436058245255
226,0.1649843605435573
227,0.16498436050466475
228,0.16498436046577425
229,0.16498436042688666
230,0.16498436038800152
231,0.16498436034911884
232,0.16498436031023866
233,0.1649843602713611
234,0.16498436023248597
235,0.1649843601936132
236,0.16498436015474333
237,0.16498436011587553
238,0.16498436007701053
239,0.1649843600381481
240,0.16498435999928804
241,0.1649843599604305
242,0.16498435992157567
243,0.16498435988272306
244,0.164984359843873
245,0.16498435980502582
246,0.16498435976618092
247,0.16498435972733838
248,0.16498435968849853
249,0.16498435964966118
250,0.1649843596108262
251,0.16498435957199387
252,0.16498435953316412
253,0.16498435949433699
254,0.16498435945551196
255,0.16498435941668949
256,0.16498435937786993
257,0.16498435933905262
258,0.16498435930023775
259,0.16498435926142552
260,0.16498435922261587
261,0.16498435918380872
262,0.1649843591450039
263,0.1649843591062018
264,0.16498435906740222
265,0.16498435902860498
266,0.16498435898981006
267,0.16498435895101815
268,0.16498435891222837
269,0.16498435887344115
270,0.16498435883465656
271,0.1649843587958745
272,0.16498435875709486
273,0.1649843587183176
274,0.16498435867954317
275,0.16498435864077096
276,0.16498435860200156
277,0.16498435856323435
278,0.1649843585244698
279,0.1649843584857077
280,0.16498435844694825
281,0.164984358408191
282,0.1649843583694363
283,0.1649843583306843
284,0.16498435829193492
285,0.16498435825318766
286,0.1649843582144434
287,0.16498435817570148
288,0.16498435813696177
289,0.16498435809822484
290,0.16498435805949035
291,0.1649843580207582
292,0.16498435798202882
293,0.16498435794330188
294,0.16498435790457733
295,0.16498435786585533
296,0.16498435782713589
297,0.1649843577884187
298,0.1649843577497042
299,0.16498435771099232
300,0.1649843576722828
301,0.1649843576335758
302,0.16498435759487137
303,0.16498435755616925
304,0.16498435751746965
305,0.16498435747877288
306,0.1649843574400784
307,0.16498435740138637
308,0.16498435736269698
309,0.1649843573240101
310,0.1649843572853252
311,0.16498435724664345
312,0.16498435720796403
313,0.1649843571692869
314,0.16498435713061238
315,0.1649843570919406
316,0.16498435705327108
317,0.16498435701460407
318,0.1649843569759394
319,0.16498435693727753
320,0.16498435689861812
321,0.16498435685996093
322,0.16498435682130663
323,0.1649843567826545
324,0.16498435674400502
325,0.16498435670535805
326,0.16498435666671352
327,0.16498435662807148
328,0.16498435658943178
329,0.16498435655079463
330,0.16498435651216012
331,0.16498435647352816
332,0.1649843564348986
333,0.16498435639627151
334,0.16498435635764697
335,0.16498435631902472
336,0.16498435628040536
337,0.16498435624178837
338,0.16498435620317364
339,0.16498435616456145
340,0.16498435612595197
341,0.1649843560873447
342,0.1649843560487401
343,0.16498435601013797
344,0.1649843559715382
345,0.16498435593294125
346,0.16498435589434654
347,0.16498435585575438
348,0.16498435581716467
349,0.16498435577857737
350,0.16498435573999257
351,0.1649843557014104
352,0.1649843556628308
353,0.16498435562425348
354,0.16498435558567867
355,0.1649843555471065
356,0.16498435550853682
357,0.16498435546996953
358,0.16498435543140472
359,0.1649843553928422
360,0.16498435535428263
361,0.16498435531572503
362,0.16498435527717015
363,0.16498435523861793
364,0.1649843552000681
365,0.1649843551615205
366,0.1649843551229757
367,0.16498435508443335
368,0.16498435504589357
369,0.16498435500735584
370,0.1649843549688209
371,0.16498435493028835
372,0.16498435489175853
373,0.16498435485323087
374,0.16498435481470594
375,0.1649843547761834
376,0.16498435473766315
377,0.16498435469914582
378,0.1649843546606306
379,0.16498435462211808
380,0.16498435458360775
381,0.16498435454510021
382,0.16498435450659485
383,0.16498435446809237
384,0.16498435442959203
385,0.16498435439109435
386,0.16498435435259917
387,0.1649843543141064
388,0.1649843542756163
389,0.16498435423712832
390,0.16498435419864307
391,0.16498435416016002
392,0.1649843541216798
393,0.1649843540832018
394,0.1649843540447263
395,0.1649843540062534
396,0.16498435396778308
397,0.16498435392931504
398,0.16498435389084942
399,0.16498435385238663
400,0.16498435381392595
401,0.1649843537754679
402,0.16498435373701234
403,0.16498435369855938
404,0.16498435366010852
405,0.1649843536216605
406,0.16498435358321484
407,0.16498435354477164
408,0.16498435350633087
409,0.16498435346789278
410,0.1649843534294569
411,0.16498435339102357
412,0.16498435335259276
413,0.1649843533141644
414,0.16498435327573857
415,0.1649843532373152
416,0.1649843531988941
417,0.16498435316047577
418,0.16498435312205978
419,0.16498435308364637
420,0.16498435304523515
421,0.16498435300682662
422,0.1649843529684206
423,0.1649843529300169
424,0.16498435289161587
425,0.1649843528532171
426,0.16498435281482107
427,0.1649843527764272
428,0.16498435273803608
429,0.16498435269964729
430,0.1649843526612608
431,0.16498435262287695
432,0.16498435258449565
433,0.16498435254611668
434,0.1649843525077403
435,0.16498435246936632
436,0.16498435243099488
437,0.16498435239262565
438,0.16498435235425923
439,0.164984352315895
440,0.16498435227753339
441,0.16498435223917454
442,0.16498435220081775
443,0.16498435216246352
444,0.1649843521241117
445,0.1649843520857624
446,0.16498435204741554
447,0.16498435200907122
448,0.1649843519707294
449,0.16498435193238986
450,0.16498435189405294
451,0.16498435185571855
452,0.16498435181738638
453,0.16498435177905685
454,0.16498435174072987
455,0.1649843517024051
456,0.16498435166408296
457,0.16498435162576353
458,0.16498435158744595
459,0.16498435154913124
460,0.1649843515108189
461,0.16498435147250912
462,0.16498435143420181
463,0.16498435139589684
464,0.16498435135759437
465,0.1649843513192944
466,0.16498435128099664
467,0.1649843512427018
468,0.1649843512044091
469,0.16498435116611887
470,0.16498435112783133
471,0.16498435108954593
472,0.16498435105126322
473,0.1649843510129831
474,0.16498435097470496
475,0.1649843509364299
476,0.16498435089815677
477,0.16498435085988644
478,0.16498435082161841
479,0.16498435078335263
480,0.16498435074508958
481,0.1649843507068291
482,0.16498435066857084
483,0.16498435063031516
484,0.16498435059206168
485,0.16498435055381103
486,0.1649843505155628
487,0.1649843504773169
488,0.16498435043907356
489,0.16498435040083248
490,0.1649843503625938
491,0.16498435032435793
492,0.16498435028612413
493,0.164984350247893
494,0.16498435020966434
495,0.16498435017143803
496,0.16498435013321433
497,0.1649843500949929
498,0.16498435005677403
499,0.1649843500185578
500,0.16498434998034384
501,0.1649843499421323
502,0.1649843499039231
503,0.16498434986571675
504,0.16498434982751264
505,0.16498434978931076
506,0.16498434975111154
507,0.16498434971291484
508,0.16498434967472048
509,0.16498434963652853
510,0.164984349598339
511,0.164984349560152
512,0.16498434952196758
513,0.1649843494837854
514,0.16498434944560592
515,0.1649843494074286
516,0.164984349369254
517,0.1649843493310816
518,0.16498434929291184
519,0.16498434925474445
520,0.16498434921657948
521,0.1649843491784169
522,0.16498434914025684
523,0.16498434910209947
524,0.16498434906394419
525,0.16498434902579143
526,0.1649843489876412
527,0.16498434894949351
528,0.16498434891134814
529,0.16498434887320526
530,0.16498434883506466
531,0.16498434879692667
532,0.16498434875879117
533,0.1649843487206581
534,0.16498434868252737
535,0.16498434864439923
536,0.16498434860627356
537,0.16498434856815003
538,0.1649843485300293
539,0.16498434849191082
540,0.1649843484537949
541,0.1649843484156812
542,0.16498434837757003
543,0.16498434833946135
544,0.16498434830135514
545,0.16498434826325148
546,0.16498434822514998
547,0.16498434818705127
548,0.1649843481489545
549,0.16498434811086074
550,0.16498434807276913
551,0.1649843480346801
552,0.1649843479965933
553,0.16498434795850897
554,0.1649843479204274
555,0.16498434788234792
556,0.16498434784427096
557,0.16498434780619645
558,0.16498434776812457
559,0.164984347730055
560,0.1649843476919879
561,0.1649843476539231
562,0.16498434761586075
563,0.164984347577801
564,0.16498434753974348
565,0.16498434750168858
566,0.1649843474636359
567,0.16498434742558593
568,0.16498434738753825
569,0.164984347349493
570,0.16498434731145029
571,0.1649843472734101
572,0.16498434723537211
573,0.1649843471973366
574,0.16498434715930377
575,0.16498434712127302
576,0.16498434708324503
577,0.16498434704521941
578,0.1649843470071962
579,0.16498434696917527
580,0.1649843469311568
581,0.16498434689314068
582,0.1649843468551273
583,0.1649843468171161
584,0.16498434677910745
585,0.16498434674110102
586,0.1649843467030974
587,0.16498434666509615
588,0.16498434662709696
589,0.16498434658910052
590,0.16498434655110672
591,0.16498434651311486
592,0.16498434647512586
593,0.164984346437139
594,0.16498434639915469
