1,0.4750045011677083
2,0.1877031059944789
3,0.18673596568159564
4,0.18670379677460816
5,0.1867024452360988
6,0.18670238784211302
7,0.18670238534678715
8,0.18670238518131121
9,0.1867023851147188
10,0.18670238505232814
11,0.18670238499012118
12,0.18670238492792735
13,0.18670238486573895
14,0.18670238480355641
15,0.18670238474137926
16,0.18670238467920736
17,0.18670238461704128
18,0.18670238455488056
19,0.18670238449272528
20,0.1867023844305754
21,0.18670238436843112
22,0.18670238430629235
23,0.1867023842441588
24,0.18670238418203083
25,0.18670238411990842
26,0.18670238405779144
27,0.18670238399567993
28,0.18670238393357388
29,0.18670238387147328
30,0.18670238380937826
31,0.1867023837472884
32,0.18670238368520437
33,0.18670238362312577
34,0.18670238356105254
35,0.18670238349898474
36,0.18670238343692241
37,0.1867023833748656
38,0.18670238331281416
39,0.1867023832507682
40,0.18670238318872776
41,0.1867023831266927
42,0.1867023830646632
43,0.18670238300263903
44,0.1867023829406205
45,0.1867023828786073
46,0.18670238281659945
47,0.18670238275459725
48,0.18670238269260037
49,0.18670238263060904
50,0.18670238256862307
51,0.18670238250664262
52,0.18670238244466764
53,0.18670238238269807
54,0.18670238232073402
55,0.18670238225877525
56,0.18670238219682203
57,0.1867023821348743
58,0.1867023820729321
59,0.18670238201099518
60,0.18670238194906372
61,0.18670238188713767
62,0.18670238182521728
63,0.18670238176330214
64,0.18670238170139244
65,0.18670238163948819
66,0.1867023815775895
67,0.18670238151569615
68,0.18670238145380824
69,0.1867023813919259
70,0.186702381330049
71,0.18670238126817731
72,0.18670238120631122
73,0.18670238114445045
74,0.18670238108259515
75,0.1867023810207454
76,0.18670238095890104
77,0.18670238089706195
78,0.1867023808352285
79,0.18670238077340034
80,0.18670238071157788
81,0.18670238064976044
82,0.18670238058794872
83,0.1867023805261425
84,0.1867023804643414
85,0.18670238040254594
86,0.18670238034075584
87,0.1867023802789711
88,0.18670238021719188
89,0.18670238015541818
90,0.18670238009364973
91,0.1867023800318868
92,0.18670237997012923
93,0.18670237990837715
94,0.18670237984663043
95,0.1867023797848893
96,0.18670237972315323
97,0.18670237966142286
98,0.18670237959969782
99,0.1867023795379782
100,0.1867023794762641
101,0.1867023794145554
102,0.1867023793528519
103,0.18670237929115405
104,0.1867023792294615
105,0.18670237916777438
106,0.18670237910609272
107,0.1867023790444164
108,0.1867023789827456
109,0.1867023789210802
110,0.18670237885942012
111,0.18670237879776538
112,0.18670237873611617
113,0.18670237867447223
114,0.18670237861283398
115,0.18670237855120098
116,0.1867023784895734
117,0.18670237842795123
118,0.18670237836633427
119,0.18670237830472303
120,0.18670237824311706
121,0.18670237818151636
122,0.1867023781199213
123,0.1867023780583313
124,0.18670237799674705
125,0.18670237793516803
126,0.18670237787359437
127,0.18670237781202628
128,0.18670237775046353
129,0.18670237768890616
130,0.18670237762735403
131,0.18670237756580763
132,0.18670237750426638
133,0.18670237744273047
134,0.1867023773812
135,0.18670237731967498
136,0.18670237725815544
137,0.18670237719664107
138,0.18670237713513227
139,0.1867023770736288
140,0.18670237701213077
141,0.1867023769506381
142,0.18670237688915065
143,0.18670237682766885
144,0.1867023767661923
145,0.1867023767047211
146,0.18670237664325545
147,0.186702376581795
148,0.1867023765203399
149,0.18670237645889043
150,0.18670237639744613
151,0.18670237633600748
152,0.18670237627457384
153,0.1867023762131458
154,0.18670237615172305
155,0.18670237609030585
156,0.18670237602889378
157,0.18670237596748718
158,0.186702375906086
159,0.1867023758446901
160,0.1867023757832997
161,0.18670237572191467
162,0.186702375660535
163,0.18670237559916047
164,0.18670237553779165
165,0.18670237547642818
166,0.18670237541506973
167,0.186702375353717
168,0.1867023752923694
169,0.18670237523102756
170,0.18670237516969063
171,0.18670237510835927
172,0.18670237504703324
173,0.18670237498571268
174,0.18670237492439742
175,0.1867023748630874
176,0.18670237480178295
177,0.18670237474048373
178,0.18670237467918988
179,0.18670237461790132
180,0.18670237455661828
181,0.1867023744953406
182,0.18670237443406826
183,0.18670237437280118
184,0.18670237431153958
185,0.18670237425028322
186,0.18670237418903218
187,0.18670237412778654
188,0.18670237406654636
189,0.18670237400531148
190,0.18670237394408193
191,0.18670237388285787
192,0.18670237382163907
193,0.18670237376042537
194,0.18670237369921727
195,0.1867023736380145
196,0.18670237357681704
197,0.18670237351562494
198,0.18670237345443821
199,0.18670237339325696
200,0.18670237333208095
201,0.18670237327091016
202,0.18670237320974475
203,0.1867023731485849
204,0.18670237308743004
205,0.1867023730262807
206,0.1867023729651369
207,0.1867023729039982
208,0.18670237284286484
209,0.18670237278173696
210,0.18670237272061435
211,0.186702372659497
212,0.18670237259838512
213,0.18670237253727845
214,0.1867023724761772
215,0.1867023724150814
216,0.18670237235399073
217,0.18670237229290546
218,0.18670237223182554
219,0.18670237217075097
220,0.18670237210968174
221,0.1867023720486177
222,0.18670237198755923
223,0.18670237192650604
224,0.186702371865458
225,0.18670237180441546
226,0.1867023717433782
227,0.1867023716823462
228,0.18670237162131958
229,0.1867023715602983
230,0.18670237149928232
231,0.18670237143827165
232,0.18670237137726642
233,0.1867023713162662
234,0.18670237125527173
235,0.18670237119428212
236,0.1867023711332982
237,0.18670237107231952
238,0.18670237101134624
239,0.186702370950378
240,0.18670237088941535
241,0.18670237082845806
242,0.18670237076750582
243,0.1867023707065591
244,0.18670237064561737
245,0.18670237058468148
246,0.1867023705237504
247,0.18670237046282495
248,0.18670237040190474
249,0.1867023703409897
250,0.18670237028008033
251,0.18670237021917596
252,0.18670237015827712
253,0.18670237009738339
254,0.1867023700364949
255,0.18670236997561182
256,0.1867023699147342
257,0.18670236985386157
258,0.18670236979299448
259,0.18670236973213278
260,0.1867023696712761
261,0.186702369610425
262,0.18670236954957903
263,0.18670236948873845
264,0.18670236942790328
265,0.18670236936707307
266,0.18670236930624848
267,0.186702369245429
268,0.1867023691846149
269,0.18670236912380617
270,0.18670236906300255
271,0.18670236900220433
272,0.18670236894141154
273,0.18670236888062378
274,0.18670236881984154
275,0.18670236875906443
276,0.18670236869829285
277,0.18670236863752626
278,0.1867023685767652
279,0.1867023685160093
280,0.18670236845525875
281,0.18670236839451354
282,0.18670236833377343
283,0.1867023682730387
284,0.18670236821230934
285,0.1867023681515853
286,0.1867023680908662
287,0.1867023680301527
288,0.1867023679694446
289,0.18670236790874156
290,0.18670236784804384
291,0.18670236778735153
292,0.1867023677266643
293,0.1867023676659825
294,0.18670236760530595
295,0.18670236754463457
296,0.1867023674839686
297,0.1867023674233078
298,0.18670236736265244
299,0.1867023673020022
300,0.18670236724135736
301,0.18670236718071778
302,0.18670236712008328
303,0.18670236705945437
304,0.1867023669988306
305,0.18670236693821204
306,0.18670236687759884
307,0.1867023668169907
308,0.18670236675638818
309,0.18670236669579066
310,0.18670236663519837
311,0.1867023665746116
312,0.18670236651402997
313,0.18670236645345356
314,0.18670236639288262
315,0.1867023663323167
316,0.18670236627175632
317,0.18670236621120087
318,0.1867023661506509
319,0.18670236609010618
320,0.1867023660295667
321,0.1867023659690325
322,0.18670236590850353
323,0.1867023658479796
324,0.18670236578746127
325,0.18670236572694807
326,0.1867023656664402
327,0.18670236560593753
328,0.18670236554544006
329,0.18670236548494795
330,0.18670236542446106
331,0.1867023653639793
332,0.1867023653035031
333,0.18670236524303185
334,0.18670236518256605
335,0.18670236512210542
336,0.18670236506165008
337,0.18670236500119988
338,0.18670236494075515
339,0.18670236488031533
340,0.1867023648198811
341,0.18670236475945182
342,0.18670236469902804
343,0.18670236463860948
344,0.18670236457819625
345,0.18670236451778793
346,0.18670236445738508
347,0.1867023643969874
348,0.18670236433659512
349,0.18670236427620793
350,0.18670236421582598
351,0.18670236415544939
352,0.1867023640950779
353,0.1867023640347117
354,0.1867023639743508
355,0.18670236391399503
356,0.18670236385364464
357,0.1867023637932994
358,0.18670236373295945
359,0.18670236367262472
360,0.18670236361229514
361,0.18670236355197092
362,0.1867023634916517
363,0.18670236343133806
364,0.18670236337102938
365,0.1867023633107262
366,0.18670236325042805
367,0.18670236319013503
368,0.18670236312984737
369,0.18670236306956509
370,0.18670236300928789
371,0.18670236294901593
372,0.1867023628887491
373,0.1867023628284876
374,0.1867023627682314
375,0.18670236270798035
376,0.1867023626477346
377,0.1867023625874939
378,0.18670236252725855
379,0.18670236246702818
380,0.18670236240680355
381,0.18670236234658363
382,0.18670236228636927
383,0.18670236222616005
384,0.18670236216595595
385,0.18670236210575702
386,0.18670236204556337
387,0.1867023619853751
388,0.186702361925192
389,0.18670236186501404
390,0.1867023618048413
391,0.18670236174467372
392,0.18670236168451146
393,0.1867023616243544
394,0.18670236156420245
395,0.18670236150405567
396,0.18670236144391428
397,0.18670236138377805
398,0.186702361323647
399,0.1867023612635212
400,0.1867023612034005
401,0.18670236114328512
402,0.18670236108317498
403,0.1867023610230698
404,0.1867023609629702
405,0.18670236090287554
406,0.18670236084278613
407,0.18670236078270197
408,0.18670236072262308
409,0.18670236066254914
410,0.18670236060248063
411,0.18670236054241737
412,0.18670236048235914
413,0.18670236042230626
414,0.18670236036225848
415,0.18670236030221588
416,0.1867023602421784
417,0.1867023601821464
418,0.18670236012211935
419,0.18670236006209756
420,0.1867023600020811
421,0.18670235994206955
422,0.1867023598820635
423,0.1867023598220625
424,0.1867023597620667
425,0.1867023597020762
426,0.18670235964209064
427,0.18670235958211034
428,0.18670235952213532
429,0.1867023594621654
430,0.18670235940220092
431,0.18670235934224133
432,0.1867023592822871
433,0.18670235922233783
434,0.18670235916239408
435,0.18670235910245536
436,0.1867023590425218
437,0.18670235898259344
438,0.18670235892267037
439,0.1867023588627523
440,0.18670235880283956
441,0.18670235874293187
442,0.18670235868302942
443,0.18670235862313206
444,0.18670235856324013
445,0.18670235850335323
446,0.18670235844347136
447,0.18670235838359486
448,0.18670235832372348
449,0.18670235826385728
450,0.1867023582039963
451,0.18670235814414052
452,0.1867023580842898
453,0.18670235802444432
454,0.18670235796460388
455,0.18670235790476875
456,0.18670235784493897
457,0.18670235778511388
458,0.18670235772529434
459,0.18670235766547985
460,0.18670235760567055
461,0.1867023575458664
462,0.18670235748606753
463,0.18670235742627356
464,0.186702357366485
465,0.18670235730670154
466,0.18670235724692322
467,0.1867023571871502
468,0.18670235712738217
469,0.1867023570676193
470,0.18670235700786156
471,0.18670235694810913
472,0.18670235688836173
473,0.18670235682861946
474,0.18670235676888258
475,0.18670235670915072
476,0.186702356649424
477,0.18670235658970252
478,0.1867023565299862
479,0.18670235647027505
480,0.18670235641056887
481,0.18670235635086796
482,0.18670235629117213
483,0.18670235623148157
484,0.18670235617179629
485,0.18670235611211589
486,0.18670235605244062
487,0.18670235599277077
488,0.18670235593310597
489,0.18670235587344605
490,0.18670235581379158
491,0.1867023557541423
492,0.1867023556944979
493,0.1867023556348588
494,0.18670235557522485
495,0.18670235551559605
496,0.18670235545597225
497,0.18670235539635385
498,0.18670235533674043
499,0.1867023552771323
500,0.18670235521752915
501,0.18670235515793124
502,0.18670235509833835
503,0.18670235503875068
504,0.1867023549791682
505,0.18670235491959072
506,0.18670235486001846
507,0.18670235480045141
508,0.18670235474088934
509,0.18670235468133253
510,0.18670235462178078
511,0.18670235456223427
512,0.18670235450269276
513,0.18670235444315644
514,0.18670235438362529
515,0.18670235432409926
516,0.1867023542645784
517,0.18670235420506265
518,0.18670235414555195
519,0.18670235408604632
520,0.18670235402654597
521,0.18670235396705073
522,0.18670235390756054
523,0.1867023538480755
524,0.18670235378859568
525,0.18670235372912095
526,0.18670235366965135
527,0.18670235361018672
528,0.18670235355072742
529,0.1867023534912731
530,0.18670235343182398
531,0.18670235337237998
532,0.18670235331294108
533,0.18670235325350729
534,0.18670235319407866
535,0.18670235313465505
536,0.18670235307523655
537,0.18670235301582344
538,0.18670235295641524
539,0.1867023528970122
540,0.1867023528376141
541,0.18670235277822128
542,0.18670235271883362
543,0.18670235265945087
544,0.18670235260007326
545,0.1867023525407011
546,0.18670235248133368
547,0.18670235242197158
548,0.18670235236261445
549,0.18670235230326263
550,0.1867023522439157
551,0.18670235218457396
552,0.1867023521252375
553,0.18670235206590588
554,0.18670235200657948
555,0.1867023519472582
556,0.1867023518879419
557,0.18670235182863087
558,0.18670235176932493
559,0.18670235171002406
560,0.1867023516507283
561,0.18670235159143764
562,0.186702351532152
563,0.18670235147287154
564,0.18670235141359617
565,0.18670235135432584
566,0.18670235129506066
567,0.18670235123580053
568,0.18670235117654557
569,0.18670235111729575
570,0.18670235105805086
571,0.18670235099881127
572,0.18670235093957657
573,0.18670235088034726
574,0.18670235082112271
575,0.18670235076190336
576,0.18670235070268906
577,0.18670235064347993
578,0.18670235058427595
579,0.18670235052507708
580,0.1867023504658832
581,0.1867023504066944
582,0.1867023503475107
583,0.18670235028833207
584,0.18670235022915857
585,0.18670235016999023
586,0.18670235011082678
587,0.18670235005166852
588,0.18670234999251537
589,0.1867023499333672
590,0.18670234987422424
591,0.18670234981508635
592,0.1867023497559535
593,0.1867023496968258
594,0.18670234963770316
595,0.18670234957858536
596,0.18670234951947293
597,0.18670234946036554
598,0.18670234940126315
599,0.18670234934216573
600,0.18670234928307372
601,0.18670234922398646
602,0.18670234916490433
603,0.18670234910582734
604,0.18670234904675534
605,0.18670234898768864
606,0.18670234892862686
607,0.18670234886957013
608,0.18670234881051848
609,0.186702348751472
610,0.1867023486924304
611,0.18670234863339405
612,0.18670234857436274
613,0.1867023485153364
614,0.18670234845631514
615,0.18670234839729904
616,0.18670234833828792
617,0.18670234827928192
618,0.186702348220281
619,0.18670234816128514
620,0.18670234810229439
621,0.1867023480433085
622,0.18670234798432794
623,0.18670234792535226
624,0.18670234786638162
625,0.18670234780741607
626,0.18670234774845557
627,0.1867023476895002
628,0.18670234763054983
629,0.18670234757160453
630,0.18670234751266432
631,0.1867023474537291
632,0.186702347394799
633,0.18670234733587399
634,0.18670234727695403
635,0.1867023472180391
636,0.18670234715912926
637,0.1867023471002242
638,0.18670234704132452
639,0.18670234698242974
640,0.18670234692354015
641,0.18670234686465553
642,0.18670234680577585
643,0.18670234674690128
644,0.18670234668803165
645,0.1867023466291673
646,0.18670234657030776
647,0.18670234651145343
648,0.18670234645260408
649,0.18670234639375985
650,0.18670234633492067
651,0.18670234627608662
652,0.18670234621725731
653,0.18670234615843337
654,0.1867023460996141
655,0.18670234604080024
656,0.18670234598199123
657,0.18670234592318719
658,0.1867023458643882
659,0.18670234580559458
660,0.18670234574680558
661,0.18670234568802194
662,0.18670234562924304
663,0.18670234557046933
664,0.18670234551170062
665,0.18670234545293712
666,0.1867023453941785
667,0.18670234533542487
668,0.18670234527667628
669,0.18670234521793283
670,0.18670234515919426
671,0.18670234510046094
672,0.1867023450417325
673,0.186702344983009
674,0.18670234492429072
675,0.1867023448655772
676,0.1867023448068691
677,0.1867023447481657
678,0.18670234468946745
679,0.18670234463077437
680,0.18670234457208593
681,0.18670234451340292
682,0.18670234445472464
683,0.1867023443960515
684,0.18670234433738345
685,0.18670234427872026
686,0.1867023442200622
687,0.18670234416140913
688,0.18670234410276104
689,0.1867023440441181
690,0.18670234398548008
691,0.18670234392684712
692,0.18670234386821916
693,0.18670234380959616
694,0.1867023437509781
695,0.18670234369236524
696,0.18670234363375723
697,0.18670234357515453
698,0.1867023435165565
699,0.18670234345796374
700,0.18670234339937591
701,0.186702343340793
702,0.18670234328221513
703,0.1867023432236424
704,0.1867023431650745
705,0.1867023431065118
706,0.1867023430479539
707,0.18670234298940114
708,0.18670234293085328
709,0.1867023428723106
710,0.1867023428137728
711,0.18670234275524003
712,0.18670234269671215
713,0.18670234263818938
714,0.1867023425796717
715,0.18670234252115872
716,0.18670234246265116
717,0.1867023424041485
718,0.18670234234565056
719,0.1867023422871579
720,0.18670234222867022
721,0.18670234217018736
722,0.18670234211170966
723,0.18670234205323682
724,0.18670234199476907
725,0.18670234193630628
726,0.18670234187784843
727,0.18670234181939574
728,0.18670234176094788
729,0.18670234170250513
730,0.1867023416440674
731,0.18670234158563462
732,0.18670234152720666
733,0.18670234146878384
734,0.1867023414103659
735,0.18670234135195318
736,0.18670234129354527
737,0.18670234123514243
738,0.1867023411767445
739,0.18670234111835157
740,0.18670234105996364
741,0.18670234100158073
742,0.1867023409432028
743,0.1867023408848298
744,0.18670234082646175
745,0.18670234076809897
746,0.18670234070974076
747,0.18670234065138777
748,0.18670234059303972
749,0.1867023405346967
750,0.18670234047635867
751,0.18670234041802541
752,0.18670234035969743
753,0.18670234030137411
754,0.18670234024305607
755,0.1867023401847427
756,0.18670234012643466
757,0.18670234006813122
758,0.18670234000983305
759,0.18670233995153962
760,0.1867023398932514
761,0.1867023398349681
762,0.18670233977668954
763,0.1867023397184162
764,0.18670233966014768
765,0.18670233960188437
766,0.1867023395436259
767,0.18670233948537227
768,0.18670233942712366
769,0.18670233936888003
770,0.1867023393106415
771,0.18670233925240776
772,0.18670233919417908
773,0.18670233913595533
774,0.18670233907773665
775,0.18670233901952274
776,0.18670233896131397
777,0.18670233890311
778,0.18670233884491122
779,0.18670233878671708
780,0.18670233872852823
781,0.18670233867034414
782,0.18670233861216515
783,0.18670233855399082
784,0.18670233849582177
785,0.18670233843765763
786,0.18670233837949832
787,0.18670233832134403
788,0.1867023382631947
789,0.18670233820505044
790,0.18670233814691098
791,0.18670233808877645
792,0.18670233803064684
793,0.18670233797252234
794,0.1867023379144028
795,0.1867023378562881
796,0.18670233779817844
797,0.18670233774007355
798,0.18670233768197383
799,0.18670233762387886
800,0.18670233756578897
801,0.18670233750770399
802,0.18670233744962406
803,0.18670233739154887
804,0.18670233733347885
805,0.18670233727541366
806,0.18670233721735346
807,0.1867023371592981
808,0.18670233710124787
809,0.18670233704320238
810,0.1867023369851618
811,0.18670233692712632
812,0.18670233686909576
813,0.1867023368110701
814,0.1867023367530494
815,0.18670233669503358
816,0.18670233663702288
817,0.18670233657901686
818,0.1867023365210159
819,0.1867023364630198
820,0.18670233640502884
821,0.18670233634704267
822,0.18670233628906133
823,0.18670233623108515
824,0.18670233617311383
825,0.18670233611514725
826,0.186702336057186
827,0.18670233599922928
828,0.18670233594127775
829,0.1867023358833311
830,0.18670233582538923
831,0.18670233576745238
832,0.18670233570952047
833,0.18670233565159355
834,0.18670233559367144
835,0.18670233553575433
836,0.18670233547784218
837,0.1867023354199347
838,0.18670233536203243
839,0.18670233530413513
840,0.1867023352462425
841,0.1867023351883549
842,0.18670233513047227
843,0.18670233507259443
844,0.18670233501472175
845,0.18670233495685382
846,0.18670233489899077
847,0.18670233484113266
848,0.1867023347832795
849,0.1867023347254313
850,0.18670233466758798
851,0.18670233460974964
852,0.18670233455191623
853,0.18670233449408744
854,0.186702334436264
855,0.18670233437844513
856,0.18670233432063144
857,0.18670233426282234
858,0.18670233420501844
859,0.18670233414721937
860,0.18670233408942513
861,0.18670233403163586
862,0.18670233397385155
863,0.18670233391607205
864,0.18670233385829754
865,0.18670233380052792
866,0.1867023337427631
867,0.1867023336850033
868,0.18670233362724842
869,0.18670233356949834
870,0.18670233351175308
871,0.18670233345401305
872,0.1867023333962776
873,0.18670233333854716
874,0.18670233328082173
875,0.18670233322310123
876,0.1867023331653856
877,0.1867023331076747
878,0.18670233304996875
879,0.18670233299226777
880,0.18670233293457167
881,0.18670233287688057
882,0.18670233281919416
883,0.18670233276151277
884,0.1867023327038361
885,0.18670233264616462
886,0.1867023325884978
887,0.18670233253083604
888,0.18670233247317897
889,0.18670233241552703
890,0.18670233235787975
891,0.18670233230023756
892,0.18670233224260005
893,0.18670233218496762
894,0.18670233212734008
895,0.18670233206971737
896,0.18670233201209963
897,0.18670233195448663
898,0.18670233189687865
899,0.18670233183927537
900,0.1867023317816772
901,0.18670233172408354
902,0.18670233166649522
903,0.1867023316089116
904,0.18670233155133278
905,0.18670233149375898
906,0.18670233143619
907,0.18670233137862596
908,0.18670233132106662
909,0.18670233126351224
910,0.18670233120596277
911,0.18670233114841825
912,0.18670233109087855
913,0.18670233103334388
914,0.18670233097581382
915,0.18670233091828875
916,0.1867023308607685
917,0.18670233080325324
918,0.18670233074574275
919,0.18670233068823727
920,0.18670233063073655
921,0.18670233057324057
922,0.18670233051574978
923,0.18670233045826365
924,0.1867023304007824
925,0.18670233034330608
926,0.18670233028583463
927,0.18670233022836824
928,0.18670233017090634
929,0.1867023301134493
930,0.18670233005599737
931,0.1867023299985503
932,0.186702329941108
933,0.18670232988367066
934,0.18670232982623805
935,0.18670232976881043
936,0.18670232971138762
937,0.18670232965396974
938,0.18670232959655647
939,0.1867023295391483
940,0.18670232948174495
941,0.18670232942434647
942,0.18670232936695275
943,0.18670232930956407
944,0.18670232925217997
945,0.18670232919480095
946,0.18670232913742685
947,0.18670232908005735
948,0.18670232902269296
949,0.18670232896533326
950,0.1867023289079785
951,0.1867023288506286
952,0.1867023287932835
953,0.18670232873594322
954,0.1867023286786079
955,0.18670232862127734
956,0.1867023285639517
957,0.18670232850663082
958,0.18670232844931478
959,0.18670232839200376
960,0.18670232833469733
961,0.18670232827739605
962,0.18670232822009944
963,0.18670232816280757
964,0.18670232810552073
965,0.18670232804823866
966,0.18670232799096145
967,0.18670232793368916
968,0.1867023278764217
969,0.18670232781915896
970,0.18670232776190113
971,0.18670232770464826
972,0.1867023276473999
973,0.1867023275901566
974,0.1867023275329182
975,0.18670232747568466
976,0.1867023274184558
977,0.18670232736123196
978,0.1867023273040126
979,0.1867023272467985
980,0.18670232718958896
981,0.18670232713238452
982,0.18670232707518475
983,0.18670232701798967
984,0.18670232696079972
985,0.18670232690361435
986,0.18670232684643392
987,0.1867023267892583
988,0.1867023267320876
989,0.18670232667492176
990,0.1867023266177604
991,0.18670232656060426
992,0.18670232650345278
993,0.18670232644630616
994,0.1867023263891643
995,0.18670232633202744
996,0.18670232627489527
997,0.186702326217768
998,0.18670232616064544
999,0.18670232610352783
1000,0.18670232604641496
1001,0.18670232598930694
1002,0.18670232593220373
1003,0.1867023258751054
1004,0.18670232581801172
1005,0.186702325760923
1006,0.18670232570383916
1007,0.18670232564675998
1008,0.1867023255896858
1009,0.1867023255326163
1010,0.18670232547555185
1011,0.18670232541849185
1012,0.18670232536143674
1013,0.18670232530438668
1014,0.18670232524734143
1015,0.18670232519030078
1016,0.18670232513326504
1017,0.18670232507623416
1018,0.18670232501920794
1019,0.18670232496218672
1020,0.1867023249051702
1021,0.18670232484815855
1022,0.1867023247911517
1023,0.18670232473414958
1024,0.18670232467715236
1025,0.18670232462015987
1026,0.18670232456317215
1027,0.1867023245061894
1028,0.1867023244492114
1029,0.1867023243922382
1030,0.1867023243352698
1031,0.1867023242783062
1032,0.1867023242213473
1033,0.18670232416439356
1034,0.18670232410744436
1035,0.18670232405049983
1036,0.18670232399356024
1037,0.18670232393662556
1038,0.1867023238796955
1039,0.18670232382277024
1040,0.18670232376585005
1041,0.18670232370893433
1042,0.18670232365202352
1043,0.18670232359511757
1044,0.18670232353821645
1045,0.1867023234813201
1046,0.1867023234244283
1047,0.18670232336754164
1048,0.18670232331065964
1049,0.18670232325378244
1050,0.18670232319691
1051,0.18670232314004243
1052,0.18670232308317952
1053,0.18670232302632145
1054,0.18670232296946823
1055,0.18670232291261973
1056,0.18670232285577607
1057,0.18670232279893711
1058,0.18670232274210308
1059,0.18670232268527384
1060,0.18670232262844924
1061,0.18670232257162953
1062,0.18670232251481475
1063,0.18670232245800444
1064,0.18670232240119913
1065,0.18670232234439862
1066,0.18670232228760264
1067,0.18670232223081162
1068,0.18670232217402555
1069,0.18670232211724397
1070,0.18670232206046733
1071,0.1867023220036955
1072,0.18670232194692837
1073,0.18670232189016597
1074,0.1867023218334085
1075,0.18670232177665566
1076,0.18670232171990778
1077,0.18670232166316447
1078,0.18670232160642591
1079,0.18670232154969243
1080,0.1867023214929635
1081,0.18670232143623947
1082,0.18670232137952006
1083,0.18670232132280554
1084,0.1867023212660958
1085,0.1867023212093909
1086,0.18670232115269045
1087,0.18670232109599497
1088,0.18670232103930426
1089,0.18670232098261835
1090,0.1867023209259372
1091,0.18670232086926072
1092,0.1867023208125891
1093,0.18670232075592225
1094,0.18670232069926004
1095,0.1867023206426029
1096,0.18670232058595046
1097,0.1867023205293024
1098,0.18670232047265947
1099,0.18670232041602117
1100,0.18670232035938766
1101,0.1867023203027589
1102,0.1867023202461351
1103,0.18670232018951574
1104,0.18670232013290117
1105,0.18670232007629167
1106,0.18670232001968667
1107,0.18670231996308648
1108,0.1867023199064912
1109,0.18670231984990043
1110,0.18670231979331453
1111,0.1867023197367334
1112,0.1867023196801571
1113,0.18670231962358544
1114,0.18670231956701844
1115,0.18670231951045646
1116,0.1867023194538991
1117,0.18670231939734627
1118,0.18670231934079848
1119,0.18670231928425535
1120,0.18670231922771718
1121,0.18670231917118355
1122,0.18670231911465462
1123,0.18670231905813042
1124,0.1867023190016112
1125,0.1867023189450966
1126,0.1867023188885867
1127,0.18670231883208172
1128,0.1867023187755812
1129,0.18670231871908563
1130,0.1867023186625947
1131,0.1867023186061086
1132,0.18670231854962727
1133,0.18670231849315042
1134,0.1867023184366787
1135,0.18670231838021142
1136,0.18670231832374914
1137,0.18670231826729156
1138,0.18670231821083844
1139,0.18670231815439028
1140,0.18670231809794693
1141,0.18670231804150797
1142,0.18670231798507403
1143,0.18670231792864495
1144,0.18670231787222055
1145,0.1867023178158006
1146,0.18670231775938564
1147,0.18670231770297543
1148,0.18670231764656986
1149,0.18670231759016903
1150,0.18670231753377287
1151,0.1867023174773815
1152,0.1867023174209949
1153,0.186702317364613
1154,0.18670231730823578
1155,0.18670231725186337
1156,0.18670231719549576
1157,0.1867023171391328
1158,0.1867023170827745
1159,0.18670231702642107
1160,0.18670231697007225
1161,0.18670231691372816
1162,0.18670231685738886
1163,0.1867023168010542
1164,0.18670231674472437
1165,0.1867023166883992
1166,0.18670231663207884
1167,0.1867023165757631
1168,0.1867023165194522
1169,0.18670231646314583
1170,0.18670231640684432
1171,0.1867023163505476
1172,0.18670231629425538
1173,0.18670231623796807
1174,0.1867023161816853
1175,0.1867023161254074
1176,0.18670231606913415
1177,0.18670231601286574
1178,0.18670231595660192
1179,0.18670231590034292
1180,0.18670231584408858
1181,0.1867023157878389
1182,0.18670231573159393
1183,0.18670231567535375
1184,0.18670231561911835
1185,0.18670231556288744
1186,0.1867023155066615
1187,0.18670231545044003
1188,0.18670231539422344
1189,0.18670231533801146
1190,0.1867023152818042
1191,0.1867023152256018
1192,0.18670231516940397
1193,0.1867023151132108
1194,0.18670231505702245
1195,0.18670231500083875
1196,0.18670231494465975
1197,0.18670231488848554
1198,0.1867023148323159
1199,0.18670231477615107
1200,0.1867023147199909
1201,0.18670231466383544
1202,0.18670231460768472
1203,0.18670231455153868
1204,0.18670231449539731
1205,0.18670231443926072
1206,0.18670231438312881
1207,0.18670231432700146
1208,0.18670231427087886
1209,0.18670231421476108
1210,0.18670231415864788
1211,0.18670231410253954
1212,0.18670231404643572
1213,0.18670231399033682
1214,0.18670231393424236
1215,0.18670231387815264
1216,0.18670231382206762
1217,0.18670231376598748
1218,0.18670231370991172
1219,0.1867023136538409
1220,0.18670231359777462
1221,0.1867023135417133
1222,0.18670231348565638
1223,0.18670231342960422
1224,0.18670231337355694
1225,0.1867023133175141
1226,0.18670231326147607
1227,0.18670231320544273
1228,0.1867023131494141
1229,0.18670231309339008
1230,0.18670231303737073
1231,0.1867023129813561
1232,0.18670231292534617
1233,0.18670231286934102
1234,0.18670231281334035
1235,0.18670231275734456
1236,0.18670231270135335
1237,0.1867023126453667
1238,0.1867023125893849
1239,0.18670231253340783
1240,0.18670231247743524
1241,0.18670231242146756
1242,0.18670231236550447
1243,0.186702312309546
1244,0.18670231225359213
1245,0.18670231219764308
1246,0.18670231214169872
1247,0.186702312085759
1248,0.18670231202982393
1249,0.18670231197389364
1250,0.1867023119179681
1251,0.1867023118620469
1252,0.18670231180613042
1253,0.18670231175021887
1254,0.1867023116943118
1255,0.18670231163840936
1256,0.1867023115825119
1257,0.18670231152661884
1258,0.1867023114707305
1259,0.18670231141484697
1260,0.18670231135896784
1261,0.18670231130309348
1262,0.1867023112472239
1263,0.18670231119135894
1264,0.18670231113549854
1265,0.1867023110796429
1266,0.18670231102379198
1267,0.18670231096794565
1268,0.18670231091210399
1269,0.186702310856267
1270,0.1867023108004346
1271,0.186702310744607
1272,0.186702310688784
1273,0.1867023106329655
1274,0.18670231057715203
1275,0.18670231052134278
1276,0.18670231046553865
1277,0.18670231040973892
1278,0.18670231035394388
1279,0.1867023102981534
1280,0.18670231024236772
1281,0.18670231018658673
1282,0.1867023101308103
1283,0.18670231007503849
1284,0.18670231001927134
1285,0.1867023099635089
1286,0.18670230990775102
1287,0.18670230985199798
1288,0.18670230979624947
1289,0.1867023097405056
1290,0.18670230968476645
1291,0.18670230962903195
1292,0.18670230957330203
1293,0.18670230951757677
1294,0.18670230946185615
1295,0.18670230940614024
1296,0.18670230935042909
1297,0.18670230929472234
1298,0.18670230923902037
1299,0.18670230918332298
1300,0.18670230912763014
1301,0.18670230907194219
1302,0.18670230901625873
1303,0.18670230896058
1304,0.18670230890490597
1305,0.18670230884923633
1306,0.18670230879357155
1307,0.18670230873791135
1308,0.18670230868225576
1309,0.18670230862660478
1310,0.18670230857095851
1311,0.18670230851531694
1312,0.18670230845967994
1313,0.18670230840404756
1314,0.1867023083484197
1315,0.18670230829279666
1316,0.1867023082371782
1317,0.1867023081815644
1318,0.18670230812595534
1319,0.18670230807035076
1320,0.18670230801475085
1321,0.1867023079591555
1322,0.18670230790356476
1323,0.1867023078479788
1324,0.1867023077923975
1325,0.18670230773682064
1326,0.18670230768124865
1327,0.18670230762568116
1328,0.1867023075701182
1329,0.18670230751456002
1330,0.18670230745900646
1331,0.18670230740345745
1332,0.1867023073479131
1333,0.18670230729237336
1334,0.18670230723683817
1335,0.18670230718130787
1336,0.1867023071257819
1337,0.18670230707026075
1338,0.18670230701474408
1339,0.18670230695923218
1340,0.18670230690372475
1341,0.18670230684822198
1342,0.18670230679272395
1343,0.1867023067372304
1344,0.1867023066817415
1345,0.1867023066262574
1346,0.1867023065707778
1347,0.18670230651530256
1348,0.1867023064598323
1349,0.18670230640436658
1350,0.1867023063489053
1351,0.18670230629344883
1352,0.18670230623799694
1353,0.1867023061825496
1354,0.1867023061271068
1355,0.1867023060716688
1356,0.18670230601623528
1357,0.18670230596080645
1358,0.18670230590538223
1359,0.18670230584996267
1360,0.18670230579454752
1361,0.18670230573913718
1362,0.18670230568373128
1363,0.1867023056283301
1364,0.18670230557293344
1365,0.18670230551754163
1366,0.18670230546215413
1367,0.18670230540677152
1368,0.18670230535139337
1369,0.18670230529601967
1370,0.1867023052406508
1371,0.18670230518528655
1372,0.18670230512992678
1373,0.1867023050745715
1374,0.18670230501922097
