1,0.22519477013774528
2,0.17506715644097126
3,0.1749843661384653
4,0.17497531490163562
5,0.17496661810562206
6,0.17495834629542772
7,0.17495047079018056
8,0.17494296532435852
9,0.1749358058107774
10,0.17492897012674302
11,0.1749224379241776
12,0.1749161904607345
13,0.1749102104493071
14,0.17490448192370098
15,0.17489899011852708
16,0.17489372136163506
17,0.1748886629776155
18,0.17488380320110006
19,0.17487913109874187
20,0.17487463649889953
21,0.17487030992817335
22,0.17486614255403776
23,0.1748621261329189
24,0.17485825296312849
25,0.1748545158421466
26,0.17485090802779799
27,0.17484742320292374
28,0.1748440554431933
29,0.17484079918773665
30,0.1748376492123272
31,0.1748346006048539
32,0.1748316487428714
33,0.1748287892730217
34,0.1748260180921553
35,0.17482333132999076
36,0.17482072533317114
37,0.1748181966505916
38,0.17481574201987754
39,0.1748133583549203
40,0.17481104273436646
41,0.17480879239098615
42,0.17480660470183873
43,0.17480447717917036
44,0.17480240746198197
45,0.17480039330820968
46,0.1747984325874686
47,0.17479652327431267
48,0.17479466344197042
49,0.17479285125651683
50,0.1747910849714478
51,0.17478936292262387
52,0.174787683523558
53,0.17478604526101552
54,0.1747844466909098
55,0.17478288643446244
56,0.17478136317461537
57,0.1747798756526747
58,0.17477842266516574
59,0.17477700306088798
60,0.17477561573815373
61,0.17477425964219706
62,0.17477293376274347
63,0.17477163713172456
64,0.1747703688211316
65,0.1747691279409988
66,0.1747679136375014
67,0.17476672509116983
68,0.1747655615152045
69,0.1747644221538884
70,0.17476330628109088
71,0.17476221319885546
72,0.1747611422360658
73,0.17476009274718846
74,0.17475906411108139
75,0.17475805572987085
76,0.17475706702788735
77,0.17475609745065804
78,0.17475514646395537
79,0.17475421355289383
80,0.17475329822107463
81,0.17475239998977485
82,0.17475151839717923
83,0.17475065299764958
84,0.1747498033610326
85,0.1747489690720034
86,0.17474814972943783
87,0.17474734494582214
88,0.17474655434668573
89,0.17474577757006593
90,0.17474501426599504
91,0.17474426409601623
92,0.17474352673271945
93,0.17474280185929897
94,0.17474208916913497
95,0.17474138836539146
96,0.1747406991606344
97,0.17474002127646726
98,0.17473935444318295
99,0.17473869839943096
100,0.17473805289190217
101,0.17473741767502257
102,0.1747367925106675
103,0.17473617716788212
104,0.17473557142261792
105,0.17473497505747906
106,0.1747343878614812
107,0.17473380962981905
108,0.17473324016364392
109,0.1747326792698529
110,0.17473212676088296
111,0.17473158245451806
112,0.1747310461737025
113,0.17473051774635825
114,0.1747299970052181
115,0.17472948378765635
116,0.1747289779355334
117,0.1747284792950432
118,0.17472798771656678
119,0.17472750305453347
120,0.17472702516728567
121,0.17472655391694972
122,0.17472608916931223
123,0.1747256307937004
124,0.17472517866286805
125,0.17472473265288335
126,0.17472429264302575
127,0.1747238585156803
128,0.1747234301562432
129,0.17472300745302383
130,0.17472259029715598
131,0.17472217858250844
132,0.174721772205602
133,0.17472137106552718
134,0.17472097506386572
135,0.17472058410461597
136,0.17472019809411848
137,0.1747198169409869
138,0.1747194405560397
139,0.17471906885223432
140,0.1747187017446052
141,0.1747183391502022
142,0.17471798098803082
143,0.17471762717899783
144,0.17471727764585468
145,0.17471693231314395
146,0.17471659110715038
147,0.17471625395584917
148,0.1747159207888604
149,0.1747155915374008
150,0.17471526613424126
151,0.17471494451366104
152,0.1747146266114085
153,0.17471431236465937
154,0.17471400171197857
155,0.1747136945932808
156,0.17471339094979646
157,0.1747130907240341
158,0.17471279385974686
159,0.17471250030189983
160,0.1747122099966365
161,0.17471192289125054
162,0.17471163893415181
163,0.17471135807483926
164,0.17471108026387336
165,0.17471080545284745
166,0.17471053359436067
167,0.17471026464199332
168,0.17470999855028194
169,0.17470973527469402
170,0.174709474771605
171,0.17470921699827588
172,0.17470896191283042
173,0.17470870947423411
174,0.17470845964227322
175,0.17470821237753398
176,0.17470796764138435
177,0.17470772539595344
178,0.17470748560411403
179,0.17470724822946357
180,0.17470701323630827
181,0.1747067805896443
182,0.1747065502551423
183,0.17470632219913196
184,0.17470609638858547
185,0.17470587279110208
186,0.17470565137489427
187,0.17470543210877415
188,0.17470521496213695
189,0.1747049999049502
190,0.17470478690773902
191,0.17470457594157449
192,0.17470436697805916
193,0.17470415998931785
194,0.1747039549479833
195,0.17470375182718637
196,0.17470355060054335
197,0.17470335124214714
198,0.1747031537265549
199,0.1747029580287785
200,0.1747027641242742
201,0.17470257198893308
202,0.17470238159907225
203,0.17470219293142364
204,0.17470200596312757
205,0.1747018206717215
206,0.17470163703513295
207,0.17470145503167056
208,0.17470127464001717
209,0.17470109583921964
210,0.17470091860868311
211,0.1747007429281623
212,0.17470056877775492
213,0.17470039613789393
214,0.17470022498934132
215,0.17470005531318042
216,0.17469988709080914
217,0.17469972030393519
218,0.1746995549345675
219,0.17469939096501175
220,0.17469922837786322
221,0.17469906715600175
222,0.17469890728258528
223,0.1746987487410451
224,0.17469859151508021
225,0.17469843558865047
226,0.17469828094597353
227,0.17469812757151912
228,0.17469797545000307
229,0.1746978245663835
230,0.17469767490585564
231,0.17469752645384815
232,0.17469737919601633
233,0.17469723311824095
234,0.17469708820662097
235,0.17469694444747041
236,0.17469680182731553
237,0.17469666033288866
238,0.17469651995112526
239,0.17469638066916043
240,0.17469624247432472
241,0.17469610535414076
242,0.17469596929631873
243,0.17469583428875424
244,0.17469570031952372
245,0.17469556737688202
246,0.17469543544925828
247,0.17469530452525317
248,0.17469517459363615
249,0.1746950456433412
250,0.17469491766346498
251,0.17469479064326338
252,0.1746946645721488
253,0.174694539439687
254,0.1746944152355947
255,0.17469429194973704
256,0.17469416957212436
257,0.17469404809290962
258,0.17469392750238724
259,0.17469380779098856
260,0.17469368894928083
261,0.17469357096796456
262,0.1746934538378707
263,0.17469333754995922
264,0.17469322209531576
265,0.17469310746515063
266,0.17469299365079594
267,0.1746928806437039
268,0.17469276843544404
269,0.17469265701770204
270,0.17469254638227757
271,0.1746924365210823
272,0.1746923274261372
273,0.17469221908957258
274,0.17469211150362438
275,0.1746920046606328
276,0.17469189855304157
277,0.17469179317339617
278,0.17469168851433983
279,0.174691584568615
280,0.17469148132905982
281,0.17469137878860688
282,0.17469127694028236
283,0.17469117577720386
284,0.17469107529257877
285,0.17469097547970366
286,0.17469087633196168
287,0.17469077784282236
288,0.1746906800058392
289,0.17469058281464866
290,0.17469048626296954
291,0.17469039034460093
292,0.17469029505342024
293,0.17469020038338431
294,0.17469010632852539
295,0.17469001288295172
296,0.1746899200408458
297,0.1746898277964634
298,0.17468973614413166
299,0.17468964507824972
300,0.17468955459328525
301,0.17468946468377622
302,0.1746893753443266
303,0.17468928656960778
304,0.17468919835435684
305,0.17468911069337564
306,0.17468902358152869
307,0.17468893701374413
308,0.1746888509850114
309,0.17468876549038093
310,0.17468868052496275
311,0.17468859608392617
312,0.17468851216249823
313,0.17468842875596363
314,0.17468834585966295
315,0.174688263468993
316,0.1746881815794042
317,0.1746881001864023
318,0.17468801928554495
319,0.17468793887244266
320,0.17468785894275804
321,0.17468777949220368
322,0.17468770051654245
323,0.1746876220115867
324,0.1746875439731979
325,0.17468746639728497
326,0.1746873892798039
327,0.1746873126167578
328,0.1746872364041954
329,0.17468716063821046
330,0.17468708531494215
331,0.17468701043057325
332,0.17468693598132962
333,0.17468686196347977
334,0.17468678837333532
335,0.17468671520724868
336,0.17468664246161353
337,0.1746865701328635
338,0.17468649821747304
339,0.17468642671195495
340,0.17468635561286172
341,0.174686284916783
342,0.1746862146203471
343,0.1746861447202191
344,0.1746860752131006
345,0.17468600609572973
346,0.1746859373648801
347,0.17468586901736108
348,0.17468580105001594
349,0.17468573345972252
350,0.17468566624339277
351,0.1746855993979712
352,0.17468553292043673
353,0.17468546680779876
354,0.17468540105710076
355,0.17468533566541586
356,0.17468527062985054
357,0.17468520594753942
358,0.17468514161564996
359,0.17468507763137828
360,0.17468501399195002
361,0.1746849506946208
362,0.1746848877366742
363,0.17468482511542344
364,0.17468476282820816
365,0.17468470087239665
366,0.17468463924538497
367,0.17468457794459522
368,0.17468451696747664
369,0.17468445631150506
370,0.17468439597418156
371,0.17468433595303332
372,0.17468427624561295
373,0.1746842168494978
374,0.1746841577622899
375,0.17468409898161574
376,0.17468404050512568
377,0.17468398233049456
378,0.1746839244554195
379,0.17468386687762147
380,0.17468380959484422
381,0.17468375260485464
382,0.17468369590544078
383,0.17468363949441376
384,0.17468358336960588
385,0.17468352752887123
386,0.17468347197008466
387,0.17468341669114282
388,0.1746833616899622
389,0.17468330696448034
390,0.1746832525126548
391,0.17468319833246315
392,0.17468314442190216
393,0.17468309077898908
394,0.17468303740175992
395,0.1746829842882692
396,0.17468293143659092
397,0.17468287884481745
398,0.1746828265110598
399,0.1746827744334463
400,0.17468272261012416
401,0.17468267103925694
402,0.1746826197190277
403,0.17468256864763496
404,0.17468251782329475
405,0.17468246724424083
406,0.1746824169087226
407,0.17468236681500654
408,0.17468231696137512
409,0.1746822673461273
410,0.17468221796757713
411,0.17468216882405546
412,0.17468211991390825
413,0.1746820712354962
414,0.17468202278719613
415,0.17468197456739928
416,0.17468192657451212
417,0.1746818788069556
418,0.17468183126316503
419,0.17468178394159067
420,0.17468173684069607
421,0.17468168995895952
422,0.17468164329487224
423,0.17468159684694054
424,0.17468155061368304
425,0.1746815045936327
426,0.17468145878533484
427,0.17468141318734892
428,0.17468136779824586
429,0.17468132261661098
430,0.17468127764104138
431,0.17468123287014642
432,0.17468118830254864
433,0.17468114393688278
434,0.1746810997717949
435,0.1746810558059436
436,0.17468101203799927
437,0.17468096846664377
438,0.1746809250905711
439,0.17468088190848632
440,0.17468083891910569
441,0.17468079612115728
442,0.1746807535133793
443,0.17468071109452213
444,0.17468066886334577
445,0.17468062681862184
446,0.17468058495913244
447,0.17468054328366978
448,0.1746805017910368
449,0.1746804604800466
450,0.17468041934952291
451,0.17468037839829856
452,0.1746803376252172
453,0.17468029702913185
454,0.17468025660890577
455,0.1746802163634113
456,0.17468017629153085
457,0.1746801363921555
458,0.17468009666418666
459,0.17468005710653473
460,0.17468001771811822
461,0.1746799784978664
462,0.17467993944471627
463,0.1746799005576138
464,0.17467986183551448
465,0.1746798232773817
466,0.17467978488218794
467,0.17467974664891373
468,0.17467970857654896
469,0.1746796706640901
470,0.17467963291054395
471,0.17467959531492414
472,0.1746795578762526
473,0.17467952059355954
474,0.17467948346588288
475,0.17467944649226863
476,0.17467940967177012
477,0.1746793730034486
478,0.17467933648637313
479,0.17467930011961993
480,0.17467926390227267
481,0.1746792278334231
482,0.17467919191216977
483,0.17467915613761772
484,0.17467912050888013
485,0.17467908502507717
486,0.17467904968533635
487,0.1746790144887904
488,0.17467897943458102
489,0.17467894452185592
490,0.17467890974976918
491,0.17467887511748192
492,0.1746788406241618
493,0.17467880626898336
494,0.17467877205112686
495,0.1746787379697798
496,0.1746787040241356
497,0.17467867021339384
498,0.17467863653676088
499,0.17467860299344867
500,0.1746785695826757
501,0.17467853630366634
502,0.17467850315565073
503,0.17467847013786525
504,0.17467843724955268
505,0.17467840448995994
506,0.17467837185834173
507,0.1746783393539573
508,0.17467830697607198
509,0.17467827472395597
510,0.1746782425968861
511,0.17467821059414423
512,0.17467817871501773
513,0.1746781469587989
514,0.17467811532478608
515,0.17467808381228236
516,0.17467805242059645
517,0.17467802114904218
518,0.17467798999693862
519,0.1746779589636098
520,0.1746779280483842
521,0.17467789725059668
522,0.17467786656958598
523,0.17467783600469605
524,0.17467780555527565
525,0.1746777752206788
526,0.17467774500026373
527,0.17467771489339334
528,0.17467768489943591
529,0.1746776550177641
530,0.17467762524775465
531,0.17467759558878923
532,0.1746775660402545
533,0.1746775366015408
534,0.1746775072720432
535,0.17467747805116157
536,0.17467744893829973
537,0.1746774199328657
538,0.17467739103427168
539,0.17467736224193534
540,0.174677333555277
541,0.17467730497372208
542,0.17467727649669945
543,0.17467724812364246
544,0.1746772198539885
545,0.1746771916871797
546,0.1746771636226602
547,0.1746771356598798
548,0.1746771077982921
549,0.1746770800373537
550,0.17467705237652584
551,0.17467702481527314
552,0.1746769973530636
553,0.17467696998936982
554,0.174676942723668
555,0.17467691555543716
556,0.1746768884841604
557,0.17467686150932454
558,0.1746768346304198
559,0.1746768078469399
560,0.17467678115838237
561,0.17467675456424706
562,0.17467672806403856
563,0.17467670165726404
564,0.17467667534343415
565,0.17467664912206202
566,0.17467662299266534
567,0.17467659695476345
568,0.17467657100787998
569,0.17467654515154038
570,0.17467651938527318
571,0.17467649370860985
572,0.1746764681210842
573,0.17467644262223223
574,0.17467641721159152
575,0.17467639188870127
576,0.17467636665310213
577,0.1746763415043342
578,0.1746763164419365
579,0.17467629146544478
580,0.17467626657439028
581,0.17467624176829255
582,0.1746762170466552
583,0.1746761924089501
584,0.17467616785459744
585,0.17467614338292134
586,0.1746761189930638
587,0.1746760946838166
