1,0.1999701888551978
2,0.1763206096935416
3,0.17405909648765913
4,0.17404966204717062
5,0.1740495958422996
6,0.1740495706775932
7,0.17404954576198267
8,0.17404952091619
9,0.17404949613914777
10,0.17404947143057262
11,0.17404944679018486
12,0.17404942221770772
13,0.1740493977128647
14,0.17404937327538142
15,0.1740493489049851
16,0.1740493246014038
17,0.17404930036436747
18,0.17404927619360802
19,0.17404925208885738
20,0.17404922804985037
21,0.17404920407632246
22,0.17404918016801008
23,0.17404915632465223
24,0.17404913254598847
25,0.17404910883175975
26,0.1740490851817088
27,0.1740490615955795
28,0.1740490380731168
29,0.17404901461406772
30,0.17404899121817977
31,0.174048967885202
32,0.17404894461488535
33,0.17404892140698122
34,0.17404889826124295
35,0.17404887517742504
36,0.1740488521552829
37,0.17404882919457357
38,0.1740488062950555
39,0.174048783456488
40,0.17404876067863143
41,0.17404873796124795
42,0.17404871530410085
43,0.17404869270695472
44,0.17404867016957473
45,0.17404864769172804
46,0.17404862527318254
47,0.17404860291370736
48,0.17404858061307305
49,0.17404855837105115
50,0.17404853618741434
51,0.1740485140619364
52,0.17404849199439273
53,0.1740484699845596
54,0.1740484480322137
55,0.17404842613713392
56,0.17404840429910004
57,0.1740483825178926
58,0.1740483607932933
59,0.17404833912508544
60,0.17404831751305244
61,0.17404829595698007
62,0.1740482744566542
63,0.17404825301186233
64,0.17404823162239264
65,0.17404821028803463
66,0.1740481890085784
67,0.1740481677838162
68,0.17404814661354004
69,0.1740481254975436
70,0.17404810443562188
71,0.17404808342757008
72,0.17404806247318494
73,0.1740480415722647
74,0.17404802072460746
75,0.1740479999300129
76,0.17404797918828213
77,0.17404795849921675
78,0.17404793786261905
79,0.17404791727829286
80,0.17404789674604307
81,0.17404787626567494
82,0.17404785583699486
83,0.17404783545981053
84,0.1740478151339305
85,0.17404779485916397
86,0.17404777463532134
87,0.1740477544622138
88,0.17404773433965293
89,0.1740477142674526
90,0.17404769424542652
91,0.17404767427338935
92,0.17404765435115732
93,0.17404763447854704
94,0.17404761465537522
95,0.17404759488146143
96,0.1740475751566244
97,0.17404755548068446
98,0.1740475358534628
99,0.17404751627478143
100,0.17404749674446274
101,0.17404747726233066
102,0.17404745782820968
103,0.17404743844192497
104,0.17404741910330307
105,0.1740473998121706
106,0.17404738056835578
107,0.17404736137168686
108,0.1740473422219937
109,0.17404732311910642
110,0.17404730406285607
111,0.17404728505307446
112,0.17404726608959475
113,0.17404724717224987
114,0.17404722830087446
115,0.17404720947530383
116,0.17404719069537317
117,0.1740471719609196
118,0.1740471532717804
119,0.17404713462779364
120,0.17404711602879838
121,0.17404709747463432
122,0.17404707896514196
123,0.17404706050016236
124,0.17404704207953745
125,0.17404702370310995
126,0.17404700537072337
127,0.17404698708222163
128,0.1740469688374496
129,0.17404695063625342
130,0.17404693247847888
131,0.17404691436397282
132,0.17404689629258369
133,0.17404687826415943
134,0.17404686027854954
135,0.17404684233560333
136,0.1740468244351717
137,0.1740468065771059
138,0.1740467887612579
139,0.17404677098747992
140,0.17404675325562582
141,0.17404673556554914
142,0.17404671791710474
143,0.17404670031014777
144,0.17404668274453453
145,0.17404666522012086
146,0.17404664773676495
147,0.17404663029432402
148,0.1740466128926573
149,0.1740465955316234
150,0.1740465782110826
151,0.17404656093089507
152,0.1740465436909223
153,0.17404652649102584
154,0.1740465093310679
155,0.17404649221091215
156,0.17404647513042168
157,0.17404645808946073
158,0.17404644108789433
159,0.17404642412558816
160,0.1740464072024079
161,0.17404639031822056
162,0.1740463734728931
163,0.1740463566662936
164,0.17404633989829066
165,0.1740463231687534
166,0.17404630647755095
167,0.174046289824554
168,0.17404627320963312
169,0.17404625663265988
170,0.17404624009350617
171,0.17404622359204452
172,0.17404620712814797
173,0.1740461907016904
174,0.17404617431254574
175,0.174046157960589
176,0.17404614164569548
177,0.17404612536774106
178,0.17404610912660196
179,0.1740460929221554
180,0.1740460767542788
181,0.17404606062285022
182,0.17404604452774863
183,0.17404602846885264
184,0.174046012446042
185,0.17404599645919716
186,0.1740459805081986
187,0.17404596459292787
188,0.17404594871326612
189,0.1740459328690962
190,0.1740459170603007
191,0.174045901286763
192,0.17404588554836678
193,0.1740458698449966
194,0.17404585417653687
195,0.17404583854287328
196,0.17404582294389134
197,0.1740458073794777
198,0.17404579184951868
199,0.17404577635390217
200,0.17404576089251556
201,0.17404574546524731
202,0.17404573007198576
203,0.17404571471262045
204,0.17404569938704129
205,0.17404568409513785
206,0.17404566883680125
207,0.17404565361192265
208,0.1740456384203932
209,0.17404562326210543
210,0.17404560813695108
211,0.17404559304482423
212,0.1740455779856174
213,0.17404556295922474
214,0.17404554796554086
215,0.17404553300446005
216,0.17404551807587773
217,0.17404550317968964
218,0.17404548831579172
219,0.17404547348408073
220,0.1740454586844533
221,0.17404544391680732
222,0.17404542918104032
223,0.17404541447705071
224,0.1740453998047372
225,0.17404538516399878
226,0.17404537055473543
227,0.17404535597684648
228,0.1740453414302326
229,0.17404532691479493
230,0.17404531243043442
231,0.1740452979770526
232,0.17404528355455187
233,0.1740452691628344
234,0.17404525480180316
235,0.17404524047136138
236,0.174045226171413
237,0.17404521190186192
238,0.17404519766261248
239,0.17404518345356967
240,0.17404516927463876
241,0.17404515512572563
242,0.1740451410067359
243,0.1740451269175765
244,0.17404511285815383
245,0.17404509882837504
246,0.17404508482814815
247,0.17404507085738102
248,0.1740450569159818
249,0.1740450430038596
250,0.17404502912092298
251,0.1740450152670817
252,0.17404500144224594
253,0.17404498764632528
254,0.17404497387923062
255,0.17404496014087292
256,0.1740449464311636
257,0.17404493275001384
258,0.17404491909733646
259,0.17404490547304316
260,0.17404489187704705
261,0.17404487830926105
262,0.17404486476959874
263,0.17404485125797378
264,0.17404483777430063
265,0.17404482431849355
266,0.17404481089046717
267,0.17404479749013707
268,0.17404478411741853
269,0.1740447707722275
270,0.1740447574544803
271,0.17404474416409346
272,0.17404473090098363
273,0.17404471766506824
274,0.17404470445626485
275,0.17404469127449107
276,0.1740446781196652
277,0.17404466499170623
278,0.1740446518905323
279,0.17404463881606316
280,0.17404462576821797
281,0.17404461274691654
282,0.17404459975207942
283,0.17404458678362675
284,0.17404457384147898
285,0.17404456092555798
286,0.17404454803578465
287,0.1740445351720805
288,0.17404452233436812
289,0.17404450952256964
290,0.1740444967366072
291,0.17404448397640454
292,0.1740444712418845
293,0.17404445853297038
294,0.17404444584958648
295,0.17404443319165647
296,0.17404442055910566
297,0.1740444079518579
298,0.17404439536983857
299,0.1740443828129728
300,0.17404437028118652
301,0.17404435777440555
302,0.17404434529255594
303,0.17404433283556422
304,0.1740443204033573
305,0.17404430799586224
306,0.1740442956130063
307,0.17404428325471688
308,0.17404427092092206
309,0.17404425861155037
310,0.17404424632652984
311,0.17404423406578964
312,0.174044221829258
313,0.17404420961686473
314,0.17404419742853974
315,0.17404418526421206
316,0.1740441731238124
317,0.17404416100727116
318,0.1740441489145186
319,0.17404413684548561
320,0.17404412480010362
321,0.1740441127783042
322,0.17404410078001864
323,0.17404408880517916
324,0.17404407685371795
325,0.17404406492556718
326,0.17404405302066017
327,0.17404404113892954
328,0.17404402928030832
329,0.17404401744473053
330,0.17404400563212968
331,0.17404399384243954
332,0.17404398207559485
333,0.17404397033152977
334,0.17404395861017904
335,0.17404394691147795
336,0.1740439352353613
337,0.17404392358176501
338,0.1740439119506246
339,0.174043900341876
340,0.17404388875545532
341,0.17404387719129952
342,0.1740438656493449
343,0.1740438541295284
344,0.17404384263178727
345,0.17404383115605884
346,0.17404381970228108
347,0.17404380827039126
348,0.17404379686032764
349,0.174043785472029
350,0.17404377410543365
351,0.17404376276048014
352,0.17404375143710776
353,0.17404374013525578
354,0.1740437288548637
355,0.1740437175958712
356,0.1740437063582178
357,0.17404369514184406
358,0.17404368394669045
359,0.17404367277269706
360,0.17404366161980514
361,0.17404365048795564
362,0.17404363937708983
363,0.17404362828714875
364,0.17404361721807468
365,0.17404360616980916
366,0.17404359514229406
367,0.17404358413547236
368,0.1740435731492861
369,0.17404356218367822
370,0.17404355123859155
371,0.17404354031396913
372,0.17404352940975454
373,0.17404351852589134
374,0.17404350766232352
375,0.17404349681899445
376,0.1740434859958488
377,0.17404347519283067
378,0.17404346440988505
379,0.17404345364695645
380,0.17404344290398974
381,0.17404343218093027
382,0.1740434214777234
383,0.17404341079431498
384,0.17404340013065037
385,0.17404338948667575
386,0.1740433788623371
387,0.17404336825758135
388,0.1740433576723544
389,0.1740433471066032
390,0.17404333656027487
391,0.17404332603331657
392,0.17404331552567526
393,0.17404330503729884
394,0.17404329456813483
395,0.17404328411813097
396,0.1740432736872356
397,0.17404326327539693
398,0.17404325288256323
399,0.1740432425086834
400,0.17404323215370585
401,0.17404322181758008
402,0.17404321150025454
403,0.17404320120167932
404,0.17404319092180343
405,0.174043180660577
406,0.17404317041794945
407,0.17404316019387123
408,0.17404314998829226
409,0.1740431398011631
410,0.17404312963243415
411,0.17404311948205659
412,0.1740431093499808
413,0.17404309923615835
414,0.17404308914054023
415,0.17404307906307806
416,0.174043069003723
417,0.17404305896242733
418,0.1740430489391427
419,0.17404303893382134
420,0.17404302894641516
421,0.17404301897687718
422,0.1740430090251595
423,0.17404299909121496
424,0.1740429891749966
425,0.17404297927645737
426,0.17404296939555042
427,0.17404295953222906
428,0.1740429496864471
429,0.17404293985815827
430,0.17404293004731589
431,0.17404292025387422
432,0.17404291047778742
433,0.1740429007190097
434,0.17404289097749534
435,0.17404288125319917
436,0.17404287154607562
437,0.1740428618560797
438,0.17404285218316623
439,0.17404284252729035
440,0.17404283288840708
441,0.17404282326647214
442,0.17404281366144078
443,0.1740428040732684
444,0.17404279450191082
445,0.1740427849473239
446,0.17404277540946328
447,0.17404276588828493
448,0.17404275638374497
449,0.1740427468957997
450,0.17404273742440485
451,0.17404272796951686
452,0.1740427185310916
453,0.17404270910908598
454,0.17404269970345512
455,0.17404269031415612
456,0.17404268094114403
457,0.17404267158437545
458,0.1740426622438057
459,0.1740426529193902
460,0.17404264361108415
461,0.17404263431884182
462,0.17404262504261725
463,0.17404261578236385
464,0.17404260653803355
465,0.1740425973095773
466,0.17404258809694423
467,0.17404257890008099
468,0.17404256971893173
469,0.17404256055343603
470,0.17404255140352837
471,0.1740425422691351
472,0.17404253315017176
473,0.1740425240465386
474,0.17404251495811174
475,0.17404250588473077
476,0.1740424968261779
477,0.1740424877821373
478,0.1740424787521197
479,0.1740424697353055
480,0.17404246073018212
481,0.1740424517335959
482,0.17404244273775352
483,0.17404243371769992
484,0.17404242454609514
485,0.1740424131028252
486,0.18490085648608803
487,0.18628699526027825
488,0.17442052204956468
489,0.17382634523280904
490,0.17381339095905368
491,0.17381305425635957
492,0.17381304543058482
493,0.17381304519918822
494,0.17381304519312113
495,0.17381304519296217
496,0.17381304519295804
497,0.1738130451929579
498,0.1738130451929579
499,0.1738130451929579
500,0.1738130451929579
501,0.1738130451929579
502,0.1738130451929579
503,0.1738130451929579
504,0.1738130451929579
505,0.1738130451929579
506,0.1738130451929579
507,0.1738130451929579
508,0.1738130451929579
509,0.1738130451929579
510,0.1738130451929579
511,0.1738130451929579
512,0.1738130451929579
513,0.1738130451929579
514,0.1738130451929579
515,0.1738130451929579
516,0.1738130451929579
517,0.1738130451929579
518,0.1738130451929579
519,0.1738130451929579
520,0.1738130451929579
521,0.1738130451929579
522,0.1738130451929579
523,0.1738130451929579
524,0.1738130451929579
525,0.1738130451929579
526,0.1738130451929579
527,0.1738130451929579
528,0.1738130451929579
529,0.1738130451929579
530,0.1738130451929579
531,0.1738130451929579
532,0.1738130451929579
533,0.1738130451929579
534,0.1738130451929579
535,0.1738130451929579
536,0.1738130451929579
537,0.1738130451929579
538,0.1738130451929579
539,0.1738130451929579
540,0.1738130451929579
541,0.1738130451929579
542,0.1738130451929579
543,0.1738130451929579
544,0.1738130451929579
545,0.1738130451929579
546,0.1738130451929579
547,0.1738130451929579
548,0.1738130451929579
549,0.1738130451929579
550,0.1738130451929579
551,0.1738130451929579
552,0.1738130451929579
553,0.1738130451929579
554,0.1738130451929579
555,0.1738130451929579
556,0.1738130451929579
557,0.1738130451929579
558,0.1738130451929579
559,0.1738130451929579
560,0.1738130451929579
561,0.1738130451929579
562,0.1738130451929579
563,0.1738130451929579
564,0.1738130451929579
565,0.1738130451929579
566,0.1738130451929579
567,0.1738130451929579
568,0.1738130451929579
569,0.1738130451929579
570,0.1738130451929579
571,0.1738130451929579
572,0.1738130451929579
573,0.1738130451929579
574,0.1738130451929579
575,0.1738130451929579
576,0.1738130451929579
577,0.1738130451929579
578,0.1738130451929579
579,0.1738130451929579
580,0.1738130451929579
581,0.1738130451929579
582,0.1738130451929579
583,0.1738130451929579
584,0.1738130451929579
585,0.1738130451929579
586,0.1738130451929579
587,0.1738130451929579
588,0.1738130451929579
589,0.1738130451929579
590,0.1738130451929579
591,0.1738130451929579
592,0.1738130451929579
593,0.1738130451929579
594,0.1738130451929579
595,0.1738130451929579
596,0.1738130451929579
597,0.1738130451929579
598,0.1738130451929579
599,0.1738130451929579
600,0.1738130451929579
601,0.1738130451929579
602,0.1738130451929579
603,0.1738130451929579
604,0.1738130451929579
605,0.1738130451929579
606,0.1738130451929579
607,0.1738130451929579
608,0.1738130451929579
609,0.1738130451929579
610,0.1738130451929579
611,0.1738130451929579
612,0.1738130451929579
613,0.1738130451929579
614,0.1738130451929579
615,0.1738130451929579
616,0.1738130451929579
617,0.1738130451929579
618,0.1738130451929579
619,0.1738130451929579
620,0.1738130451929579
621,0.1738130451929579
622,0.1738130451929579
623,0.1738130451929579
624,0.1738130451929579
625,0.1738130451929579
626,0.1738130451929579
627,0.1738130451929579
628,0.1738130451929579
629,0.1738130451929579
630,0.1738130451929579
631,0.1738130451929579
632,0.1738130451929579
633,0.1738130451929579
634,0.1738130451929579
635,0.1738130451929579
636,0.1738130451929579
637,0.1738130451929579
638,0.1738130451929579
639,0.1738130451929579
640,0.1738130451929579
641,0.1738130451929579
642,0.1738130451929579
643,0.1738130451929579
644,0.1738130451929579
645,0.1738130451929579
646,0.1738130451929579
647,0.1738130451929579
648,0.1738130451929579
649,0.1738130451929579
650,0.1738130451929579
651,0.1738130451929579
652,0.1738130451929579
653,0.1738130451929579
654,0.1738130451929579
655,0.1738130451929579
656,0.1738130451929579
657,0.1738130451929579
658,0.1738130451929579
659,0.1738130451929579
660,0.1738130451929579
661,0.1738130451929579
662,0.1738130451929579
663,0.1738130451929579
664,0.1738130451929579
665,0.1738130451929579
666,0.1738130451929579
667,0.1738130451929579
668,0.1738130451929579
669,0.1738130451929579
670,0.1738130451929579
671,0.1738130451929579
672,0.1738130451929579
673,0.1738130451929579
674,0.1738130451929579
675,0.1738130451929579
676,0.1738130451929579
677,0.1738130451929579
678,0.1738130451929579
679,0.1738130451929579
680,0.1738130451929579
681,0.1738130451929579
682,0.1738130451929579
683,0.1738130451929579
684,0.1738130451929579
685,0.1738130451929579
686,0.1738130451929579
687,0.1738130451929579
688,0.1738130451929579
689,0.1738130451929579
690,0.1738130451929579
691,0.1738130451929579
692,0.1738130451929579
693,0.1738130451929579
694,0.1738130451929579
695,0.1738130451929579
696,0.1738130451929579
697,0.1738130451929579
698,0.1738130451929579
699,0.1738130451929579
700,0.1738130451929579
701,0.1738130451929579
702,0.1738130451929579
703,0.1738130451929579
704,0.1738130451929579
705,0.1738130451929579
706,0.1738130451929579
707,0.1738130451929579
708,0.1738130451929579
709,0.1738130451929579
710,0.1738130451929579
711,0.1738130451929579
712,0.1738130451929579
713,0.1738130451929579
714,0.1738130451929579
715,0.1738130451929579
716,0.1738130451929579
717,0.1738130451929579
718,0.1738130451929579
719,0.1738130451929579
720,0.1738130451929579
721,0.1738130451929579
722,0.1738130451929579
723,0.1738130451929579
724,0.1738130451929579
725,0.1738130451929579
726,0.1738130451929579
727,0.1738130451929579
728,0.1738130451929579
729,0.1738130451929579
730,0.1738130451929579
731,0.1738130451929579
732,0.1738130451929579
733,0.1738130451929579
734,0.1738130451929579
735,0.1738130451929579
736,0.1738130451929579
737,0.1738130451929579
738,0.1738130451929579
739,0.1738130451929579
740,0.1738130451929579
741,0.1738130451929579
742,0.1738130451929579
743,0.1738130451929579
744,0.1738130451929579
745,0.1738130451929579
746,0.1738130451929579
747,0.1738130451929579
748,0.1738130451929579
749,0.1738130451929579
750,0.1738130451929579
751,0.1738130451929579
752,0.1738130451929579
753,0.1738130451929579
754,0.1738130451929579
755,0.1738130451929579
756,0.1738130451929579
757,0.1738130451929579
758,0.1738130451929579
759,0.1738130451929579
760,0.1738130451929579
761,0.1738130451929579
762,0.1738130451929579
763,0.1738130451929579
764,0.1738130451929579
765,0.1738130451929579
766,0.1738130451929579
767,0.1738130451929579
768,0.1738130451929579
769,0.1738130451929579
770,0.1738130451929579
771,0.1738130451929579
772,0.1738130451929579
773,0.1738130451929579
774,0.1738130451929579
775,0.1738130451929579
776,0.1738130451929579
777,0.1738130451929579
778,0.1738130451929579
779,0.1738130451929579
780,0.1738130451929579
781,0.1738130451929579
782,0.1738130451929579
783,0.1738130451929579
784,0.1738130451929579
785,0.1738130451929579
786,0.1738130451929579
787,0.1738130451929579
788,0.1738130451929579
789,0.1738130451929579
790,0.1738130451929579
791,0.1738130451929579
792,0.1738130451929579
793,0.1738130451929579
794,0.1738130451929579
795,0.1738130451929579
796,0.1738130451929579
797,0.1738130451929579
798,0.1738130451929579
799,0.1738130451929579
800,0.1738130451929579
801,0.1738130451929579
802,0.1738130451929579
803,0.1738130451929579
804,0.1738130451929579
805,0.1738130451929579
806,0.1738130451929579
807,0.1738130451929579
808,0.1738130451929579
809,0.1738130451929579
810,0.1738130451929579
811,0.1738130451929579
812,0.1738130451929579
813,0.1738130451929579
814,0.1738130451929579
815,0.1738130451929579
816,0.1738130451929579
817,0.1738130451929579
818,0.1738130451929579
819,0.1738130451929579
820,0.1738130451929579
821,0.1738130451929579
822,0.1738130451929579
823,0.1738130451929579
824,0.1738130451929579
825,0.1738130451929579
826,0.1738130451929579
827,0.1738130451929579
828,0.1738130451929579
829,0.1738130451929579
