1,0.20303822799585078
2,0.18308206117340922
3,0.18306876706859415
4,0.18305469400082472
5,0.1830413819417875
6,0.18302878399354428
7,0.18301685591813965
8,0.18300555608792013
9,0.18299484540966288
10,0.18298468723102257
11,0.18297504723484842
12,0.18296589332583194
13,0.1829571955130311
14,0.18294892579104466
15,0.18294105802196198
16,0.1829335678196926
17,0.18292643243784584
18,0.1829196306619869
19,0.1829131427068234
20,0.18290695011865257
21,0.18290103568323957
22,0.18289538333916336
23,0.182889978096567
24,0.18288480596118528
25,0.18287985386346264
26,0.18287510959254544
27,0.182870561734909
28,0.18286619961736195
29,0.1828620132541774
30,0.1828579932980837
31,0.18285413099486997
32,0.1828504181413564
33,0.1828468470464959
34,0.18284341049538183
35,0.18284010171594933
36,0.18283691434817154
37,0.1828338424155633
38,0.18283088029881384
39,0.18282802271139217
40,0.18282526467696458
41,0.18282260150849397
42,0.18282002878888115
43,0.18281754235303632
44,0.18281513827126225
45,0.18281281283385328
46,0.18281056253681172
47,0.18280838406859656
48,0.18280627429782362
49,0.1828042302618439
50,0.18280224915613288
51,0.18280032832442733
52,0.1827984652495547
53,0.18279665754489913
54,0.18279490294645734
55,0.1827931993054429
56,0.18279154458138963
57,0.1827899368357267
58,0.18278837422578356
59,0.1827868549991934
60,0.18278537748867132
61,0.1827839401071307
62,0.18278254134312402
63,0.18278117975657368
64,0.18277985397478108
65,0.18277856268868972
66,0.18277730464938327
67,0.182776078664806
68,0.18277488359668603
69,0.18277371835765166
70,0.1827725819085219
71,0.18277147325576312
72,0.18277039144910273
73,0.18276933557928132
74,0.18276830477594183
75,0.1827672982056445
76,0.18276631506999544
77,0.18276535460388554
78,0.18276441607383373
79,0.1827634987764208
80,0.18276260203681685
81,0.18276172520738876
82,0.18276086766638794
83,0.1827600288167108
84,0.18275920808472626
85,0.18275840491917006
86,0.18275761879009875
87,0.1827568491878977
88,0.18275609562234638
89,0.18275535762173073
90,0.1827546347320036
91,0.18275392651598893
92,0.18275323255262788
93,0.18275255243626376
94,0.18275188577596393
95,0.18275123219487605
96,0.18275059132961666
97,0.18274996282969258
98,0.18274934635694795
99,0.18274874158504176
100,0.1827481481989496
101,0.18274756589448993
102,0.18274699437787414
103,0.18274643336527685
104,0.18274588258242913
105,0.18274534176422919
106,0.18274481065437165
107,0.18274428900499567
108,0.18274377657634788
109,0.18274327313646188
110,0.1827427784608526
111,0.1827422923322238
112,0.18274181454018953
113,0.1827413448810091
114,0.18274088315733097
115,0.18274042917795202
116,0.1827399827575848
117,0.18273954371663428
118,0.18273911188098896
119,0.1827386870818155
120,0.18273826915536473
121,0.1827378579427873
122,0.1827374532899551
123,0.18273705504729088
124,0.18273666306960518
125,0.18273627721594063
126,0.18273589734942128
127,0.18273552333711035
128,0.1827351550498708
129,0.1827347923622354
130,0.18273443515227833
131,0.18273408330149482
132,0.18273373669468337
133,0.18273339521983537
134,0.1827330587680262
135,0.18273272723331205
136,0.1827324005126319
137,0.18273207850571055
138,0.18273176111496792
139,0.18273144824543058
140,0.18273113980464684
141,0.1827308357026064
142,0.18273053585166013
143,0.18273024016644535
144,0.1827299485638141
145,0.1827296609627615
146,0.18272937728436012
147,0.18272909745169336
148,0.18272882138979513
149,0.18272854902558688
150,0.1827282802878225
151,0.18272801510703005
152,0.1827277534154594
153,0.18272749514702882
154,0.1827272402372766
155,0.1827269886233112
156,0.18272674024376453
157,0.1827264950387483
158,0.1827262529498091
159,0.18272601391988721
160,0.18272577789327546
161,0.18272554481558054
162,0.1827253146336854
163,0.1827250872957119
164,0.18272486275098618
165,0.18272464095000424
166,0.18272442184439883
167,0.18272420538690812
168,0.1827239915313443
169,0.1827237802325634
170,0.18272357144643814
171,0.18272336512982768
172,0.18272316124055243
173,0.18272295973736655
174,0.18272276057993442
175,0.182722563728804
176,0.1827223691453845
177,0.18272217679192315
178,0.1827219866314831
179,0.18272179862792073
180,0.1827216127458666
181,0.1827214289507042
182,0.18272124720854915
183,0.18272106748623385
184,0.18272088975128398
185,0.18272071397190506
186,0.18272054011696287
187,0.18272036815596668
188,0.18272019805905415
189,0.18272002979697424
190,0.18271986334107232
191,0.18271969866327592
192,0.18271953573607916
193,0.18271937453252945
194,0.18271921502621333
195,0.18271905719124412
196,0.1827189010022481
197,0.1827187464343531
198,0.18271859346317462
199,0.1827184420648065
200,0.18271829221580738
201,0.1827181438931903
202,0.18271799707441247
203,0.1827178517373641
204,0.18271770786035849
205,0.18271756542212156
206,0.18271742440178335
207,0.18271728477886723
208,0.18271714653328203
209,0.1827170096453122
210,0.1827168740956102
211,0.18271673986518672
212,0.18271660693540395
213,0.18271647528796678
214,0.18271634490491492
215,0.1827162157686164
216,0.18271608786175855
217,0.1827159611673432
218,0.182715835668677
219,0.1827157113493668
220,0.1827155881933123
221,0.1827154661846993
222,0.18271534530799408
223,0.18271522554793673
224,0.18271510688953577
225,0.1827149893180615
226,0.18271487281904172
227,0.182714757378255
228,0.1827146429817259
229,0.18271452961571938
230,0.18271441726673612
231,0.18271430592150797
232,0.1827141955669915
233,0.1827140861903651
234,0.18271397777902335
235,0.18271387032057276
236,0.1827137638028274
237,0.18271365821380475
238,0.18271355354172122
239,0.18271344977498863
240,0.18271334690220997
241,0.18271324491217447
242,0.1827131437938561
243,0.18271304353640802
244,0.1827129441291596
245,0.18271284556161263
246,0.18271274782343835
247,0.1827126509044739
248,0.18271255479471918
249,0.182712459484333
250,0.18271236496363047
251,0.18271227122308037
252,0.1827121782533015
253,0.1827120860450596
254,0.18271199458926565
255,0.18271190387697156
256,0.18271181389936886
257,0.18271172464778496
258,0.18271163611368088
259,0.18271154828864963
260,0.18271146116441198
261,0.1827113747328158
262,0.18271128898583228
263,0.18271120391555407
264,0.18271111951419433
265,0.18271103577408207
266,0.18271095268766166
267,0.18271087024749047
268,0.18271078844623664
269,0.18271070727667682
270,0.18271062673169475
271,0.1827105468042785
272,0.18271046748751935
273,0.18271038877460957
274,0.18271031065884072
275,0.18271023313360205
276,0.18271015619237757
277,0.18271007982874657
278,0.1827100040363798
279,0.1827099288090389
280,0.1827098541405748
281,0.1827097800249261
282,0.18270970645611626
283,0.1827096334282552
284,0.1827095609355341
285,0.18270948897222647
286,0.18270941753268585
287,0.18270934661134522
288,0.18270927620271385
289,0.18270920630137746
290,0.18270913690199755
291,0.18270906799930794
292,0.18270899958811518
293,0.18270893166329713
294,0.18270886421980106
295,0.18270879725264347
296,0.18270873075690777
297,0.18270866472774444
298,0.182708599160369
299,0.18270853405006068
300,0.18270846939216284
301,0.18270840518208037
302,0.18270834141527914
303,0.1827082780872856
304,0.1827082151936849
305,0.18270815273012092
306,0.1827080906922937
307,0.18270802907596068
308,0.1827079678769342
309,0.18270790709108092
310,0.18270784671432133
311,0.18270778674262883
312,0.18270772717202827
313,0.1827076679985962
314,0.18270760921845866
315,0.1827075508277922
316,0.18270749282282128
317,0.18270743519981836
318,0.18270737795510353
319,0.18270732108504292
320,0.18270726458604855
321,0.18270720845457766
322,0.18270715268713122
323,0.18270709728025483
324,0.18270704223053602
325,0.1827069875346053
326,0.18270693318913422
327,0.18270687919083656
328,0.18270682553646483
329,0.1827067722228128
330,0.18270671924671275
331,0.18270666660503554
332,0.18270661429469007
333,0.1827065623126231
334,0.18270651065581803
335,0.18270645932129395
336,0.18270640830610702
337,0.18270635760734774
338,0.18270630722214146
339,0.1827062571476479
340,0.18270620738106105
341,0.18270615791960723
342,0.18270610876054566
343,0.18270605990116867
344,0.18270601133879963
345,0.18270596307079306
346,0.18270591509453513
347,0.18270586740744213
348,0.18270582000696006
349,0.18270577289056517
350,0.1827057260557619
351,0.18270567950008462
352,0.18270563322109484
353,0.18270558721638291
354,0.18270554148356605
355,0.18270549602028943
356,0.18270545082422426
357,0.18270540589306827
358,0.1827053612245454
359,0.182705316816405
360,0.1827052726664226
361,0.1827052287723973
362,0.18270518513215375
363,0.18270514174354052
364,0.1827050986044304
365,0.18270505571271925
366,0.1827050130663267
367,0.18270497066319516
368,0.18270492850129
369,0.1827048865785983
370,0.18270484489312963
371,0.1827048034429152
372,0.1827047622260076
373,0.18270472124048062
374,0.182704680484429
375,0.18270463995596808
376,0.18270459965323355
377,0.1827045595743806
378,0.1827045197175852
379,0.18270448008104193
380,0.1827044406629652
381,0.1827044014615882
382,0.18270436247516258
383,0.18270432370195963
384,0.18270428514026735
385,0.1827042467883929
386,0.18270420864466094
387,0.18270417070741346
388,0.18270413297500987
389,0.18270409544582702
390,0.18270405811825852
391,0.18270402099071426
392,0.18270398406162103
393,0.18270394732942202
394,0.1827039107925755
395,0.18270387444955705
396,0.1827038382988566
397,0.18270380233898031
398,0.1827037665684491
399,0.18270373098579942
400,0.18270369558958208
401,0.18270366037836286
402,0.18270362535072196
403,0.18270359050525425
404,0.18270355584056808
405,0.1827035213552857
406,0.1827034870480445
407,0.18270345291749368
408,0.18270341896229733
409,0.18270338518113188
410,0.18270335157268708
411,0.18270331813566618
412,0.18270328486878476
413,0.1827032517707706
414,0.182703218840365
415,0.182703186076321
416,0.18270315347740396
417,0.1827031210423912
418,0.1827030887700719
419,0.18270305665924708
420,0.1827030247087295
421,0.18270299291734274
422,0.18270296128392313
423,0.18270292980731662
424,0.18270289848638077
425,0.18270286731998506
426,0.1827028363070082
427,0.18270280544634057
428,0.1827027747368827
429,0.18270274417754565
430,0.18270271376725142
431,0.18270268350493096
432,0.18270265338952624
433,0.18270262341998916
434,0.1827025935952807
435,0.18270256391437195
436,0.18270253437624417
437,0.18270250497988746
438,0.18270247572430126
439,0.18270244660849497
440,0.1827024176314867
441,0.18270238879230288
442,0.1827023600899807
443,0.18270233152356477
444,0.18270230309210855
445,0.18270227479467477
446,0.18270224663033466
447,0.18270221859816752
448,0.1827021906972612
449,0.1827021629267117
450,0.18270213528562354
451,0.1827021077731092
452,0.18270208038828908
453,0.18270205313029117
454,0.18270202599825186
455,0.18270199899131528
456,0.18270197210863265
457,0.18270194534936327
458,0.18270191871267352
459,0.18270189219773786
460,0.18270186580373723
461,0.18270183952986033
462,0.18270181337530286
463,0.18270178733926745
464,0.18270176142096461
465,0.18270173561961028
466,0.18270170993442852
467,0.18270168436464962
468,0.1827016589095107
469,0.18270163356825533
470,0.18270160834013405
471,0.18270158322440352
472,0.18270155822032683
473,0.18270153332717393
474,0.18270150854422038
475,0.18270148387074822
476,0.18270145930604595
477,0.18270143484940754
478,0.18270141050013378
479,0.18270138625753063
480,0.18270136212091037
481,0.18270133808959102
482,0.1827013141628968
483,0.18270129034015628
484,0.18270126662070577
485,0.1827012430038851
486,0.1827012194890413
487,0.18270119607552576
488,0.18270117276269565
489,0.18270114954991404
490,0.1827011264365485
491,0.18270110342197232
492,0.18270108050556322
493,0.1827010576867055
494,0.18270103496478757
495,0.18270101233920286
496,0.18270098980935043
497,0.18270096737463346
498,0.18270094503445994
499,0.18270092278824457
500,0.18270090063540428
501,0.18270087857536219
502,0.18270085660754623
503,0.18270083473138798
504,0.182700812946325
505,0.18270079125179783
506,0.18270076964725304
507,0.1827007481321403
508,0.1827007267059149
509,0.18270070536803584
510,0.18270068411796625
511,0.18270066295517434
512,0.18270064187913182
513,0.18270062088931507
514,0.18270059998520413
515,0.18270057916628402
516,0.1827005584320428
517,0.18270053778197348
518,0.18270051721557234
519,0.1827004967323401
520,0.18270047633178152
521,0.18270045601340468
522,0.18270043577672182
523,0.18270041562124922
524,0.18270039554650666
525,0.18270037555201754
526,0.18270035563730957
527,0.182700335801913
528,0.18270031604536283
529,0.1827002963671974
530,0.18270027676695808
531,0.18270025724419037
532,0.182700237798443
533,0.18270021842926795
534,0.18270019913622132
535,0.18270017991886164
536,0.18270016077675194
537,0.1827001417094572
538,0.1827001227165471
539,0.1827001037975937
540,0.1827000849521728
541,0.18270006617986265
542,0.18270004748024551
543,0.18270002885290662
544,0.18270001029743393
545,0.18269999181341884
546,0.18269997340045574
547,0.18269995505814213
548,0.18269993678607804
549,0.18269991858386725
550,0.18269990045111578
551,0.18269988238743334
552,0.18269986439243127
553,0.1826998464657255
554,0.18269982860693346
555,0.18269981081567582
556,0.18269979309157597
557,0.18269977543426047
558,0.1826997578433579
559,0.18269974031850017
560,0.18269972285932196
561,0.1826997054654596
562,0.18269968813655355
563,0.18269967087224537
564,0.18269965367218055
565,0.18269963653600652
566,0.18269961946337313
567,0.1826996024539328
568,0.182699585507341
569,0.1826995686232547
570,0.18269955180133468
571,0.18269953504124287
572,0.18269951834264397
573,0.18269950170520563
574,0.18269948512859718
575,0.18269946861249112
576,0.18269945215656103
577,0.18269943576048392
578,0.18269941942393836
579,0.18269940314660624
580,0.18269938692817017
581,0.1826993707683165
582,0.1826993546667325
583,0.18269933862310855
584,0.18269932263713715
585,0.18269930670851206
586,0.1826992908369303
587,0.18269927502209027
588,0.1826992592636927
589,0.1826992435614406
590,0.18269922791503868
591,0.18269921232419403
592,0.18269919678861546
593,0.18269918130801405
594,0.18269916588210255
595,0.18269915051059607
596,0.1826991351932115
597,0.1826991199296676
598,0.18269910471968523
599,0.18269908956298683
600,0.18269907445929742
601,0.18269905940834297
602,0.18269904440985218
603,0.18269902946355485
604,0.18269901456918292
605,0.1826989997264704
606,0.18269898493515302
607,0.1826989701949678
608,0.18269895550565404
609,0.18269894086695262
610,0.18269892627860645
611,0.18269891174035938
612,0.18269889725195787
613,0.1826988828131497
614,0.18269886842368416
615,0.18269885408331243
616,0.1826988397917871
617,0.18269882554886296
618,0.1826988113542959
619,0.18269879720784335
620,0.18269878310926482
621,0.1826987690583214
622,0.18269875505477515
623,0.18269874109838982
624,0.18269872718893154
625,0.18269871332616738
626,0.18269869950986534
627,0.18269868573979625
628,0.1826986720157312
629,0.1826986583374433
630,0.18269864470470765
631,0.18269863111729992
632,0.18269861757499758
633,0.18269860407757946
634,0.18269859062482646
635,0.18269857721651964
636,0.18269856385244285
637,0.18269855053238002
638,0.18269853725611757
639,0.18269852402344308
640,0.18269851083414437
641,0.18269849768801252
642,0.1826984845848381
643,0.18269847152441449
644,0.18269845850653535
645,0.18269844553099593
646,0.1826984325975932
647,0.18269841970612508
648,0.18269840685639052
649,0.1826983940481901
650,0.1826983812813255
651,0.18269836855560012
652,0.18269835587081806
653,0.18269834322678408
654,0.18269833062330587
655,0.18269831806019046
656,0.1826983055372476
657,0.18269829305428698
658,0.18269828061112067
659,0.1826982682075609
660,0.18269825584342161
661,0.18269824351851785
662,0.18269823123266554
663,0.18269821898568195
664,0.18269820677738566
665,0.18269819460759557
666,0.1826981824761331
667,0.1826981703828193
668,0.18269815832747718
669,0.1826981463099309
670,0.18269813433000487
671,0.18269812238752547
672,0.18269811048232004
673,0.18269809861421593
674,0.18269808678304297
675,0.18269807498863125
676,0.18269806323081206
677,0.18269805150941756
678,0.18269803982428126
679,0.1826980281752372
680,0.1826980165621208
681,0.18269800498476813
682,0.18269799344301685
683,0.1826979819367051
684,0.1826979704656719
685,0.18269795902975794
686,0.18269794762880331
687,0.1826979362626513
688,0.18269792493114423
689,0.18269791363412635
690,0.1826979023714423
691,0.18269789114293838
692,0.1826978799484606
693,0.1826978687878571
694,0.18269785766097635
695,0.18269784656766758
696,0.1826978355077814
697,0.1826978244811687
698,0.18269781348768194
699,0.18269780252717363
700,0.1826977915994977
701,0.1826977807045088
702,0.18269776984206285
703,0.18269775901201554
704,0.18269774821422438
705,0.18269773744854745
706,0.18269772671484358
707,0.18269771601297205
708,0.18269770534279386
709,0.18269769470417002
710,0.1826976840969627
711,0.1826976735210346
712,0.18269766297624968
713,0.1826976524624721
714,0.18269764197956734
715,0.18269763152740098
716,0.18269762110584034
717,0.18269761071475266
718,0.18269760035400628
719,0.1826975900234703
720,0.1826975797230144
721,0.18269756945250906
722,0.18269755921182582
723,0.18269754900083626
724,0.1826975388194135
725,0.18269752866743058
726,0.18269751854476218
727,0.1826975084512828
728,0.18269749838686797
729,0.18269748835139415
730,0.18269747834473832
731,0.18269746836677792
732,0.18269745841739138
733,0.1826974484964579
734,0.182697438603857
735,0.18269742873946904
736,0.18269741890317506
737,0.18269740909485702
738,0.1826973993143969
739,0.18269738956167791
740,0.18269737983658363
741,0.18269737013899853
742,0.18269736046880752
743,0.18269735082589592
744,0.1826973412101501
745,0.1826973316214572
746,0.18269732205970432
747,0.1826973125247793
748,0.18269730301657142
749,0.1826972935349694
750,0.18269728407986388
751,0.18269727465114483
752,0.18269726524870344
753,0.18269725587243135
754,0.182697246522221
755,0.18269723719796524
756,0.18269722789955758
757,0.18269721862689187
758,0.18269720937986292
759,0.18269720015836566
760,0.18269719096229592
761,0.1826971817915502
762,0.18269717264602497
763,0.18269716352561835
764,0.18269715443022738
765,0.18269714535975132
766,0.18269713631408907
767,0.1826971272931399
768,0.18269711829680432
769,0.18269710932498276
770,0.18269710037757658
771,0.18269709145448734
772,0.18269708255561729
773,0.18269707368086946
774,0.18269706483014705
775,0.18269705600335365
776,0.1826970472003937
777,0.18269703842117194
778,0.18269702966559376
779,0.18269702093356513
780,0.18269701222499216
781,0.18269700353978116
782,0.1826969948778403
783,0.18269698623907696
784,0.18269697762339926
785,0.18269696903071628
786,0.18269696046093684
787,0.1826969519139708
788,0.18269694338972817
789,0.1826969348881201
790,0.1826969264090573
791,0.18269691795245127
792,0.18269690951821377
793,0.18269690110625791
794,0.18269689271649608
795,0.18269688434884188
796,0.1826968760032089
797,0.18269686767951193
798,0.18269685937766508
799,0.1826968510975837
800,0.18269684283918322
801,0.18269683460237982
802,0.18269682638709026
803,0.18269681819323055
804,0.18269681002071872
805,0.1826968018694721
806,0.1826967937394089
807,0.18269678563044775
808,0.18269677754250757
809,0.18269676947550792
810,0.18269676142936803
811,0.18269675340400834
812,0.1826967453993498
813,0.18269673741531275
814,0.18269672945181936
815,0.18269672150879057
816,0.18269671358614925
817,0.18269670568381746
818,0.1826966978017184
819,0.1826966899397754
820,0.18269668209791204
821,0.18269667427605268
822,0.18269666647412164
823,0.18269665869204352
824,0.18269665092974433
825,0.1826966431871488
826,0.18269663546418347
827,0.18269662776077442
828,0.18269662007684837
829,0.18269661241233268
830,0.18269660476715432
831,0.18269659714124134
