1,0.7389967361661377
2,0.7176025164204475
3,0.23488214503180557
4,0.19184644712053558
5,0.19171598672686474
6,0.19160042784400383
7,0.19149612424553894
8,0.19140171152267
9,0.1913160096598932
10,0.19123799712704273
11,0.19116678904127746
12,0.19110161797386652
13,0.19104181728232095
14,0.1909868067540592
15,0.19093608030895148
16,0.19088919550259845
17,0.19084576458514238
18,0.19080544689242535
19,0.19076794237179834
20,0.1907329860705917
21,0.19070034343946457
22,0.19066980632471492
23,0.19064118954288634
24,0.1906143279476553
25,0.1905890739132271
26,0.19056529517052925
27,0.19054287294266845
28,0.19052170033466304
29,0.19050168093961836
30,0.19048272762949603
31,0.1904647615036447
32,0.1904477109724326
33,0.19043151095683308
34,0.19041610218773775
35,0.1904014305912332
36,0.19038744674813438
37,0.1903741054178034
38,0.1903613651177403
39,0.19034918775165985
40,0.19033753827981312
41,0.19032638442618832
42,0.1903156964179726
43,0.1903054467532945
44,0.19029560999380074
45,0.19028616257908798
46,0.1902770826604011
47,0.19026834995134884
48,0.19025994559367357
49,0.19025185203636988
50,0.19024405292665053
51,0.1902365330114524
52,0.19022927804833156
53,0.19022227472473566
54,0.19021551058476321
55,0.19020897396262593
56,0.1902026539221183
57,0.19019654020147972
58,0.19019062316310625
59,0.19018489374762843
60,0.1901793434319239
61,0.19017396419068283
62,0.19016874846118675
63,0.19016368911099155
64,0.1901587794082471
65,0.19015401299440557
66,0.19014938385910218
67,0.19014488631701
68,0.19014051498649245
69,0.19013626476989676
70,0.19013213083534064
71,0.1901281085998675
72,0.1901241937138508
73,0.1901203820465411
74,0.1901166696726632
75,0.19011305285997318
76,0.19010952805770004
77,0.19010609188579686
78,0.1901027411249398
79,0.1900994727072129
80,0.19009628370742768
81,0.19009317133502587
82,0.19009013292652047
83,0.1900871659384371
84,0.19008426794071362
85,0.1900814366105279
86,0.1900786697265186
87,0.19007596516337386
88,0.19007332088675694
89,0.1900707349485484
90,0.19006820548238154
91,0.1900657306994472
92,0.190063308884555
93,0.19006093839242688
94,0.19005861764421267
95,0.1900563451242084
96,0.1900541193767664
97,0.19005193900338307
98,0.19004980265995267
99,0.1900477090541775
100,0.19004565694312178
101,0.19004364513090388
102,0.19004167246651235
103,0.19003973784174544
104,0.19003784018925882
105,0.19003597848071987
106,0.1900341517250598
107,0.1900323589668189
108,0.19003059928457686
109,0.1900288717894667
110,0.19002717562376342
111,0.19002550995954579
112,0.19002387399742654
113,0.1900222669653447
114,0.19002068811742012
115,0.19001913673286358
116,0.1900176121149406
117,0.19001611358998588
118,0.190014640506466
119,0.190013192234086
120,0.19001176816293927
121,0.1900103677026982
122,0.19000899028184032
123,0.1900076353469148
124,0.19000630236183821
125,0.19000499080722605
126,0.19000370017975315
127,0.19000242999154301
128,0.19000117976958542
129,0.18999994905517958
130,0.18999873740340137
131,0.18999754438259442
132,0.1899963695738847
133,0.18999521257071444
134,0.1899940729783957
135,0.18999295041368539
136,0.1899918445043765
137,0.18999075488890693
138,0.18998968121598517
139,0.18998862314423115
140,0.18998758034183214
141,0.18998655248621227
142,0.18998553926371675
143,0.18998454036930792
144,0.1899835555062734
145,0.18998258438594673
146,0.1899816267274388
147,0.18998068225737894
148,0.18997975070966852
149,0.18997883182524133
150,0.1899779253518354
151,0.1899770310437728
152,0.18997614866174795
153,0.18997527797262323
154,0.1899744187492342
155,0.1899735707702006
156,0.18997273381974428
157,0.1899719076875158
158,0.18997109216842467
159,0.18997028706247768
160,0.18996949217462356
161,0.1899687073146019
162,0.18996793229679715
163,0.18996716694010068
164,0.1899664110677742
165,0.1899656645073206
166,0.18996492709035817
167,0.18996419865249942
168,0.18996347903323446
169,0.18996276807581794
170,0.18996206562716036
171,0.1899613715377228
172,0.18996068566141536
173,0.18996000785549844
174,0.18995933798048936
175,0.18995867590006935
176,0.18995802148099505
177,0.18995737459301404
178,0.18995673510878044
179,0.18995610290377632
180,0.18995547785623287
181,0.18995485984705626
182,0.18995424875975542
183,0.18995364448037103
184,0.18995304689740738
185,0.18995245590176849
186,0.18995187138669173
187,0.18995129324768772
188,0.18995072138248079
189,0.1899501556909506
190,0.1899495960750754
191,0.18994904243887895
192,0.18994849468837682
193,0.1899479527315261
194,0.18994741647817512
195,0.18994688584001598
196,0.18994636073053797
197,0.18994584106498177
198,0.18994532676029646
199,0.18994481773509625
200,0.18994431390962022
201,0.18994381520569098
202,0.18994332154667706
203,0.18994283285745361
204,0.18994234906436766
205,0.1899418700952012
206,0.1899413958791366
207,0.18994092634672427
208,0.18994046142984822
209,0.18994000106169592
210,0.18993954517672657
211,0.18993909371064185
212,0.1899386466003558
213,0.18993820378396806
214,0.18993776520073488
215,0.1899373307910433
216,0.18993690049638462
217,0.18993647425932908
218,0.18993605202350214
219,0.18993563373355932
220,0.1899352193351635
221,0.18993480877496263
222,0.18993440200056655
223,0.18993399896052682
224,0.18993359960431488
225,0.18993320388230195
226,0.18993281174573948
227,0.1899324231467397
228,0.1899320380382563
229,0.18993165637406687
230,0.18993127810875504
231,0.18993090319769237
232,0.18993053159702217
233,0.18993016326364234
234,0.1899297981551902
235,0.18992943623002614
236,0.18992907744721832
237,0.18992872176652784
238,0.1899283691483947
239,0.18992801955392283
240,0.18992767294486726
241,0.18992732928361983
242,0.18992698853319598
243,0.18992665065722308
244,0.18992631561992654
245,0.1899259833861184
246,0.18992565392118543
247,0.18992532719107713
248,0.18992500316229477
249,0.18992468180187996
250,0.18992436307740465
251,0.1899240469569588
252,0.1899237334091428
253,0.18992342240305482
254,0.18992311390828256
255,0.18992280789489327
256,0.18992250433342392
257,0.18992220319487277
258,0.1899219044506902
259,0.18992160807276967
260,0.18992131403343984
261,0.1899210223054552
262,0.18992073286198913
263,0.18992044567662533
264,0.18992016072334977
265,0.18991987797654375
266,0.1899195974109763
267,0.1899193190017963
268,0.1899190427245262
269,0.18991876855505443
270,0.18991849646962952
271,0.18991822644485196
272,0.18991795845766918
273,0.18991769248536866
274,0.1899174285055717
275,0.18991716649622672
276,0.18991690643560472
277,0.18991664830229205
278,0.18991639207518565
279,0.18991613773348737
280,0.1899158852566978
281,0.1899156346246113
282,0.1899153858173118
283,0.18991513881516622
284,0.1899148935988201
285,0.18991465014919237
286,0.18991440844747187
287,0.18991416847511056
288,0.1899139302138203
289,0.18991369364556862
290,0.1899134587525726
291,0.18991322551729686
292,0.18991299392244726
293,0.18991276395096832
294,0.18991253558603816
295,0.18991230881106477
296,0.18991208360968262
297,0.18991185996574786
298,0.18991163786333548
299,0.18991141728673538
300,0.18991119822044866
301,0.18991098064918377
302,0.18991076455785405
303,0.18991054993157325
304,0.18991033675565283
305,0.18991012501559904
306,0.18990991469710816
307,0.1899097057860657
308,0.18990949826854148
309,0.1899092921307874
310,0.1899090873592345
311,0.18990888394048935
312,0.1899086818613326
313,0.18990848110871492
314,0.18990828166975507
315,0.18990808353173635
316,0.18990788668210495
317,0.18990769110846714
318,0.18990749679858643
319,0.18990730374038078
320,0.18990711192192103
321,0.18990692133142806
322,0.1899067319572707
323,0.1899065437879627
324,0.1899063568121616
325,0.18990617101866522
326,0.1899059863964109
327,0.18990580293447196
328,0.18990562062205718
329,0.18990543944850688
330,0.18990525940329253
331,0.1899050804760138
332,0.18990490265639703
333,0.1899047259342936
334,0.1899045502996769
335,0.189904375742642
336,0.18990420225340246
337,0.18990402982229002
338,0.1899038584397513
339,0.18990368809634678
340,0.18990351878275002
341,0.18990335048974397
342,0.18990318320822167
343,0.18990301692918246
344,0.18990285164373213
345,0.18990268734308055
346,0.18990252401854008
347,0.1899023616615247
348,0.1899022002635475
349,0.18990203981622064
350,0.1899018803112528
351,0.18990172174044814
352,0.189901564095705
353,0.1899014073690147
354,0.1899012515524602
355,0.18990109663821378
356,0.18990094261853777
357,0.1899007894857813
358,0.18990063723238043
359,0.18990048585085653
360,0.18990033533381448
361,0.1899001856739426
362,0.18990003686401016
363,0.18989988889686796
364,0.18989974176544563
365,0.18989959546275112
366,0.18989944998187025
367,0.1898993053159643
368,0.18989916145827046
369,0.1898990184020995
370,0.18989887614083567
371,0.18989873466793528
372,0.1898985939769258
373,0.18989845406140493
374,0.18989831491503964
375,0.1898981765315653
376,0.18989803890478482
377,0.1898979020285672
378,0.1898977658968477
379,0.18989763050362574
380,0.18989749584296495
381,0.1898973619089923
382,0.18989722869589643
383,0.18989709619792766
384,0.1898969644093969
385,0.1898968333246752
386,0.18989670293819214
387,0.18989657324443568
388,0.18989644423795177
389,0.1898963159133423
390,0.18989618826526572
391,0.1898960612884361
392,0.18989593497762125
393,0.18989580932764374
394,0.1898956843333786
395,0.18989555998975405
396,0.1898954362917496
397,0.18989531323439662
398,0.18989519081277625
399,0.18989506902202027
400,0.18989494785730937
401,0.18989482731387267
402,0.1898947073869883
403,0.1898945880719806
404,0.18989446936422164
405,0.18989435125912937
406,0.18989423375216782
407,0.18989411683884586
408,0.1898940005147169
409,0.1898938847753786
410,0.18989376961647214
411,0.18989365503368114
412,0.18989354102273232
413,0.18989342757939423
414,0.18989331469947646
415,0.18989320237882973
416,0.18989309061334486
417,0.1898929793989533
418,0.18989286873162503
419,0.18989275860736987
420,0.18989264902223524
421,0.18989253997230762
422,0.18989243145371032
423,0.1898923234626037
424,0.18989221599518533
425,0.18989210904768902
426,0.18989200261638356
427,0.18989189669757411
428,0.18989179128760064
429,0.18989168638283724
430,0.18989158197969241
431,0.1898914780746088
432,0.18989137466406164
433,0.18989127174455978
434,0.18989116931264485
435,0.18989106736488942
436,0.1898909658978996
437,0.18989086490831197
438,0.18989076439279426
439,0.1898906643480455
440,0.18989056477079452
441,0.18989046565780057
442,0.18989036700585274
443,0.18989026881176904
444,0.1898901710723966
445,0.18989007378461187
446,0.189889976945319
447,0.18988988055145034
448,0.1898897845999667
449,0.18988968908785503
450,0.18988959401213068
451,0.18988949936983518
452,0.18988940515803635
453,0.18988931137382917
454,0.18988921801433348
455,0.1898891250766956
456,0.1898890325580869
457,0.18988894045570387
458,0.1898888487667676
459,0.18988875748852418
460,0.18988866661824358
461,0.18988857615322013
462,0.1898884860907713
463,0.1898883964282388
464,0.1898883071629871
465,0.1898882182924037
466,0.18988812981389908
467,0.18988804172490578
468,0.18988795402287909
469,0.18988786670529575
470,0.1898877797696547
471,0.18988769321347623
472,0.18988760703430216
473,0.18988752122969485
474,0.1898874357972382
475,0.18988735073453625
476,0.18988726603921333
477,0.18988718170891464
478,0.1898870977413047
479,0.18988701413406817
480,0.18988693088490902
481,0.18988684799155095
482,0.18988676545173624
483,0.18988668326322675
484,0.18988660142380265
485,0.18988651993126274
486,0.1898864387834246
487,0.1898863579781232
488,0.1898862775132124
489,0.18988619738656326
490,0.18988611759606452
491,0.18988603813962243
492,0.18988595901516095
493,0.18988588022062006
494,0.18988580175395772
495,0.18988572361314826
496,0.1898856457961822
497,0.18988556830106684
498,0.18988549112582587
499,0.18988541426849867
500,0.18988533772714059
501,0.18988526149982318
502,0.18988518558463263
503,0.18988510997967156
504,0.1898850346830572
505,0.18988495969292227
506,0.18988488500741443
507,0.18988481062469595
508,0.18988473654294363
509,0.1898846627603495
510,0.1898845892751193
511,0.1898845160854731
512,0.1898844431896456
513,0.18988437058588475
514,0.18988429827245276
515,0.1898842262476252
516,0.18988415450969182
517,0.1898840830569552
518,0.18988401188773135
519,0.18988394100034955
520,0.18988387039315208
521,0.18988380006449404
522,0.18988373001274347
523,0.18988366023628103
524,0.18988359073349959
525,0.18988352150280513
526,0.18988345254261513
527,0.18988338385135986
528,0.1898833154274815
529,0.18988324726943376
530,0.18988317937568303
531,0.1898831117447067
532,0.18988304437499376
533,0.1898829772650451
534,0.18988291041337324
535,0.18988284381850118
536,0.1898827774789634
537,0.18988271139330573
538,0.18988264556008483
539,0.18988257997786825
540,0.18988251464523417
541,0.18988244956077152
542,0.18988238472307958
543,0.1898823201307687
544,0.1898822557824588
545,0.1898821916767807
546,0.1898821278123752
547,0.18988206418789302
548,0.18988200080199513
549,0.18988193765335218
550,0.1898818747406448
551,0.1898818120625632
552,0.18988174961780718
553,0.18988168740508612
554,0.18988162542311926
555,0.18988156367063466
556,0.18988150214636973
557,0.18988144084907138
558,0.18988137977749547
559,0.18988131893040677
560,0.18988125830657923
561,0.18988119790479535
562,0.18988113772384685
563,0.18988107776253382
564,0.18988101801966517
565,0.18988095849405837
566,0.189880899184539
567,0.1898808400899415
568,0.18988078120910862
569,0.18988072254089094
570,0.18988066408414786
571,0.18988060583774616
572,0.18988054780056132
573,0.1898804899714764
574,0.18988043234938215
575,0.18988037493317803
576,0.18988031772177028
577,0.18988026071407355
578,0.1898802039090095
579,0.1898801473055076
580,0.18988009090250507
581,0.18988003469894638
582,0.18987997869378306
583,0.18987992288597424
584,0.18987986727448666
585,0.18987981185829358
586,0.18987975663637524
587,0.1898797016077196
588,0.18987964677132138
589,0.1898795921261819
590,0.18987953767130983
591,0.18987948340572045
592,0.18987942932843574
593,0.18987937543848402
594,0.18987932173490094
595,0.1898792682167287
596,0.18987921488301504
597,0.18987916173281555
598,0.18987910876519104
599,0.18987905597920943
600,0.18987900337394478
601,0.18987895094847715
602,0.18987889870189303
603,0.18987884663328514
604,0.18987879474175207
605,0.1898787430263985
606,0.1898786914863353
607,0.18987864012067923
608,0.18987858892855256
609,0.18987853790908382
610,0.18987848706140753
611,0.18987843638466337
612,0.1898783858779971
613,0.1898783355405601
614,0.18987828537150936
615,0.18987823537000725
616,0.18987818553522198
617,0.18987813586632696
618,0.18987808636250117
619,0.18987803702292896
620,0.18987798784679993
621,0.1898779388333089
622,0.18987788998165642
623,0.18987784129104773
624,0.18987779276069341
625,0.18987774438980926
626,0.18987769617761582
627,0.18987764812333946
628,0.18987760022621078
629,0.18987755248546526
630,0.18987750490034416
631,0.18987745747009271
632,0.18987741019396184
633,0.1898773630712065
634,0.18987731610108682
635,0.18987726928286738
636,0.18987722261581808
637,0.18987717609921292
638,0.18987712973233045
639,0.18987708351445393
640,0.1898770374448715
641,0.18987699152287565
642,0.18987694574776284
643,0.18987690011883485
644,0.18987685463539683
645,0.1898768092967593
646,0.18987676410223664
647,0.18987671905114734
648,0.18987667414281437
649,0.1898766293765651
650,0.18987658475173097
651,0.18987654026764764
652,0.18987649592365463
653,0.18987645171909565
654,0.18987640765331892
655,0.18987636372567643
656,0.18987631993552398
657,0.1898762762822213
658,0.1898762327651326
659,0.1898761893836254
660,0.18987614613707182
661,0.18987610302484692
662,0.18987606004633048
663,0.18987601720090533
664,0.18987597448795884
665,0.18987593190688104
666,0.18987588945706715
667,0.18987584713791483
668,0.18987580494882578
669,0.18987576288920568
670,0.18987572095846306
671,0.18987567915601095
672,0.18987563748126526
673,0.18987559593364545
674,0.1898755545125751
675,0.18987551321748025
676,0.18987547204779154
677,0.18987543100294188
678,0.18987539008236864
679,0.18987534928551153
680,0.18987530861181443
681,0.18987526806072422
682,0.18987522763169098
683,0.18987518732416814
684,0.18987514713761244
685,0.18987510707148386
686,0.1898750671252453
687,0.18987502729836317
688,0.18987498759030705
689,0.18987494800054908
690,0.18987490852856528
691,0.18987486917383425
692,0.1898748299358379
693,0.18987479081406097
694,0.18987475180799104
695,0.1898747129171195
696,0.1898746741409398
697,0.18987463547894867
698,0.18987459693064593
699,0.18987455849553417
700,0.18987452017311876
701,0.18987448196290804
702,0.18987444386441332
703,0.18987440587714846
704,0.18987436800063057
705,0.189874330234379
706,0.1898742925779158
707,0.1898742550307667
708,0.189874217592459
709,0.18987418026252376
710,0.18987414304049335
711,0.1898741059259045
712,0.18987406891829517
713,0.18987403201720704
714,0.18987399522218323
715,0.1898739585327706
716,0.18987392194851757
717,0.18987388546897638
718,0.1898738490937004
719,0.18987381282224622
720,0.18987377665417315
721,0.18987374058904244
722,0.18987370462641828
723,0.18987366876586703
724,0.1898736330069574
725,0.1898735973492608
726,0.1898735617923509
727,0.18987352633580387
728,0.18987349097919784
729,0.18987345572211364
730,0.18987342056413467
731,0.18987338550484617
732,0.18987335054383558
733,0.18987331568069343
734,0.1898732809150114
735,0.18987324624638433
736,0.18987321167440904
737,0.18987317719868455
738,0.18987314281881162
739,0.18987310853439396
740,0.18987307434503709
741,0.18987304025034885
742,0.1898730062499387
743,0.18987297234341893
744,0.18987293853040363
745,0.18987290481050892
746,0.18987287118335297
747,0.18987283764855645
748,0.1898728042057418
749,0.18987277085453325
750,0.1898727375945574
751,0.18987270442544268
752,0.18987267134681984
753,0.18987263835832147
754,0.18987260545958176
755,0.1898725726502374
756,0.18987253992992686
757,0.18987250729829033
758,0.18987247475497016
759,0.1898724422996106
760,0.1898724099318576
761,0.18987237765135953
762,0.18987234545776607
763,0.18987231335072874
764,0.18987228132990133
765,0.18987224939493932
766,0.18987221754549977
767,0.1898721857812418
768,0.18987215410182642
769,0.18987212250691607
770,0.18987209099617536
771,0.1898720595692705
772,0.18987202822586924
773,0.18987199696564155
774,0.18987196578825857
775,0.1898719346933938
776,0.18987190368072185
777,0.18987187274991962
778,0.18987184190066442
779,0.18987181113263762
780,0.18987178044551953
781,0.18987174983899427
782,0.18987171931274618
783,0.18987168886646216
784,0.18987165849983015
785,0.18987162821254003
786,0.18987159800428313
787,0.18987156787475234
788,0.18987153782364216
789,0.18987150785064918
790,0.1898714779554702
791,0.1898714481378054
792,0.18987141839735477
793,0.1898713887338212
794,0.1898713591469081
795,0.18987132963632106
796,0.1898713002017669
797,0.18987127084295383
798,0.1898712415595916
799,0.18987121235139182
800,0.1898711832180669
801,0.18987115415933126
802,0.18987112517490046
803,0.1898710962644916
804,0.18987106742782353
805,0.18987103866461574
806,0.1898710099745896
807,0.1898709813574683
808,0.18987095281297564
809,0.18987092434083716
810,0.18987089594077997
811,0.18987086761253216
812,0.1898708393558235
813,0.18987081117038498
814,0.18987078305594882
815,0.18987075501224862
816,0.18987072703901964
817,0.18987069913599794
818,0.18987067130292148
819,0.18987064353952848
820,0.18987061584555978
821,0.18987058822075703
822,0.18987056066486224
823,0.1898705331776199
824,0.18987050575877548
825,0.18987047840807506
826,0.1898704511252669
827,0.18987042391009987
828,0.189870396762324
829,0.1898703696816911
830,0.18987034266795383
831,0.1898703157208661
832,0.18987028884018273
833,0.1898702620256604
834,0.18987023527705657
835,0.18987020859412956
836,0.18987018197663966
837,0.18987015542434754
838,0.18987012893701571
839,0.18987010251440714
840,0.1898700761562867
841,0.1898700498624195
842,0.18987002363257263
843,0.1898699974665138
844,0.1898699713640122
845,0.1898699453248375
846,0.18986991934876113
847,0.18986989343555546
848,0.18986986758499372
849,0.18986984179685037
850,0.1898698160709011
851,0.18986979040692234
852,0.18986976480469167
853,0.18986973926398806
854,0.18986971378459133
855,0.18986968836628204
856,0.18986966300884206
857,0.18986963771205467
858,0.18986961247570314
859,0.18986958729957307
860,0.18986956218345016
861,0.18986953712712132
862,0.18986951213037467
863,0.18986948719299898
864,0.18986946231478438
865,0.18986943749552165
866,0.18986941273500288
867,0.18986938803302097
868,0.1898693633893697
869,0.18986933880384402
870,0.18986931427623968
871,0.1898692898063532
872,0.1898692653939826
873,0.18986924103892647
874,0.18986921674098414
875,0.1898691924999563
876,0.18986916831564438
877,0.1898691441878506
878,0.18986912011637816
879,0.18986909610103161
880,0.18986907214161558
881,0.18986904823793635
882,0.18986902438980052
883,0.18986900059701595
884,0.18986897685939128
885,0.189868953176736
886,0.18986892954886023
887,0.18986890597557596
888,0.18986888245669434
889,0.18986885899202927
890,0.18986883558139395
891,0.18986881222460306
892,0.1898687889214724
893,0.18986876567181818
894,0.1898687424754578
895,0.1898687193322088
896,0.18986869624189034
897,0.18986867320432213
898,0.1898686502193244
899,0.1898686272867188
900,0.18986860440632702
901,0.1898685815779724
902,0.18986855880147793
903,0.1898685360766691
904,0.1898685134033703
905,0.18986849078140786
906,0.18986846821060882
907,0.18986844569080058
908,0.1898684232218118
909,0.18986840080347098
910,0.1898683784356086
911,0.1898683561180554
912,0.18986833385064222
913,0.1898683116332018
914,0.18986828946556675
915,0.18986826734757076
916,0.18986824527904858
917,0.18986822325983468
918,0.18986820128976545
919,0.1898681793686774
920,0.18986815749640765
921,0.1898681356727943
922,0.18986811389767597
923,0.1898680921708924
924,0.18986807049228355
925,0.18986804886169018
926,0.189868027278954
927,0.18986800574391707
928,0.18986798425642254
929,0.18986796281631388
930,0.18986794142343563
931,0.18986792007763226
932,0.18986789877875002
933,0.18986787752663492
934,0.18986785632113393
935,0.18986783516209452
936,0.18986781404936548
937,0.18986779298279566
938,0.18986777196223453
939,0.18986775098753234
940,0.1898677300585402
941,0.1898677091751096
942,0.18986768833709258
943,0.18986766754434228
944,0.18986764679671195
945,0.18986762609405594
946,0.18986760543622894
947,0.1898675848230859
948,0.18986756425448323
949,0.18986754373027728
950,0.18986752325032544
951,0.18986750281448547
952,0.18986748242261586
953,0.18986746207457528
954,0.18986744177022372
955,0.18986742150942132
956,0.1898674012920288
957,0.18986738111790769
958,0.1898673609869199
959,0.1898673408989281
960,0.18986732085379537
961,0.1898673008513854
962,0.18986728089156246
963,0.18986726097419152
964,0.18986724109913808
965,0.1898672212662682
966,0.1898672014754484
967,0.18986718172654551
968,0.18986716201942772
969,0.1898671423539629
970,0.18986712273002015
971,0.18986710314746844
972,0.1898670836061782
973,0.18986706410601933
974,0.18986704464686313
975,0.18986702522858107
976,0.18986700585104518
977,0.18986698651412812
978,0.18986696721770271
979,0.18986694796164297
980,0.18986692874582287
981,0.18986690957011707
982,0.18986689043440078
983,0.18986687133854974
984,0.18986685228244005
985,0.18986683326594878
986,0.1898668142889528
987,0.18986679535133025
988,0.18986677645295888
989,0.18986675759371788
990,0.18986673877348617
991,0.18986671999214377
992,0.18986670124957086
993,0.18986668254564804
994,0.1898666638802566
995,0.18986664525327818
996,0.1898666266645952
997,0.18986660811408998
998,0.1898665896016456
999,0.18986657112714603
1000,0.18986655269047534
1001,0.1898665342915177
1002,0.18986651593015846
1003,0.18986649760628305
1004,0.18986647931977751
1005,0.1898664610705279
1006,0.18986644285842133
1007,0.18986642468334494
1008,0.18986640654518686
1009,0.18986638844383522
1010,0.18986637037917845
1011,0.18986635235110572
1012,0.18986633435950706
1013,0.18986631640427198
1014,0.1898662984852909
1015,0.18986628060245497
1016,0.18986626275565538
1017,0.1898662449447843
1018,0.18986622716973311
1019,0.18986620943039506
1020,0.18986619172666316
1021,0.18986617405843045
1022,0.1898661564255914
1023,0.18986613882804002
1024,0.1898661212656711
1025,0.18986610373837945
1026,0.18986608624606138
1027,0.18986606878861234
1028,0.1898660513659285
1029,0.18986603397790733
1030,0.18986601662444566
1031,0.18986599930544107
1032,0.18986598202079166
1033,0.189865964770396
1034,0.18986594755415237
1035,0.18986593037196076
1036,0.18986591322371996
1037,0.1898658961093306
1038,0.18986587902869287
1039,0.1898658619817075
1040,0.18986584496827547
1041,0.1898658279882987
1042,0.18986581104167882
1043,0.1898657941283184
1044,0.18986577724811995
1045,0.18986576040098663
1046,0.189865743586822
1047,0.18986572680552946
1048,0.1898657100570135
1049,0.1898656933411789
1050,0.1898656766579304
1051,0.1898656600071732
1052,0.189865643388813
1053,0.18986562680275595
1054,0.18986561024890827
1055,0.18986559372717707
1056,0.1898655772374688
1057,0.18986556077969172
1058,0.189865544353753
1059,0.18986552795956144
1060,0.18986551159702492
1061,0.1898654952660526
1062,0.18986547896655384
1063,0.18986546269843804
1064,0.18986544646161516
1065,0.18986543025599556
1066,0.18986541408148977
1067,0.18986539793800844
1068,0.18986538182546353
1069,0.1898653657437661
1070,0.18986534969282837
1071,0.18986533367256217
1072,0.189865317682881
1073,0.18986530172369676
1074,0.18986528579492348
1075,0.18986526989647465
1076,0.18986525402826396
1077,0.18986523819020584
1078,0.18986522238221473
1079,0.1898652066042057
1080,0.18986519085609388
1081,0.18986517513779497
1082,0.1898651594492243
1083,0.18986514379029884
1084,0.18986512816093443
1085,0.189865112561048
1086,0.1898650969905568
1087,0.18986508144937833
1088,0.18986506593743002
1089,0.18986505045463023
1090,0.189865035000897
1091,0.18986501957614893
1092,0.18986500418030558
1093,0.18986498881328526
1094,0.18986497347500836
1095,0.18986495816539428
1096,0.18986494288436312
1097,0.1898649276318355
1098,0.1898649124077321
1099,0.18986489721197392
1100,0.18986488204448226
1101,0.18986486690517854
1102,0.18986485179398518
1103,0.18986483671082374
1104,0.18986482165561733
1105,0.18986480662828786
1106,0.1898647916287591
1107,0.18986477665695423
1108,0.18986476171279648
1109,0.18986474679621013
1110,0.189864731907119
1111,0.18986471704544777
1112,0.18986470221112106
1113,0.18986468740406381
1114,0.1898646726242015
1115,0.18986465787145929
1116,0.18986464314576312
1117,0.18986462844703916
1118,0.18986461377521394
1119,0.18986459913021347
1120,0.18986458451196495
1121,0.18986456992039571
1122,0.1898645553554327
1123,0.1898645408170041
1124,0.18986452630503736
1125,0.18986451181946115
1126,0.18986449736020333
1127,0.1898644829271928
1128,0.1898644685203589
1129,0.1898644541396304
1130,0.18986443978493697
1131,0.189864425456208
1132,0.18986441115337382
1133,0.18986439687636472
1134,0.18986438262511068
1135,0.18986436839954296
1136,0.1898643541995923
1137,0.18986434002518973
1138,0.1898643258762669
1139,0.18986431175275545
1140,0.18986429765458754
1141,0.1898642835816949
1142,0.1898642695340103
1143,0.18986425551146635
1144,0.189864241513996
1145,0.18986422754153237
1146,0.18986421359400865
1147,0.18986419967135862
1148,0.18986418577351608
1149,0.18986417190041513
1150,0.18986415805199036
1151,0.18986414422817563
1152,0.1898641304289064
1153,0.18986411665411734
1154,0.1898641029037439
1155,0.18986408917772127
1156,0.1898640754759852
1157,0.18986406179847187
1158,0.18986404814511712
1159,0.18986403451585732
1160,0.1898640209106292
1161,0.18986400732936967
1162,0.18986399377201538
1163,0.18986398023850404
1164,0.1898639667287728
1165,0.18986395324275954
1166,0.1898639397804018
1167,0.18986392634163815
1168,0.18986391292640661
1169,0.18986389953464586
1170,0.18986388616629485
1171,0.18986387282129208
1172,0.18986385949957704
1173,0.1898638462010891
1174,0.18986383292576778
1175,0.18986381967355306
1176,0.18986380644438486
1177,0.18986379323820324
1178,0.18986378005494886
1179,0.1898637668945623
1180,0.1898637537569843
1181,0.18986374064215605
1182,0.1898637275500188
1183,0.18986371448051378
1184,0.1898637014335829
1185,0.18986368840916795
1186,0.18986367540721077
1187,0.18986366242765398
1188,0.18986364947043952
1189,0.1898636365355104
1190,0.18986362362280942
1191,0.18986361073227964
1192,0.18986359786386414
1193,0.18986358501750616
1194,0.18986357219314984
1195,0.18986355939073862
1196,0.18986354661021626
1197,0.18986353385152768
1198,0.18986352111461632
1199,0.1898635083994276
1200,0.18986349570590594
1201,0.18986348303399594
1202,0.18986347038364307
1203,0.18986345775479266
1204,0.18986344514738993
1205,0.18986343256138077
1206,0.1898634199967111
1207,0.1898634074533267
1208,0.18986339493117382
1209,0.18986338243019918
1210,0.18986336995034897
1211,0.18986335749157016
1212,0.18986334505380975
1213,0.18986333263701438
1214,0.18986332024113206
1215,0.18986330786610975
1216,0.18986329551189518
1217,0.1898632831784362
1218,0.18986327086568092
1219,0.1898632585735773
1220,0.18986324630207385
1221,0.18986323405111902
1222,0.18986322182066143
1223,0.18986320961064979
1224,0.18986319742103336
1225,0.18986318525176116
1226,0.18986317310278267
1227,0.1898631609740474
1228,0.18986314886550495
1229,0.1898631367771053
1230,0.18986312470879832
1231,0.1898631126605342
1232,0.18986310063226372
1233,0.18986308862393667
1234,0.18986307663550417
1235,0.1898630646669169
1236,0.18986305271812587
1237,0.18986304078908262
1238,0.18986302887973772
1239,0.18986301699004332
1240,0.18986300511995072
1241,0.1898629932694117
1242,0.18986298143837832
1243,0.18986296962680277
1244,0.18986295783463727
1245,0.189862946061834
1246,0.1898629343083459
1247,0.18986292257412524
1248,0.18986291085912546
1249,0.1898628991632991
1250,0.18986288748659969
1251,0.18986287582898043
1252,0.18986286419039464
1253,0.18986285257079646
1254,0.18986284097013922
1255,0.18986282938837687
1256,0.18986281782546366
1257,0.189862806281354
1258,0.189862794756002
1259,0.18986278324936232
1260,0.18986277176138952
1261,0.18986276029203847
1262,0.18986274884126428
1263,0.18986273740902182
1264,0.18986272599526663
1265,0.18986271459995374
1266,0.1898627032230391
1267,0.18986269186447796
1268,0.18986268052422675
1269,0.1898626692022408
1270,0.1898626578984766
1271,0.18986264661289048
1272,0.1898626353454385
1273,0.1898626240960774
1274,0.18986261286476375
1275,0.1898626016514544
1276,0.18986259045610637
1277,0.18986257927867664
1278,0.1898625681191225
1279,0.18986255697740115
1280,0.18986254585347023
1281,0.18986253474728726
1282,0.18986252365881032
1283,0.1898625125879967
1284,0.1898625015348048
1285,0.18986249049919288
1286,0.189862479481119
1287,0.18986246848054167
1288,0.18986245749741923
1289,0.1898624465317108
1290,0.18986243558337487
1291,0.18986242465237044
1292,0.18986241373865645
1293,0.18986240284219227
1294,0.1898623919629375
1295,0.189862381100851
1296,0.1898623702558925
1297,0.18986235942802204
1298,0.18986234861719917
1299,0.1898623378233839
1300,0.18986232704653636
1301,0.18986231628661668
1302,0.18986230554358527
1303,0.18986229481740255
1304,0.18986228410802913
1305,0.18986227341542572
1306,0.18986226273955298
1307,0.18986225208037183
1308,0.18986224143784383
1309,0.18986223081192943
1310,0.18986222020259058
1311,0.18986220960978814
1312,0.18986219903348414
1313,0.1898621884736401
1314,0.1898621779302176
1315,0.1898621674031786
1316,0.18986215689248542
1317,0.18986214639809987
1318,0.18986213591998444
1319,0.18986212545810097
1320,0.18986211501241254
1321,0.18986210458288172
1322,0.1898620941694708
1323,0.189862083772143
1324,0.18986207339086095
1325,0.18986206302558792
1326,0.18986205267628695
1327,0.18986204234292134
1328,0.18986203202545457
1329,0.18986202172384994
1330,0.18986201143807144
1331,0.18986200116808238
1332,0.18986199091384678
1333,0.1898619806753287
1334,0.18986197045249206
1335,0.18986196024530108
1336,0.18986195005371986
1337,0.189861939877713
1338,0.18986192971724486
1339,0.1898619195722801
1340,0.18986190944278317
1341,0.18986189932871936
1342,0.18986188923005337
1343,0.18986187914675004
1344,0.18986186907877467
1345,0.18986185902609246
1346,0.189861848988669
1347,0.18986183896646908
1348,0.18986182895945888
1349,0.18986181896760368
1350,0.1898618089908696
1351,0.18986179902922204
1352,0.18986178908262735
1353,0.1898617791510515
1354,0.18986176923446044
1355,0.18986175933282057
1356,0.18986174944609827
1357,0.18986173957425995
1358,0.1898617297172725
1359,0.1898617198751019
1360,0.1898617100477155
1361,0.18986170023508
1362,0.18986169043716233
1363,0.18986168065392958
1364,0.18986167088534883
1365,0.18986166113138733
1366,0.1898616513920126
1367,0.1898616416671921
1368,0.18986163195689296
1369,0.18986162226108338
1370,0.18986161257973067
1371,0.18986160291280296
1372,0.189861593260268
1373,0.18986158362209393
1374,0.18986157399824877
1375,0.18986156438870067
1376,0.1898615547934181
1377,0.18986154521236948
1378,0.18986153564552302
1379,0.18986152609284768
1380,0.189861516554312
1381,0.1898615070298844
1382,0.18986149751953432
1383,0.18986148802323027
1384,0.18986147854094165
1385,0.18986146907263712
1386,0.18986145961828635
1387,0.18986145017785847
1388,0.18986144075132286
1389,0.18986143133864913
1390,0.1898614219398067
1391,0.18986141255476552
1392,0.1898614031834949
1393,0.1898613938259649
1394,0.18986138448214573
