1,0.2094822274807561
2,0.20942022517875752
3,0.20935047253157776
4,0.2092714310328275
5,0.209181128875458
6,0.20907699780786912
7,0.20895563072394535
8,0.20881241137480305
9,0.20864093047096502
10,0.20843203030705015
11,0.20817217219496045
12,0.20784049843141583
13,0.20740320235663046
14,0.20680186981866694
15,0.20592685013081866
16,0.2045482224523195
17,0.20210485629332287
18,0.19693032408666192
19,0.18415874138473057
20,0.16886873691888568
21,0.16631044235802203
22,0.16624875597964933
23,0.16624642294329872
24,0.1662463066496882
25,0.16624629694070556
26,0.16624629024697934
27,0.18075465947224453
28,0.19619293865949536
29,0.18610363344192285
30,0.17197483902889638
31,0.1671751546576263
32,0.16689336923622317
33,0.16688006793628762
34,0.16687899876875018
35,0.16687890264797967
36,0.1668788938608666
37,0.16687889300959116
38,0.16687889288025312
39,0.1668788928166016
40,0.16687889275893053
41,0.16687889270180792
42,0.16687889264473954
43,0.16687889258767996
44,0.16687889253062582
45,0.16687889247357607
46,0.16687889241653123
47,0.1668788923594907
48,0.16687889230245478
49,0.16687889224542382
50,0.1668788921883974
51,0.16687889213137555
52,0.16687889207435824
53,0.1668788920173458
54,0.1668788919603378
55,0.16687889190333452
56,0.1668788918463359
57,0.16687889178934182
58,0.16687889173235235
59,0.1668788916753675
60,0.16687889161838745
61,0.16687889156141206
62,0.1668788915044411
63,0.16687889144747492
64,0.16687889139051332
65,0.16687889133355627
66,0.16687889127660394
67,0.16687889121965616
68,0.16687889116271315
69,0.16687889110577425
70,0.16687889104884068
71,0.16687889099191147
72,0.16687889093498698
73,0.16687889087806693
74,0.16687889082115145
75,0.1668788907642407
76,0.16687889070733467
77,0.16687889065043293
78,0.16687889059353625
79,0.16687889053664415
80,0.16687889047975632
81,0.16687889042287316
82,0.1668788903659949
83,0.16687889030912112
84,0.16687889025225186
85,0.1668788901953873
86,0.1668788901385273
87,0.166878890081672
88,0.1668788900248213
89,0.1668788899679753
90,0.16687888991113384
91,0.1668788898542969
92,0.16687888979746462
93,0.16687888974063714
94,0.16687888968381395
95,0.16687888962699574
96,0.16687888957018182
97,0.1668788895133728
98,0.166878889456568
99,0.166878889399768
100,0.1668788893429726
101,0.1668788892861819
102,0.16687888922939584
103,0.16687888917261437
104,0.16687888911583734
105,0.16687888905906487
106,0.1668788890022971
107,0.16687888894553402
108,0.16687888888877575
109,0.1668788888320215
110,0.16687888877527224
111,0.1668788887185274
112,0.1668788886617874
113,0.166878888605052
114,0.16687888854832109
115,0.16687888849159466
116,0.16687888843487295
117,0.16687888837815584
118,0.1668788883214435
119,0.16687888826473565
120,0.1668788882080322
121,0.16687888815133337
122,0.1668788880946395
123,0.16687888803794976
124,0.16687888798126488
125,0.16687888792458438
126,0.166878887867909
127,0.16687888781123758
128,0.16687888775457113
129,0.16687888769790918
130,0.16687888764125175
131,0.16687888758459904
132,0.16687888752795083
133,0.16687888747130714
134,0.16687888741466805
135,0.16687888735803386
136,0.1668788873014037
137,0.16687888724477867
138,0.1668788871881581
139,0.16687888713154184
140,0.1668788870749304
141,0.16687888701832362
142,0.16687888696172115
143,0.16687888690512334
144,0.16687888684853036
145,0.16687888679194154
146,0.1668788867353577
147,0.16687888667877837
148,0.16687888662220351
149,0.16687888656563338
150,0.16687888650906751
151,0.16687888645250645
152,0.16687888639594978
153,0.16687888633939793
154,0.16687888628285064
155,0.16687888622630784
156,0.16687888616976987
157,0.16687888611323606
158,0.16687888605670717
159,0.16687888600018297
160,0.16687888594366268
161,0.16687888588714755
162,0.16687888583063692
163,0.16687888577413043
164,0.16687888571762893
165,0.16687888566113207
166,0.16687888560463962
167,0.16687888554815145
168,0.16687888549166852
169,0.16687888543518958
170,0.16687888537871537
171,0.16687888532224576
172,0.166878885265781
173,0.16687888520932032
174,0.16687888515286436
175,0.1668788850964132
176,0.16687888503996642
177,0.16687888498352418
178,0.16687888492708633
179,0.1668788848706535
180,0.16687888481422503
181,0.16687888475780105
182,0.16687888470138165
183,0.16687888464496686
184,0.16687888458855665
185,0.16687888453215097
186,0.16687888447574975
187,0.166878884419353
188,0.16687888436296117
189,0.16687888430657374
190,0.16687888425019096
191,0.1668788841938127
192,0.16687888413743907
193,0.16687888408106968
194,0.1668788840247049
195,0.16687888396834485
196,0.16687888391198932
197,0.16687888385563826
198,0.1668788837992918
199,0.16687888374295
200,0.16687888368661272
201,0.1668788836302797
202,0.1668788835739515
203,0.16687888351762786
204,0.16687888346130886
205,0.1668788834049941
206,0.16687888334868417
207,0.1668788832923788
208,0.16687888323607766
209,0.16687888317978147
210,0.1668788831234895
211,0.16687888306720228
212,0.1668788830109195
213,0.16687888295464154
214,0.16687888289836786
215,0.16687888284209867
216,0.16687888278583385
217,0.1668788827295739
218,0.1668788826733184
219,0.16687888261706751
220,0.16687888256082112
221,0.16687888250457927
222,0.16687888244834198
223,0.16687888239210913
224,0.16687888233588102
225,0.16687888227965736
226,0.16687888222343827
227,0.16687888216722352
228,0.1668788821110136
229,0.16687888205480794
230,0.16687888199860704
231,0.1668788819424106
232,0.16687888188621858
233,0.16687888183003124
234,0.16687888177384852
235,0.16687888171767026
236,0.16687888166149625
237,0.1668788816053273
238,0.1668788815491623
239,0.16687888149300187
240,0.16687888143684648
241,0.16687888138069545
242,0.16687888132454884
243,0.16687888126840664
244,0.1668788812122692
245,0.16687888115613622
246,0.1668788811000077
247,0.1668788810438836
248,0.16687888098776435
249,0.16687888093164935
250,0.16687888087553895
251,0.16687888081943322
252,0.16687888076333163
253,0.16687888070723497
254,0.16687888065114267
255,0.1668788805950551
256,0.1668788805389716
257,0.1668788804828929
258,0.16687888042681853
259,0.166878880370749
260,0.16687888031468387
261,0.16687888025862324
262,0.16687888020256722
263,0.1668788801465156
264,0.16687888009046853
265,0.16687888003442583
266,0.16687887997838796
267,0.1668788799223543
268,0.16687887986632538
269,0.16687887981030103
270,0.16687887975428106
271,0.1668788796982656
272,0.16687887964225448
273,0.16687887958624806
274,0.16687887953024608
275,0.16687887947424876
276,0.1668788794182559
277,0.16687887936226753
278,0.16687887930628365
279,0.16687887925030415
280,0.1668788791943293
281,0.16687887913835883
282,0.16687887908239304
283,0.16687887902643178
284,0.1668788789704751
285,0.16687887891452255
286,0.16687887885857478
287,0.16687887880263136
288,0.1668788787466928
289,0.16687887869075826
290,0.1668788786348287
291,0.16687887857890327
292,0.16687887852298264
293,0.16687887846706648
294,0.16687887841115456
295,0.16687887835524742
296,0.1668788782993446
297,0.16687887824344624
298,0.16687887818755254
299,0.16687887813166305
300,0.16687887807577828
301,0.16687887801989795
302,0.16687887796402234
303,0.16687887790815087
304,0.16687887785228397
305,0.16687887779642172
306,0.1668788777405641
307,0.16687887768471088
308,0.16687887762886192
309,0.1668788775730177
310,0.16687887751717786
311,0.16687887746134256
312,0.16687887740551166
313,0.16687887734968526
314,0.1668788772938635
315,0.16687887723804606
316,0.1668788771822331
317,0.16687887712642482
318,0.16687887707062105
319,0.1668788770148215
320,0.16687887695902653
321,0.16687887690323605
322,0.16687887684745026
323,0.16687887679166882
324,0.16687887673589186
325,0.16687887668011941
326,0.16687887662435114
327,0.16687887656858766
328,0.16687887651282865
329,0.16687887645707405
330,0.1668788764013241
331,0.16687887634557869
332,0.16687887628983727
333,0.16687887623410047
334,0.1668788761783685
335,0.16687887612264082
336,0.16687887606691754
337,0.16687887601119902
338,0.16687887595548492
339,0.1668788758997749
340,0.16687887584406977
341,0.16687887578836902
342,0.16687887573267257
343,0.16687887567698056
344,0.16687887562129342
345,0.16687887556561062
346,0.16687887550993194
347,0.1668788754542582
348,0.16687887539858862
349,0.1668788753429237
350,0.16687887528726295
351,0.16687887523160694
352,0.16687887517595557
353,0.16687887512030822
354,0.16687887506466584
355,0.16687887500902754
356,0.1668788749533937
357,0.1668788748977645
358,0.16687887484213956
359,0.16687887478651925
360,0.16687887473090346
361,0.16687887467529203
362,0.16687887461968542
363,0.1668788745640828
364,0.1668788745084849
365,0.16687887445289132
366,0.1668788743973024
367,0.16687887434171753
368,0.16687887428613732
369,0.16687887423056166
370,0.16687887417499053
371,0.16687887411942387
372,0.16687887406386148
373,0.16687887400830378
374,0.1668788739527504
375,0.1668788738972012
376,0.16687887384165676
377,0.1668788737861167
378,0.16687887373058108
379,0.16687887367505028
380,0.16687887361952367
381,0.16687887356400147
382,0.16687887350848357
383,0.1668788734529703
384,0.16687887339746166
385,0.16687887334195736
386,0.1668788732864573
387,0.16687887323096184
388,0.1668788731754711
389,0.1668788731199843
390,0.16687887306450225
391,0.16687887300902454
392,0.1668788729535515
393,0.16687887289808256
394,0.16687887284261835
395,0.16687887278715843
396,0.16687887273170315
397,0.16687887267625218
398,0.16687887262080534
399,0.1668788725653634
400,0.16687887250992572
401,0.16687887245449284
402,0.16687887239906385
403,0.16687887234363968
404,0.16687887228821974
405,0.1668788722328043
406,0.1668788721773932
407,0.16687887212198665
408,0.16687887206658467
409,0.16687887201118712
410,0.16687887195579384
411,0.16687887190040532
412,0.1668788718450207
413,0.16687887178964106
414,0.1668788717342654
415,0.16687887167889434
416,0.16687887162352805
417,0.16687887156816578
418,0.16687887151280809
419,0.16687887145745492
420,0.16687887140210578
421,0.16687887134676155
422,0.16687887129142143
423,0.16687887123608597
424,0.16687887118075473
425,0.16687887112542832
426,0.1668788710701062
427,0.16687887101478824
428,0.16687887095947476
429,0.16687887090416578
430,0.16687887084886133
431,0.16687887079356112
432,0.16687887073826543
433,0.16687887068297413
434,0.16687887062768747
435,0.1668788705724049
436,0.16687887051712696
437,0.1668788704618536
438,0.16687887040658472
439,0.1668788703513198
440,0.16687887029605947
441,0.16687887024080375
442,0.1668788701855524
443,0.16687887013030514
444,0.16687887007506264
445,0.16687887001982452
446,0.16687886996459067
447,0.16687886990936165
448,0.16687886985413664
449,0.16687886979891622
450,0.1668788697437001
451,0.16687886968848845
452,0.16687886963328113
453,0.16687886957807838
454,0.16687886952287997
455,0.16687886946768615
456,0.16687886941249644
457,0.1668788693573113
458,0.1668788693021308
459,0.16687886924695428
460,0.16687886919178252
461,0.16687886913661493
462,0.166878869081452
463,0.16687886902629329
464,0.16687886897113904
465,0.16687886891598913
466,0.16687886886084385
467,0.1668788688057028
468,0.1668788687505663
469,0.16687886869543392
470,0.16687886864030627
471,0.16687886858518267
472,0.16687886853006376
473,0.16687886847494934
474,0.16687886841983918
475,0.16687886836473326
476,0.1668788683096321
477,0.16687886825453505
478,0.1668788681994425
479,0.16687886814435438
480,0.16687886808927055
481,0.16687886803419133
482,0.16687886797911636
483,0.16687886792404596
484,0.1668788678689798
485,0.16687886781391792
486,0.1668788677588605
487,0.16687886770380758
488,0.166878867648759
489,0.16687886759371506
490,0.16687886753867526
491,0.16687886748363992
492,0.1668788674286088
493,0.16687886737358243
494,0.16687886731856036
495,0.16687886726354262
496,0.1668788672085294
497,0.1668788671535201
498,0.16687886709851568
499,0.1668788670435154
500,0.16687886698851961
501,0.1668788669335283
502,0.16687886687854128
503,0.1668788668235585
504,0.16687886676858046
505,0.16687886671360666
506,0.16687886665863705
507,0.16687886660367202
508,0.16687886654871117
509,0.1668788664937551
510,0.16687886643880345
511,0.1668788663838556
512,0.16687886632891255
513,0.16687886627397389
514,0.1668788662190394
515,0.1668788661641094
516,0.16687886610918387
517,0.16687886605426272
518,0.166878865999346
519,0.1668788659444334
520,0.16687886588952544
521,0.16687886583462175
522,0.16687886577972247
523,0.1668788657248274
524,0.16687886566993726
525,0.1668788656150509
526,0.16687886556016915
527,0.16687886550529177
528,0.16687886545041872
529,0.16687886539554989
530,0.16687886534068586
531,0.16687886528582593
532,0.1668788652309703
533,0.16687886517611925
534,0.1668788651212724
535,0.16687886506643002
536,0.16687886501159221
537,0.16687886495675833
538,0.1668788649019295
539,0.1668788648471044
540,0.16687886479228392
541,0.16687886473746769
542,0.16687886468265598
543,0.16687886462784854
544,0.1668788645730455
545,0.16687886451824677
546,0.1668788644634523
547,0.16687886440866254
548,0.1668788643538768
549,0.1668788642990958
550,0.166878864244319
551,0.1668788641895464
552,0.1668788641347782
553,0.16687886408001457
554,0.1668788640252552
555,0.1668788639705003
556,0.1668788639157497
557,0.16687886386100328
558,0.16687886380626124
559,0.16687886375152383
560,0.16687886369679056
561,0.16687886364206164
562,0.16687886358733747
563,0.16687886353261708
564,0.16687886347790137
565,0.16687886342318997
566,0.16687886336848287
567,0.16687886331378018
568,0.166878863259082
569,0.1668788632043882
570,0.16687886314969821
571,0.1668788630950132
572,0.16687886304033211
573,0.16687886298565538
574,0.16687886293098336
575,0.16687886287631568
576,0.16687886282165218
577,0.16687886276699276
578,0.16687886271233807
579,0.16687886265768753
580,0.16687886260304155
581,0.1668788625483999
582,0.16687886249376255
583,0.16687886243912922
584,0.1668788623845009
585,0.16687886232987637
586,0.16687886227525645
587,0.16687886222064072
588,0.1668788621660294
589,0.16687886211142247
590,0.16687886205681984
591,0.16687886200222152
592,0.16687886194762766
593,0.16687886189303822
594,0.16687886183845274
595,0.16687886178387215
596,0.16687886172929545
597,0.16687886167472318
598,0.16687886162015542
599,0.1668788615655921
600,0.1668788615110327
601,0.16687886145647773
602,0.1668788614019275
603,0.16687886134738117
604,0.16687886129283938
605,0.166878861238302
606,0.1668788611837686
607,0.16687886112923994
608,0.16687886107471542
609,0.1668788610201951
610,0.16687886096567955
611,0.16687886091116805
612,0.16687886085666095
613,0.16687886080215816
614,0.16687886074765945
615,0.16687886069316557
616,0.16687886063867566
617,0.16687886058419038
618,0.166878860529709
619,0.16687886047523226
620,0.16687886042075986
621,0.16687886036629163
622,0.16687886031182791
623,0.16687886025736845
624,0.1668788602029132
625,0.1668788601484623
626,0.1668788600940159
627,0.1668788600395736
628,0.16687885998513569
629,0.16687885993070237
630,0.16687885987627327
631,0.16687885982184825
632,0.16687885976742778
633,0.1668788597130113
634,0.16687885965859947
635,0.1668788596041919
636,0.1668788595497887
637,0.16687885949538986
638,0.16687885944099515
639,0.16687885938660496
640,0.16687885933221883
641,0.1668788592778372
642,0.16687885922345994
643,0.166878859169087
644,0.16687885911471817
645,0.16687885906035368
646,0.16687885900599367
647,0.16687885895163784
648,0.16687885889728657
649,0.1668788588429392
650,0.16687885878859668
651,0.16687885873425792
652,0.16687885867992383
653,0.16687885862559404
654,0.1668788585712686
655,0.16687885851694714
656,0.1668788584626304
657,0.16687885840831757
658,0.1668788583540094
659,0.16687885829970528
660,0.16687885824540574
661,0.16687885819111015
662,0.16687885813681924
663,0.16687885808253233
664,0.16687885802824995
665,0.1668788579739718
666,0.16687885791969823
667,0.1668788578654285
668,0.16687885781116313
669,0.16687885775690234
670,0.16687885770264574
671,0.16687885764839347
672,0.16687885759414542
673,0.16687885753990167
674,0.1668788574856622
675,0.16687885743142722
676,0.16687885737719646
677,0.16687885732297
678,0.16687885726874757
679,0.16687885721452986
680,0.1668788571603161
681,0.16687885710610675
682,0.1668788570519018
683,0.16687885699770105
684,0.16687885694350466
685,0.16687885688931275
686,0.16687885683512468
687,0.16687885678094116
688,0.16687885672676203
689,0.16687885667258714
690,0.16687885661841653
691,0.16687885656425033
692,0.16687885651008824
693,0.1668788564559306
694,0.16687885640177685
695,0.16687885634762753
696,0.16687885629348295
697,0.16687885623934204
698,0.16687885618520576
699,0.16687885613107406
700,0.16687885607694625
701,0.1668788560228228
702,0.1668788559687036
703,0.1668788559145889
704,0.1668788558604783
705,0.166878855806372
706,0.16687885575227
707,0.16687885569817215
708,0.16687885564407878
709,0.16687885558998977
710,0.16687885553590487
711,0.16687885548182416
712,0.16687885542774805
713,0.1668788553736761
714,0.16687885531960833
715,0.166878855265545
716,0.16687885521148565
717,0.1668788551574309
718,0.1668788551033802
719,0.1668788550493339
720,0.1668788549952919
721,0.16687885494125437
722,0.1668788548872207
723,0.16687885483319148
724,0.16687885477916664
725,0.16687885472514596
726,0.16687885467112948
727,0.16687885461711735
728,0.1668788545631096
729,0.16687885450910606
730,0.16687885445510695
731,0.16687885440111194
732,0.16687885434712102
733,0.1668788542931348
734,0.16687885423915255
735,0.1668788541851747
736,0.16687885413120093
737,0.16687885407723152
738,0.16687885402326633
739,0.1668788539693059
740,0.16687885391534915
741,0.1668788538613969
742,0.16687885380744888
743,0.1668788537535052
744,0.16687885369956545
745,0.1668788536456304
746,0.16687885359169946
747,0.1668788535377728
748,0.16687885348385034
749,0.16687885342993217
750,0.1668788533760183
751,0.16687885332210864
752,0.16687885326820331
753,0.16687885321430215
754,0.16687885316040543
755,0.16687885310651293
756,0.16687885305262448
757,0.16687885299874042
758,0.16687885294486066
759,0.1668788528909851
760,0.16687885283711396
761,0.16687885278324685
762,0.16687885272938405
763,0.16687885267552566
764,0.16687885262167126
765,0.16687885256782134
