1,0.21853449087548804
2,0.19137186142421267
3,0.17533695824736753
4,0.17533687448131607
5,0.17533686144752403
6,0.17533684846451691
7,0.17533683553199192
8,0.17533682264965333
9,0.17533680981720826
10,0.17533679703436902
11,0.17533678430085045
12,0.17533677161636987
13,0.1753367589806477
14,0.17533674639340666
15,0.1753367338543723
16,0.17533672136327141
17,0.17533670891983444
18,0.1753366965237931
19,0.17533668417488102
20,0.1753366718728345
21,0.17533665961739173
22,0.17533664740829244
23,0.17533663524527882
24,0.1753366231280945
25,0.17533661105648576
26,0.17533659903020016
27,0.17533658704898702
28,0.17533657511259834
29,0.17533656322078692
30,0.17533655137330842
31,0.17533653956991885
32,0.17533652781037717
33,0.17533651609444403
34,0.17533650442188123
35,0.17533649279245284
36,0.17533648120592407
37,0.17533646966206237
38,0.17533645816063645
39,0.17533644670141682
40,0.17533643528417572
41,0.17533642390868703
42,0.17533641257472599
43,0.17533640128206962
44,0.17533639003049664
45,0.17533637881978664
46,0.175336367649722
47,0.17533635652008547
48,0.17533634543066168
49,0.17533633438123744
50,0.17533632337160018
51,0.17533631240153885
52,0.17533630147084467
53,0.17533629057930925
54,0.17533627972672683
55,0.17533626891289192
56,0.1753362581376009
57,0.17533624740065207
58,0.17533623670184428
59,0.1753362260409788
60,0.17533621541785668
61,0.1753362048322819
62,0.17533619428405942
63,0.17533618377299465
64,0.17533617329889556
65,0.17533616286157033
66,0.17533615246082931
67,0.17533614209648377
68,0.17533613176834606
69,0.17533612147622998
70,0.1753361112199513
71,0.17533610099932545
72,0.1753360908141707
73,0.1753360806643057
74,0.17533607054955025
75,0.17533606046972583
76,0.17533605042465483
77,0.1753360404141611
78,0.17533603043806884
79,0.17533602049620473
80,0.1753360105883954
81,0.17533600071446953
82,0.1753359908742562
83,0.1753359810675862
84,0.17533597129429118
85,0.1753359615542039
86,0.175335951847158
87,0.17533594217298912
88,0.17533593253153287
89,0.17533592292262618
90,0.17533591334610774
91,0.1753359038018166
92,0.17533589428959315
93,0.17533588480927859
94,0.1753358753607154
95,0.17533586594374745
96,0.17533585655821868
97,0.17533584720397435
98,0.1753358378808616
99,0.1753358285887273
100,0.17533581932742
101,0.17533581009678914
102,0.1753358008966854
103,0.17533579172695962
104,0.17533578258746427
105,0.1753357734780529
106,0.17533576439857898
107,0.17533575534889848
108,0.17533574632886662
109,0.17533573733834087
110,0.175335728377179
111,0.17533571944523943
112,0.1753357105423823
113,0.17533570166846774
114,0.17533569282335737
115,0.17533568400691343
116,0.17533567521899907
117,0.1753356664594783
118,0.175335657728216
119,0.17533564902507778
120,0.1753356403499307
121,0.17533563170264135
122,0.1753356230830786
123,0.17533561449111096
124,0.17533560592660913
125,0.17533559738944257
126,0.17533558887948378
127,0.17533558039660477
128,0.1753355719406782
129,0.17533556351157809
130,0.17533555510917934
131,0.17533554673335722
132,0.17533553838398747
133,0.17533553006094751
134,0.17533552176411463
135,0.1753355134933678
136,0.1753355052485854
137,0.17533549702964799
138,0.17533548883643588
139,0.1753354806688303
140,0.17533547252671364
141,0.17533546440996872
142,0.17533545631847866
143,0.17533544825212793
144,0.17533544021080127
145,0.1753354321943846
146,0.175335424202764
147,0.1753354162358262
148,0.17533540829345948
149,0.17533540037555131
150,0.17533539248199137
151,0.17533538461266923
152,0.175335376767475
153,0.17533536894629914
154,0.17533536114903453
155,0.17533535337557277
156,0.1753353456258063
157,0.17533533789962916
158,0.17533533019693553
159,0.17533532251762027
160,0.1753353148615783
161,0.17533530722870624
162,0.17533529961890068
163,0.17533529203205853
164,0.17533528446807753
165,0.17533527692685677
166,0.17533526940829466
167,0.1753352619122911
168,0.17533525443874645
169,0.17533524698756092
170,0.17533523955863697
171,0.17533523215187558
172,0.17533522476717955
173,0.17533521740445215
174,0.1753352100635971
175,0.17533520274451797
176,0.17533519544712017
177,0.17533518817130891
178,0.1753351809169898
179,0.17533517368406917
180,0.1753351664724548
181,0.17533515928205295
182,0.17533515211277229
183,0.17533514496452107
184,0.17533513783720886
185,0.17533513073074453
186,0.1753351236450385
187,0.17533511658000134
188,0.17533510953554413
189,0.17533510251157852
190,0.17533509550801643
191,0.17533508852477067
192,0.17533508156175442
193,0.1753350746188808
194,0.17533506769606416
195,0.175335060793219
196,0.17533505391026047
197,0.17533504704710415
198,0.17533504020366572
199,0.1753350333798618
200,0.17533502657560915
201,0.17533501979082539
202,0.1753350130254284
203,0.17533500627933618
204,0.1753349995524677
205,0.1753349928447418
206,0.1753349861560787
207,0.17533497948639803
208,0.1753349728356207
209,0.17533496620366726
210,0.17533495959045983
211,0.17533495299591917
212,0.1753349464199684
213,0.1753349398625298
214,0.17533493332352704
215,0.1753349268028829
216,0.17533492030052183
217,0.1753349138163683
218,0.1753349073503467
219,0.1753349009023823
220,0.17533489447240114
221,0.17533488806032846
222,0.17533488166609143
223,0.17533487528961675
224,0.17533486893083072
225,0.1753348625896621
226,0.17533485626603862
227,0.17533484995988843
228,0.17533484367114005
229,0.17533483739972305
230,0.17533483114556678
231,0.17533482490860097
232,0.17533481868875658
233,0.1753348124859636
234,0.17533480630015294
235,0.17533480013125632
236,0.1753347939792057
237,0.1753347878439328
238,0.17533478172537045
239,0.17533477562345118
240,0.17533476953810803
241,0.17533476346927512
242,0.17533475741688598
243,0.17533475138087512
244,0.17533474536117669
245,0.1753347393577259
246,0.175334733370458
247,0.17533472739930867
248,0.17533472144421403
249,0.17533471550510976
250,0.17533470958193295
251,0.1753347036746208
252,0.17533469778310992
253,0.17533469190733833
254,0.17533468604724417
255,0.17533468020276552
256,0.17533467437384062
257,0.17533466856040902
258,0.17533466276240953
259,0.17533465697978146
260,0.17533465121246508
261,0.17533464546040037
262,0.17533463972352803
263,0.17533463400178848
264,0.17533462829512278
265,0.17533462260347255
266,0.17533461692677946
267,0.17533461126498553
268,0.17533460561803282
269,0.17533459998586387
270,0.17533459436842191
271,0.17533458876564964
272,0.17533458317749098
273,0.17533457760388896
274,0.1753345720447883
275,0.1753345665001328
276,0.1753345609698678
277,0.1753345554539373
278,0.17533454995228676
279,0.17533454446486182
280,0.17533453899160792
281,0.17533453353247092
282,0.17533452808739752
283,0.17533452265633373
284,0.17533451723922633
285,0.17533451183602297
286,0.1753345064466706
287,0.17533450107111628
288,0.1753344957093087
289,0.17533449036119542
290,0.17533448502672486
291,0.17533447970584595
292,0.17533447439850702
293,0.17533446910465778
294,0.1753344638242471
295,0.17533445855722496
296,0.17533445330354094
297,0.17533444806314552
298,0.17533444283598876
299,0.17533443762202144
300,0.17533443242119415
301,0.17533442723345816
302,0.17533442205876512
303,0.17533441689706608
304,0.17533441174831302
305,0.17533440661245817
306,0.17533440148945367
307,0.17533439637925197
308,0.1753343912818058
309,0.17533438619706831
310,0.17533438112499272
311,0.17533437606553215
312,0.17533437101864066
313,0.17533436598427218
314,0.17533436096238025
315,0.1753343559529194
316,0.17533435095584446
317,0.17533434597111008
318,0.17533434099867115
319,0.17533433603848284
320,0.17533433109050092
321,0.1753343261546806
322,0.1753343212309778
323,0.1753343163193488
324,0.17533431141974956
325,0.17533430653213689
326,0.17533430165646727
327,0.17533429679269774
328,0.1753342919407849
329,0.1753342871006866
330,0.1753342822723604
331,0.17533427745576363
332,0.17533427265085438
333,0.1753342678575905
334,0.1753342630759308
335,0.1753342583058331
336,0.17533425354725682
337,0.1753342488001605
338,0.17533424406450313
339,0.17533423934024397
340,0.17533423462734282
341,0.17533422992575926
342,0.17533422523545264
343,0.17533422055638326
344,0.1753342158885118
345,0.1753342112317981
346,0.17533420658620297
347,0.17533420195168745
348,0.1753341973282119
349,0.1753341927157378
350,0.17533418811422669
351,0.17533418352363947
352,0.17533417894393868
353,0.17533417437508536
354,0.17533416981704186
355,0.17533416526977016
356,0.17533416073323324
357,0.17533415620739318
358,0.1753341516922127
359,0.17533414718765494
360,0.1753341426936828
361,0.17533413821025948
362,0.17533413373734866
363,0.17533412927491365
364,0.1753341248229181
365,0.17533412038132615
366,0.175334115950102
367,0.17533411152920936
368,0.1753341071186134
369,0.17533410271827773
370,0.17533409832816793
371,0.17533409394824845
372,0.1753340895784844
373,0.1753340852188409
374,0.17533408086928362
375,0.17533407652977764
376,0.17533407220028907
377,0.17533406788078332
378,0.17533406357122658
379,0.17533405927158516
380,0.17533405498182497
381,0.17533405070191255
382,0.1753340464318148
383,0.17533404217149792
384,0.1753340379209291
385,0.17533403368007555
386,0.17533402944890428
387,0.17533402522738226
388,0.17533402101547754
389,0.17533401681315766
390,0.17533401262038978
391,0.17533400843714242
392,0.17533400426338352
393,0.1753340000990811
394,0.17533399594420354
395,0.1753339917987195
396,0.17533398766259717
397,0.17533398353580576
398,0.1753339794183136
399,0.17533397531009048
400,0.17533397121110492
401,0.17533396712132626
402,0.17533396304072443
403,0.1753339589692685
404,0.17533395490692805
405,0.17533395085367354
406,0.17533394680947448
407,0.1753339427743008
408,0.17533393874812314
409,0.17533393473091163
410,0.1753339307226368
411,0.1753339267232693
412,0.17533392273277962
413,0.17533391875113916
414,0.1753339147783181
415,0.1753339108142885
416,0.17533390685902076
417,0.1753339029124867
418,0.1753338989746576
419,0.17533389504550537
420,0.1753338911250015
421,0.17533388721311766
422,0.1753338833098262
423,0.17533387941509912
424,0.17533387552890867
425,0.17533387165122685
426,0.17533386778202634
427,0.17533386392127998
428,0.1753338600689601
429,0.17533385622503966
430,0.17533385238949142
431,0.17533384856228834
432,0.175333844743404
433,0.17533384093281132
434,0.17533383713048378
435,0.175333833336395
436,0.17533382955051827
437,0.17533382577282772
438,0.17533382200329656
439,0.17533381824189917
440,0.1753338144886097
441,0.17533381074340193
442,0.1753338070062507
443,0.17533380327712958
444,0.17533379955601364
445,0.17533379584287728
446,0.17533379213769495
447,0.17533378844044223
448,0.1753337847510931
449,0.17533378106962294
450,0.17533377739600753
451,0.1753337737302207
452,0.17533377007223905
453,0.1753337664220369
454,0.1753337627795909
455,0.17533375914487603
456,0.17533375551786787
457,0.17533375189854275
458,0.1753337482868762
459,0.1753337446828444
460,0.1753337410864235
461,0.17533373749758965
462,0.17533373391631943
463,0.1753337303425887
464,0.17533372677637482
465,0.17533372321765378
466,0.1753337196664022
467,0.1753337161225974
468,0.1753337125862158
469,0.1753337090572349
470,0.17533370553563116
471,0.17533370202138238
472,0.1753336985144653
473,0.17533369501485768
474,0.17533369152253694
475,0.17533368803748053
476,0.175333684559666
477,0.17533368108907132
478,0.17533367762567412
479,0.17533367416945256
480,0.17533367072038442
481,0.17533366727844782
482,0.17533366384362103
483,0.17533366041588228
484,0.17533365699521
485,0.17533365358158243
486,0.17533365017497834
487,0.1753336467753763
488,0.17533364338275517
489,0.175333639997093
490,0.17533363661836948
491,0.17533363324656354
492,0.17533362988165377
493,0.1753336265236198
494,0.1753336231724404
495,0.17533361982809492
496,0.17533361649056312
497,0.17533361315982418
498,0.1753336098358575
499,0.17533360651864313
500,0.17533360320816008
501,0.1753335999043891
502,0.17533359660730902
503,0.1753335933169007
504,0.17533359003314342
505,0.17533358675601807
506,0.17533358348550393
507,0.17533358022158207
508,0.17533357696423252
509,0.17533357371343544
510,0.17533357046917164
511,0.17533356723142166
512,0.17533356400016611
513,0.1753335607753855
514,0.17533355755706104
515,0.17533355434517348
516,0.17533355113970364
517,0.1753335479406322
518,0.17533354474794097
519,0.17533354156161088
520,0.17533353838162266
521,0.17533353520795852
522,0.175333532040599
523,0.17533352887952638
524,0.1753335257247214
525,0.17533352257616613
526,0.17533351943384232
527,0.17533351629773136
528,0.1753335131678152
529,0.17533351004407577
530,0.17533350692649516
531,0.17533350381505558
532,0.17533350070973866
533,0.17533349761052647
534,0.17533349451740182
535,0.17533349143034638
536,0.17533348834934329
537,0.17533348527437428
538,0.17533348220542236
539,0.17533347914246936
540,0.17533347608549896
541,0.17533347303449315
542,0.175333469989435
543,0.17533346695030724
544,0.17533346391709287
545,0.17533346088977486
546,0.17533345786833604
547,0.17533345485275928
548,0.17533345184302845
549,0.17533344883912652
550,0.1753334458410364
551,0.17533344284874205
552,0.17533343986222638
553,0.1753334368814732
554,0.17533343390646555
555,0.1753334309371877
556,0.17533342797362303
557,0.1753334250157554
558,0.17533342206356806
559,0.1753334191170454
560,0.17533341617617124
561,0.1753334132409295
562,0.17533341031130414
563,0.17533340738727954
564,0.1753334044688392
565,0.17533340155596816
566,0.1753333986486502
567,0.17533339574686968
568,0.1753333928506109
569,0.17533338995985864
570,0.1753333870745974
571,0.17533338419481131
572,0.17533338132048504
573,0.17533337845160366
574,0.17533337558815137
575,0.175333372730114
576,0.175333369877475
577,0.1753333670302203
578,0.17533336418833437
579,0.17533336135180264
580,0.17533335852060927
581,0.1753333556947405
582,0.17533335287418103
583,0.17533335005891604
584,0.1753333472489305
585,0.1753333444442103
586,0.17533334164474076
587,0.17533333885050698
