1,0.796129003737136
2,0.7959144552236135
3,0.7956826283864696
4,0.7954300016208314
5,0.7951536570694433
6,0.7948501063804552
7,0.794515144567375
8,0.7941436566531245
9,0.7937293583376203
10,0.7932644429194694
11,0.7927390925290434
12,0.7921407888878523
13,0.791453320994319
14,0.7906553226242836
15,0.7897180586793702
16,0.788601970567184
17,0.7872510903271752
18,0.785583624740923
19,0.7834752766255533
20,0.7807278724097593
21,0.7770057993198062
22,0.7716944825107456
23,0.7635437856603807
24,0.7496042239209343
25,0.7211984650152863
26,0.6435271533033354
27,0.41279783286500793
28,0.21154535304035374
29,0.1726865004271057
30,0.1646364327174136
31,0.16172648501787287
32,0.16095244687510388
33,0.16063872967659032
34,0.16049903633464457
35,0.16043187275341736
36,0.16039708129653726
37,0.16037752663704585
38,0.16036547786091943
39,0.16035728715370967
40,0.16035116390524248
41,0.16034619529571176
42,0.16034189798172224
43,0.16033800597471948
44,0.16033436718405536
45,0.16033089141266696
46,0.16032752337329947
47,0.16032422820321202
48,0.16032098340456258
49,0.16031777419418844
50,0.16031459072522528
51,0.1603114263736885
52,0.1603082766527128
53,0.16030513850910097
54,0.16030200985959334
55,0.1602988892811229
56,0.16029577580191434
57,0.16029266875960277
58,0.16028956770439104
59,0.16028647233271287
60,0.1602833824416853
61,0.1602802978977758
62,0.16027721861522815
63,0.16027414454119163
64,0.16027107564546703
65,0.16026801191343445
66,0.1602649533411694
67,0.16026189993207848
68,0.1602588516945705
69,0.16025580864045588
70,0.1602527707838347
71,0.1602497381403355
72,0.16024671072658536
73,0.16024368855984567
74,0.16024067165776132
75,0.16023766003818601
76,0.16023465371906243
77,0.16023165271833864
78,0.16022865705391326
79,0.16022566674359182
80,0.160222681805063
81,0.1602197022558771
82,0.16021672811343401
83,0.16021375939497365
84,0.16021079611756994
85,0.16020783829812574
86,0.16020488595336982
87,0.1602019390998554
88,0.16019899775395702
89,0.16019606193187053
90,0.16019313164961263
91,0.16019020692301844
92,0.16018728776774344
93,0.16018437419926057
94,0.16018146623286228
95,0.16017856388365848
96,0.16017566716657797
97,0.16017277609636676
98,0.1601698906875894
99,0.16016701095462746
100,0.16016413691168122
101,0.16016126857276733
102,0.1601584059517214
103,0.16015554906219565
104,0.16015269791766087
105,0.16014985253140496
106,0.16014701291653372
107,0.16014417908597064
108,0.16014135105245722
109,0.16013852882855306
110,0.160135712426635
111,0.16013290185889917
112,0.16013009713735882
113,0.16012729827384636
114,0.1601245052800125
115,0.16012171816732643
116,0.1601189369470768
117,0.1601161616303706
118,0.16011339222813423
119,0.16011062875111384
120,0.1601078712098752
121,0.16010511961480356
122,0.16010237397610466
123,0.1600996343038047
124,0.1600969006077502
125,0.1600941728976094
126,0.16009145118287046
127,0.1600887354728442
128,0.16008602577666337
129,0.16008332210328188
130,0.16008062446147703
131,0.16007793285984892
132,0.16007524730682046
133,0.1600725678106386
134,0.16006989437937397
135,0.1600672270209216
136,0.16006456574300154
137,0.1600619105531588
138,0.16005926145876434
139,0.16005661846701486
140,0.1600539815849334
141,0.16005135081937014
142,0.160048726177003
143,0.16004610766433736
144,0.1600434952877073
145,0.16004088905327538
146,0.16003828896703398
147,0.1600356950348049
148,0.1600331072622409
149,0.16003052565482495
150,0.1600279502178721
151,0.16002538095652966
152,0.1600228178757768
153,0.16002026098042602
154,0.16001771027512396
155,0.16001516576435126
156,0.16001262745242362
157,0.16001009534349192
158,0.16000756944154376
159,0.16000504975040292
160,0.16000253627373087
161,0.1600000290150269
162,0.15999752797762898
163,0.15999503316471436
164,0.15999254457930043
165,0.1599900622242449
166,0.15998758610224695
167,0.1599851162158474
168,0.1599826525674305
169,0.15998019515922252
170,0.15997774399329504
171,0.1599752990715635
172,0.1599728603957894
173,0.1599704279675799
174,0.15996800178838924
175,0.15996558185951915
176,0.15996316818212045
177,0.15996076075719176
178,0.1599583595855823
179,0.15995596466799206
180,0.15995357600497195
181,0.1599511935969249
182,0.15994881744410722
183,0.15994644754662868
184,0.15994408390445317
185,0.15994172651740007
186,0.15993937538514483
187,0.15993703050721933
188,0.15993469188301346
189,0.15993235951177556
190,0.15993003339261289
191,0.1599277135244925
192,0.1599253999062428
193,0.15992309253655393
194,0.15992079141397786
195,0.15991849653693027
196,0.15991620790369102
197,0.15991392551240471
198,0.1599116493610821
199,0.15990937944760045
200,0.15990711576970415
201,0.15990485832500653
202,0.15990260711098975
203,0.15990036212500605
204,0.15989812336427847
205,0.1598958908259026
206,0.15989366450684533
207,0.1598914444039481
208,0.1598892305139262
209,0.15988702283337058
210,0.15988482135874776
211,0.1598826260864014
212,0.1598804370125534
213,0.15987825413330406
214,0.15987607744463314
215,0.15987390694240106
216,0.1598717426223498
217,0.15986958448010327
218,0.15986743251116878
219,0.15986528671093733
220,0.15986314707468507
221,0.1598610135975742
222,0.15985888627465303
223,0.15985676510085792
224,0.15985465007101354
225,0.159852541179834
226,0.1598504384219235
227,0.15984834179177745
228,0.1598462512837836
229,0.15984416689222225
230,0.1598420886112678
231,0.15984001643498894
232,0.15983795035735066
233,0.1598358903722143
234,0.15983383647333824
235,0.1598317886543794
236,0.15982974690889373
237,0.15982771123033798
238,0.1598256816120688
239,0.15982365804734563
240,0.1598216405293304
241,0.15981962905108865
242,0.15981762360559018
243,0.15981562418571138
244,0.1598136307842336
245,0.15981164339384604
246,0.1598096620071464
247,0.15980768661664066
248,0.1598057172147452
249,0.15980375379378708
250,0.15980179634600464
251,0.15979984486354995
252,0.1597978993384869
253,0.15979595976279468
254,0.15979402612836774
255,0.1597920984270159
256,0.1597901766504667
257,0.15978826079036468
258,0.15978635083827417
259,0.1597844467856779
260,0.1597825486239797
261,0.1597806563445043
262,0.15977876993849882
263,0.1597768893971333
264,0.15977501471150202
265,0.15977314587262317
266,0.1597712828714413
267,0.1597694256988269
268,0.15976757434557787
269,0.15976572880242035
270,0.15976388906000968
271,0.1597620551089303
272,0.1597602269396976
273,0.15975840454275886
274,0.15975658790849312
275,0.15975477702721308
276,0.15975297188916499
277,0.1597511724845301
278,0.15974937880342524
279,0.1597475908359039
280,0.15974580857195614
281,0.15974403200151135
282,0.15974226111443654
283,0.159740495900539
284,0.15973873634956656
285,0.15973698245120835
286,0.15973523419509514
287,0.1597334915708013
288,0.15973175456784452
289,0.15973002317568663
290,0.15972829738373556
291,0.1597265771813443
292,0.15972486255781368
293,0.1597231535023914
294,0.15972145000427346
295,0.15971975205260547
296,0.15971805963648286
297,0.15971637274495148
298,0.15971469136700844
299,0.15971301549160355
300,0.15971134510763932
301,0.15970968020397167
302,0.15970802076941115
303,0.15970636679272343
304,0.15970471826263008
305,0.15970307516780927
306,0.15970143749689625
307,0.15969980523848476
308,0.15969817838112724
309,0.15969655691333506
310,0.15969494082358082
311,0.15969333010029685
312,0.15969172473187793
313,0.15969012470668104
314,0.15968853001302577
315,0.15968694063919603
316,0.15968535657343924
317,0.15968377780396895
318,0.15968220431896354
319,0.15968063610656855
320,0.15967907315489607
321,0.15967751545202633
322,0.1596759629860077
323,0.15967441574485763
324,0.15967287371656355
325,0.1596713368890836
326,0.15966980525034621
327,0.15966827878825166
328,0.1596667574906729
329,0.15966524134545565
330,0.15966373034041914
331,0.15966222446335718
332,0.15966072370203782
333,0.15965922804420526
334,0.15965773747757916
335,0.1596562519898558
336,0.15965477156870989
337,0.15965329620179242
338,0.1596518258767335
339,0.1596503605811428
340,0.15964890030260914
341,0.15964744502870187
342,0.15964599474697072
343,0.15964454944494713
344,0.1596431091101447
345,0.1596416737300588
346,0.15964024329216908
347,0.1596388177839377
348,0.159637397192812
349,0.15963598150622307
350,0.1596345707115883
351,0.15963316479630987
352,0.15963176374777768
353,0.1596303675533673
354,0.15962897620044247
355,0.15962758967635468
356,0.1596262079684439
357,0.1596248310640391
358,0.15962345895045876
359,0.1596220916150114
360,0.15962072904499658
361,0.15961937122770375
362,0.15961801815041515
363,0.15961666980040393
364,0.15961532616493654
365,0.15961398723127204
366,0.15961265298666355
367,0.15961132341835688
368,0.15960999851359353
369,0.1596086782596091
370,0.1596073626436352
371,0.15960605165289846
372,0.15960474527462223
373,0.15960344349602681
374,0.1596021463043291
375,0.15960085368674368
376,0.1595995656304835
377,0.15959828212275992
378,0.15959700315078282
379,0.15959572870176178
380,0.15959445876290598
381,0.159593193321425
382,0.1595919323645284
383,0.15959067587942727
384,0.159589423853334
385,0.15958817627346258
386,0.15958693312702968
387,0.15958569440125384
388,0.15958446008335722
389,0.1595832301605646
390,0.15958200462010538
391,0.15958078344921287
392,0.15957956663512446
393,0.15957835416508268
394,0.15957714602633521
395,0.1595759422061357
396,0.15957474269174327
397,0.1595735474704235
398,0.1595723565294491
399,0.159571169856099
400,0.1595699874376602
401,0.15956880926142708
402,0.15956763531470253
403,0.15956646558479678
404,0.15956530005903002
405,0.1595641387247304
406,0.15956298156923637
407,0.15956182857989568
408,0.15956067974406554
409,0.1595595350491144
410,0.15955839448242104
411,0.15955725803137477
412,0.15955612568337643
413,0.1595549974258386
414,0.15955387324618514
415,0.15955275313185246
416,0.15955163707028983
417,0.15955052504895803
418,0.15954941705533154
419,0.1595483130768983
420,0.1595472131011593
421,0.1595461171156296
422,0.15954502510783833
423,0.1595439370653287
424,0.15954285297565873
425,0.1595417728264014
426,0.15954069660514453
427,0.15953962429949153
428,0.15953855589706126
429,0.15953749138548878
430,0.1595364307524248
431,0.15953537398553655
432,0.1595343210725079
433,0.15953327200103942
434,0.15953222675884873
435,0.15953118533367122
436,0.1595301477132589
437,0.15952911388538227
438,0.159528083837829
439,0.15952705755840554
440,0.15952603503493684
441,0.1595250162552654
442,0.15952400120725382
443,0.15952298987878272
444,0.15952198225775244
445,0.15952097833208223
446,0.15951997808971113
447,0.15951898151859842
448,0.1595179886067225
449,0.15951699934208266
450,0.1595160137126977
451,0.15951503170660805
452,0.15951405331187377
453,0.1595130785165761
454,0.15951210730881787
455,0.15951113967672217
456,0.15951017560843458
457,0.1595092150921209
458,0.15950825811596983
459,0.15950730466819132
460,0.15950635473701746
461,0.1595054083107023
462,0.15950446537752275
463,0.1595035259257779
464,0.15950258994378905
465,0.15950165741990105
466,0.15950072834248136
467,0.1594998026999201
468,0.159498880480631
469,0.15949796167305103
470,0.15949704626564057
471,0.15949613424688378
472,0.15949522560528823
473,0.15949432032938546
474,0.15949341840773115
475,0.15949251982890472
476,0.15949162458151
477,0.15949073265417538
478,0.15948984403555316
479,0.15948895871432076
480,0.15948807667917966
481,0.15948719791885685
482,0.15948632242210334
483,0.1594854501776956
484,0.1594845811744353
485,0.15948371540114925
486,0.1594828528466893
487,0.1594819934999325
488,0.1594811373497821
489,0.15948028438516604
490,0.15947943459503858
491,0.1594785879683795
492,0.1594777444941944
493,0.15947690416151453
494,0.15947606695939734
495,0.15947523287692644
496,0.1594744019032117
497,0.15947357402738857
498,0.15947274923861987
499,0.15947192752609332
500,0.15947110887902444
501,0.15947029328665474
502,0.15946948073825198
503,0.15946867122311098
504,0.1594678647305533
505,0.1594670612499267
506,0.15946626077060647
507,0.15946546328199449
508,0.1594646687735191
509,0.1594638772346367
510,0.15946308865482942
511,0.15946230302360762
512,0.15946152033050867
513,0.15946074056509593
514,0.15945996371696156
515,0.1594591897757241
516,0.15945841873102967
517,0.15945765057255182
518,0.15945688528999125
519,0.15945612287307642
520,0.15945536331156293
521,0.1594546065952343
522,0.1594538527139015
523,0.15945310165740265
524,0.15945235341560404
525,0.15945160797839966
526,0.15945086533571043
527,0.15945012547748577
528,0.15944938839370273
529,0.15944865407436526
530,0.15944792250950648
531,0.15944719368918628
532,0.1594464676034925
533,0.15944574424254115
534,0.15944502359647617
535,0.15944430565546855
536,0.15944359040971842
537,0.15944287784945282
538,0.15944216796492705
539,0.15944146074642435
540,0.15944075618425602
541,0.15944005426876087
542,0.15943935499030643
543,0.1594386583392874
544,0.15943796430612686
545,0.1594372728812757
546,0.15943658405521297
547,0.15943589781844567
548,0.15943521416150863
549,0.15943453307496494
550,0.15943385454940506
551,0.15943317857544811
552,0.15943250514374077
553,0.15943183424495824
554,0.1594311658698028
555,0.1594305000090055
556,0.1594298366533246
557,0.15942917579354726
558,0.1594285174204875
559,0.15942786152498822
560,0.1594272080979195
561,0.15942655713018006
562,0.1594259086126957
563,0.15942526253642034
564,0.1594246188923363
565,0.1594239776714532
566,0.15942333886480847
567,0.15942270246346774
568,0.15942206845852389
569,0.15942143684109825
570,0.15942080760233934
571,0.15942018073342343
572,0.159419556225555
573,0.1594189340699657
574,0.15941831425791503
575,0.15941769678069043
576,0.15941708162960616
577,0.15941646879600488
578,0.1594158582712565
579,0.15941525004675844
580,0.1594146441139356
581,0.1594140404642403
582,0.15941343908915276
583,0.1594128399801802
584,0.15941224312885705
585,0.15941164852674572
586,0.15941105616543547
587,0.15941046603654274
588,0.15940987813171198
589,0.15940929244261381
590,0.15940870896094697
591,0.15940812767843673
592,0.15940754858683592
593,0.1594069716779242
594,0.15940639694350817
595,0.15940582437542208
596,0.15940525396552607
597,0.15940468570570823
598,0.15940411958788311
599,0.1594035556039917
600,0.15940299374600317
601,0.15940243400591148
602,0.1594018763757388
603,0.15940132084753375
604,0.15940076741337125
605,0.15940021606535276
606,0.15939966679560671
607,0.1593991195962878
608,0.1593985744595776
609,0.15939803137768319
610,0.15939749034283873
611,0.15939695134730492
612,0.1593964143833678
613,0.1593958794433407
614,0.15939534651956258
615,0.15939481560439844
616,0.15939428669023986
617,0.15939375976950396
618,0.15939323483463433
619,0.1593927118781001
620,0.15939219089239642
621,0.15939167187004435
622,0.15939115480359076
623,0.15939063968560813
624,0.15939012650869477
625,0.1593896152654748
626,0.15938910594859734
627,0.15938859855073778
628,0.1593880930645965
629,0.15938758948289955
630,0.15938708779839822
631,0.15938658800386882
632,0.15938609009211374
633,0.1593855940559602
634,0.15938509988826025
635,0.15938460758189113
636,0.15938411712975578
637,0.1593836285247814
638,0.15938314175992038
639,0.15938265682815012
640,0.15938217372247268
641,0.15938169243591477
642,0.1593812129615284
643,0.1593807352923892
644,0.1593802594215989
645,0.15937978534228237
646,0.15937931304758932
647,0.15937884253069426
648,0.159378373784796
649,0.15937790680311736
650,0.15937744157890593
651,0.15937697810543233
652,0.1593765163759929
653,0.15937605638390684
654,0.1593755981225181
655,0.15937514158519397
656,0.15937468676532618
657,0.15937423365632994
658,0.15937378225164436
659,0.15937333254473238
660,0.15937288452908033
661,0.15937243819819807
662,0.15937199354561948
663,0.1593715505649015
664,0.15937110924962464
665,0.1593706695933926
666,0.15937023158983243
667,0.15936979523259479
668,0.159369360515353
669,0.15936892743180314
670,0.15936849597566558
671,0.15936806614068255
672,0.15936763792061945
673,0.15936721130926484
674,0.15936678630042966
675,0.1593663628879481
676,0.15936594106567653
677,0.1593655208274939
678,0.15936510216730226
679,0.1593646850790254
680,0.15936426955660993
681,0.15936385559402502
682,0.15936344318526185
683,0.15936303232433344
684,0.15936262300527582
685,0.15936221522214672
686,0.15936180896902544
687,0.15936140424001388
688,0.15936100102923553
689,0.1593605993308363
690,0.15936019913898272
691,0.15935980044786424
692,0.1593594032516911
693,0.15935900754469562
694,0.15935861332113166
695,0.15935822057527424
696,0.15935782930141976
697,0.15935743949388648
698,0.15935705114701326
699,0.15935666425516057
700,0.15935627881271008
701,0.15935589481406434
702,0.1593555122536466
703,0.15935513112590174
704,0.15935475142529523
705,0.15935437314631343
706,0.15935399628346322
707,0.15935362083127236
708,0.15935324678428914
709,0.1593528741370825
710,0.1593525028842423
711,0.15935213302037776
712,0.15935176454011962
713,0.1593513974381182
714,0.15935103170904463
715,0.15935066734758982
716,0.15935030434846464
717,0.1593499427064003
718,0.1593495824161485
719,0.15934922347247982
720,0.1593488658701855
721,0.15934850960407637
722,0.15934815466898275
723,0.15934780105975513
724,0.15934744877126356
725,0.1593470977983967
726,0.1593467481360639
727,0.15934639977919346
728,0.15934605272273314
729,0.15934570696164968
730,0.15934536249092937
731,0.1593450193055778
732,0.15934467740061914
733,0.15934433677109705
734,0.1593439974120741
735,0.1593436593186315
736,0.1593433224858702
737,0.1593429869089087
738,0.15934265258288494
739,0.15934231950295552
740,0.15934198766429553
741,0.15934165706209882
