1,0.7932467551534953
2,0.7930908620904965
3,0.7929722356671708
4,0.7928446489608277
5,0.7927070495411914
6,0.7925582138912519
7,0.7923967111311012
8,0.792220857124248
9,0.7920286554625534
10,0.7918177150815116
11,0.7915268761824062
12,0.7911475654643471
13,0.7908390086494405
14,0.7904916918289325
15,0.7900978568086697
16,0.7896475349831047
17,0.7891277024880795
18,0.7885210170532441
19,0.787803873965844
20,0.7869433122196837
21,0.7858918939320877
22,0.7845788256339281
23,0.7828936734470477
24,0.7806543517498699
25,0.7775384294002421
26,0.772917757220321
27,0.7653921873627825
28,0.7511305985512622
29,0.7152805916583798
30,0.5635009638805687
31,0.24255645387742572
32,0.1708391533056904
33,0.16413920661147638
34,0.16288934902236554
35,0.16256005900535547
36,0.162455135266168
37,0.16241675496194544
38,0.1624009921553915
39,0.16239385513843577
40,0.16239036784197614
41,0.16238856899859558
42,0.16238760752447523
43,0.16238708218611875
44,0.1623867913583489
45,0.16238662912202997
46,0.16238653822204493
47,0.16238648716405943
48,0.16238645844447402
49,0.16238644227707383
50,0.16238643317168622
51,0.1623864280422765
52,0.16238642515227067
53,0.16238642352385496
54,0.16238642260625843
55,0.16238642208918863
56,0.16238642179781304
57,0.16238642163361783
58,0.16238642154109062
59,0.16238642148894947
60,0.16238642145956664
61,0.1623864214430089
62,0.1623864214336783
63,0.16238642142842014
64,0.1623864214254571
65,0.1623864214237872
66,0.16238642142284657
67,0.16238642142231596
68,0.1623864214220174
69,0.16238642142184895
70,0.16238642142175408
71,0.1623864214217006
72,0.16238642142167037
73,0.16238642142165344
74,0.162386421421644
75,0.16238642142163845
76,0.16238642142163545
77,0.16238642142163376
78,0.1623864214216328
79,0.16238642142163207
80,0.1623864214216319
81,0.16238642142163173
82,0.16238642142163154
83,0.1623864214216317
84,0.1623864214216316
85,0.1623864214216315
86,0.1623864214216316
87,0.16238642142163154
88,0.16238642142163157
89,0.16238642142163154
90,0.16238642142163157
91,0.16238642142163157
92,0.16238642142163157
93,0.16238642142163157
94,0.16238642142163157
95,0.16238642142163157
96,0.16238642142163157
97,0.16238642142163157
98,0.16238642142163157
99,0.16238642142163157
100,0.16238642142163157
101,0.16238642142163157
102,0.16238642142163157
103,0.16238642142163157
104,0.16238642142163157
105,0.16238642142163157
106,0.16238642142163157
107,0.16238642142163157
108,0.16238642142163157
109,0.16238642142163157
110,0.16238642142163157
111,0.16238642142163157
112,0.16238642142163157
113,0.16238642142163157
114,0.16238642142163157
115,0.16238642142163157
116,0.16238642142163157
117,0.16238642142163157
118,0.16238642142163157
119,0.16238642142163157
120,0.16238642142163157
121,0.16238642142163157
122,0.16238642142163157
123,0.16238642142163157
124,0.16238642142163157
125,0.16238642142163157
126,0.16238642142163157
127,0.16238642142163157
128,0.16238642142163157
129,0.16238642142163157
130,0.16238642142163157
131,0.16238642142163157
132,0.16238642142163157
133,0.16238642142163157
134,0.16238642142163157
135,0.16238642142163157
136,0.16238642142163157
137,0.16238642142163157
138,0.16238642142163157
139,0.16238642142163157
140,0.16238642142163157
141,0.16238642142163157
142,0.16238642142163157
143,0.16238642142163157
144,0.16238642142163157
145,0.16238642142163157
146,0.16238642142163157
147,0.16238642142163157
148,0.16238642142163157
149,0.16238642142163157
150,0.16238642142163157
151,0.16238642142163157
152,0.16238642142163157
153,0.16238642142163157
154,0.16238642142163157
155,0.16238642142163157
156,0.16238642142163157
157,0.16238642142163157
158,0.16238642142163157
159,0.16238642142163157
160,0.16238642142163157
161,0.16238642142163157
162,0.16238642142163157
163,0.16238642142163157
164,0.16238642142163157
165,0.16238642142163157
166,0.16238642142163157
167,0.16238642142163157
168,0.16238642142163157
169,0.16238642142163157
170,0.16238642142163157
171,0.16238642142163157
172,0.16238642142163157
173,0.16238642142163157
174,0.16238642142163157
175,0.16238642142163157
176,0.16238642142163157
177,0.16238642142163157
178,0.16238642142163157
179,0.16238642142163157
180,0.16238642142163157
181,0.16238642142163157
182,0.16238642142163157
183,0.16238642142163157
184,0.16238642142163157
185,0.16238642142163157
186,0.16238642142163157
187,0.16238642142163157
188,0.16238642142163157
189,0.16238642142163157
190,0.16238642142163157
191,0.16238642142163157
192,0.16238642142163157
193,0.16238642142163157
194,0.16238642142163157
195,0.16238642142163157
196,0.16238642142163157
197,0.16238642142163157
198,0.16238642142163157
199,0.16238642142163157
200,0.16238642142163157
201,0.16238642142163157
202,0.16238642142163157
203,0.16238642142163157
204,0.16238642142163157
205,0.16238642142163157
206,0.16238642142163157
207,0.16238642142163157
208,0.16238642142163157
209,0.16238642142163157
210,0.16238642142163157
211,0.16238642142163157
212,0.16238642142163157
213,0.16238642142163157
214,0.16238642142163157
215,0.16238642142163157
216,0.16238642142163157
217,0.16238642142163157
218,0.16238642142163157
219,0.16238642142163157
220,0.16238642142163157
221,0.16238642142163157
222,0.16238642142163157
223,0.16238642142163157
224,0.16238642142163157
225,0.16238642142163157
226,0.16238642142163157
227,0.16238642142163157
228,0.16238642142163157
229,0.16238642142163157
230,0.16238642142163157
231,0.16238642142163157
232,0.16238642142163157
233,0.16238642142163157
234,0.16238642142163157
235,0.16238642142163157
236,0.16238642142163157
237,0.16238642142163157
238,0.16238642142163157
239,0.16238642142163157
240,0.16238642142163157
241,0.16238642142163157
242,0.16238642142163157
243,0.16238642142163157
244,0.16238642142163157
245,0.16238642142163157
246,0.16238642142163157
247,0.16238642142163157
248,0.16238642142163157
249,0.16238642142163157
250,0.16238642142163157
251,0.16238642142163157
252,0.16238642142163157
253,0.16238642142163157
254,0.16238642142163157
255,0.16238642142163157
256,0.16238642142163157
257,0.16238642142163157
258,0.16238642142163157
259,0.16238642142163157
260,0.16238642142163157
261,0.16238642142163157
262,0.16238642142163157
263,0.16238642142163157
264,0.16238642142163157
265,0.16238642142163157
266,0.16238642142163157
267,0.16238642142163157
268,0.16238642142163157
269,0.16238642142163157
270,0.16238642142163157
271,0.16238642142163157
272,0.16238642142163157
273,0.16238642142163157
274,0.16238642142163157
275,0.16238642142163157
276,0.16238642142163157
277,0.16238642142163157
278,0.16238642142163157
279,0.16238642142163157
280,0.16238642142163157
281,0.16238642142163157
282,0.16238642142163157
283,0.16238642142163157
284,0.16238642142163157
285,0.16238642142163157
286,0.16238642142163157
287,0.16238642142163157
288,0.16238642142163157
289,0.16238642142163157
290,0.16238642142163157
291,0.16238642142163157
292,0.16238642142163157
293,0.16238642142163157
294,0.16238642142163157
295,0.16238642142163157
296,0.16238642142163157
297,0.16238642142163157
298,0.16238642142163157
299,0.16238642142163157
300,0.16238642142163157
301,0.16238642142163157
302,0.16238642142163157
303,0.16238642142163157
304,0.16238642142163157
305,0.16238642142163157
306,0.16238642142163157
307,0.16238642142163157
308,0.16238642142163157
309,0.16238642142163157
310,0.16238642142163157
311,0.16238642142163157
312,0.16238642142163157
313,0.16238642142163157
314,0.16238642142163157
315,0.16238642142163157
316,0.16238642142163157
317,0.16238642142163157
318,0.16238642142163157
319,0.16238642142163157
320,0.16238642142163157
321,0.16238642142163157
322,0.16238642142163157
323,0.16238642142163157
324,0.16238642142163157
325,0.16238642142163157
326,0.16238642142163157
327,0.16238642142163157
328,0.16238642142163157
329,0.16238642142163157
330,0.16238642142163157
331,0.16238642142163157
332,0.16238642142163157
333,0.16238642142163157
334,0.16238642142163157
335,0.16238642142163157
336,0.16238642142163157
337,0.16238642142163157
338,0.16238642142163157
339,0.16238642142163157
340,0.16238642142163157
341,0.16238642142163157
342,0.16238642142163157
343,0.16238642142163157
344,0.16238642142163157
345,0.16238642142163157
346,0.16238642142163157
347,0.16238642142163157
348,0.16238642142163157
349,0.16238642142163157
350,0.16238642142163157
351,0.16238642142163157
352,0.16238642142163157
353,0.16238642142163157
354,0.16238642142163157
355,0.16238642142163157
356,0.16238642142163157
357,0.16238642142163157
358,0.16238642142163157
359,0.16238642142163157
360,0.16238642142163157
361,0.16238642142163157
362,0.16238642142163157
363,0.16238642142163157
364,0.16238642142163157
365,0.16238642142163157
366,0.16238642142163157
367,0.16238642142163157
368,0.16238642142163157
369,0.16238642142163157
370,0.16238642142163157
371,0.16238642142163157
372,0.16238642142163157
373,0.16238642142163157
374,0.16238642142163157
375,0.16238642142163157
376,0.16238642142163157
377,0.16238642142163157
378,0.16238642142163157
379,0.16238642142163157
380,0.16238642142163157
381,0.16238642142163157
382,0.16238642142163157
383,0.16238642142163157
384,0.16238642142163157
385,0.16238642142163157
386,0.16238642142163157
387,0.16238642142163157
388,0.16238642142163157
389,0.16238642142163157
390,0.16238642142163157
391,0.16238642142163157
392,0.16238642142163157
393,0.16238642142163157
394,0.16238642142163157
395,0.16238642142163157
396,0.16238642142163157
397,0.16238642142163157
398,0.16238642142163157
399,0.16238642142163157
400,0.16238642142163157
401,0.16238642142163157
402,0.16238642142163157
403,0.16238642142163157
404,0.16238642142163157
405,0.16238642142163157
406,0.16238642142163157
407,0.16238642142163157
408,0.16238642142163157
409,0.16238642142163157
410,0.16238642142163157
411,0.16238642142163157
412,0.16238642142163157
413,0.16238642142163157
414,0.16238642142163157
415,0.16238642142163157
416,0.16238642142163157
417,0.16238642142163157
418,0.16238642142163157
419,0.16238642142163157
420,0.16238642142163157
421,0.16238642142163157
422,0.16238642142163157
423,0.16238642142163157
424,0.16238642142163157
425,0.16238642142163157
426,0.16238642142163157
427,0.16238642142163157
428,0.16238642142163157
429,0.16238642142163157
430,0.16238642142163157
431,0.16238642142163157
432,0.16238642142163157
433,0.16238642142163157
434,0.16238642142163157
435,0.16238642142163157
436,0.16238642142163157
437,0.16238642142163157
438,0.16238642142163157
439,0.16238642142163157
440,0.16238642142163157
441,0.16238642142163157
442,0.16238642142163157
443,0.16238642142163157
444,0.16238642142163157
445,0.16238642142163157
446,0.16238642142163157
447,0.16238642142163157
448,0.16238642142163157
449,0.16238642142163157
450,0.16238642142163157
451,0.16238642142163157
452,0.16238642142163157
453,0.16238642142163157
454,0.16238642142163157
455,0.16238642142163157
456,0.16238642142163157
457,0.16238642142163157
458,0.16238642142163157
459,0.16238642142163157
460,0.16238642142163157
461,0.16238642142163157
462,0.16238642142163157
463,0.16238642142163157
464,0.16238642142163157
465,0.16238642142163157
466,0.16238642142163157
467,0.16238642142163157
468,0.16238642142163157
469,0.16238642142163157
470,0.16238642142163157
471,0.16238642142163157
472,0.16238642142163157
473,0.16238642142163157
474,0.16238642142163157
475,0.16238642142163157
476,0.16238642142163157
477,0.16238642142163157
478,0.16238642142163157
479,0.16238642142163157
480,0.16238642142163157
481,0.16238642142163157
482,0.16238642142163157
483,0.16238642142163157
484,0.16238642142163157
485,0.16238642142163157
486,0.16238642142163157
487,0.16238642142163157
488,0.16238642142163157
489,0.16238642142163157
490,0.16238642142163157
491,0.16238642142163157
492,0.16238642142163157
493,0.16238642142163157
494,0.16238642142163157
495,0.16238642142163157
496,0.16238642142163157
497,0.16238642142163157
498,0.16238642142163157
499,0.16238642142163157
500,0.16238642142163157
501,0.16238642142163157
502,0.16238642142163157
503,0.16238642142163157
504,0.16238642142163157
505,0.16238642142163157
506,0.16238642142163157
507,0.16238642142163157
508,0.16238642142163157
509,0.16238642142163157
510,0.16238642142163157
511,0.16238642142163157
512,0.16238642142163157
513,0.16238642142163157
514,0.16238642142163157
515,0.16238642142163157
516,0.16238642142163157
517,0.16238642142163157
518,0.16238642142163157
519,0.16238642142163157
520,0.16238642142163157
521,0.16238642142163157
522,0.16238642142163157
523,0.16238642142163157
524,0.16238642142163157
525,0.16238642142163157
526,0.16238642142163157
