1,172
2,186
3,186
4,186
5,186
6,186
7,186
8,186
9,186
10,186
11,186
12,186
13,186
14,186
15,186
16,186
17,186
18,186
19,186
20,186
21,186
22,186
23,186
24,186
25,186
26,186
27,186
28,186
29,186
30,186
31,186
32,186
33,186
34,186
35,186
36,186
37,186
38,186
39,186
40,186
41,186
42,186
43,186
44,186
45,186
46,186
47,186
48,186
49,186
50,186
51,186
52,186
53,186
54,186
55,186
56,186
57,186
58,186
59,186
60,186
61,186
62,186
63,186
64,186
65,186
66,186
67,186
68,186
69,186
70,186
71,186
72,186
73,186
74,186
75,186
76,186
77,186
78,186
79,186
80,186
81,186
82,186
83,186
84,186
85,186
86,186
87,186
88,186
89,186
90,186
91,186
92,186
93,186
94,186
95,186
96,186
97,186
98,186
99,186
100,186
101,186
102,186
103,186
104,186
105,186
106,186
107,186
108,186
109,186
110,186
111,186
112,186
113,186
114,186
115,186
116,186
117,186
118,186
119,186
120,186
121,186
122,186
123,186
124,186
125,186
126,186
127,186
128,186
129,186
130,186
131,186
132,186
133,186
134,186
135,186
136,186
137,186
138,186
139,186
140,186
141,186
142,186
143,186
144,186
145,186
146,186
147,186
148,186
149,186
150,186
151,186
152,186
153,186
154,186
155,186
156,186
157,186
158,186
159,186
160,186
161,186
162,186
163,186
164,186
165,186
166,186
167,186
168,186
169,186
170,186
171,186
172,186
173,186
174,186
175,186
176,186
177,186
178,186
179,186
180,186
181,186
182,186
183,186
184,186
185,186
186,186
187,186
188,186
189,186
190,186
191,186
192,186
193,186
194,186
195,186
196,186
197,186
198,186
199,186
200,186
201,186
202,186
203,186
204,186
205,186
206,186
207,186
208,186
209,186
210,186
211,186
212,186
213,186
214,186
215,186
216,186
217,186
218,186
219,186
220,186
221,186
222,186
223,186
224,186
225,186
226,186
227,186
228,186
229,186
230,186
231,186
232,186
233,186
234,186
235,186
236,186
237,186
238,186
239,186
240,186
241,186
242,186
243,186
244,186
245,186
246,186
247,186
248,186
249,186
250,186
251,186
252,186
253,186
254,186
255,186
256,186
257,186
258,186
259,186
260,186
261,186
262,186
263,186
264,186
265,186
266,186
267,186
268,186
269,186
270,186
271,186
272,186
273,186
274,186
275,186
276,186
277,186
278,186
279,186
280,186
281,186
282,186
283,186
284,186
285,186
286,186
287,186
288,186
289,186
290,186
291,186
292,186
293,186
294,186
295,186
296,186
297,186
298,186
299,186
300,186
301,186
302,186
303,186
304,186
305,186
306,186
307,186
308,186
309,186
310,186
311,186
312,186
313,186
314,186
315,186
316,186
317,186
318,186
319,186
320,186
321,186
322,186
323,186
324,186
325,186
326,186
327,186
328,186
329,186
330,186
331,186
332,186
333,186
334,186
335,186
336,186
337,186
338,186
339,186
340,186
341,186
342,186
343,186
344,186
345,186
346,186
347,186
348,186
349,186
350,186
351,186
352,186
353,186
354,186
355,186
356,186
357,186
358,186
359,186
360,186
361,186
362,186
363,186
364,186
365,186
366,186
367,186
368,186
369,186
370,186
371,186
372,186
373,186
374,186
375,186
376,186
377,186
378,186
379,186
380,186
381,186
382,186
383,186
384,186
385,186
386,186
387,186
388,186
389,186
390,186
391,186
392,186
393,186
394,186
395,186
396,186
397,186
398,186
399,186
400,186
401,186
402,186
403,186
404,186
405,186
406,186
407,186
408,186
409,186
410,186
411,186
412,186
413,186
414,186
415,186
416,186
417,186
418,186
419,186
420,186
421,186
422,186
423,186
424,186
425,186
426,186
427,186
428,186
429,186
430,186
431,186
432,186
433,186
434,186
435,186
436,186
437,186
438,186
439,186
440,186
441,186
442,186
443,186
444,186
445,186
446,186
447,186
448,186
449,186
450,186
451,186
452,186
453,186
454,186
455,186
456,186
457,186
458,186
459,186
460,186
461,186
462,186
463,186
464,186
465,186
466,186
467,186
468,186
469,186
470,186
471,186
472,186
473,186
474,186
475,186
476,186
477,186
478,186
479,186
480,186
481,186
482,186
483,186
484,186
485,186
486,186
487,186
488,186
489,186
490,186
491,186
492,186
493,186
494,186
495,186
496,186
497,186
498,186
499,186
500,186
501,186
502,186
503,186
504,186
505,186
506,186
507,186
508,186
509,186
510,186
511,186
512,186
513,186
514,186
515,186
516,186
517,186
518,186
519,186
520,186
521,186
522,186
523,186
524,186
525,186
526,186
527,186
528,186
529,186
530,186
531,186
532,186
533,186
534,186
535,186
536,186
537,186
538,186
539,186
540,186
541,186
542,186
543,186
544,186
545,186
546,186
547,186
548,186
549,186
550,186
551,186
552,186
553,186
554,186
555,186
556,186
557,186
558,186
559,186
560,186
561,186
562,186
563,186
564,186
565,186
566,186
567,186
568,186
569,186
570,186
571,186
572,186
573,186
574,186
575,186
576,186
577,186
578,186
579,186
580,186
581,186
582,186
583,186
584,186
585,186
586,186
587,186
588,186
589,186
590,186
591,186
592,186
593,186
594,186
595,186
596,186
597,186
598,186
599,186
600,186
601,186
602,186
603,186
604,186
605,186
606,186
607,186
608,186
609,186
610,186
611,186
612,186
613,186
614,186
615,186
616,186
617,186
618,186
619,186
620,186
621,186
622,186
623,186
624,186
625,186
626,186
627,186
628,186
629,186
630,186
631,186
632,186
633,186
634,186
635,186
636,186
637,186
638,186
639,186
640,186
641,186
642,186
643,186
644,186
645,186
646,186
647,186
648,186
649,186
650,186
651,186
652,186
653,186
654,186
655,186
656,186
657,186
658,186
659,186
660,186
661,186
662,186
663,186
664,186
665,186
666,186
667,186
668,186
669,186
670,186
671,186
672,186
673,186
674,186
675,186
676,186
677,186
678,186
679,186
680,186
681,186
682,186
683,186
684,186
685,186
686,186
687,186
688,186
689,186
690,186
691,186
692,186
693,186
694,186
695,186
696,186
697,186
