1,427
2,422
3,423
4,423
5,423
6,423
7,423
8,423
9,423
10,423
11,423
12,423
13,423
14,423
15,423
16,423
17,423
18,423
19,423
20,423
21,423
22,423
23,423
24,423
25,423
26,423
27,423
28,423
29,423
30,423
31,423
32,423
33,423
34,423
35,423
36,423
37,423
38,423
39,423
40,423
41,423
42,423
43,423
44,423
45,423
46,423
47,423
48,423
49,423
50,423
51,423
52,423
53,423
54,423
55,423
56,423
57,423
58,423
59,423
60,423
61,423
62,423
63,423
64,423
65,423
66,423
67,423
68,423
69,423
70,423
71,423
72,423
73,423
74,423
75,423
76,423
77,423
78,423
79,423
80,423
81,423
82,423
83,423
84,423
85,423
86,423
87,423
88,423
89,423
90,423
91,423
92,423
93,423
94,423
95,423
96,423
97,423
98,423
99,423
100,423
101,423
102,423
103,423
104,423
105,423
106,423
107,423
108,423
109,423
110,423
111,423
112,423
113,423
114,423
115,423
116,423
117,423
118,423
119,423
120,423
121,423
122,423
123,423
124,423
125,423
126,423
127,423
128,423
129,423
130,423
131,423
132,423
133,423
134,423
135,423
136,423
137,423
138,423
139,423
140,423
141,423
142,423
143,423
144,423
145,423
146,423
147,423
148,423
149,423
150,423
151,423
152,423
153,423
154,423
155,423
156,423
157,423
158,423
159,423
160,423
161,423
162,423
163,423
164,423
165,423
166,423
167,423
168,423
169,423
170,423
171,423
172,423
173,423
174,423
175,423
176,423
177,423
178,423
179,423
180,423
