1,186
2,186
3,186
4,186
5,186
6,186
7,186
8,186
9,186
10,186
11,186
12,186
13,186
14,186
15,186
16,180
17,180
18,180
19,180
20,180
21,180
22,180
23,180
24,180
25,180
26,180
27,179
28,179
29,179
30,179
31,179
32,179
33,179
34,179
35,179
36,179
37,179
38,179
39,179
40,179
41,179
42,179
43,179
44,179
45,179
46,179
47,180
48,180
49,180
50,180
51,180
52,180
53,181
54,182
55,182
56,182
57,182
58,182
59,182
60,182
61,182
62,184
63,184
64,184
65,184
66,184
67,184
68,184
69,184
70,184
71,184
72,184
73,184
74,184
75,184
76,184
77,184
78,184
79,184
80,184
81,184
82,184
83,184
84,184
85,184
86,184
87,184
88,185
89,185
90,185
91,185
92,185
93,185
94,185
95,185
96,185
97,185
98,185
99,185
100,185
101,185
102,185
103,185
104,185
105,185
106,185
107,185
108,185
109,185
110,185
111,185
112,185
113,185
114,185
115,185
116,185
117,185
118,185
119,185
120,185
121,185
122,185
123,185
124,185
125,185
126,185
127,185
128,185
129,185
130,185
131,185
132,185
133,185
134,185
135,185
136,185
137,185
138,185
139,185
140,185
141,185
142,185
143,185
144,185
145,185
146,185
147,185
148,185
149,185
150,185
151,185
152,185
153,185
154,185
155,185
156,185
157,185
158,185
159,185
160,185
161,185
162,185
163,185
164,185
165,185
166,185
167,185
168,185
169,185
170,185
171,185
172,185
173,185
174,185
175,185
176,185
177,185
178,185
179,185
180,185
181,185
182,185
183,185
184,185
185,185
186,185
187,185
188,185
189,185
190,185
191,185
192,185
193,185
194,185
195,185
196,185
197,185
198,185
199,185
200,185
201,185
202,185
203,185
204,185
205,185
206,185
207,185
208,185
209,185
210,185
211,185
212,185
213,185
214,185
215,185
216,185
217,185
218,185
219,185
220,185
221,185
222,185
223,185
224,185
225,185
226,185
227,185
228,185
229,185
230,185
231,185
232,185
233,185
234,185
235,185
236,185
237,185
238,185
239,185
240,185
241,185
242,185
243,185
244,185
245,185
246,185
247,185
248,185
249,185
250,185
251,185
252,185
253,185
254,185
255,185
256,185
257,185
258,185
259,185
260,185
261,185
262,185
263,185
264,185
265,185
266,185
267,185
268,185
269,185
270,185
271,185
272,185
273,185
274,185
275,185
276,185
277,185
278,185
279,185
280,185
281,185
282,185
283,185
284,185
285,185
286,184
287,184
288,184
289,184
290,184
291,184
292,184
293,184
294,184
295,184
296,184
297,184
298,184
299,184
300,184
301,184
302,184
303,184
304,184
305,184
306,184
307,184
308,184
309,184
310,184
311,184
312,184
313,184
314,184
315,184
316,184
317,184
318,184
319,184
320,184
321,184
322,184
323,184
324,184
325,184
326,184
327,184
328,184
329,184
330,184
331,184
332,184
333,184
334,184
335,184
336,184
337,184
338,184
339,184
340,184
341,184
342,184
343,184
344,184
345,184
346,184
347,184
348,184
349,184
350,184
351,184
352,184
353,184
354,184
355,184
356,184
357,184
358,184
359,184
360,184
361,184
362,184
363,184
364,184
365,184
366,184
367,184
368,184
369,184
370,184
371,184
372,184
373,184
374,184
375,184
376,184
377,184
378,184
379,184
380,184
381,184
382,184
