1,160
2,177
3,177
4,177
5,177
6,177
7,177
8,177
9,177
10,177
11,177
12,177
13,177
14,177
15,177
16,177
17,177
18,177
19,177
20,177
21,177
22,177
23,177
24,177
25,177
26,177
27,177
28,177
29,177
30,177
31,177
32,177
33,177
34,178
35,178
36,178
37,179
38,179
39,179
40,179
41,179
42,179
43,179
44,179
45,179
46,180
47,180
48,180
49,180
50,180
51,180
52,180
53,180
54,180
55,180
56,181
57,181
58,181
59,180
60,181
61,181
62,181
63,180
64,180
65,180
66,180
67,180
68,180
69,180
70,180
71,180
72,180
73,180
74,180
75,180
76,180
77,180
78,180
79,180
80,180
81,180
82,180
83,180
84,180
85,180
86,180
87,180
88,180
89,180
90,180
91,180
92,180
93,180
94,180
95,180
96,180
97,180
98,180
99,180
100,180
101,180
102,180
103,181
104,181
105,182
106,182
107,183
108,183
109,183
110,183
111,183
112,183
113,182
114,182
115,182
116,182
117,182
118,182
119,182
120,182
121,182
122,182
123,182
124,182
125,182
126,182
127,182
128,182
129,182
130,182
131,182
132,182
133,182
134,182
135,182
136,182
137,182
138,182
139,182
140,182
141,182
142,182
143,182
144,182
145,182
146,182
147,182
148,182
149,182
150,182
151,182
152,182
153,182
154,182
155,182
156,182
157,182
158,182
159,182
160,182
161,182
162,182
163,182
164,182
165,182
166,182
167,182
168,182
169,182
170,182
171,182
172,182
173,182
174,182
175,182
176,182
177,182
178,182
179,182
180,182
181,182
182,182
183,182
184,182
185,182
186,182
187,182
188,182
189,182
190,182
191,182
192,182
193,182
194,182
195,182
196,182
197,182
198,182
199,182
200,182
201,182
202,182
203,182
204,182
205,182
206,182
207,182
208,182
209,182
210,182
211,182
212,182
213,182
214,182
215,182
216,182
217,182
218,182
219,182
220,182
221,182
222,182
223,182
224,182
225,182
226,182
227,182
228,182
229,182
230,182
231,182
232,182
233,182
234,182
235,182
236,182
237,182
238,182
239,182
240,182
241,182
242,182
243,182
244,182
245,182
246,182
247,182
248,182
249,182
250,182
251,182
252,182
253,182
254,182
255,182
256,182
257,182
258,182
259,182
260,182
261,182
262,182
263,182
264,182
265,182
266,182
267,182
268,182
269,182
270,182
271,182
272,182
273,182
274,182
275,182
276,182
277,182
278,182
279,182
280,182
281,182
282,182
283,182
284,182
285,182
286,182
287,182
288,182
289,182
290,182
291,182
292,182
293,182
294,182
295,182
296,182
297,182
298,182
299,182
300,182
301,182
302,182
303,182
304,182
305,182
306,182
307,182
308,182
309,182
310,182
311,182
312,182
313,182
314,182
315,182
316,182
317,182
318,182
319,182
320,182
321,182
322,182
323,182
324,182
325,182
326,182
327,182
328,182
329,182
330,182
331,182
332,182
333,182
334,182
335,182
336,182
337,182
338,182
339,182
340,182
341,182
342,182
343,182
344,182
345,182
346,182
347,182
348,182
349,182
350,182
351,182
352,182
353,182
354,182
355,182
356,182
357,182
358,182
359,182
360,182
361,182
362,182
363,182
364,182
365,182
366,182
367,182
368,182
369,182
370,182
371,182
372,182
373,182
374,182
375,182
376,182
377,182
378,182
379,182
380,182
381,182
382,182
