1,362
2,428
3,428
4,428
5,429
6,430
7,430
8,430
9,431
10,431
11,431
12,431
13,431
14,432
15,432
16,432
17,432
18,430
19,430
20,430
21,430
22,431
23,432
24,432
25,431
26,431
27,429
28,429
29,429
30,429
31,429
32,429
33,429
34,429
35,429
36,430
37,431
38,431
39,431
40,431
41,431
42,431
43,431
44,431
45,431
46,431
47,431
48,431
49,431
50,431
51,431
52,431
53,431
54,431
55,431
56,431
57,431
58,431
59,431
60,432
61,432
62,432
63,432
64,432
65,432
66,432
67,432
68,432
69,432
70,432
71,432
72,432
73,432
74,432
75,432
76,432
77,432
78,432
79,432
80,432
81,432
82,432
83,432
84,432
85,432
86,432
87,432
88,432
89,432
90,432
91,432
92,432
93,432
94,432
95,432
96,432
97,432
98,432
99,432
100,432
101,432
102,432
103,432
104,432
105,432
106,432
107,432
108,432
109,432
110,432
111,432
112,432
113,432
114,432
115,432
116,432
117,432
118,432
119,432
120,432
121,432
122,432
123,432
124,432
125,432
126,432
127,432
128,432
129,432
130,432
131,432
132,432
133,432
134,432
135,432
136,432
137,432
138,432
139,432
140,432
141,432
142,432
143,432
144,432
145,432
146,432
147,432
148,432
149,432
150,432
151,432
152,432
153,432
154,432
155,432
156,432
157,432
158,432
159,432
160,432
161,432
162,432
163,432
164,432
