1,450
2,430
3,427
4,427
5,426
6,426
7,426
8,426
9,426
10,426
11,426
12,426
13,426
14,426
15,426
16,426
17,426
18,426
19,426
20,426
21,426
22,426
23,426
24,426
25,426
26,426
27,426
28,426
29,426
30,426
31,426
32,426
33,426
34,427
35,427
36,427
37,427
38,427
39,427
40,427
41,427
42,427
43,427
44,427
45,427
46,427
47,427
48,427
49,427
50,427
51,427
52,427
53,427
54,427
55,427
56,427
57,427
58,427
59,427
60,427
61,427
62,427
63,427
64,427
65,427
66,427
67,427
68,427
69,427
70,427
71,427
72,427
73,427
74,427
75,427
76,427
77,427
78,427
79,427
80,427
81,427
82,427
83,427
84,427
85,427
86,427
87,427
88,427
89,427
90,427
91,427
92,427
93,427
94,427
95,427
96,427
97,427
98,427
99,427
100,427
101,427
102,426
103,426
104,426
105,426
106,426
107,426
108,426
109,426
110,426
111,426
112,427
113,427
114,427
115,427
116,427
117,427
118,427
119,427
120,427
121,427
122,427
123,427
124,427
125,427
126,427
127,427
128,427
129,427
130,427
131,427
132,427
133,427
134,427
135,427
136,427
137,427
138,427
139,427
140,427
141,427
142,427
143,427
144,427
145,427
146,427
147,427
148,427
149,427
150,427
151,427
