1,148
2,148
3,146
4,146
5,146
6,158
7,189
8,189
9,189
10,189
11,189
12,189
13,189
14,189
15,189
16,189
17,189
18,189
19,189
20,189
21,189
22,189
23,189
24,189
25,189
26,189
27,189
28,189
29,189
30,189
31,189
32,189
33,189
34,189
35,189
36,189
37,189
38,189
39,189
40,189
41,189
42,189
43,189
44,189
45,189
46,189
47,189
48,189
49,189
50,189
51,189
52,189
53,189
54,189
55,189
56,189
57,189
58,189
59,189
60,189
61,189
62,189
63,189
64,189
65,189
66,189
67,189
68,189
69,189
70,189
71,189
72,189
73,189
74,189
75,189
76,189
77,189
78,189
79,189
80,189
81,189
82,189
83,189
84,189
85,189
86,189
87,189
88,189
89,189
90,189
91,189
92,189
93,189
94,189
95,189
96,189
97,189
98,189
99,189
100,189
101,189
102,189
103,189
104,189
105,189
106,189
107,189
108,189
109,189
110,189
111,189
112,189
113,189
114,189
115,189
116,189
117,189
118,189
119,189
120,189
121,189
122,189
123,189
124,189
125,189
126,189
127,189
128,189
129,189
130,189
131,189
132,189
133,189
134,189
135,189
136,189
137,189
138,189
139,189
140,189
141,188
142,188
143,188
144,188
145,188
146,188
147,188
148,188
149,188
150,188
151,188
152,188
153,188
154,188
155,188
156,188
157,188
158,188
159,188
160,188
161,188
162,188
163,188
164,188
165,188
166,188
167,188
168,188
169,188
170,188
171,188
172,188
173,188
174,188
175,188
176,188
177,188
178,188
179,188
180,188
181,188
182,188
183,188
184,188
185,188
186,188
187,188
188,188
189,188
190,188
191,188
192,188
193,188
194,188
195,188
196,188
197,188
198,188
199,188
200,188
201,188
202,188
203,188
204,188
205,188
206,188
207,188
208,188
209,188
210,188
211,188
212,188
213,188
214,188
215,188
216,188
217,188
218,171
219,146
220,151
221,188
222,188
223,188
224,188
225,188
226,188
227,188
228,188
229,188
230,188
231,188
232,188
233,188
234,188
235,188
236,188
237,188
238,188
239,188
240,188
241,188
242,188
243,188
244,188
245,188
246,188
247,188
248,188
249,188
250,188
251,188
252,188
253,188
254,188
255,188
256,188
257,188
258,188
259,188
260,188
261,188
262,188
263,188
264,188
265,188
266,188
267,188
268,188
269,188
270,188
271,188
272,188
273,188
274,188
275,188
276,188
277,188
278,188
279,188
280,188
281,188
282,188
283,188
284,188
285,188
286,188
287,188
288,188
289,188
290,188
291,188
292,188
293,188
294,188
295,188
296,188
297,188
298,188
299,188
300,188
301,188
302,188
303,188
304,188
305,188
306,188
307,188
308,188
309,188
310,188
311,188
312,188
313,188
314,188
315,188
316,188
317,188
318,188
319,188
320,188
321,188
322,188
323,188
324,188
325,188
