1,179
2,155
3,175
4,175
5,175
6,175
7,175
8,175
9,175
10,175
11,175
12,175
13,175
14,175
15,175
16,175
17,175
18,175
19,175
20,175
21,175
22,175
23,175
24,175
25,175
26,175
27,175
28,175
29,175
30,175
31,175
32,175
33,175
34,175
35,175
36,175
37,175
38,175
39,175
40,175
41,175
42,175
43,175
44,175
45,175
46,175
47,175
48,175
49,175
50,175
51,175
52,175
53,175
54,175
55,175
56,175
57,175
58,175
59,175
60,175
61,175
62,175
63,175
64,175
65,175
66,175
67,175
68,175
69,175
70,175
71,175
72,175
73,175
74,175
75,175
76,175
77,175
78,175
79,175
80,175
81,175
82,175
83,175
84,175
85,175
86,175
87,175
88,175
89,175
90,175
91,175
92,175
93,175
94,175
95,175
96,175
97,175
98,175
99,175
100,175
101,175
102,175
103,175
104,175
105,175
106,175
107,175
108,175
109,175
110,175
111,175
112,175
113,175
114,175
115,175
116,175
117,175
118,175
119,175
120,175
121,175
122,175
123,175
124,175
125,175
126,175
127,175
128,175
129,175
130,175
131,175
132,175
133,175
134,175
135,175
136,175
137,175
138,175
139,175
140,175
141,175
142,175
143,175
144,175
145,175
146,175
147,175
148,175
149,175
150,175
151,175
152,175
153,175
154,175
155,175
156,175
157,175
158,175
159,175
160,175
161,175
162,175
163,175
164,175
165,175
166,175
167,175
168,175
169,175
170,175
171,175
172,175
173,175
174,175
175,175
176,175
177,175
178,175
179,175
180,175
181,175
182,175
183,175
184,175
185,175
186,175
187,175
188,175
189,175
190,175
191,175
192,175
193,175
194,175
195,175
196,175
197,175
198,175
199,175
200,175
201,175
202,175
203,175
204,175
205,175
206,175
207,175
208,175
209,175
210,175
211,175
212,175
213,175
214,175
215,175
216,175
217,175
218,175
219,175
220,175
221,175
222,175
223,175
224,175
225,175
226,175
227,175
228,175
229,175
230,175
231,175
232,175
233,175
234,175
235,175
236,175
237,175
238,175
239,175
240,175
241,175
242,175
243,175
244,175
245,175
246,175
247,175
248,175
249,175
250,175
251,175
252,175
253,175
254,175
255,175
256,175
257,175
258,175
259,175
260,175
261,175
262,175
263,175
264,175
265,175
266,175
267,175
268,175
269,175
270,175
271,175
272,175
273,175
274,175
275,175
276,175
277,175
278,175
279,175
280,175
281,175
282,175
283,175
284,175
285,175
286,175
287,175
288,175
289,175
290,175
291,175
292,175
293,175
294,175
295,175
296,175
297,175
298,175
299,175
300,175
301,175
302,175
303,175
304,175
305,175
306,175
307,175
308,175
309,175
310,175
311,175
312,175
313,175
314,175
315,175
316,175
317,175
318,175
319,175
320,175
321,175
322,175
323,175
324,175
325,175
326,175
327,175
328,175
329,175
330,175
331,175
332,175
333,175
334,175
335,175
336,175
337,175
338,175
339,175
340,175
341,175
342,175
343,175
344,175
345,175
346,175
347,175
348,175
349,175
350,175
351,175
352,175
353,175
354,175
355,175
356,175
357,175
358,175
359,175
360,175
361,175
362,175
363,175
364,175
365,175
366,175
367,175
368,175
369,175
370,175
371,175
372,175
373,175
374,175
375,175
376,175
377,175
378,175
379,175
380,175
381,175
382,175
383,175
384,175
385,175
386,175
387,175
388,175
389,175
390,175
391,175
392,175
393,175
394,175
395,175
396,175
397,175
398,175
399,175
400,175
401,175
402,175
403,175
404,175
405,175
406,175
407,175
408,175
409,175
410,175
411,175
412,175
413,175
414,175
415,175
416,175
417,175
418,175
419,175
420,175
421,175
422,175
423,175
424,175
425,175
426,175
427,175
428,175
429,175
430,175
431,175
432,175
433,175
434,175
435,175
436,175
437,175
438,175
439,175
440,175
441,175
442,175
443,175
444,175
445,175
446,175
447,175
448,175
449,175
450,175
451,175
452,175
453,175
454,175
455,175
456,175
457,175
458,175
459,175
460,175
461,175
462,175
463,175
464,175
465,175
466,175
467,175
468,175
469,175
470,175
471,175
472,175
473,175
474,175
475,175
476,175
477,175
478,175
479,175
480,175
481,175
482,175
483,175
484,175
485,175
486,175
487,175
488,175
489,175
490,175
491,175
492,175
493,175
494,175
495,175
496,175
497,175
498,175
499,175
500,175
501,175
502,175
503,175
504,175
505,175
506,175
507,175
508,175
509,175
510,175
511,175
512,175
513,175
514,175
515,175
516,175
517,175
518,175
519,175
520,175
521,175
522,175
523,175
524,175
525,175
526,175
527,175
528,175
529,175
530,175
531,175
532,175
533,175
534,175
535,175
536,175
537,175
538,175
539,175
540,175
541,175
542,175
543,175
544,175
545,175
546,175
547,175
548,175
549,175
550,175
551,175
552,175
553,175
554,175
555,175
556,175
557,175
558,175
559,175
560,175
561,175
562,175
563,175
564,175
565,175
566,175
567,175
568,175
569,175
570,175
571,175
572,175
573,175
574,175
575,175
576,175
577,175
578,175
579,175
580,175
581,175
582,175
583,175
584,175
585,175
586,175
587,175
588,175
589,175
590,175
591,175
592,175
593,175
594,175
595,175
596,175
597,175
598,175
599,175
600,175
601,175
602,175
603,175
604,175
605,175
606,175
607,175
608,175
609,175
610,175
611,175
612,175
613,175
614,175
615,175
616,175
617,175
618,175
619,175
620,175
621,175
622,175
623,175
624,175
625,175
626,175
627,175
628,175
629,175
630,175
631,175
632,175
633,175
634,175
635,175
636,175
637,175
638,175
639,175
640,175
641,175
642,175
643,175
644,175
645,175
646,175
647,175
648,175
649,175
650,175
651,175
652,175
653,175
654,175
655,175
656,175
657,175
658,175
659,175
660,175
661,175
662,175
663,175
664,175
665,175
666,175
667,175
668,175
669,175
670,175
671,175
672,175
673,175
674,175
675,175
676,175
677,175
678,175
679,175
680,175
681,175
682,175
683,175
684,175
685,175
686,175
687,175
688,175
689,175
690,175
691,175
692,175
