1,299
2,300
3,309
4,301
5,304
6,304
7,304
8,304
9,304
10,304
11,304
12,304
13,305
14,305
15,305
16,305
17,305
18,305
19,305
20,305
21,305
22,305
23,304
24,304
25,304
26,304
27,304
28,304
29,304
30,304
31,304
32,304
33,304
34,304
35,304
36,304
37,304
38,304
39,304
40,304
41,304
42,305
43,306
44,306
45,307
46,307
47,307
48,307
49,306
50,306
51,306
52,306
53,305
54,306
55,305
56,305
57,305
58,305
59,305
60,306
61,306
62,306
63,306
64,306
65,306
66,306
67,306
68,306
69,306
70,306
71,306
72,306
73,306
74,306
75,306
76,306
77,306
78,306
79,306
80,306
81,306
82,306
83,306
84,306
85,307
86,307
87,307
88,307
89,307
90,307
91,307
92,307
93,307
94,307
95,307
96,307
97,307
98,307
99,307
100,307
101,307
102,307
103,307
104,307
105,307
106,307
107,308
108,309
109,309
110,309
111,309
112,309
113,309
114,309
115,309
116,309
117,309
118,308
119,308
120,308
121,308
122,308
123,308
124,308
125,308
126,308
127,308
128,308
129,308
130,308
131,308
132,308
133,308
134,308
135,308
136,308
137,308
138,308
139,308
140,308
141,308
142,308
143,308
144,308
145,308
146,308
147,308
148,308
149,308
150,308
151,308
152,308
153,308
154,308
155,308
156,308
157,308
158,308
159,308
160,308
161,308
162,308
163,308
164,308
165,308
166,308
167,308
168,308
169,308
170,308
171,308
172,308
173,308
174,308
175,308
176,308
177,308
178,308
179,308
180,308
181,308
182,308
183,308
184,308
185,308
186,308
187,308
188,308
189,308
190,308
191,308
192,308
193,308
