1,430
2,417
3,404
4,404
5,404
6,404
7,403
8,403
9,403
10,403
11,403
12,403
13,403
14,403
15,403
16,403
17,403
18,403
19,403
20,403
21,403
22,403
23,403
24,403
25,403
26,403
27,403
28,403
29,403
30,403
31,403
32,403
33,403
34,403
35,403
36,403
37,403
38,403
39,403
40,403
41,403
42,404
43,404
44,404
45,404
46,404
47,404
48,404
49,404
50,404
51,404
52,404
53,404
54,404
55,403
56,404
57,404
58,404
59,404
60,404
61,404
62,404
63,404
64,404
65,404
66,404
67,404
68,404
69,405
70,405
71,405
72,405
73,405
74,405
75,405
76,405
77,405
78,405
79,405
80,405
81,405
82,405
83,405
84,405
85,405
86,405
87,405
88,407
89,408
90,408
91,408
92,407
93,407
94,406
95,406
96,406
97,406
98,407
99,407
100,408
101,408
102,408
103,408
104,408
105,408
106,408
107,407
108,407
109,407
110,407
111,408
112,408
113,407
114,408
115,408
116,409
117,409
118,409
119,409
120,409
121,408
122,407
123,407
124,406
125,406
126,406
127,406
128,406
129,406
130,406
131,406
132,406
133,406
134,406
135,406
136,406
137,406
138,406
139,406
