1,243
2,243
3,243
4,243
5,243
6,243
7,243
8,243
9,243
10,243
11,243
12,243
13,243
14,243
15,243
16,243
17,243
18,243
19,243
20,243
21,243
22,243
23,243
24,243
25,243
26,243
27,243
28,243
29,243
30,243
31,243
32,243
33,243
34,243
35,243
36,243
37,243
38,243
39,243
40,243
41,243
42,243
43,243
44,243
45,243
46,243
47,243
48,243
49,243
50,243
51,243
52,243
53,243
54,243
55,243
56,243
57,243
58,243
59,243
60,243
61,243
62,243
63,243
64,243
65,243
66,243
67,243
68,243
69,243
70,243
71,243
72,243
73,243
74,243
75,243
76,243
77,243
78,260
79,303
80,304
81,304
82,304
83,304
84,305
85,305
86,305
87,305
88,307
89,308
90,308
91,308
92,308
93,307
94,307
95,307
96,307
97,307
98,307
99,306
100,307
101,307
102,307
103,307
104,307
105,307
106,307
107,307
108,307
109,307
110,307
111,307
112,307
113,307
114,307
115,307
116,307
117,307
118,307
119,307
120,307
121,307
122,307
123,307
124,307
125,307
126,308
127,308
128,308
129,308
130,308
131,308
132,308
133,308
134,308
135,308
136,308
137,308
138,308
139,308
140,309
141,310
142,310
143,310
144,310
145,310
146,309
147,309
148,309
149,309
150,309
151,309
152,309
153,309
154,309
155,309
156,309
157,311
158,311
159,311
160,311
161,311
162,311
163,310
164,309
165,309
166,309
167,309
168,309
169,309
170,309
171,309
172,309
173,310
174,310
175,310
176,310
177,310
178,310
179,310
180,310
181,310
