1,288
2,295
3,295
4,296
5,296
6,296
7,296
8,296
9,296
10,296
11,296
12,296
13,296
14,296
15,296
16,296
17,296
18,295
19,295
20,295
21,295
22,295
23,295
24,295
25,295
26,295
27,295
28,295
29,295
30,295
31,295
32,295
33,295
34,295
35,295
36,295
37,295
38,295
39,295
40,295
41,295
42,295
43,295
44,295
45,295
46,295
47,295
48,295
49,295
50,295
51,295
52,295
53,296
54,297
55,297
56,297
57,297
58,298
59,298
60,298
61,299
62,299
63,299
64,299
65,299
66,299
67,299
68,299
69,299
70,299
71,300
72,300
73,300
74,300
75,300
76,300
77,300
78,300
79,300
80,300
81,300
82,300
83,300
84,300
85,300
86,300
87,300
88,300
89,300
90,300
91,300
92,300
93,300
94,300
95,300
96,300
97,300
98,300
99,300
100,300
101,300
102,300
103,300
104,300
105,300
106,300
107,300
108,300
109,300
110,300
111,300
112,300
113,300
114,300
115,300
116,300
117,300
118,300
119,300
120,300
121,300
122,300
123,300
124,300
125,300
126,300
127,300
128,300
129,300
130,300
131,300
132,300
133,300
134,300
135,301
136,301
137,302
138,302
139,303
140,303
141,303
142,303
143,303
144,303
145,303
146,303
147,303
148,303
149,303
150,303
151,303
152,303
153,303
154,303
155,303
156,303
157,303
158,303
159,302
160,302
161,301
162,301
163,301
164,300
165,300
166,300
167,300
168,300
169,300
170,300
171,300
172,300
173,300
174,300
175,300
176,300
177,300
178,300
179,300
180,300
181,300
182,300
