1,346
2,428
3,423
4,423
5,423
6,423
7,423
8,423
9,423
10,423
11,423
12,423
13,423
14,423
15,423
16,423
17,423
18,423
19,423
20,424
21,424
22,424
23,424
24,424
25,424
26,424
27,424
28,424
29,424
30,425
31,424
32,424
33,424
34,424
35,424
36,424
37,424
38,424
39,424
40,424
41,424
42,424
43,424
44,424
45,424
46,424
47,424
48,424
49,424
50,424
51,424
52,424
53,424
54,424
55,424
56,424
57,424
58,424
59,424
60,424
61,424
62,424
63,424
64,424
65,424
66,424
67,424
68,424
69,424
70,424
71,424
72,424
73,424
74,424
75,424
76,424
77,424
78,424
79,424
80,424
81,424
82,424
83,424
84,424
85,424
86,424
87,424
88,424
89,424
90,424
91,424
92,424
93,424
94,424
95,424
96,424
97,424
98,424
99,424
100,424
101,424
102,424
103,424
104,424
105,424
106,424
107,424
108,424
109,424
110,424
111,424
112,424
113,424
114,424
115,424
116,424
117,424
118,424
119,424
120,424
121,424
122,424
123,424
124,424
125,424
126,424
127,424
128,424
129,424
