1,187
2,187
3,187
4,181
5,174
6,174
7,174
8,175
9,175
10,175
11,174
12,174
13,174
14,174
15,174
16,175
17,175
18,175
19,175
20,177
21,177
22,177
23,177
24,177
25,177
26,177
27,177
28,177
29,178
30,178
31,178
32,178
33,178
34,178
35,178
36,179
37,180
38,180
39,180
40,180
41,180
42,180
43,180
44,180
45,180
46,180
47,180
48,180
49,180
50,180
51,180
52,180
53,179
54,179
55,179
56,179
57,179
58,179
59,179
60,179
61,179
62,179
63,179
64,179
65,179
66,179
67,179
68,179
69,179
70,179
71,179
72,179
73,179
74,179
75,179
76,179
77,179
78,179
79,179
80,179
81,179
82,179
83,179
84,179
85,179
86,179
87,179
88,179
89,179
90,179
91,179
92,179
93,179
94,179
95,179
96,179
97,179
98,179
99,179
100,179
101,179
102,179
103,179
104,179
105,179
106,179
107,179
108,179
109,179
110,179
111,179
112,179
113,179
114,179
115,179
116,179
117,179
118,179
119,179
120,179
121,179
122,179
123,179
124,179
125,179
126,179
127,179
128,179
129,179
130,179
131,179
132,179
133,179
134,179
135,179
136,179
137,179
138,179
139,179
140,179
141,179
142,179
143,179
144,179
145,179
146,179
147,179
148,179
149,179
150,179
151,179
152,179
153,179
154,179
155,179
156,179
157,179
158,179
159,179
160,179
161,179
162,179
163,179
164,179
165,179
166,179
167,179
168,179
169,179
170,179
171,179
172,179
173,179
174,179
175,179
176,179
177,179
178,179
179,179
180,179
181,179
182,179
183,179
184,179
185,179
186,179
187,179
188,179
189,179
190,179
191,179
192,179
193,179
194,179
195,179
196,179
197,179
198,179
199,179
200,179
201,179
202,179
203,179
204,179
205,179
206,179
207,179
208,179
209,179
210,179
211,179
212,179
213,179
214,179
215,179
216,179
217,179
218,179
219,179
220,179
221,179
222,179
223,179
224,179
225,179
226,179
227,179
228,179
229,179
230,179
231,179
232,179
233,179
234,179
235,179
236,179
237,179
238,179
239,179
240,179
241,179
242,179
243,179
244,179
245,179
246,179
247,179
248,179
249,179
250,179
251,179
252,179
253,179
254,179
255,179
256,179
257,179
258,179
259,179
260,179
261,179
262,179
263,179
264,179
265,179
266,179
267,179
268,179
269,179
270,179
271,179
272,179
273,179
274,179
275,179
276,179
277,179
278,179
279,179
280,179
281,179
282,179
283,179
284,179
285,179
286,179
287,179
288,179
289,179
290,179
291,179
292,179
293,179
294,179
295,179
296,179
297,179
298,179
299,179
300,179
301,179
302,179
303,179
304,179
305,179
