1,185
2,187
3,187
4,188
5,189
6,189
7,189
8,189
9,189
10,189
11,189
12,189
13,189
14,189
15,189
16,189
17,189
18,189
19,189
20,189
21,189
22,189
23,189
24,189
25,189
26,189
27,189
28,189
29,189
30,189
31,189
32,189
33,189
34,189
35,189
36,189
37,189
38,189
39,189
40,189
41,189
42,189
43,189
44,189
45,189
46,189
47,189
48,189
49,189
50,189
51,189
52,189
53,189
54,189
55,189
56,189
57,189
58,189
59,189
60,189
61,189
62,189
63,189
64,189
65,189
66,189
67,189
68,189
69,189
70,189
71,189
72,190
73,190
74,190
75,190
76,190
77,190
78,190
79,190
80,190
81,190
82,190
83,190
84,190
85,190
86,190
87,190
88,190
89,190
90,190
91,190
92,190
93,190
94,190
95,190
96,190
97,190
98,190
99,190
100,190
101,190
102,190
103,190
104,190
105,190
106,190
107,190
108,190
109,190
110,190
111,190
112,190
113,190
114,190
115,190
116,190
117,190
118,190
119,190
120,190
121,190
122,190
123,190
124,190
125,190
126,190
127,190
128,190
129,190
130,190
131,190
132,190
133,190
134,190
135,190
136,190
137,190
138,190
139,190
140,190
141,190
142,190
143,190
144,190
145,190
146,190
147,190
148,190
149,190
150,190
151,190
152,190
153,190
154,190
155,190
156,190
157,190
158,190
159,190
160,190
161,190
162,190
163,190
164,190
165,190
166,190
167,190
168,190
169,190
170,190
171,190
172,190
173,190
174,190
175,190
176,190
177,190
178,190
179,190
180,190
181,190
182,190
183,190
184,190
185,190
186,190
187,190
188,190
189,190
190,190
191,190
192,190
193,190
194,190
195,190
196,190
197,190
198,190
199,190
200,190
201,190
202,190
203,190
204,190
205,190
206,190
207,190
208,190
209,190
210,190
211,190
212,190
213,190
214,190
215,190
216,190
217,190
218,190
219,190
220,190
221,190
222,190
223,190
224,190
225,190
226,190
227,190
228,190
229,190
230,190
231,190
232,190
233,190
234,190
235,190
236,190
237,190
238,190
239,190
240,190
241,190
242,190
243,190
244,190
245,190
246,190
247,190
248,190
249,190
250,190
251,190
252,190
253,190
254,190
255,190
256,190
257,190
258,190
259,190
260,190
261,190
262,190
263,190
264,190
265,190
266,190
267,190
268,190
269,190
270,190
271,190
272,190
273,190
274,190
275,190
276,190
277,190
278,190
279,190
280,190
281,190
282,190
283,190
284,190
285,190
286,190
287,190
288,190
289,190
290,190
291,190
292,190
293,190
294,190
295,190
296,190
297,190
298,190
299,190
300,190
