1,292
2,289
3,289
4,289
5,289
6,289
7,289
8,289
9,289
10,289
11,289
12,289
13,289
14,289
15,289
16,289
17,289
18,289
19,288
20,288
21,288
22,288
23,288
24,288
25,288
26,288
27,288
28,288
29,288
30,288
31,289
32,289
33,289
34,289
35,289
36,289
37,289
38,289
39,289
40,289
41,289
42,289
43,289
44,289
45,289
46,289
47,289
48,289
49,289
50,289
51,289
52,289
53,289
54,289
55,289
56,289
57,289
58,289
59,289
60,289
61,288
62,288
63,288
64,288
65,288
66,288
67,288
68,288
69,288
70,288
71,288
72,288
73,288
74,288
75,288
76,288
77,288
78,288
79,288
80,288
81,288
82,288
83,288
84,288
85,288
86,288
87,288
88,288
89,288
90,288
91,288
92,288
93,288
94,288
95,288
96,288
97,288
98,288
99,288
100,288
101,288
102,288
103,288
104,288
105,288
106,288
107,288
108,288
109,288
110,288
111,288
112,288
113,288
114,288
115,288
116,288
117,288
118,288
119,288
120,288
121,288
122,288
123,288
124,288
125,288
126,288
127,288
128,288
129,288
130,288
131,288
132,288
133,288
134,288
135,288
136,288
137,288
138,288
139,288
140,288
141,288
142,288
143,288
144,288
145,288
146,288
147,288
148,288
149,288
150,288
151,288
152,288
153,288
154,288
155,288
156,288
157,288
158,288
159,288
160,288
161,288
162,288
163,288
164,288
165,288
166,288
167,288
168,288
169,288
170,288
171,288
172,288
173,288
174,288
175,288
176,288
177,288
178,288
179,288
180,288
181,288
182,288
