1,321
2,315
3,315
4,315
5,315
6,315
7,315
8,315
9,315
10,315
11,315
12,315
13,315
14,315
15,315
16,315
17,315
18,315
19,315
20,315
21,315
22,315
23,315
24,315
25,315
26,315
27,315
28,315
29,315
30,315
31,317
32,317
33,318
34,317
35,317
36,317
37,317
38,317
39,317
40,319
41,319
42,319
43,319
44,319
45,318
46,318
47,318
48,318
49,318
50,318
51,318
52,318
53,318
54,318
55,318
56,318
57,318
58,318
59,318
60,318
61,318
62,318
63,318
64,318
65,318
66,318
67,318
68,318
69,318
70,318
71,318
72,318
73,318
74,319
75,319
76,319
77,319
78,319
79,320
80,321
81,321
82,321
83,321
84,321
85,321
86,320
87,320
88,320
89,320
90,320
91,320
92,320
93,320
94,320
95,320
96,320
97,320
98,320
99,320
100,320
101,320
102,320
103,320
104,320
105,320
106,320
107,320
108,320
109,320
110,320
111,320
112,320
113,320
114,320
115,320
116,320
117,320
118,320
119,320
120,320
121,320
122,320
123,320
124,320
125,320
126,320
127,320
128,320
129,320
130,320
131,320
132,321
133,321
134,321
135,321
136,321
137,321
138,321
139,321
140,321
141,321
142,321
143,321
144,321
145,321
146,321
147,321
148,321
149,321
150,321
151,321
152,321
153,321
154,321
155,321
156,321
157,321
158,321
159,321
160,321
161,321
162,321
163,321
164,321
165,321
166,321
167,321
168,321
169,321
