1,389
2,395
3,395
4,395
5,395
6,395
7,395
8,395
9,395
10,395
11,395
12,395
13,395
14,395
15,395
16,395
17,395
18,395
19,395
20,395
21,395
22,395
23,395
24,395
25,395
26,395
27,395
28,395
29,395
30,395
31,395
32,395
33,395
34,395
35,395
36,395
37,395
38,395
39,395
40,395
41,395
42,395
43,395
44,395
45,395
46,395
47,395
48,395
49,395
50,395
51,395
52,395
53,395
54,395
55,395
56,395
57,395
58,395
59,395
60,395
61,395
62,395
63,395
64,395
65,395
66,395
67,395
68,395
69,395
70,395
71,395
72,395
73,395
74,395
75,395
76,395
77,395
78,395
79,395
80,395
81,395
82,395
83,395
84,395
85,395
86,395
87,395
88,395
89,395
90,395
91,395
92,395
93,395
94,395
95,395
96,395
97,395
98,395
99,395
100,395
101,395
102,395
103,395
104,395
105,395
106,395
107,395
108,395
109,395
110,395
111,395
112,395
113,395
114,395
115,395
116,395
117,395
118,395
119,395
120,395
