1,313
2,313
3,313
4,313
5,313
6,313
7,313
8,313
9,313
10,313
11,313
12,313
13,313
14,313
15,313
16,313
17,313
18,313
19,313
20,313
21,313
22,313
23,313
24,313
25,313
26,313
27,313
28,313
29,313
30,313
31,313
32,313
33,313
34,313
35,313
36,313
37,313
38,313
39,313
40,313
41,313
42,313
43,313
44,313
45,313
46,313
47,313
48,313
49,313
50,313
51,313
52,313
53,313
54,313
55,313
56,313
57,313
58,313
59,313
60,313
61,313
62,313
63,313
64,313
65,313
66,313
67,313
68,313
69,313
70,313
71,313
72,313
73,313
74,313
75,313
76,313
77,313
78,313
79,313
80,313
81,313
82,313
83,313
84,313
85,313
86,313
87,313
88,313
89,313
90,313
91,313
92,313
93,313
94,313
95,313
96,313
97,313
98,313
99,313
100,313
101,313
102,313
103,313
104,313
105,313
106,313
107,313
108,313
109,313
110,313
111,313
112,313
113,313
114,313
115,313
116,313
117,313
118,313
119,313
120,313
121,313
122,313
123,313
124,313
125,313
126,313
127,313
128,313
129,313
130,313
131,313
132,313
133,313
134,313
135,313
136,313
137,313
138,313
139,313
140,313
141,313
142,313
143,313
144,313
145,313
146,313
147,313
148,313
149,313
150,313
151,313
152,313
153,313
154,313
155,313
156,313
157,313
158,313
159,313
160,313
161,313
162,313
163,313
164,313
165,313
166,313
167,313
168,313
169,313
170,313
171,313
172,313
173,313
174,313
175,313
176,313
177,313
178,313
179,313
180,313
181,313
182,313
183,313
184,313
185,313
186,313
187,313
188,313
189,313
190,313
191,313
192,313
193,313
194,313
195,313
196,313
197,313
198,313
199,313
200,313
201,313
202,313
203,313
204,313
205,313
206,313
207,313
208,313
209,313
210,313
211,313
212,313
213,313
214,313
215,313
216,313
217,313
218,313
219,313
220,313
221,313
222,313
223,313
224,313
225,313
226,313
227,313
228,313
229,313
230,313
231,313
232,313
233,313
234,313
235,313
236,313
237,313
238,313
239,313
240,313
241,313
242,313
243,313
244,313
245,313
246,313
247,313
248,313
249,313
250,313
251,313
252,313
253,313
254,313
255,313
256,313
257,313
258,313
259,313
260,313
261,313
262,313
263,313
264,313
265,313
266,313
267,313
268,313
269,313
270,313
271,313
272,313
273,313
274,313
275,313
276,313
277,313
278,313
279,313
280,313
281,313
282,313
283,313
284,313
285,313
286,313
287,313
288,313
289,313
290,313
291,313
292,313
293,313
294,313
295,313
296,313
297,313
298,313
299,313
300,313
301,313
302,313
303,313
304,313
305,313
306,313
307,313
308,313
309,313
310,313
311,313
312,313
313,313
314,313
315,313
316,313
317,313
318,313
319,313
320,313
321,313
322,313
323,313
324,313
325,313
326,313
327,313
328,313
329,313
330,313
331,313
332,313
333,313
334,313
335,313
336,313
337,313
338,313
339,313
340,313
341,313
342,313
343,313
344,313
345,313
346,313
347,313
348,313
349,313
350,313
351,313
352,313
353,313
354,313
355,313
356,313
357,313
358,313
359,313
360,313
361,313
