1,288
2,274
3,284
4,285
5,285
6,285
7,285
8,285
9,285
10,285
11,285
12,285
13,285
14,285
15,285
16,285
17,285
18,285
19,285
20,285
21,285
22,285
23,285
24,285
25,285
26,285
27,285
28,285
29,285
30,285
31,285
32,285
33,285
34,285
35,285
36,285
37,285
38,285
39,285
40,285
41,285
42,285
43,285
44,285
45,285
46,285
47,285
48,285
49,285
50,285
51,285
52,285
53,285
54,285
55,285
56,285
57,285
58,285
59,285
60,286
61,286
62,286
63,286
64,286
65,286
66,286
67,286
68,286
69,286
70,286
71,286
72,286
73,286
74,286
75,286
76,286
77,286
78,286
79,286
80,286
81,286
82,286
83,286
84,286
85,286
86,286
87,286
88,286
89,286
90,286
91,286
92,286
93,286
94,286
95,286
96,286
97,286
98,286
99,286
100,286
101,286
102,286
103,286
104,286
105,286
106,286
107,286
108,286
109,286
110,286
111,286
112,286
113,286
114,286
115,286
116,286
117,286
118,286
119,286
120,286
121,286
122,286
123,286
124,286
125,286
126,286
127,286
128,286
129,285
130,285
131,285
132,285
133,285
134,285
135,285
136,285
137,285
138,285
139,285
140,285
141,285
142,285
143,285
144,285
145,285
146,285
147,285
148,285
149,285
150,285
151,285
152,285
153,285
154,285
155,285
156,285
157,285
158,285
159,285
160,285
161,284
162,284
163,284
164,284
165,284
166,284
167,284
168,284
169,284
170,284
171,284
172,284
173,284
174,284
175,284
176,284
177,284
178,284
179,284
180,284
181,284
182,284
183,284
184,284
185,284
186,284
187,284
188,284
189,284
190,284
191,284
192,284
193,284
194,284
195,284
196,284
197,284
198,284
199,284
200,284
201,284
202,284
203,284
204,284
205,284
206,284
207,284
208,284
209,284
210,284
211,284
212,284
213,284
214,284
215,284
216,284
217,284
218,284
219,284
220,284
221,284
222,284
223,284
224,284
225,284
226,284
227,284
228,284
229,284
230,284
231,284
232,284
233,284
234,284
235,284
236,284
237,284
238,284
239,284
240,284
241,284
242,284
243,284
244,284
245,284
246,284
247,284
248,284
249,284
250,284
251,284
252,284
253,284
254,284
255,284
256,284
257,284
258,284
259,284
260,284
261,284
262,284
263,284
264,284
265,284
266,284
267,284
268,284
269,284
270,284
271,284
272,284
273,284
274,284
275,284
276,284
277,284
278,284
279,284
280,284
281,284
282,284
283,284
284,284
285,284
286,284
287,284
288,284
289,284
290,284
291,284
292,284
293,284
294,284
295,284
296,284
297,284
298,284
299,284
300,284
301,284
302,284
303,284
304,284
305,284
306,284
307,284
308,284
309,284
310,284
311,284
312,284
313,284
314,284
315,284
316,284
317,284
318,284
319,284
320,284
321,284
322,284
323,284
324,284
325,284
326,284
327,284
328,284
329,284
330,284
331,284
332,284
333,284
334,284
335,284
336,284
337,284
338,284
339,284
340,284
341,284
342,284
343,284
344,284
345,284
346,284
347,284
348,284
349,284
350,284
351,284
352,284
353,284
354,284
355,284
356,284
357,284
