1,157
2,188
3,188
4,188
5,188
6,188
7,188
8,188
9,188
10,188
11,188
12,188
13,188
14,188
15,188
16,188
17,188
18,188
19,188
20,188
21,188
22,188
23,188
24,188
25,188
26,188
27,188
28,188
29,188
30,188
31,188
32,188
33,188
34,188
35,188
36,188
37,188
38,188
39,188
40,188
41,188
42,188
43,188
44,188
45,188
46,188
47,188
48,188
49,188
50,188
51,188
52,188
53,188
54,188
55,188
56,188
57,188
58,188
59,188
60,188
61,188
62,188
63,188
64,188
65,188
66,188
67,188
68,188
69,188
70,188
71,188
72,188
73,188
74,188
75,188
76,188
77,188
78,188
79,188
80,188
81,188
82,188
83,188
84,188
85,188
86,188
87,188
88,188
89,188
90,188
91,188
92,188
93,188
94,188
95,188
96,188
97,188
98,188
99,188
100,188
101,188
102,188
103,188
104,188
105,188
106,188
107,188
108,188
109,188
110,188
111,188
112,188
113,188
114,188
115,188
116,188
117,188
118,188
119,188
120,188
121,188
122,188
123,188
124,188
125,188
126,188
127,188
128,188
129,188
130,188
131,188
132,188
133,188
134,188
135,188
136,188
137,188
138,188
139,188
140,188
141,188
142,188
143,188
144,188
145,188
146,188
147,188
148,188
149,188
150,188
151,188
152,188
153,188
154,188
155,188
156,188
157,188
158,188
159,188
160,188
161,188
162,188
163,188
164,188
165,188
166,188
167,188
168,188
169,188
170,188
171,188
172,188
173,188
174,188
175,188
176,188
177,188
178,188
179,188
180,188
181,188
182,188
183,188
184,188
185,188
186,188
187,188
188,188
189,188
190,188
191,188
192,188
193,188
194,188
195,188
196,188
197,188
198,188
199,188
200,188
201,188
202,188
203,188
204,188
205,188
206,188
207,188
208,188
209,188
210,188
211,188
212,188
213,188
214,188
215,188
216,188
217,188
218,188
219,188
220,188
221,188
222,188
223,188
224,188
225,188
226,188
227,188
228,188
229,188
230,188
231,188
232,188
233,188
234,188
235,188
236,188
237,188
238,188
239,188
240,188
241,188
242,188
243,188
244,188
245,188
246,188
247,188
248,188
249,188
250,188
251,188
252,188
253,188
254,188
255,188
256,188
257,188
258,188
259,188
260,188
261,188
262,188
263,188
264,188
265,188
266,188
267,188
268,188
269,188
270,188
271,188
272,188
273,188
274,188
275,188
276,188
277,188
278,188
279,188
280,188
281,188
282,188
283,188
284,188
285,188
286,188
287,188
288,188
289,188
290,188
291,188
292,188
293,188
294,188
295,188
296,188
297,188
298,188
299,188
300,188
301,188
302,188
303,188
304,188
305,188
306,188
307,188
308,188
309,188
310,188
311,188
312,188
313,188
314,188
315,188
316,188
317,188
318,188
319,188
320,188
321,188
322,188
323,188
324,188
325,188
326,188
327,188
328,188
329,188
330,188
331,188
332,188
333,188
334,188
335,188
336,188
337,188
338,188
339,188
340,188
341,188
342,188
343,188
344,188
345,188
346,188
347,188
348,188
349,188
350,188
351,188
352,188
353,188
354,188
355,188
356,188
357,188
358,188
359,188
360,188
361,188
362,188
363,188
364,188
365,188
366,188
367,188
368,188
369,188
370,188
371,188
372,188
373,188
374,188
375,188
376,188
377,188
378,188
379,188
380,188
381,188
382,188
383,188
384,188
385,188
386,188
387,188
388,188
389,188
390,188
391,188
392,188
393,188
394,188
395,188
396,188
397,188
398,188
399,188
400,188
401,188
402,188
403,188
404,188
405,188
406,188
407,188
408,188
409,188
410,188
411,188
412,188
413,188
414,188
415,188
416,188
417,188
418,188
419,188
420,188
421,188
422,188
423,188
424,188
425,188
426,188
427,188
428,188
429,188
430,188
431,188
432,188
433,188
434,188
435,188
436,188
437,188
438,188
439,188
440,188
441,188
442,188
443,188
444,188
445,188
446,188
447,188
448,188
449,188
450,188
451,188
452,188
453,188
454,188
455,188
456,188
457,188
458,188
459,188
460,188
461,188
462,188
463,188
464,188
465,188
466,188
467,188
468,188
469,188
470,188
471,188
472,188
473,188
474,188
475,188
476,188
477,188
478,188
479,188
480,188
481,188
482,188
483,188
484,188
485,188
486,188
487,188
488,188
489,188
490,188
491,188
492,188
493,188
494,188
495,188
496,188
497,188
498,188
499,188
500,188
501,188
502,188
503,188
504,188
505,188
506,188
507,188
508,188
509,188
510,188
511,188
512,188
513,188
514,188
515,188
516,188
517,188
518,188
519,188
520,188
521,188
522,188
523,188
524,188
525,188
526,188
527,188
528,188
529,188
530,188
531,188
532,188
533,188
534,188
535,188
536,188
537,188
538,188
539,188
540,188
541,188
542,188
543,188
544,188
545,188
546,188
547,188
548,188
549,188
550,188
551,188
552,188
553,188
554,188
555,188
556,188
557,188
558,188
559,188
560,188
561,188
562,188
563,188
564,188
565,188
566,188
567,188
568,188
569,188
570,188
571,188
572,188
573,188
574,188
575,188
576,188
577,188
578,188
579,188
580,188
581,188
582,188
583,188
584,188
585,188
586,188
587,188
588,188
589,188
590,188
591,188
592,188
