1,149
2,149
3,149
4,149
5,149
6,147
7,145
8,144
9,170
10,186
11,186
12,186
13,186
14,186
15,186
16,186
17,186
18,186
19,186
20,186
21,186
22,186
23,186
24,186
25,186
26,186
27,186
28,186
29,186
30,186
31,186
32,186
33,186
34,186
35,186
36,186
37,186
38,186
39,186
40,186
41,186
42,186
43,186
44,186
45,186
46,186
47,186
48,186
49,186
50,186
51,186
52,186
53,186
54,186
55,186
56,186
57,186
58,186
59,186
60,186
61,186
62,186
63,186
64,186
65,186
66,186
67,186
68,186
69,186
70,186
71,186
72,186
73,186
74,186
75,186
76,186
77,186
78,186
79,186
80,186
81,186
82,186
83,186
84,186
85,186
86,186
87,186
88,186
89,186
90,186
91,186
92,186
93,186
94,186
95,186
96,186
97,186
98,186
99,186
100,186
101,186
102,186
103,186
104,186
105,186
106,186
107,186
108,186
109,186
110,186
111,186
112,186
113,186
114,186
115,186
116,186
117,186
118,186
119,186
120,186
121,186
122,186
123,186
124,186
125,186
126,186
127,186
128,186
129,186
130,186
131,186
132,186
133,186
134,186
135,186
136,186
137,186
138,186
139,186
140,186
141,186
142,186
143,186
144,186
145,186
146,186
147,186
148,186
149,186
150,186
151,186
152,186
153,186
154,186
155,186
156,186
157,186
158,186
159,186
160,186
161,186
162,186
163,186
164,186
165,186
166,186
167,186
168,186
169,186
170,186
171,186
172,186
173,186
174,186
175,186
176,186
177,186
178,186
179,186
180,186
181,186
182,186
183,186
184,186
185,186
186,186
187,186
188,186
189,186
190,186
191,186
192,186
193,186
194,186
195,186
196,186
197,186
198,186
199,186
200,186
201,186
202,186
203,186
204,186
205,186
206,186
207,186
208,186
209,186
210,186
211,186
212,186
213,186
214,186
215,186
216,186
217,186
218,186
219,186
220,186
221,186
222,186
223,186
224,186
225,186
226,186
227,186
228,186
229,186
230,186
231,186
232,186
233,186
234,186
235,186
236,186
237,186
238,186
239,186
240,186
241,186
242,186
243,186
244,186
245,186
246,186
247,186
248,186
249,186
250,186
251,186
252,186
253,186
254,186
255,187
256,187
257,188
258,188
259,189
260,189
261,189
262,189
263,190
264,190
265,190
266,190
267,190
268,190
269,190
270,190
271,190
272,190
273,190
274,190
275,190
276,190
277,190
278,190
279,190
280,190
281,190
282,190
283,190
284,190
285,190
286,190
287,190
288,190
289,190
290,190
291,190
292,190
293,190
294,190
295,190
296,190
297,190
298,190
299,190
300,190
301,190
302,190
303,190
304,190
305,190
306,190
307,190
308,190
309,190
310,190
311,190
312,190
313,190
314,190
315,190
316,190
317,190
318,190
319,191
320,191
321,191
322,191
323,191
324,191
325,191
326,191
327,191
328,191
329,191
330,191
331,191
332,191
333,191
334,191
335,191
336,191
337,191
338,191
339,191
340,191
341,191
342,191
343,191
344,191
345,191
346,191
347,191
348,191
349,191
350,191
351,191
352,191
353,191
354,191
355,191
356,191
357,191
358,191
359,191
360,191
361,191
362,191
363,191
364,191
365,191
366,191
367,191
368,191
369,191
370,191
371,191
372,191
373,191
374,191
375,191
376,191
377,191
378,191
379,191
380,191
381,191
382,191
383,191
384,191
385,191
386,191
387,191
388,191
389,191
390,191
391,191
392,191
393,191
394,191
395,191
396,191
397,191
398,191
399,191
400,191
401,191
402,191
403,191
404,191
405,191
406,191
407,191
408,191
409,191
410,191
411,191
412,191
413,191
414,191
415,191
416,191
417,191
418,191
419,191
420,191
421,191
422,191
423,191
424,191
425,191
426,191
427,191
428,191
429,191
430,191
431,191
432,191
433,191
434,191
435,191
436,191
437,191
438,191
439,191
440,191
441,191
442,191
443,191
444,191
445,191
446,191
447,191
448,191
449,191
450,191
451,191
452,191
453,191
454,191
455,191
456,191
457,191
458,191
459,191
460,191
461,191
462,191
463,191
464,191
465,191
466,191
467,191
468,191
469,191
470,191
471,191
472,191
473,191
474,191
475,191
476,191
477,191
478,191
479,191
480,191
481,191
482,191
483,191
484,191
485,191
486,191
487,191
488,191
489,191
490,191
491,191
492,191
493,191
494,191
495,191
496,191
497,191
498,191
499,191
500,191
501,191
502,191
503,191
504,191
505,191
506,191
507,191
508,191
509,191
510,191
511,191
512,191
513,191
514,191
515,191
516,191
517,191
518,191
