1,173
2,162
3,160
4,160
5,160
6,160
7,160
8,160
9,160
10,160
11,160
12,160
13,160
14,160
15,160
16,160
17,160
18,160
19,160
20,160
21,160
22,160
23,160
24,160
25,160
26,160
27,160
28,160
29,160
30,160
31,160
32,160
33,160
34,160
35,160
36,160
37,160
38,160
39,160
40,160
41,160
42,160
43,160
44,160
45,160
46,160
47,160
48,160
49,160
50,160
51,160
52,160
53,160
54,160
55,160
56,160
57,160
58,160
59,160
60,160
61,160
62,160
63,160
64,160
65,160
66,160
67,160
68,160
69,160
70,160
71,160
72,160
73,160
74,160
75,160
76,160
77,160
78,160
79,160
80,160
81,160
82,160
83,160
84,160
85,160
86,160
87,160
88,160
89,160
90,160
91,160
92,160
93,160
94,160
95,160
96,160
97,160
98,160
99,160
100,160
101,160
102,160
103,160
104,160
105,160
106,160
107,160
108,160
109,160
110,160
111,160
112,160
113,160
114,160
115,160
116,160
117,160
118,160
119,160
120,160
121,160
122,160
123,160
124,160
125,160
126,160
127,160
128,160
129,160
130,160
131,160
132,160
133,160
134,160
135,160
136,160
137,160
138,160
139,160
140,160
141,160
142,160
143,160
144,160
145,160
146,160
147,160
148,160
149,160
150,160
151,160
152,160
153,160
154,160
155,160
156,160
157,160
158,160
159,160
160,160
161,160
162,160
163,160
164,160
165,160
166,160
167,160
168,160
169,160
170,160
171,160
172,160
173,160
174,160
175,160
176,160
177,160
178,160
179,160
180,160
181,160
182,160
183,160
184,160
185,160
186,160
187,160
188,160
189,160
190,160
191,160
192,160
193,160
194,160
195,160
196,160
197,160
198,160
199,160
200,160
201,160
202,160
203,160
204,160
205,160
206,160
207,160
208,160
209,160
210,160
211,160
212,160
213,160
214,160
215,160
216,160
217,160
218,160
219,160
220,160
221,160
222,160
223,160
224,160
225,160
226,160
227,160
228,160
229,160
230,160
231,160
232,160
233,160
234,160
235,160
236,160
237,160
238,160
239,160
240,160
241,160
242,160
243,160
244,160
245,160
246,160
247,160
248,160
249,160
250,160
251,160
252,160
253,160
254,160
255,160
256,160
257,160
258,160
259,160
260,160
261,160
262,160
263,160
264,160
265,160
266,160
267,160
268,160
269,160
270,160
271,160
272,160
273,160
274,160
275,160
276,160
277,160
278,160
279,160
280,160
281,160
282,160
283,160
284,160
285,160
286,160
287,160
288,160
289,160
290,160
291,160
292,160
293,160
294,160
295,160
296,160
297,160
298,160
299,160
300,160
301,160
302,160
303,160
304,160
305,160
306,160
307,160
308,160
309,160
310,160
311,160
312,160
313,160
314,160
315,160
316,160
317,160
318,160
319,160
320,160
321,160
322,160
323,160
324,160
325,160
326,160
327,160
328,160
329,160
330,160
331,160
332,160
333,160
334,160
335,160
336,160
337,160
338,160
339,160
340,160
341,160
342,160
343,160
344,160
345,160
346,160
347,160
348,160
349,160
350,160
351,160
352,160
353,160
354,160
355,160
356,160
357,160
358,160
359,160
360,160
361,160
362,160
363,160
364,160
365,160
366,160
367,160
368,160
369,160
370,160
371,160
372,160
373,160
374,160
375,160
376,160
377,160
378,160
379,160
380,160
381,160
382,160
383,160
384,160
385,160
386,160
387,160
388,160
389,160
390,160
391,160
392,160
393,160
394,160
395,160
396,160
397,160
398,160
399,160
400,160
401,160
402,160
403,160
404,160
405,160
406,160
407,160
408,160
409,160
410,160
411,160
412,160
413,160
414,160
415,160
416,160
417,160
418,160
419,160
420,160
421,160
422,160
423,160
424,160
425,160
426,160
427,160
428,160
429,160
430,160
431,160
432,160
433,160
434,160
435,160
436,160
437,160
438,160
439,160
440,160
441,160
442,160
443,160
444,160
445,160
446,160
447,160
448,160
449,160
450,160
451,160
452,160
453,160
454,160
455,160
456,160
457,160
458,160
459,160
460,160
461,160
462,160
463,160
464,160
465,160
466,160
467,160
468,160
469,160
470,160
471,160
472,160
473,160
474,160
475,160
476,160
477,160
478,160
479,160
480,160
481,160
482,160
483,160
484,160
485,160
486,160
487,160
488,160
489,160
490,160
491,160
492,160
493,160
494,160
495,160
496,160
497,160
498,160
499,160
500,160
501,160
502,160
503,160
504,160
505,160
506,160
507,160
508,160
509,160
510,160
511,160
512,160
513,160
514,160
515,160
516,160
517,160
518,160
519,160
520,160
521,160
522,160
523,160
524,160
525,160
526,160
527,160
528,160
529,160
530,160
531,160
532,160
533,160
534,160
535,160
536,160
537,160
538,160
539,160
540,160
541,160
542,160
543,160
544,160
545,160
546,160
547,160
548,160
549,160
550,160
551,160
552,160
553,160
554,160
555,160
556,160
557,160
558,160
559,160
560,160
561,160
562,160
563,160
564,160
565,160
566,160
567,160
568,160
569,160
570,160
571,160
572,160
573,160
574,160
575,160
576,160
577,160
578,160
579,160
580,160
581,160
582,160
583,160
584,160
585,160
586,160
587,160
588,160
589,160
590,160
591,160
592,160
593,160
594,160
595,160
596,160
597,160
598,160
599,160
600,160
601,160
602,160
603,160
604,160
605,160
606,160
607,160
608,160
609,160
610,160
611,160
612,160
613,160
614,160
615,160
616,160
617,160
618,160
619,160
620,160
621,160
622,160
623,160
624,160
625,160
626,160
627,160
628,160
629,160
630,160
631,160
632,160
633,160
634,160
635,160
636,160
637,160
638,160
639,160
640,160
641,160
642,160
643,160
644,160
645,160
646,160
647,160
648,160
649,160
650,160
651,160
652,160
653,160
654,160
655,160
656,160
657,160
658,160
659,160
660,160
661,160
662,160
663,160
664,160
665,160
666,160
667,160
668,160
669,160
670,160
671,160
672,160
673,160
674,160
675,160
676,160
677,160
678,160
679,160
680,160
681,160
682,160
683,160
684,160
685,160
686,160
687,160
688,160
689,160
690,160
691,160
692,160
693,160
694,160
695,160
696,160
697,160
698,160
