1,336
2,336
3,336
4,336
5,417
6,428
7,428
8,428
9,428
10,428
11,428
12,428
13,428
14,428
15,428
16,428
17,428
18,427
19,427
20,427
21,427
22,427
23,427
24,427
25,427
26,427
27,427
28,427
29,427
30,427
31,427
32,427
33,427
34,427
35,427
36,427
37,427
38,427
39,427
40,427
41,427
42,427
43,427
44,427
45,427
46,427
47,427
48,427
49,427
50,427
51,427
52,427
53,427
54,427
55,427
56,427
57,427
58,427
59,427
60,427
61,428
62,428
63,428
64,428
65,428
66,428
67,428
68,428
69,428
70,428
71,428
72,429
73,429
74,429
75,429
76,429
77,429
78,429
79,429
80,429
81,429
82,429
83,429
84,429
85,429
86,429
87,429
88,429
89,429
90,429
91,429
92,429
93,429
94,429
95,429
96,429
97,429
98,429
99,429
100,429
101,429
102,429
103,429
104,429
105,429
106,429
107,429
108,429
109,429
110,429
111,429
112,429
113,429
114,429
115,429
116,429
117,429
118,429
119,429
120,429
121,429
122,429
123,429
124,429
125,429
126,429
127,429
128,429
129,429
130,429
131,429
132,429
133,429
134,429
135,429
136,429
137,429
138,429
139,429
140,429
141,429
142,429
143,429
144,429
145,429
146,429
147,429
148,429
149,429
150,429
151,429
152,429
153,429
154,429
155,429
156,429
157,429
158,429
159,429
160,429
161,429
162,429
163,429
164,429
165,429
166,429
167,429
168,429
169,429
170,429
171,429
172,429
173,429
174,429
175,429
176,429
177,429
178,429
179,429
180,429
181,429
182,429
183,429
184,429
185,429
186,429
187,429
188,429
189,429
190,429
191,429
192,429
193,429
194,429
195,429
196,429
197,429
198,429
199,429
200,429
201,429
202,429
203,429
204,429
205,429
206,429
207,429
208,429
209,429
210,429
211,429
212,429
213,429
214,429
215,429
216,429
217,429
218,429
219,429
220,429
221,429
222,429
223,429
224,429
