1,439
2,439
3,428
4,428
5,428
6,428
7,428
8,428
9,428
10,428
11,428
12,428
13,428
14,428
15,428
16,428
17,428
18,428
19,428
20,428
21,428
22,428
23,428
24,428
25,428
26,428
27,428
28,428
29,428
30,428
31,428
32,428
33,428
34,428
35,428
36,428
37,428
38,428
39,428
40,428
41,428
42,428
43,428
44,428
45,428
46,428
47,428
48,428
49,428
50,428
51,428
52,428
53,428
54,428
55,428
56,428
57,428
58,428
59,428
60,428
61,428
62,428
63,428
64,428
65,428
66,428
67,428
68,428
69,428
70,428
71,428
72,428
73,428
74,429
75,429
76,429
77,429
78,429
79,429
80,429
81,429
82,429
83,429
84,429
85,429
86,429
87,429
88,429
89,429
90,429
91,429
92,429
93,429
94,429
95,429
96,429
97,429
98,429
99,429
100,429
101,429
102,429
103,429
104,429
105,429
106,429
107,429
108,429
109,429
110,429
111,429
112,429
113,429
114,429
115,429
116,429
117,429
118,429
119,429
120,429
121,429
122,429
123,429
124,429
125,429
126,429
127,429
128,429
129,429
130,429
131,429
132,429
133,429
134,429
135,429
136,429
137,429
138,429
139,429
140,429
141,429
142,429
143,429
144,429
145,429
146,429
147,429
148,429
149,429
150,429
151,429
152,429
153,429
154,429
155,429
156,429
157,429
158,429
159,429
160,429
161,429
162,429
163,429
164,429
165,429
166,429
167,429
168,429
169,429
170,429
171,429
172,429
173,429
174,429
175,429
176,429
177,429
178,429
179,429
180,429
181,429
182,429
183,429
184,429
185,429
186,429
187,429
188,429
189,429
190,429
191,429
192,429
193,429
194,429
195,429
196,429
197,429
198,429
199,429
200,429
201,429
202,429
203,429
204,429
205,429
206,429
207,429
208,429
209,429
210,429
211,429
212,429
213,429
214,429
215,429
216,429
217,429
218,429
219,429
220,429
221,429
222,429
223,429
224,429
225,429
226,429
227,429
228,429
229,429
230,429
231,429
232,429
233,429
234,429
235,429
236,429
237,429
238,429
239,429
240,429
241,429
242,429
243,429
244,429
245,429
246,429
247,429
248,429
249,429
250,429
251,429
252,429
253,429
254,429
255,429
256,429
257,429
258,429
259,429
260,429
261,429
262,429
263,429
264,429
265,429
266,429
267,429
268,429
269,429
270,429
271,429
272,429
273,429
274,429
275,429
276,429
277,429
278,429
279,429
280,429
281,429
282,429
283,429
284,429
285,429
286,429
287,429
288,429
289,429
290,429
291,429
292,429
293,429
294,429
295,429
296,429
