1,328
2,407
3,455
4,454
5,454
6,454
7,454
8,454
9,454
10,454
11,454
12,454
13,454
14,454
15,454
16,454
17,454
18,454
19,454
20,454
21,454
22,454
23,454
24,454
25,454
26,454
27,454
28,454
29,454
30,454
31,454
32,454
33,454
34,454
35,454
36,454
37,454
38,454
39,454
40,454
41,454
42,454
43,454
44,454
45,454
46,454
47,454
48,454
49,454
50,454
51,454
52,454
53,454
54,454
55,454
56,454
57,454
58,454
59,454
60,454
61,454
62,454
63,454
64,454
65,454
66,454
67,454
68,454
69,454
70,454
71,454
72,454
73,454
74,454
75,454
76,454
77,454
78,454
79,454
80,454
81,454
82,454
83,454
84,454
85,454
86,454
87,454
88,454
89,454
90,454
91,454
92,454
93,454
94,454
95,454
96,454
97,454
98,454
99,454
100,454
101,454
102,454
103,454
104,454
105,454
106,454
107,454
108,454
109,454
110,454
111,454
112,454
113,454
114,454
115,454
116,454
117,454
118,454
119,454
120,454
121,454
122,454
123,454
124,454
125,454
126,454
127,454
128,454
129,454
130,454
131,454
132,454
133,454
134,454
135,454
136,454
137,454
138,454
139,455
140,455
141,455
142,455
143,455
144,455
145,455
146,455
147,455
148,455
149,455
150,455
151,455
152,455
153,455
154,455
155,455
156,455
157,455
158,455
159,455
160,455
161,455
162,455
163,455
164,455
165,455
166,455
167,455
168,455
169,455
170,455
171,455
172,455
173,455
174,455
175,455
176,455
177,455
178,455
179,455
180,455
181,455
182,455
183,455
184,455
185,455
186,455
187,455
188,455
189,455
190,455
191,455
192,455
193,455
194,455
195,455
196,455
197,455
198,455
