1,0.2980240126770333
2,0.250843384445317
3,0.2508437063696984
4,0.25084370638342884
5,0.25084370638342934
6,0.25084370638342934
7,0.25084370638342934
8,0.25084370638342934
9,0.25084370638342934
10,0.25084370638342934
11,0.25084370638342934
12,0.25084370638342934
13,0.25084370638342934
14,0.25084370638342934
15,0.25084370638342934
16,0.25084370638342934
17,0.25084370638342934
18,0.25084370638342934
19,0.25084370638342934
20,0.25084370638342934
21,0.25084370638342934
22,0.25084370638342934
23,0.25084370638342934
24,0.25084370638342934
25,0.25084370638342934
26,0.25084370638342934
27,0.25084370638342934
28,0.25084370638342934
29,0.25084370638342934
30,0.25084370638342934
31,0.25084370638342934
32,0.25084370638342934
33,0.25084370638342934
34,0.25084370638342934
35,0.25084370638342934
36,0.25084370638342934
37,0.25084370638342934
38,0.25084370638342934
39,0.25084370638342934
40,0.25084370638342934
41,0.25084370638342934
42,0.25084370638342934
43,0.25084370638342934
44,0.25084370638342934
45,0.25084370638342934
46,0.25084370638342934
47,0.25084370638342934
48,0.25084370638342934
49,0.25084370638342934
50,0.25084370638342934
51,0.25084370638342934
52,0.25084370638342934
53,0.25084370638342934
54,0.25084370638342934
55,0.25084370638342934
56,0.25084370638342934
57,0.25084370638342934
58,0.25084370638342934
59,0.25084370638342934
60,0.25084370638342934
61,0.25084370638342934
62,0.25084370638342934
63,0.25084370638342934
64,0.25084370638342934
65,0.25084370638342934
66,0.25084370638342934
67,0.25084370638342934
68,0.25084370638342934
69,0.25084370638342934
70,0.25084370638342934
71,0.25084370638342934
72,0.25084370638342934
73,0.25084370638342934
74,0.25084370638342934
75,0.25084370638342934
76,0.25084370638342934
77,0.25084370638342934
78,0.25084370638342934
79,0.25084370638342934
80,0.25084370638342934
81,0.25084370638342934
82,0.25084370638342934
83,0.25084370638342934
84,0.25084370638342934
85,0.25084370638342934
86,0.25084370638342934
87,0.25084370638342934
88,0.25084370638342934
89,0.25084370638342934
90,0.25084370638342934
91,0.25084370638342934
92,0.25084370638342934
93,0.25084370638342934
94,0.25084370638342934
95,0.25084370638342934
96,0.25084370638342934
97,0.25084370638342934
98,0.25084370638342934
99,0.25084370638342934
100,0.25084370638342934
101,0.25084370638342934
102,0.25084370638342934
103,0.25084370638342934
104,0.25084370638342934
105,0.25084370638342934
106,0.25084370638342934
107,0.25084370638342934
108,0.25084370638342934
109,0.25084370638342934
110,0.25084370638342934
111,0.25084370638342934
112,0.25084370638342934
113,0.25084370638342934
114,0.25084370638342934
115,0.25084370638342934
116,0.25084370638342934
117,0.25084370638342934
118,0.25084370638342934
119,0.25084370638342934
120,0.25084370638342934
121,0.25084370638342934
122,0.25084370638342934
123,0.25084370638342934
124,0.25084370638342934
125,0.25084370638342934
126,0.25084370638342934
127,0.25084370638342934
128,0.25084370638342934
129,0.25084370638342934
130,0.25084370638342934
131,0.25084370638342934
132,0.25084370638342934
133,0.25084370638342934
134,0.25084370638342934
135,0.25084370638342934
136,0.25084370638342934
137,0.25084370638342934
138,0.25084370638342934
139,0.25084370638342934
140,0.25084370638342934
141,0.25084370638342934
142,0.25084370638342934
143,0.25084370638342934
144,0.25084370638342934
145,0.25084370638342934
146,0.25084370638342934
147,0.25084370638342934
148,0.25084370638342934
149,0.25084370638342934
150,0.25084370638342934
151,0.25084370638342934
152,0.25084370638342934
153,0.25084370638342934
154,0.25084370638342934
155,0.25084370638342934
156,0.25084370638342934
157,0.25084370638342934
158,0.25084370638342934
159,0.25084370638342934
160,0.25084370638342934
161,0.25084370638342934
162,0.25084370638342934
163,0.25084370638342934
164,0.25084370638342934
165,0.25084370638342934
166,0.25084370638342934
167,0.25084370638342934
168,0.25084370638342934
169,0.25084370638342934
170,0.25084370638342934
171,0.25084370638342934
172,0.25084370638342934
173,0.25084370638342934
174,0.25084370638342934
175,0.25084370638342934
176,0.25084370638342934
177,0.25084370638342934
178,0.25084370638342934
179,0.25084370638342934
180,0.25084370638342934
181,0.25084370638342934
182,0.25084370638342934
183,0.25084370638342934
184,0.25084370638342934
185,0.25084370638342934
186,0.25084370638342934
187,0.25084370638342934
188,0.25084370638342934
189,0.25084370638342934
190,0.25084370638342934
191,0.25084370638342934
192,0.25084370638342934
193,0.25084370638342934
194,0.25084370638342934
195,0.25084370638342934
196,0.25084370638342934
197,0.25084370638342934
198,0.25084370638342934
199,0.25084370638342934
200,0.25084370638342934
201,0.25084370638342934
202,0.25084370638342934
203,0.25084370638342934
204,0.25084370638342934
205,0.25084370638342934
206,0.25084370638342934
207,0.25084370638342934
208,0.25084370638342934
209,0.25084370638342934
210,0.25084370638342934
211,0.25084370638342934
212,0.25084370638342934
213,0.25084370638342934
214,0.25084370638342934
215,0.25084370638342934
216,0.25084370638342934
217,0.25084370638342934
218,0.25084370638342934
219,0.25084370638342934
220,0.25084370638342934
221,0.25084370638342934
222,0.25084370638342934
223,0.25084370638342934
224,0.25084370638342934
225,0.25084370638342934
226,0.25084370638342934
227,0.25084370638342934
228,0.25084370638342934
229,0.25084370638342934
230,0.25084370638342934
231,0.25084370638342934
232,0.25084370638342934
233,0.25084370638342934
234,0.25084370638342934
235,0.25084370638342934
236,0.25084370638342934
237,0.25084370638342934
238,0.25084370638342934
239,0.25084370638342934
240,0.25084370638342934
241,0.25084370638342934
242,0.25084370638342934
243,0.25084370638342934
244,0.25084370638342934
245,0.25084370638342934
246,0.25084370638342934
247,0.25084370638342934
248,0.25084370638342934
249,0.25084370638342934
250,0.25084370638342934
251,0.25084370638342934
252,0.25084370638342934
253,0.25084370638342934
254,0.25084370638342934
255,0.25084370638342934
256,0.25084370638342934
257,0.25084370638342934
258,0.25084370638342934
259,0.25084370638342934
260,0.25084370638342934
261,0.25084370638342934
262,0.25084370638342934
263,0.25084370638342934
264,0.25084370638342934
265,0.25084370638342934
266,0.25084370638342934
267,0.25084370638342934
268,0.25084370638342934
269,0.25084370638342934
270,0.25084370638342934
271,0.25084370638342934
272,0.25084370638342934
273,0.25084370638342934
274,0.25084370638342934
275,0.25084370638342934
276,0.25084370638342934
277,0.25084370638342934
278,0.25084370638342934
279,0.25084370638342934
280,0.25084370638342934
281,0.25084370638342934
282,0.25084370638342934
283,0.25084370638342934
