1,0.3285632700292325
2,0.25448376407778667
3,0.25447581275174
4,0.254468045190975
5,0.25446036101496866
6,0.2544526798378306
7,0.2544449365421769
8,0.2544370777084429
9,0.254429058913961
10,0.2544208426900321
11,0.25441239697993495
12,0.25440369398123813
13,0.25439470928564845
14,0.2543854212517561
15,0.2543758105623889
16,0.2543658599303842
17,0.2543555539255042
18,0.25434487890167956
19,0.2543338230083843
20,0.2543223762730597
21,0.2543105307434381
22,0.2542982806795657
23,0.2542856227854528
24,0.25427255646972696
25,0.2542590841235886
26,0.2542452114029152
27,0.2542309474997248
28,0.2542163053866351
29,0.25420130201669294
30,0.25418595846033026
31,0.25417029996150425
32,0.2541543558966292
33,0.2541381596228719
34,0.2541217482068715
35,0.2541051620308749
36,0.25408844428031996
37,0.2540716403245678
38,0.2540547970100944
39,0.2540379618921692
40,0.2540211824361524
41,0.2540045052223022
42,0.25398797518809435
43,0.25397163493934066
44,0.2539555241562758
45,0.25393967911373216
46,0.25392413232647376
47,0.2539089123225436
48,0.25389404353993084
49,0.2538795463356636
50,0.25386543709192627
51,0.2538517284011658
52,0.2538384293112319
53,0.25382554561218196
54,0.2538130801480009
55,0.253801033138865
56,0.25378940250221727
57,0.25377818416366493
58,0.25376737235119073
59,0.253756959868409
60,0.253746938344413
61,0.25373729845919296
62,0.2537280301446934
63,0.2537191227623393
64,0.2537105652583639
65,0.2537023462985648
66,0.25369445438428123
67,0.2536868779514019
68,0.25367960545418905
69,0.25367262543561764
70,0.25366592658580506
71,0.2536594977899966
72,0.2536533281674168
73,0.25364740710218253
74,0.2536417242673518
75,0.2536362696430382
76,0.25363103352945693
77,0.25362600655562606
78,0.2536211796843913
79,0.2536165442143409
80,0.25361209177912214
81,0.25360781434459195
82,0.2536037042041898
83,0.25359975397286216
84,0.2535959565798288
85,0.253592305260435
86,0.25358879354730646
87,0.2535854152609896
88,0.253582164500227
89,0.253579035632006
90,0.25357602328148526
91,0.25357312232189877
92,0.25357032786450817
93,0.2535676352486685
94,0.2535650400320618
95,0.25356253798113587
96,0.2535601250617818
97,0.2535577974302788
98,0.25355555142452
99,0.2535533835555372
100,0.25355129049932695
101,0.2535492690889957
102,0.25354731630720495
103,0.25354542927894125
104,0.2535436052645831
105,0.2535418416532799
106,0.25354013595662095
107,0.25353848580260163
108,0.25353688892986576
109,0.2535353431822222
110,0.25353384650342753
111,0.25353239693221796
112,0.2535309925975895
113,0.2535296317143116
114,0.253528312578661
115,0.25352703356437667
116,0.2535257931188151
117,0.2535245897593025
118,0.2535234220696737
119,0.25352228869698856
120,0.25352118834841436
121,0.253520119788277
122,0.2535190818352532
123,0.25351807335971505
124,0.2535170932812146
125,0.2535161405660873
126,0.2535152142251918
127,0.2535143133117604
128,0.2535134369193602
129,0.25351258417996203
130,0.25351175426210915
131,0.2535109463691762
132,0.2535101597377238
133,0.2535093936359327
134,0.2535086473621194
135,0.25350792024332897
136,0.25350721163399803
137,0.25350652091468684
138,0.25350584749087446
139,0.25350519079181544
140,0.25350455026945456
141,0.2535039253973955
142,0.2535033156699206
143,0.25350272060106016
144,0.2535021397237085
145,0.25350157258878353
146,0.2535010187644253
147,0.25350047783523993
148,0.25349994940157206
149,0.25349943307882195
150,0.25349892849678723
151,0.25349843529904414
152,0.25349795314235196
153,0.2534974816960913
154,0.25349702064172525
155,0.2534965696722878
156,0.2534961284918986
157,0.2534956968152953
158,0.2534952743673939
159,0.2534948608828645
160,0.2534944561057318
161,0.25349405978898754
162,0.25349367169422926
163,0.25349329159130585
164,0.2534929192579891
165,0.253492554479653
166,0.2534921970489703
167,0.253491846765623
168,0.25349150343602533
169,0.2534911668730596
170,0.2534908368958209
171,0.2534905133293792
172,0.2534901960045448
173,0.25348988475765016
174,0.2534895794303358
175,0.25348927986935066
176,0.25348898592635777
177,0.2534886974577481
178,0.25348841432446517
179,0.2534881363918334
180,0.2534878635293983
181,0.25348759561076717
182,0.2534873325134647
183,0.25348707411878457
184,0.2534868203116574
185,0.2534865709805179
186,0.2534863260171763
187,0.2534860853167018
188,0.2534858487773047
189,0.2534856163002249
190,0.2534853877896257
191,0.2534851631524932
192,0.25348494229853397
193,0.25348472514008585
194,0.253484511592023
195,0.2534843015716717
196,0.2534840949987249
197,0.25348389179516173
198,0.2534836918851742
