1,0.47115164098266116
2,0.25655103342683494
3,0.2563191766147572
4,0.2560869371153815
5,0.25586704736930377
6,0.25565979569101843
7,0.25546541365653924
8,0.25528402316223653
9,0.25511559815113233
10,0.25495994657984583
11,0.254816712586902
12,0.25468539491529724
13,0.25456537580101113
14,0.25445595446688973
15,0.2543563804217563
16,0.2542658832957017
17,0.25418369744798147
18,0.2541090807892376
19,0.25404132807766616
20,0.2539797794100534
21,0.2539238248172694
22,0.2538729058825896
23,0.2538265152086385
24,0.25378419442159283
25,0.2537455312556424
26,0.25371015612653314
27,0.2536777384892624
28,0.2536479831838683
29,0.2536206269033137
30,0.25359543486568303
31,0.2535721977357747
32,0.2535507288154067
33,0.2535308615045027
34,0.2535124470240082
35,0.2534953523850835
36,0.25347945858550724
37,0.2534646590127755
38,0.2534508580333037
39,0.2534379697478926
40,0.2534259168948854
41,0.2534146298839441
42,0.25340404594498583
43,0.25339410837841003
44,0.2533847658942756
45,0.253375972029516
46,0.2533676846335668
47,0.2533598654139633
48,0.2533524795345097
49,0.2533454952595412
50,0.25333888363863205
51,0.25333261822681047
52,0.2533266748359639
53,0.2533210313136843
54,0.2533156673462635
55,0.2533105642829724
56,0.2533057049791165
57,0.2533010736556791
58,0.25329665577363136
59,0.25329243792122896
60,0.253288407712826
61,0.2532845536979019
62,0.25328086527918203
63,0.25327733263882984
64,0.2532739466718539
65,0.25327069892592935
66,0.2532675815469683
67,0.25326458722981754
68,0.25326170917355734
69,0.2532589410409206
70,0.2532562769214121
71,0.25325371129775226
72,0.25325123901531454
73,0.25324885525425705
74,0.2532465555040856
75,0.2532443355404119
76,0.2532421914036929
77,0.25324011937977114
78,0.25323811598203516
79,0.2532361779350577
80,0.2532343021595726
81,0.25323248575866775
82,0.2532307260050828
83,0.25322902032951816
84,0.2532273663098566
85,0.25322576166122895
86,0.2532242042268398
87,0.25322269196949226
88,0.2532212229637571
89,0.25321979538872036
90,0.2532184075212733
91,0.25321705772989167
92,0.2532157444688661
93,0.2532144662729501
94,0.2532132217523867
95,0.2532120095882899
96,0.253210828528344
97,0.253209677382806
98,0.2532085550207815
99,0.25320746036675296
100,0.2532063923973425
101,0.2532053501382938
102,0.2532043326616499
103,0.2532033390831223
104,0.25320236855962547
105,0.25320142028697606
106,0.2532004934977357
107,0.25319958745919485
108,0.253198701471479
109,0.253197834865778
110,0.25319698700268284
111,0.2531961572706239
112,0.25319534508440766
113,0.2531945498838391
114,0.2531937711324282
115,0.25319300831617325
116,0.25319226094241576
117,0.2531915285387654
118,0.25319081065208127
119,0.25319010684751914
120,0.25318941670762896
121,0.25318873983150547
122,0.2531880758339854
123,0.253187424344892
124,0.25318678500831915
125,0.2531861574819568
126,0.2531855414364524
127,0.25318493655480756
128,0.2531843425318078
129,0.25318375907348184
130,0.25318318589659
131,0.2531826227281411
132,0.25318206930493203
133,0.2531815253731148
134,0.25318099068778255
135,0.25318046501257857
136,0.25317994811932687
137,0.25317943978767754
138,0.25317893980477435
139,0.25317844796493505
140,0.25317796406935106
141,0.2531774879257993
142,0.2531770193483702
143,0.25317655815720613
144,0.2531761041782575
145,0.2531756572430436
146,0.2531752171884317
147,0.2531747838564223
148,0.25317435709394676
149,0.25317393675267164
150,0.2531735226888158
151,0.25317311476297316
152,0.25317271283994564
153,0.2531723167885807
154,0.25317192648161924
155,0.2531715417955507
156,0.2531711626104701
157,0.2531707888099473
158,0.25317042028089753
159,0.2531700569134608
160,0.25316969860088323
161,0.2531693452394079
162,0.2531689967281645
163,0.25316865296907093
164,0.25316831386673166
165,0.2531679793283468
166,0.25316764926361995
167,0.25316732358467386
168,0.2531670022059658
169,0.2531666850442103
170,0.2531663720183021
171,0.25316606304924366
172,0.25316575806007424
173,0.2531654569758046
174,0.2531651597233504
175,0.25316486623147233
176,0.25316457643071466
177,0.2531642902533498
178,0.25316400763332164
179,0.25316372850619456
180,0.25316345280910113
181,0.2531631804806943
182,0.2531629114610996
183,0.2531626456918706
184,0.25316238311594413
185,0.25316212367759994
186,0.2531618673224192
187,0.2531616139972467
188,0.25316136365015157
189,0.2531611162303926
190,0.2531608716883837
191,0.25316062997565825
192,0.2531603910448395
193,0.25316015484960724
194,0.2531599213446691
195,0.2531596904857289
196,0.25315946222946256
197,0.2531592365334874
198,0.25315901335633834
199,0.25315879265744073
200,0.2531585743970876
201,0.25315835853641483
202,0.253158145037379
203,0.25315793386273483
204,0.2531577249760145
205,0.25315751834150624
206,0.2531573139242353
207,0.2531571116899437
208,0.2531569116050719
209,0.253156713636741
210,0.2531565177527344
211,0.25315632392148235
212,0.2531561321120444
213,0.25315594229409216
214,0.25315575443789773
215,0.2531555685143147
216,0.253155384494766
217,0.2531552023512292
218,0.2531550220562231
219,0.25315484358279394
220,0.2531546669045032
221,0.2531544919954157
222,0.2531543188300856
223,0.2531541473835464
224,0.2531539776312997
225,0.2531538095493031
226,0.2531536431139596
227,0.2531534783021083
228,0.2531533150910136
229,0.25315315345835443
230,0.2531529933822164
231,0.2531528348410824
232,0.25315267781382134
233,0.25315252227968255
234,0.25315236821828513
235,0.25315221560960965
236,0.25315206443399224
237,0.25315191467211423
238,0.2531517663049955
239,0.25315161931398766
240,0.25315147368076624
241,0.2531513293873232
242,0.2531511864159607
243,0.2531510447492849
244,0.25315090437019877
245,0.2531507652618961
246,0.25315062740785454
247,0.2531504907918305
248,0.25315035539785324
249,0.25315022121021896
250,0.25315008821348617
251,0.2531499563924678
252,0.25314982573222844
253,0.2531496962180784
254,0.25314956783556863
255,0.2531494405704859
256,0.2531493144088475
257,0.25314918933689756
258,0.25314906534110154
259,0.2531489424081428
260,0.25314882052491805
261,0.25314869967853165
262,0.25314857985629435
263,0.2531484610457159
264,0.2531483432345042
265,0.25314822641055995
266,0.25314811056197295
267,0.2531479956770179
268,0.2531478817441529
269,0.2531477687520137
270,0.25314765668941136
271,0.2531475455453295
272,0.2531474353089197
273,0.2531473259694984
274,0.2531472175165454
275,0.2531471099397002
276,0.2531470032287569
277,0.2531468973736648
278,0.25314679236452264
279,0.2531466881915778
280,0.2531465848452221
281,0.2531464823159909
282,0.2531463805945583
283,0.2531462796717363
284,0.2531461795384721
285,0.2531460801858447
286,0.2531459816050638
287,0.2531458837874668
288,0.2531457867245159
289,0.25314569040779783
290,0.25314559482901866
291,0.2531454999800057
292,0.2531454058527009
293,0.2531453124391628
294,0.2531452197315616
295,0.2531451277221789
296,0.2531450364034054
297,0.2531449457677389
298,0.25314485580778145
299,0.25314476651624024
300,0.2531446778859227
301,0.2531445899097371
302,0.2531445025806889
303,0.25314441589188164
304,0.25314432983651286
305,0.25314424440787325
306,0.25314415959934633
307,0.25314407540440487
308,0.2531439918166111
309,0.2531439088296141
310,0.2531438264371489
311,0.25314374463303546
312,0.253143663411176
313,0.25314358276555526
314,0.2531435026902375
315,0.25314342317936706
316,0.253143344227165
317,0.2531432658279293
318,0.25314318797603363
319,0.25314311066592515
320,0.25314303389212434
321,0.25314295764922323
322,0.2531428819318844
323,0.25314280673483947
324,0.25314273205288923
325,0.25314265788090123
326,0.25314258421380975
327,0.25314251104661295
328,0.2531424383743751
329,0.2531423661922217
330,0.25314229449534176
331,0.25314222327898495
332,0.2531421525384611
333,0.2531420822691395
334,0.2531420124664479
335,0.25314194312587185
336,0.2531418742429526
337,0.25314180581328866
338,0.2531417378325317
339,0.25314167029638884
340,0.25314160320061985
341,0.25314153654103694
342,0.2531414703135047
343,0.2531414045139372
344,0.25314133913830045
345,0.25314127418260773
346,0.2531412096429232
347,0.2531411455153575
348,0.25314108179606853
349,0.25314101848126147
350,0.25314095556718674
351,0.2531408930501396
352,0.25314083092646117
353,0.2531407691925345
354,0.2531407078447874
355,0.25314064687968973
356,0.2531405862937531
357,0.2531405260835306
358,0.2531404662456159
359,0.25314040677664335
360,0.25314034767328686
361,0.2531402889322581
362,0.2531402305503089
363,0.25314017252422794
364,0.25314011485084165
365,0.2531400575270136
366,0.2531400005496427
367,0.25313994391566474
368,0.2531398876220496
369,0.25313983166580356
370,0.253139776043966
371,0.2531397207536108
372,0.2531396657918445
373,0.2531396111558075
374,0.25313955684267136
375,0.2531395028496407
376,0.253139449173952
377,0.25313939581287076
378,0.25313934276369626
379,0.253139290023755
380,0.2531392375904061
381,0.25313918546103586
382,0.25313913363306084
383,0.25313908210392616
384,0.25313903087110484
385,0.25313897993209783
386,0.2531389292844338
387,0.25313887892566855
388,0.25313882885338457
389,0.2531387790651908
390,0.2531387295587221
391,0.2531386803316394
392,0.2531386313816284
393,0.25313858270640066
394,0.2531385343036913
395,0.2531384861712613
396,0.2531384383068945
397,0.25313839070839866
398,0.2531383433736055
399,0.25313829630036955
400,0.25313824948656816
401,0.2531382029301006
402,0.25313815662889
403,0.2531381105808797
404,0.25313806478403583
405,0.25313801923634527
406,0.2531379739358163
407,0.25313792888047765
408,0.2531378840683793
409,0.2531378394975909
410,0.25313779516620266
411,0.253137751072324
412,0.25313770721408474
413,0.2531376635896327
414,0.2531376201971359
415,0.2531375770347814
416,0.25313753410077305
417,0.25313749139333463
418,0.25313744891070766
419,0.2531374066511513
420,0.25313736461294295
421,0.2531373227943766
422,0.25313728119376405
423,0.2531372398094343
424,0.2531371986397323
425,0.2531371576830199
426,0.2531371169376761
427,0.25313707640209554
428,0.25313703607468835
429,0.25313699595388134
430,0.2531369560381162
431,0.2531369163258503
432,0.2531368768155565
433,0.25313683750572236
434,0.25313679839485026
435,0.2531367594814577
436,0.25313672076407623
437,0.25313668224125185
438,0.2531366439115445
439,0.25313660577352887
440,0.25313656782579264
441,0.2531365300669376
442,0.2531364924955787
443,0.2531364551103438
444,0.25313641790987557
445,0.25313638089282803
446,0.25313634405786917
447,0.25313630740367876
448,0.2531362709289495
449,0.2531362346323871
450,0.2531361985127084
451,0.25313616256864363
452,0.2531361267989336
453,0.25313609120233277
454,0.25313605577760495
455,0.2531360205235282
456,0.2531359854388898
457,0.25313595052248966
458,0.2531359157731381
459,0.25313588118965713
460,0.2531358467708789
461,0.2531358125156474
462,0.2531357784228163
463,0.2531357444912508
464,0.253135710719825
465,0.2531356771074253
