1,0.42892354060575344
2,0.42759307733343155
3,0.4258373310212643
4,0.4234215487042308
5,0.41990708388951653
6,0.4143829770762692
7,0.40467290238371145
8,0.38463769124400826
9,0.3377591989675908
10,0.27179913527272664
11,0.24986295588149932
12,0.24807466937915718
13,0.24794639985386482
14,0.24793055128356556
15,0.24792781228069713
16,0.24792723200410635
17,0.24792704253454803
18,0.24792692511037143
19,0.247926820933997
20,0.24792671911284342
21,0.24792661762723586
22,0.2479265161024914
23,0.24792641446895491
24,0.24792631271353258
25,0.24792621083361913
26,0.24792610882855398
27,0.24792600669803586
28,0.2479259044418316
29,0.24792580205971784
30,0.24792569955147456
31,0.2479255969168806
32,0.24792549415571588
33,0.24792539126775828
34,0.24792528825278584
35,0.24792518511057646
36,0.2479250818409072
37,0.2479249784435541
38,0.2479248749182937
39,0.24792477126490142
40,0.24792466748315245
41,0.24792456357282075
42,0.2479244595336813
43,0.24792435536550694
44,0.2479242510680712
45,0.24792414664114618
46,0.24792404208450475
47,0.24792393739791752
48,0.24792383258115594
49,0.24792372763399034
50,0.24792362255619088
51,0.24792351734752718
52,0.24792341200776805
53,0.24792330653668163
54,0.24792320093403628
55,0.24792309519959974
56,0.2479229893331383
57,0.24792288333441845
58,0.2479227772032064
59,0.2479226709392671
60,0.2479225645423655
61,0.24792245801226556
62,0.24792235134873164
63,0.24792224455152712
64,0.2479221376204135
65,0.2479220305551541
66,0.2479219233555097
67,0.24792181602124208
68,0.24792170855211174
69,0.24792160094787802
70,0.24792149320830095
71,0.2479213853331392
72,0.24792127732215166
73,0.24792116917509563
74,0.24792106089172866
75,0.24792095247180732
76,0.24792084391508803
77,0.2479207352213261
78,0.24792062639027684
79,0.24792051742169519
80,0.24792040831533435
81,0.24792029907094845
82,0.24792018968828985
83,0.24792008016711145
84,0.2479199705071641
85,0.24791986070819966
86,0.24791975076996878
87,0.24791964069222175
88,0.24791953047470683
89,0.24791942011717463
90,0.24791930961937234
91,0.24791919898104803
92,0.24791908820194947
93,0.24791897728182255
94,0.24791886622041343
95,0.24791875501746832
96,0.24791864367273092
97,0.24791853218594653
98,0.24791842055685842
99,0.24791830878521037
100,0.24791819687074443
101,0.24791808481320227
102,0.24791797261232598
103,0.2479178602678562
104,0.24791774777953296
105,0.24791763514709594
106,0.24791752237028447
107,0.24791740944883664
108,0.24791729638249024
109,0.24791718317098288
110,0.2479170698140504
111,0.24791695631143001
112,0.24791684266285638
113,0.24791672886806462
114,0.2479166149267884
115,0.24791650083876268
116,0.24791638660371862
117,0.2479162722213901
118,0.24791615769150785
119,0.24791604301380377
120,0.2479159281880081
121,0.24791581321385092
122,0.24791569809106118
123,0.24791558281936787
124,0.24791546739849896
125,0.24791535182818147
126,0.24791523610814328
127,0.24791512023810908
128,0.247915004217806
129,0.24791488804695735
130,0.24791477172528864
131,0.24791465525252276
132,0.24791453862838306
133,0.24791442185259235
134,0.24791430492487138
135,0.24791418784494165
136,0.24791407061252344
137,0.24791395322733692
138,0.24791383568910047
139,0.24791371799753373
140,0.24791360015235325
141,0.2479134821532775
142,0.2479133640000217
143,0.24791324569230294
144,0.24791312722983547
145,0.24791300861233392
146,0.24791288983951273
147,0.24791277091108455
148,0.2479126518267626
149,0.247912532586258
150,0.2479124131892824
151,0.24791229363554612
152,0.24791217392475912
153,0.24791205405663108
154,0.24791193403086975
155,0.2479118138471833
156,0.24791169350527875
157,0.24791157300486233
158,0.24791145234564022
159,0.24791133152731787
160,0.2479112105495991
161,0.24791108941218762
162,0.24791096811478683
163,0.24791084665709875
164,0.24791072503882486
165,0.24791060325966643
166,0.2479104813193234
167,0.24791035921749574
168,0.24791023695388192
169,0.2479101145281805
170,0.24790999194008834
171,0.24790986918930238
172,0.24790974627551843
173,0.24790962319843232
174,0.24790949995773817
175,0.24790937655312978
176,0.24790925298429994
177,0.2479091292509421
178,0.24790900535274704
179,0.24790888128940636
180,0.24790875706060997
181,0.24790863266604712
182,0.24790850810540638
183,0.24790838337837737
184,0.24790825848464554
185,0.24790813342389778
186,0.24790800819582107
187,0.2479078828000994
188,0.2479077572364169
189,0.24790763150445821
190,0.2479075056039057
191,0.247907379534441
192,0.24790725329574614
193,0.24790712688750102
194,0.2479070003093863
195,0.24790687356108065
196,0.24790674664226153
197,0.24790661955260845
198,0.24790649229179607
199,0.24790636485950177
200,0.24790623725540015
201,0.2479061094791663
202,0.24790598153047336
203,0.24790585340899451
204,0.2479057251144018
205,0.24790559664636644
206,0.24790546800455976
207,0.2479053391886508
208,0.24790521019830877
209,0.2479050810332019
210,0.24790495169299753
211,0.24790482217736273
212,0.24790469248596286
213,0.24790456261846336
214,0.24790443257452816
215,0.24790430235382108
216,0.24790417195600423
217,0.24790404138074007
218,0.24790391062768913
219,0.2479037796965121
220,0.24790364858686814
221,0.247903517298416
222,0.24790338583081267
223,0.24790325418371614
224,0.24790312235678202
225,0.2479029903496659
226,0.24790285816202234
227,0.24790272579350467
228,0.24790259324376543
229,0.24790246051245746
230,0.24790232759923128
231,0.24790219450373738
232,0.2479020612256255
233,0.247901927764544
234,0.2479017941201408
235,0.24790166029206245
236,0.2479015262799554
237,0.2479013920834646
238,0.24790125770223492
239,0.24790112313590987
240,0.2479009883841316
241,0.2479008534465427
242,0.24790071832278315
243,0.24790058301249332
244,0.2479004475153125
245,0.24790031183087988
246,0.2479001759588315
247,0.24790003989880474
248,0.24789990365043568
249,0.24789976721335766
250,0.24789963058720618
251,0.2478994937716136
252,0.2478993567662124
253,0.2478992195706331
