1,0.5271343032387364
2,0.29204528241567623
3,0.24774853393999055
4,0.24775218040577127
5,0.24774060036793172
6,0.24772911877792156
7,0.24771773745487305
8,0.24770645736815627
9,0.24769527942005237
10,0.24768420444622133
11,0.2476732332162552
12,0.24766236643432582
13,0.24765160473991235
14,0.24764094870861078
15,0.24763039885300833
16,0.24761995562362898
17,0.24760961940993764
18,0.24759939054140334
19,0.24758926928861907
20,0.24757925586446752
21,0.24756935042533815
22,0.24755955307238603
23,0.2475498638528279
24,0.24754028276127604
25,0.24753080974110492
26,0.24752144468584203
27,0.24751218744058984
28,0.2475030378034612
29,0.24749399552704035
30,0.247485060319852
31,0.24747623184784487
32,0.24746750973588258
33,0.24745889356923856
34,0.24745038289509177
35,0.24744197722402606
36,0.2474336760315186
37,0.24742547875942672
38,0.2474173848174656
39,0.24740939358467037
40,0.24740150441085093
41,0.24739371661802526
42,0.24738602950183797
43,0.24737844233295733
44,0.2473709543584537
45,0.24736356480315347
46,0.24735627287096523
47,0.2473490777461887
48,0.2473419785947865
49,0.24733497456563702
50,0.2473280647917512
51,0.24732124839146463
52,0.2473145244695962
53,0.2473078921185777
54,0.2473013504195497
55,0.2472948984434273
56,0.24728853525193153
57,0.24728225989859187
58,0.24727607142971106
59,0.24726996888530225
60,0.24726395129999024
61,0.24725801770388156
62,0.24725216712340037
63,0.24724639858209696
64,0.24724071110141768
65,0.24723510370145022
66,0.24722957540163185
67,0.24722412522143195
68,0.24721875218100128
69,0.24721345530179317
70,0.24720823360715563
71,0.24720308612289346
72,0.24719801187780607
73,0.24719300990419335
74,0.24718807923834035
75,0.2471832189209711
76,0.247178427997681
77,0.24717370551934284
78,0.24716905054248986
79,0.24716446212967708
80,0.2471599393498148
81,0.24715548127848996
82,0.24715108699825736
83,0.2471467555989151
84,0.24714248617776308
85,0.24713827783983575
86,0.247134129698124
87,0.24713004087377363
88,0.24712601049627334
89,0.24712203770362084
90,0.2471181216424771
91,0.24711426146830417
92,0.2471104563454908
93,0.24710670544746202
94,0.24710300795677828
95,0.24709936306521973
96,0.2470957699738618
97,0.24709222789313612
98,0.24708873604288487
99,0.24708529365240048
100,0.24708189996045854
101,0.24707855421534103
102,0.2470752556748519
103,0.2470720036063226
104,0.24706879728660824
105,0.24706563600208328
106,0.24706251904862192
107,0.24705944573157787
108,0.2470564153657551
109,0.24705342727537447
110,0.24705048079403172
111,0.24704757526465726
112,0.24704471003946152
113,0.24704188447988532
114,0.247039097956539
115,0.24703634984914216
116,0.2470336395464573
117,0.24703096644622202
118,0.24702832995507595
119,0.2470257294884868
120,0.24702316447067305
121,0.24702063433452487
122,0.24701813852152016
123,0.24701567648164374
124,0.24701324767330013
125,0.24701085156322541
126,0.2470084876264011
127,0.247006155345962
128,0.2470038542131067
129,0.24700158372700395
130,0.24699934339470175
131,0.24699713273103224
132,0.24699495125851886
133,0.2469927985072794
134,0.24699067401493427
135,0.24698857732650809
136,0.2469865079943363
137,0.2469844655779691
138,0.24698244964407542
139,0.2469804597663479
140,0.2469784955254077
141,0.24697655650870942
142,0.24697464231044614
143,0.2469727525314554
144,0.24697088677912443
145,0.2469690446672981
146,0.2469672258161842
147,0.24696542985226258
148,0.24696365640819262
149,0.24696190512272195
150,0.24696017564059633
151,0.24695846761247023
152,0.24695678069481608
153,0.24695511454983896
154,0.24695346884538658
155,0.2469518432548643
156,0.2469502374571485
157,0.24694865113650208
158,0.2469470839824907
159,0.24694553568989877
160,0.24694400595864857
161,0.24694249449371805
162,0.24694100100506103
163,0.24693952520752763
164,0.24693806682078517
165,0.24693662556924287
166,0.2469352011819727
167,0.24693379339263527
168,0.24693240193940502
169,0.24693102656489682
170,0.24692966701609342
171,0.24692832304427229
172,0.2469269944049382
173,0.24692568085774966
174,0.2469243821664524
175,0.24692309809881202
176,0.24692182842654561
177,0.24692057292525652
178,0.24691933137436942
179,0.24691810355706661
180,0.24691688926022415
181,0.2469156882743505
182,0.24691450039352572
183,0.24691332541533947
184,0.2469121631408336
185,0.24691101337444177
186,0.24690987592393293
187,0.24690875060035583
188,0.24690763721798006
189,0.24690653559424366
190,0.24690544554969793
191,0.24690436690795511
192,0.24690329949563436
193,0.24690224314231168
194,0.24690119768046842
195,0.2469001629454403
196,0.24689913877537106
197,0.2468981250111613
198,0.2468971214964224
199,0.24689612807742836
200,0.2468951446030721
201,0.24689417092481664
202,0.24689320689665473
203,0.24689225237506113
204,0.2468913072189517
205,0.24689037128964023
206,0.24688944445079725
207,0.246888526568409
208,0.2468876175107363
209,0.24688671714827512
210,0.24688582535371906
211,0.24688494200191807
212,0.2468840669698442
213,0.24688320013655202
214,0.2468823413831428
215,0.24688149059272943
216,0.24688064765039994
217,0.24687981244318538
218,0.24687898486002166
219,0.2468781647917198
220,0.24687735213093168
221,0.24687654677211746
222,0.24687574861151507
223,0.24687495754710614
224,0.24687417347858964
225,0.24687339630734786
226,0.2468726259364185
227,0.2468718622704652
228,0.24687110521575012
229,0.24687035468010346
230,0.24686961057289794
231,0.2468688728050205
232,0.2468681412888459
233,0.24686741593821107
234,0.24686669666838867
235,0.2468659833960614
236,0.24686527603929903
237,0.24686457451753105
238,0.24686387875152507
239,0.24686318866336338
240,0.24686250417641725
241,0.24686182521532665
242,0.24686115170597697
243,0.24686048357547716
244,0.24685982075213725
245,0.2468591631654499
246,0.24685851074606524
247,0.24685786342577457
248,0.24685722113748873
249,0.24685658381521605
250,0.24685595139404737
251,0.2468553238101339
252,0.2468547010006694
