1,0.3611460034183996
2,0.26399770662599925
3,0.26396853696301514
4,0.2639407295455087
5,0.2639143991361673
6,0.2638896125541548
7,0.2638663942180193
8,0.26384473316161944
9,0.26382459052547835
10,0.2638059067725574
11,0.26378860814616134
12,0.2637726121244354
13,0.2637578318054815
14,0.2637441792759344
15,0.26373156808250664
16,0.2637199149539106
17,0.2637091409228636
18,0.2636991719854719
19,0.26368993941587904
20,0.26368137983279466
21,0.2636734350942396
22,0.26366605207905064
23,0.2636591823988454
24,0.26365278207225373
25,0.2636468111839521
26,0.26364123354398294
27,0.2636360163575959
28,0.2636311299120163
29,0.2636265472837912
30,0.2636222440684508
31,0.2636181981328948
32,0.2636143893900564
33,0.263610799594836
34,0.2636074121599751
35,0.26360421199038553
36,0.2636011853343803
37,0.26359831965027386
38,0.26359560348687827
39,0.2635930263765104
40,0.26359057873921954
41,0.2635882517970662
42,0.263586037497372
43,0.2635839284439831
44,0.26358191783567214
45,0.2635799994109029
46,0.26357816739826684
47,0.26357641647196545
48,0.2635747417117982
49,0.26357313856715786
50,0.26357160282460496
51,0.26357013057863565
52,0.26356871820529987
53,0.26356736233836625
54,0.2635660598477692
55,0.26356480782009145
56,0.2635636035408777
57,0.2635624444785871
58,0.2635613282700168
59,0.26356025270704825
60,0.263559215724583
61,0.2635582153895513
62,0.263557249890883
63,0.2635563175303539
64,0.2635554167142169
65,0.26355454594554284
66,0.2635537038172093
67,0.2635528890054713
68,0.26355210026405934
69,0.263551336418761
70,0.26355059636243766
71,0.26354987905043675
72,0.2635491834963687
73,0.26354850876821256
74,0.263547853984721
75,0.2635472183121006
76,0.2635466009609437
77,0.26354600118338894
78,0.2635454182704936
79,0.26354485154979534
80,0.26354430038305526
81,0.26354376416415853
82,0.263543242317169
83,0.2635427342945154
84,0.26354223957530803
85,0.2635417576637714
86,0.26354128808778016
87,0.26354083039749954
88,0.2635403841641116
89,0.26353994897863103
90,0.263539524450795
91,0.2635391102080256
92,0.26353870589446216
93,0.26353831117005266
94,0.26353792570970314
95,0.2635375492024813
96,0.2635371813508682
97,0.2635368218700584
98,0.26353647048730017
99,0.26353612694127715
100,0.2635357909815273
101,0.26353546236789427
102,0.2635351408700148
103,0.26353482626683167
104,0.26353451834613917
105,0.26353421690415096
106,0.26353392174509477
107,0.26353363268082947
108,0.26353334953048313
109,0.2635330721201114
110,0.2635328002823751
111,0.26353253385623443
112,0.2635322726866618
113,0.2635320166243665
114,0.2635317655255377
115,0.26353151925159907
116,0.2635312776689773
117,0.2635310406488808
118,0.26353080806709134
119,0.26353057980376776
120,0.26353035574325545
121,0.2635301357739105
122,0.2635299197879277
123,0.26352970768118134
124,0.26352949935307085
125,0.26352929470637637
126,0.2635290936471187
127,0.2635288960844281
128,0.2635287019304194
129,0.26352851110007036
130,0.26352832351110983
131,0.2635281390839078
132,0.2635279577413729
133,0.26352777940885114
134,0.26352760401403513
135,0.2635274314868708
136,0.263527261759473
137,0.26352709476604447
138,0.2635269304427944
139,0.26352676872786673
140,0.26352660956126644
141,0.26352645288479093
142,0.2635262986419658
143,0.2635261467779811
144,0.2635259972396321
145,0.26352584997525985
146,0.2635257049346991
147,0.26352556206922223
148,0.26352542133149215
149,0.26352528267551073
150,0.26352514605657407
151,0.26352501143122725
152,0.2635248787572223
153,0.2635247479934759
154,0.2635246191000313
155,0.2635244920380195
156,0.26352436676962326
157,0.2635242432580431
158,0.26352412146746235
159,0.26352400136301535
160,0.26352388291075657
161,0.26352376607763217
162,0.2635236508314482
163,0.2635235371408463
164,0.2635234249752751
165,0.2635233143049658
166,0.2635232051009069
167,0.26352309733482104
168,0.2635229909791426
169,0.2635228860069932
170,0.2635227823921647
171,0.26352268010909513
172,0.26352257913285193
173,0.26352247943911017
174,0.2635223810041362
175,0.2635222838047703
176,0.26352218781840725
177,0.26352209302298324
178,0.26352199939695753
179,0.26352190691929855
180,0.2635218155694679
