1,0.2578600241826536
2,0.24545796276300624
3,0.2453994986443335
4,0.24539894647642158
5,0.24539894114022776
6,0.2453989410831791
7,0.24539894107476762
8,0.2453989410626543
9,0.24539894104213986
10,0.2453989410012443
11,0.24539894089161507
12,0.24539894030301895
13,0.403257954118222
14,0.24722016859018456
15,0.2460432112947462
16,0.2453590300883448
17,0.24535901294524365
18,0.24535901294340623
19,0.24535901294340617
20,0.24535901294340617
21,0.24535901294340617
22,0.24535901294340617
23,0.24535901294340617
24,0.24535901294340617
25,0.24535901294340617
26,0.24535901294340617
27,0.24535901294340617
28,0.24535901294340617
29,0.24535901294340617
30,0.24535901294340617
31,0.24535901294340617
32,0.24535901294340617
33,0.24535901294340617
34,0.24535901294340617
35,0.24535901294340617
36,0.24535901294340617
37,0.24535901294340617
38,0.24535901294340617
39,0.24535901294340617
40,0.24535901294340617
41,0.24535901294340617
42,0.24535901294340617
43,0.24535901294340617
44,0.24535901294340617
45,0.24535901294340617
46,0.24535901294340617
47,0.24535901294340617
48,0.24535901294340617
49,0.24535901294340617
50,0.24535901294340617
51,0.24535901294340617
52,0.24535901294340617
53,0.24535901294340617
54,0.24535901294340617
55,0.24535901294340617
56,0.24535901294340617
57,0.24535901294340617
58,0.24535901294340617
59,0.24535901294340617
60,0.24535901294340617
61,0.24535901294340617
62,0.24535901294340617
63,0.24535901294340617
64,0.24535901294340617
65,0.24535901294340617
66,0.24535901294340617
67,0.24535901294340617
68,0.24535901294340617
69,0.24535901294340617
70,0.24535901294340617
71,0.24535901294340617
72,0.24535901294340617
73,0.24535901294340617
74,0.24535901294340617
75,0.24535901294340617
76,0.24535901294340617
77,0.24535901294340617
78,0.24535901294340617
79,0.24535901294340617
80,0.24535901294340617
81,0.24535901294340617
82,0.24535901294340617
83,0.24535901294340617
84,0.24535901294340617
85,0.24535901294340617
86,0.24535901294340617
87,0.24535901294340617
88,0.24535901294340617
89,0.24535901294340617
90,0.24535901294340617
91,0.24535901294340617
92,0.24535901294340617
93,0.24535901294340617
94,0.24535901294340617
95,0.24535901294340617
96,0.24535901294340617
97,0.24535901294340617
98,0.24535901294340617
99,0.24535901294340617
100,0.24535901294340617
101,0.24535901294340617
102,0.24535901294340617
103,0.24535901294340617
104,0.24535901294340617
105,0.24535901294340617
106,0.24535901294340617
107,0.24535901294340617
108,0.24535901294340617
109,0.24535901294340617
110,0.24535901294340617
111,0.24535901294340617
112,0.24535901294340617
113,0.24535901294340617
114,0.24535901294340617
115,0.24535901294340617
116,0.24535901294340617
117,0.24535901294340617
118,0.24535901294340617
119,0.24535901294340617
120,0.24535901294340617
121,0.24535901294340617
122,0.24535901294340617
123,0.24535901294340617
124,0.24535901294340617
125,0.24535901294340617
126,0.24535901294340617
127,0.24535901294340617
128,0.24535901294340617
129,0.24535901294340617
130,0.24535901294340617
131,0.24535901294340617
132,0.24535901294340617
133,0.24535901294340617
134,0.24535901294340617
135,0.24535901294340617
136,0.24535901294340617
137,0.24535901294340617
138,0.24535901294340617
139,0.24535901294340617
140,0.24535901294340617
141,0.24535901294340617
142,0.24535901294340617
143,0.24535901294340617
144,0.24535901294340617
145,0.24535901294340617
146,0.24535901294340617
147,0.24535901294340617
148,0.24535901294340617
149,0.24535901294340617
150,0.24535901294340617
151,0.24535901294340617
152,0.24535901294340617
153,0.24535901294340617
154,0.24535901294340617
155,0.24535901294340617
156,0.24535901294340617
157,0.24535901294340617
158,0.24535901294340617
159,0.24535901294340617
160,0.24535901294340617
161,0.24535901294340617
162,0.24535901294340617
163,0.24535901294340617
164,0.24535901294340617
165,0.24535901294340617
166,0.24535901294340617
167,0.24535901294340617
168,0.24535901294340617
169,0.24535901294340617
170,0.24535901294340617
171,0.24535901294340617
172,0.24535901294340617
173,0.24535901294340617
174,0.24535901294340617
175,0.24535901294340617
176,0.24535901294340617
177,0.24535901294340617
178,0.24535901294340617
179,0.24535901294340617
180,0.24535901294340617
181,0.24535901294340617
182,0.24535901294340617
183,0.24535901294340617
184,0.24535901294340617
185,0.24535901294340617
186,0.24535901294340617
187,0.24535901294340617
188,0.24535901294340617
189,0.24535901294340617
190,0.24535901294340617
191,0.24535901294340617
192,0.24535901294340617
193,0.24535901294340617
194,0.24535901294340617
195,0.24535901294340617
196,0.24535901294340617
197,0.24535901294340617
198,0.24535901294340617
199,0.24535901294340617
200,0.24535901294340617
201,0.24535901294340617
202,0.24535901294340617
203,0.24535901294340617
204,0.24535901294340617
205,0.24535901294340617
206,0.24535901294340617
207,0.24535901294340617
208,0.24535901294340617
209,0.24535901294340617
210,0.24535901294340617
211,0.24535901294340617
212,0.24535901294340617
213,0.24535901294340617
214,0.24535901294340617
215,0.24535901294340617
216,0.24535901294340617
217,0.24535901294340617
218,0.24535901294340617
219,0.24535901294340617
220,0.24535901294340617
221,0.24535901294340617
222,0.24535901294340617
223,0.24535901294340617
224,0.24535901294340617
225,0.24535901294340617
226,0.24535901294340617
227,0.24535901294340617
228,0.24535901294340617
229,0.24535901294340617
230,0.24535901294340617
231,0.24535901294340617
232,0.24535901294340617
233,0.24535901294340617
234,0.24535901294340617
235,0.24535901294340617
236,0.24535901294340617
237,0.24535901294340617
238,0.24535901294340617
239,0.24535901294340617
240,0.24535901294340617
241,0.24535901294340617
242,0.24535901294340617
243,0.24535901294340617
244,0.24535901294340617
245,0.24535901294340617
246,0.24535901294340617
247,0.24535901294340617
248,0.24535901294340617
249,0.24535901294340617
250,0.24535901294340617
251,0.24535901294340617
252,0.24535901294340617
253,0.24535901294340617
254,0.24535901294340617
255,0.24535901294340617
256,0.24535901294340617
257,0.24535901294340617
258,0.24535901294340617
259,0.24535901294340617
260,0.24535901294340617
261,0.24535901294340617
262,0.24535901294340617
263,0.24535901294340617
264,0.24535901294340617
265,0.24535901294340617
266,0.24535901294340617
267,0.24535901294340617
268,0.24535901294340617
269,0.24535901294340617
270,0.24535901294340617
271,0.24535901294340617
272,0.24535901294340617
273,0.24535901294340617
274,0.24535901294340617
275,0.24535901294340617
276,0.24535901294340617
277,0.24535901294340617
278,0.24535901294340617
279,0.24535901294340617
280,0.24535901294340617
281,0.24535901294340617
282,0.24535901294340617
283,0.24535901294340617
284,0.24535901294340617
285,0.24535901294340617
286,0.24535901294340617
287,0.24535901294340617
288,0.24535901294340617
289,0.24535901294340617
290,0.24535901294340617
291,0.24535901294340617
292,0.24535901294340617
293,0.24535901294340617
