1,0.5963721811258091
2,0.5961799753381888
3,0.5961729283996701
4,0.5961657616567948
5,0.5961584720309595
6,0.5961510563372449
7,0.5961435112797848
8,0.5961358334468952
9,0.5961280193059487
10,0.5961200651979648
11,0.5961119673319132
12,0.596103721778716
13,0.5960953244648967
14,0.5960867711658957
15,0.5960780574990054
16,0.5960691789159017
17,0.5960601306947523
18,0.5960509079318689
19,0.5960415055328699
20,0.596031918203332
21,0.5960221404388711
22,0.5960121665146475
23,0.596001990474212
24,0.5959916061176951
25,0.595981006989241
26,0.5959701863636735
27,0.5959591372323114
28,0.5959478522878764
29,0.5959363239084395
30,0.5959245441403072
31,0.5959125046797841
32,0.5959001968537232
33,0.5958876115987606
34,0.5958747394391384
35,0.5958615704629944
36,0.5958480942970015
37,0.5958343000792183
38,0.5958201764299959
39,0.5958057114207902
40,0.5957908925406853
41,0.5957757066604484
42,0.5957601399938774
43,0.5957441780562263
44,0.5957278056194342
45,0.5957110066638566
46,0.5956937643262045
47,0.5956760608433128
48,0.5956578774913581
49,0.5956391945200832
50,0.5956199910815485
51,0.5956002451528709
52,0.5955799334523441
53,0.5955590313482794
54,0.5955375127598148
55,0.5955153500488515
56,0.5954925139021832
57,0.5954689732027705
58,0.5954446948889578
59,0.5954196438003174
60,0.595393782508605
61,0.595367071132116
62,0.5953394671315276
63,0.5953109250850293
64,0.5952813964402426
65,0.5952508292401028
66,0.5952191678194475
67,0.5951863524686151
68,0.5951523190597624
69,0.5951169986310402
70,0.5950803169229315
71,0.5950421938602559
72,0.5950025429722422
73,0.5949612707418808
74,0.5949182758742805
75,0.5948734484720504
76,0.5948266691036149
77,0.5947778077479243
78,0.5947267225960088
79,0.5946732586862141
80,0.5946172463456075
81,0.5945584994046701
82,0.5944968131459156
83,0.5944319619390478
84,0.5943636965053807
85,0.5942917407419978
86,0.5942157880208288
87,0.59413549685862
88,0.5940504858296117
89,0.5939603275619793
90,0.5938645416198945
91,0.5937625860225785
92,0.5936538470863273
93,0.5935376271901658
94,0.5934131299534098
95,0.5932794421643389
96,0.5931355115993834
97,0.5929801196019676
98,0.5928118469206827
99,0.5926290307956668
100,0.5924297105673259
101,0.5922115580684063
102,0.5919717876039826
103,0.5917070381981836
104,0.5914132176321382
105,0.5910852930316615
106,0.5907170054184357
107,0.5903004740700201
108,0.5898256378685871
109,0.589279449882828
110,0.5886446885923234
111,0.5878981558166657
112,0.587007860017486
113,0.5859284547438366
114,0.5845935377389551
115,0.5829019917924695
116,0.5806922681864101
117,0.5776902804229274
118,0.5733936012146987
119,0.5667814367804769
120,0.55546390021261
121,0.5326199413527473
122,0.4743529437931328
123,0.34168105051175773
124,0.2547842167583252
125,0.24255922518142012
126,0.24105631146028442
127,0.24172432565711538
128,0.24132635966453952
129,0.24125041542110043
130,0.24123184092375957
131,0.24122623506078616
132,0.24122431267342195
133,0.2412236120278709
134,0.2412233500673552
135,0.2412232511322003
136,0.24122321362158064
137,0.24122319937851838
138,0.24122319396725828
139,0.24122319191095612
140,0.24122319112948865
141,0.24122319083249366
142,0.24122319071962056
143,0.24122319067672263
144,0.24122319066041914
145,0.24122319065422299
146,0.241223190651868
147,0.241223190650973
148,0.2412231906506327
149,0.24122319065050343
150,0.24122319065045436
151,0.24122319065043576
152,0.24122319065042855
153,0.24122319065042594
154,0.24122319065042477
155,0.24122319065042452
156,0.2412231906504243
157,0.24122319065042444
158,0.24122319065042433
159,0.2412231906504244
160,0.24122319065042452
161,0.2412231906504245
162,0.2412231906504244
163,0.2412231906504244
164,0.24122319065042439
165,0.2412231906504244
166,0.2412231906504245
167,0.2412231906504245
168,0.2412231906504245
169,0.24122319065042447
170,0.2412231906504245
171,0.2412231906504245
172,0.24122319065042447
173,0.2412231906504245
174,0.2412231906504245
175,0.24122319065042452
176,0.2412231906504245
177,0.2412231906504245
178,0.24122319065042455
179,0.2412231906504245
180,0.24122319065042447
181,0.2412231906504245
182,0.2412231906504245
183,0.24122319065042447
184,0.2412231906504245
185,0.2412231906504245
186,0.24122319065042452
187,0.2412231906504245
188,0.2412231906504245
189,0.24122319065042455
190,0.2412231906504245
191,0.24122319065042447
192,0.2412231906504245
193,0.2412231906504245
194,0.24122319065042447
195,0.2412231906504245
196,0.2412231906504245
197,0.24122319065042452
198,0.2412231906504245
199,0.2412231906504245
200,0.24122319065042455
201,0.2412231906504245
202,0.24122319065042447
203,0.2412231906504245
204,0.2412231906504245
205,0.24122319065042447
206,0.2412231906504245
207,0.2412231906504245
208,0.24122319065042452
209,0.2412231906504245
210,0.2412231906504245
211,0.24122319065042455
212,0.2412231906504245
213,0.24122319065042447
214,0.2412231906504245
215,0.2412231906504245
216,0.24122319065042447
217,0.2412231906504245
218,0.2412231906504245
219,0.24122319065042452
220,0.2412231906504245
221,0.2412231906504245
222,0.24122319065042455
223,0.2412231906504245
224,0.24122319065042447
225,0.2412231906504245
226,0.2412231906504245
227,0.24122319065042447
228,0.2412231906504245
229,0.2412231906504245
230,0.24122319065042452
231,0.2412231906504245
232,0.2412231906504245
233,0.24122319065042455
234,0.2412231906504245
235,0.24122319065042447
236,0.2412231906504245
237,0.2412231906504245
238,0.24122319065042447
239,0.2412231906504245
240,0.2412231906504245
241,0.24122319065042452
242,0.2412231906504245
243,0.2412231906504245
244,0.24122319065042455
245,0.2412231906504245
246,0.24122319065042447
247,0.2412231906504245
248,0.2412231906504245
249,0.24122319065042447
250,0.2412231906504245
251,0.2412231906504245
252,0.24122319065042452
253,0.2412231906504245
254,0.2412231906504245
255,0.24122319065042455
256,0.2412231906504245
257,0.24122319065042447
258,0.2412231906504245
259,0.2412231906504245
260,0.24122319065042447
261,0.2412231906504245
262,0.2412231906504245
263,0.24122319065042452
264,0.2412231906504245
265,0.2412231906504245
266,0.24122319065042455
267,0.2412231906504245
268,0.24122319065042447
269,0.2412231906504245
270,0.2412231906504245
271,0.24122319065042447
272,0.2412231906504245
273,0.2412231906504245
274,0.24122319065042452
275,0.2412231906504245
276,0.2412231906504245
277,0.24122319065042455
278,0.2412231906504245
279,0.24122319065042447
280,0.2412231906504245
281,0.2412231906504245
282,0.24122319065042447
283,0.2412231906504245
284,0.2412231906504245
285,0.24122319065042452
286,0.2412231906504245
287,0.2412231906504245
288,0.24122319065042455
289,0.2412231906504245
290,0.24122319065042447
291,0.2412231906504245
292,0.2412231906504245
293,0.24122319065042447
294,0.2412231906504245
295,0.2412231906504245
296,0.24122319065042452
297,0.2412231906504245
298,0.2412231906504245
299,0.24122319065042455
300,0.2412231906504245
301,0.24122319065042447
302,0.2412231906504245
303,0.2412231906504245
304,0.24122319065042447
305,0.2412231906504245
306,0.2412231906504245
307,0.24122319065042452
308,0.2412231906504245
309,0.2412231906504245
310,0.24122319065042455
311,0.2412231906504245
312,0.24122319065042447
313,0.2412231906504245
314,0.2412231906504245
315,0.24122319065042447
316,0.2412231906504245
317,0.2412231906504245
318,0.24122319065042452
319,0.2412231906504245
320,0.2412231906504245
321,0.24122319065042455
322,0.2412231906504245
323,0.24122319065042447
324,0.2412231906504245
325,0.2412231906504245
326,0.24122319065042447
327,0.2412231906504245
328,0.2412231906504245
329,0.24122319065042452
330,0.2412231906504245
331,0.2412231906504245
332,0.24122319065042455
333,0.2412231906504245
334,0.24122319065042447
335,0.2412231906504245
336,0.2412231906504245
337,0.24122319065042447
338,0.2412231906504245
339,0.2412231906504245
340,0.24122319065042452
341,0.2412231906504245
342,0.2412231906504245
343,0.24122319065042455
344,0.2412231906504245
345,0.24122319065042447
346,0.2412231906504245
347,0.2412231906504245
348,0.24122319065042447
349,0.2412231906504245
350,0.2412231906504245
351,0.24122319065042452
352,0.2412231906504245
353,0.2412231906504245
354,0.24122319065042455
355,0.2412231906504245
356,0.24122319065042447
357,0.2412231906504245
358,0.2412231906504245
359,0.24122319065042447
360,0.2412231906504245
361,0.2412231906504245
362,0.24122319065042452
363,0.2412231906504245
364,0.2412231906504245
365,0.24122319065042455
366,0.2412231906504245
367,0.24122319065042447
368,0.2412231906504245
369,0.2412231906504245
370,0.24122319065042447
371,0.2412231906504245
372,0.2412231906504245
373,0.24122319065042452
374,0.2412231906504245
375,0.2412231906504245
376,0.24122319065042455
377,0.2412231906504245
378,0.24122319065042447
379,0.2412231906504245
380,0.2412231906504245
381,0.24122319065042447
382,0.2412231906504245
383,0.2412231906504245
