1,0.4181212587118525
2,0.39639651037150286
3,0.36031714710062546
4,0.29090951918608643
5,0.24612939569668213
6,0.24594291508907934
7,0.24594010221406637
8,0.24593644858006852
9,0.24593279670046006
10,0.24592916883202715
11,0.2459255653168763
12,0.24592198598885728
13,0.2459184306710696
14,0.2459148991873946
15,0.24591139136276274
16,0.24590790702316706
17,0.24590444599566025
18,0.24590100810836008
19,0.24589759319045248
20,0.2458942010721894
21,0.24589083158489253
22,0.24588748456095263
23,0.24588415983383405
24,0.24588085723807038
25,0.24587757660926765
26,0.2458743177841034
27,0.2458710806003276
28,0.24586786489675985
29,0.24586467051329136
30,0.2458614972908823
31,0.24585834507156165
32,0.24585521369842606
33,0.24585210301563706
34,0.24584901286842104
35,0.24584594310306712
36,0.24584289356692388
37,0.24583986410839884
38,0.24583685457695473
39,0.24583386482310887
40,0.245830894698428
41,0.24582794405552824
42,0.2458250127480696
43,0.2458221006307552
44,0.24581920755932563
45,0.24581633339055928
46,0.24581347798226433
47,0.2458106411932793
48,0.2458078228834661
49,0.24580502291370912
50,0.24580224114590943
51,0.245799477442981
52,0.24579673166884783
53,0.24579400368843815
54,0.24579129336768152
55,0.24578860057350355
56,0.245785925173822
57,0.24578326703754236
58,0.24578062603455297
59,0.24577800203571976
60,0.24577539491288355
61,0.24577280453885225
62,0.24577023078739924
63,0.24576767353325588
64,0.245765132652108
65,0.2457626080205911
66,0.24576009951628333
67,0.2457576070177031
68,0.2457551304043014
69,0.24575266955645875
70,0.24575022435547833
71,0.24574779468358196
72,0.24574538042390387
73,0.2457429814604852
74,0.2457405976782707
75,0.2457382289630997
76,0.24573587520170462
77,0.24573353628170233
78,0.2457312120915918
79,0.24572890252074445
80,0.2457266074594034
81,0.24572432679867431
82,0.24572206043052067
83,0.24571980824776113
84,0.24571757014405882
85,0.24571534601392034
86,0.24571313575268727
87,0.2457109392565335
88,0.24570875642245593
89,0.24570658714827162
90,0.24570443133261224
91,0.24570228887491646
92,0.24570015967542622
93,0.24569804363518047
94,0.24569594065601047
95,0.24569385064053165
96,0.24569177349214166
97,0.24568970911501156
98,0.24568765741408316
99,0.24568561829506164
100,0.24568359166440953
101,0.245681577429342
102,0.24567957549782413
103,0.24567758577855894
104,0.2456756081809889
105,0.24567364261528518
106,0.245671688992346
107,0.2456697472237882
108,0.24566781722194422
109,0.24566589889985493
110,0.24566399217126517
111,0.24566209695061897
112,0.24566021315305253
113,0.24565834069439005
114,0.24565647949113922
115,0.24565462946048314
116,0.24565279052027916
117,0.2456509625890497
118,0.24564914558597922
119,0.2456473394309092
120,0.24564554404433203
121,0.24564375934738597
122,0.24564198526185047
123,0.2456402217101411
124,0.24563846861530442
125,0.24563672590101326
126,0.24563499349155962
127,0.24563327131185356
128,0.24563155928741545
129,0.24562985734437132
130,0.2456281654094488
131,0.2456264834099704
132,0.24562481127385313
133,0.2456231489295984
134,0.24562149630628954
135,0.245619853333588
136,0.2456182199417277
137,0.24561659606150946
138,0.24561498162429773
139,0.24561337656201507
140,0.24561178080713855
141,0.24561019429269457
142,0.2456086169522528
143,0.24560704871992553
144,0.24560548953035916
145,0.2456039393187311
146,0.24560239802074743
147,0.2456008655726347
148,0.24559934191113916
149,0.24559782697352003
150,0.24559632069754653
151,0.24559482302149263
152,0.24559333388413326
153,0.24559185322474078
154,0.2455903809830795
155,0.24558891709940212
156,0.2455874615144462
157,0.24558601416943007
158,0.2455845750060458
159,0.24558314396646064
160,0.24558172099330805
161,0.24558030602968572
162,0.24557889901915303
163,0.24557749990572328
164,0.24557610863386498
