1,0.5653777027214201
2,0.5651048165953308
3,0.5645529840408694
4,0.5625352363254893
5,0.5549704355013448
6,0.3944149273571687
7,0.2506557241335511
8,0.2506557981184946
9,0.2506557981184947
10,0.2506557981184947
11,0.2506557981184947
12,0.2506557981184947
13,0.2506557981184947
14,0.2506557981184947
15,0.2506557981184947
16,0.2506557981184947
17,0.2506557981184947
18,0.2506557981184947
19,0.2506557981184947
20,0.2506557981184947
21,0.2506557981184947
22,0.2506557981184947
23,0.2506557981184947
24,0.2506557981184947
25,0.2506557981184947
26,0.2506557981184947
27,0.2506557981184947
28,0.2506557981184947
29,0.2506557981184947
30,0.2506557981184947
31,0.2506557981184947
32,0.2506557981184947
33,0.2506557981184947
34,0.2506557981184947
35,0.2506557981184947
36,0.2506557981184947
37,0.2506557981184947
38,0.2506557981184947
39,0.2506557981184947
40,0.2506557981184947
41,0.2506557981184947
42,0.2506557981184947
43,0.2506557981184947
44,0.2506557981184947
45,0.2506557981184947
46,0.2506557981184947
47,0.2506557981184947
48,0.2506557981184947
49,0.2506557981184947
50,0.2506557981184947
51,0.2506557981184947
52,0.2506557981184947
53,0.2506557981184947
54,0.2506557981184947
55,0.2506557981184947
56,0.2506557981184947
57,0.2506557981184947
58,0.2506557981184947
59,0.2506557981184947
60,0.2506557981184947
61,0.2506557981184947
62,0.2506557981184947
63,0.2506557981184947
64,0.2506557981184947
65,0.2506557981184947
66,0.2506557981184947
67,0.2506557981184947
68,0.2506557981184947
69,0.2506557981184947
70,0.2506557981184947
71,0.2506557981184947
72,0.2506557981184947
73,0.2506557981184947
74,0.2506557981184947
75,0.2506557981184947
76,0.2506557981184947
77,0.2506557981184947
78,0.2506557981184947
79,0.2506557981184947
80,0.2506557981184947
81,0.2506557981184947
82,0.2506557981184947
83,0.2506557981184947
84,0.2506557981184947
85,0.2506557981184947
86,0.2506557981184947
87,0.2506557981184947
88,0.2506557981184947
89,0.2506557981184947
90,0.2506557981184947
91,0.2506557981184947
92,0.2506557981184947
93,0.2506557981184947
94,0.2506557981184947
95,0.2506557981184947
96,0.2506557981184947
97,0.2506557981184947
98,0.2506557981184947
99,0.2506557981184947
100,0.2506557981184947
101,0.2506557981184947
102,0.2506557981184947
103,0.2506557981184947
104,0.2506557981184947
105,0.2506557981184947
106,0.2506557981184947
107,0.2506557981184947
108,0.2506557981184947
109,0.2506557981184947
110,0.2506557981184947
111,0.2506557981184947
112,0.2506557981184947
113,0.2506557981184947
114,0.2506557981184947
115,0.2506557981184947
116,0.2506557981184947
117,0.2506557981184947
118,0.2506557981184947
119,0.2506557981184947
120,0.2506557981184947
121,0.2506557981184947
122,0.2506557981184947
123,0.2506557981184947
124,0.2506557981184947
125,0.2506557981184947
126,0.2506557981184947
127,0.2506557981184947
128,0.2506557981184947
129,0.2506557981184947
130,0.2506557981184947
131,0.2506557981184947
132,0.2506557981184947
133,0.2506557981184947
134,0.2506557981184947
135,0.2506557981184947
136,0.2506557981184947
137,0.2506557981184947
138,0.2506557981184947
139,0.2506557981184947
140,0.2506557981184947
141,0.2506557981184947
142,0.2506557981184947
143,0.2506557981184947
144,0.2506557981184947
145,0.2506557981184947
146,0.2506557981184947
147,0.2506557981184947
148,0.2506557981184947
149,0.2506557981184947
150,0.2506557981184947
151,0.2506557981184947
152,0.2506557981184947
153,0.2506557981184947
154,0.2506557981184947
155,0.2506557981184947
156,0.2506557981184947
157,0.2506557981184947
158,0.2506557981184947
159,0.2506557981184947
160,0.2506557981184947
161,0.2506557981184947
162,0.2506557981184947
163,0.2506557981184947
