1,0.29270649539040916
2,0.24609048987453236
3,0.24609407650459145
4,0.246094076726648
5,0.2460940767266614
6,0.2460940767266614
7,0.2460940767266614
8,0.2460940767266614
9,0.2460940767266614
10,0.2460940767266614
11,0.2460940767266614
12,0.2460940767266614
13,0.2460940767266614
14,0.2460940767266614
15,0.2460940767266614
16,0.2460940767266614
17,0.2460940767266614
18,0.2460940767266614
19,0.2460940767266614
20,0.2460940767266614
21,0.2460940767266614
22,0.2460940767266614
23,0.2460940767266614
24,0.2460940767266614
25,0.2460940767266614
26,0.2460940767266614
27,0.2460940767266614
28,0.2460940767266614
29,0.2460940767266614
30,0.2460940767266614
31,0.2460940767266614
32,0.2460940767266614
33,0.2460940767266614
34,0.2460940767266614
35,0.2460940767266614
36,0.2460940767266614
37,0.2460940767266614
38,0.2460940767266614
39,0.2460940767266614
40,0.2460940767266614
41,0.2460940767266614
42,0.2460940767266614
43,0.2460940767266614
44,0.2460940767266614
45,0.2460940767266614
46,0.2460940767266614
47,0.2460940767266614
48,0.2460940767266614
49,0.2460940767266614
50,0.2460940767266614
51,0.2460940767266614
52,0.2460940767266614
53,0.2460940767266614
54,0.2460940767266614
55,0.2460940767266614
56,0.2460940767266614
57,0.2460940767266614
58,0.2460940767266614
59,0.2460940767266614
60,0.2460940767266614
61,0.2460940767266614
62,0.2460940767266614
63,0.2460940767266614
64,0.2460940767266614
65,0.2460940767266614
66,0.2460940767266614
67,0.2460940767266614
68,0.2460940767266614
69,0.2460940767266614
70,0.2460940767266614
71,0.2460940767266614
72,0.2460940767266614
73,0.2460940767266614
74,0.2460940767266614
75,0.2460940767266614
76,0.2460940767266614
77,0.2460940767266614
78,0.2460940767266614
79,0.2460940767266614
80,0.2460940767266614
81,0.2460940767266614
82,0.2460940767266614
83,0.2460940767266614
84,0.2460940767266614
85,0.2460940767266614
86,0.2460940767266614
87,0.2460940767266614
88,0.2460940767266614
89,0.2460940767266614
90,0.2460940767266614
91,0.2460940767266614
92,0.2460940767266614
93,0.2460940767266614
94,0.2460940767266614
95,0.2460940767266614
96,0.2460940767266614
97,0.2460940767266614
98,0.2460940767266614
99,0.2460940767266614
100,0.2460940767266614
101,0.2460940767266614
102,0.2460940767266614
103,0.2460940767266614
104,0.2460940767266614
105,0.2460940767266614
106,0.2460940767266614
107,0.2460940767266614
108,0.2460940767266614
109,0.2460940767266614
110,0.2460940767266614
111,0.2460940767266614
112,0.2460940767266614
113,0.2460940767266614
114,0.2460940767266614
115,0.2460940767266614
116,0.2460940767266614
117,0.2460940767266614
118,0.2460940767266614
119,0.2460940767266614
120,0.2460940767266614
121,0.2460940767266614
122,0.2460940767266614
123,0.2460940767266614
124,0.2460940767266614
125,0.2460940767266614
126,0.2460940767266614
127,0.2460940767266614
128,0.2460940767266614
129,0.2460940767266614
130,0.2460940767266614
131,0.2460940767266614
132,0.2460940767266614
133,0.2460940767266614
134,0.2460940767266614
135,0.2460940767266614
136,0.2460940767266614
137,0.24609407672666134
138,0.2460940767266614
139,0.24609407672666134
140,0.2460940767266614
141,0.24609407672666134
142,0.2460940767266614
143,0.24609407672666134
144,0.2460940767266614
145,0.24609407672666134
146,0.2460940767266614
147,0.24609407672666134
148,0.2460940767266614
149,0.24609407672666134
150,0.2460940767266614
151,0.24609407672666134
152,0.2460940767266614
153,0.24609407672666134
154,0.2460940767266614
155,0.24609407672666134
156,0.2460940767266614
157,0.24609407672666134
158,0.2460940767266614
159,0.24609407672666134
160,0.2460940767266614
161,0.24609407672666134
162,0.2460940767266614
163,0.24609407672666134
164,0.24609407672666134
165,0.24609407672666134
166,0.24609407672666134
167,0.24609407672666134
168,0.24609407672666134
169,0.24609407672666134
170,0.24609407672666134
171,0.24609407672666134
172,0.24609407672666134
173,0.24609407672666134
174,0.24609407672666134
175,0.24609407672666134
176,0.24609407672666134
177,0.24609407672666134
178,0.24609407672666134
179,0.24609407672666134
180,0.24609407672666134
181,0.24609407672666134
182,0.24609407672666134
183,0.24609407672666134
184,0.24609407672666134
185,0.24609407672666134
186,0.24609407672666134
187,0.24609407672666134
188,0.24609407672666134
189,0.24609407672666134
190,0.24609407672666134
191,0.24609407672666134
192,0.24609407672666134
193,0.24609407672666134
194,0.24609407672666134
195,0.24609407672666134
196,0.24609407672666134
197,0.24609407672666134
198,0.24609407672666134
199,0.24609407672666134
200,0.24609407672666134
201,0.24609407672666134
202,0.24609407672666134
203,0.24609407672666134
204,0.24609407672666134
205,0.24609407672666134
206,0.24609407672666134
207,0.24609407672666134
208,0.24609407672666134
209,0.24609407672666134
210,0.24609407672666134
211,0.24609407672666134
212,0.24609407672666134
213,0.24609407672666134
214,0.24609407672666134
215,0.24609407672666134
216,0.24609407672666134
217,0.24609407672666134
218,0.24609407672666134
219,0.24609407672666134
220,0.24609407672666134
221,0.24609407672666134
222,0.24609407672666134
223,0.24609407672666134
224,0.24609407672666134
225,0.24609407672666134
226,0.24609407672666134
227,0.24609407672666134
228,0.24609407672666134
229,0.24609407672666134
230,0.24609407672666134
