1,0.2797950951549664
2,0.2516705781526593
3,0.2516705780839902
4,0.2516705780839902
5,0.2516705780839901
6,0.2516705780839902
7,0.2516705780839902
8,0.2516705780839901
9,0.2516705780839902
10,0.2516705780839902
11,0.2516705780839901
12,0.2516705780839902
13,0.2516705780839902
14,0.2516705780839901
15,0.2516705780839902
16,0.2516705780839902
17,0.2516705780839901
18,0.2516705780839902
19,0.2516705780839902
20,0.2516705780839901
21,0.2516705780839902
22,0.2516705780839902
23,0.2516705780839901
24,0.2516705780839902
25,0.2516705780839902
26,0.2516705780839901
27,0.2516705780839902
28,0.2516705780839902
29,0.2516705780839901
30,0.2516705780839902
31,0.2516705780839902
32,0.2516705780839901
33,0.2516705780839902
34,0.2516705780839902
35,0.2516705780839901
36,0.2516705780839902
37,0.2516705780839902
38,0.2516705780839901
39,0.2516705780839902
40,0.2516705780839902
41,0.2516705780839901
42,0.2516705780839902
43,0.2516705780839902
44,0.2516705780839901
45,0.2516705780839902
46,0.2516705780839902
47,0.2516705780839901
48,0.2516705780839902
49,0.2516705780839902
50,0.2516705780839901
51,0.2516705780839902
52,0.2516705780839902
53,0.2516705780839901
54,0.2516705780839902
55,0.2516705780839902
56,0.2516705780839901
57,0.2516705780839902
58,0.2516705780839902
59,0.2516705780839901
60,0.2516705780839902
61,0.2516705780839902
62,0.2516705780839901
63,0.2516705780839902
64,0.2516705780839902
65,0.2516705780839901
66,0.2516705780839902
67,0.2516705780839902
68,0.2516705780839901
69,0.2516705780839902
70,0.2516705780839902
71,0.2516705780839901
72,0.2516705780839902
73,0.2516705780839902
74,0.2516705780839901
75,0.2516705780839902
76,0.2516705780839902
77,0.2516705780839901
78,0.2516705780839902
79,0.2516705780839902
80,0.2516705780839901
81,0.2516705780839902
82,0.2516705780839902
83,0.2516705780839901
84,0.2516705780839902
85,0.2516705780839902
86,0.2516705780839901
87,0.2516705780839902
88,0.2516705780839902
89,0.2516705780839901
90,0.2516705780839902
91,0.2516705780839902
92,0.2516705780839901
93,0.2516705780839902
94,0.2516705780839902
95,0.2516705780839901
96,0.2516705780839902
97,0.2516705780839902
98,0.2516705780839901
99,0.2516705780839902
100,0.2516705780839902
101,0.2516705780839901
102,0.2516705780839902
103,0.2516705780839902
104,0.2516705780839901
105,0.2516705780839902
106,0.2516705780839902
107,0.2516705780839901
108,0.2516705780839902
109,0.2516705780839902
110,0.2516705780839901
111,0.2516705780839902
112,0.2516705780839902
113,0.2516705780839901
114,0.2516705780839902
115,0.2516705780839902
116,0.2516705780839901
117,0.2516705780839902
118,0.2516705780839902
119,0.2516705780839901
120,0.2516705780839902
121,0.2516705780839902
122,0.2516705780839901
123,0.2516705780839902
124,0.2516705780839902
125,0.2516705780839901
126,0.2516705780839902
127,0.2516705780839902
128,0.2516705780839901
129,0.2516705780839902
130,0.2516705780839902
131,0.2516705780839901
132,0.2516705780839902
133,0.2516705780839902
134,0.2516705780839901
135,0.2516705780839902
136,0.2516705780839902
137,0.2516705780839901
138,0.2516705780839902
139,0.2516705780839902
140,0.2516705780839901
141,0.2516705780839902
142,0.2516705780839902
143,0.2516705780839901
144,0.2516705780839902
145,0.2516705780839902
146,0.2516705780839901
147,0.2516705780839902
148,0.2516705780839902
149,0.2516705780839901
150,0.2516705780839902
151,0.2516705780839902
152,0.2516705780839901
153,0.2516705780839902
154,0.2516705780839902
155,0.2516705780839901
156,0.2516705780839902
157,0.2516705780839902
158,0.2516705780839901
159,0.2516705780839902
160,0.2516705780839902
161,0.2516705780839901
162,0.2516705780839902
163,0.2516705780839902
164,0.2516705780839901
165,0.2516705780839902
166,0.2516705780839902
167,0.2516705780839901
168,0.2516705780839902
169,0.2516705780839902
170,0.2516705780839901
171,0.2516705780839902
172,0.2516705780839902
173,0.2516705780839901
174,0.2516705780839902
175,0.2516705780839902
176,0.2516705780839901
177,0.2516705780839902
178,0.2516705780839902
179,0.2516705780839901
180,0.2516705780839902
181,0.2516705780839902
182,0.2516705780839901
183,0.2516705780839902
184,0.2516705780839902
185,0.2516705780839901
186,0.2516705780839902
187,0.2516705780839902
188,0.2516705780839901
189,0.2516705780839902
190,0.2516705780839902
191,0.2516705780839901
192,0.2516705780839902
193,0.2516705780839902
194,0.2516705780839901
195,0.2516705780839902
196,0.2516705780839902
197,0.2516705780839901
198,0.2516705780839902
199,0.2516705780839902
200,0.2516705780839901
201,0.2516705780839902
202,0.2516705780839902
203,0.2516705780839901
204,0.2516705780839902
205,0.2516705780839902
206,0.2516705780839901
207,0.2516705780839902
208,0.2516705780839902
209,0.2516705780839901
210,0.2516705780839902
211,0.2516705780839902
212,0.2516705780839901
213,0.2516705780839902
214,0.2516705780839902
215,0.2516705780839901
216,0.2516705780839902
217,0.2516705780839902
218,0.2516705780839901
219,0.2516705780839902
220,0.2516705780839902
221,0.2516705780839901
222,0.2516705780839902
223,0.2516705780839902
224,0.2516705780839901
225,0.2516705780839902
226,0.2516705780839902
227,0.2516705780839901
228,0.2516705780839902
229,0.2516705780839902
230,0.2516705780839901
231,0.2516705780839902
232,0.2516705780839902
233,0.2516705780839901
234,0.2516705780839902
235,0.2516705780839902
236,0.2516705780839901
237,0.2516705780839902
238,0.2516705780839902
239,0.2516705780839901
240,0.2516705780839902
241,0.2516705780839902
242,0.2516705780839901
243,0.2516705780839902
244,0.2516705780839902
245,0.2516705780839901
246,0.2516705780839902
247,0.2516705780839902
248,0.2516705780839901
249,0.2516705780839902
250,0.2516705780839902
251,0.2516705780839901
252,0.2516705780839902
253,0.2516705780839902
254,0.2516705780839901
255,0.2516705780839902
256,0.2516705780839902
257,0.2516705780839901
258,0.2516705780839902
259,0.2516705780839902
260,0.2516705780839901
261,0.2516705780839902
262,0.2516705780839902
263,0.2516705780839901
264,0.2516705780839902
265,0.2516705780839902
266,0.2516705780839901
267,0.2516705780839902
268,0.2516705780839902
269,0.2516705780839901
270,0.2516705780839902
271,0.2516705780839902
272,0.2516705780839901
273,0.2516705780839902
274,0.2516705780839902
275,0.2516705780839901
276,0.2516705780839902
277,0.2516705780839902
278,0.2516705780839901
279,0.2516705780839902
280,0.2516705780839902
281,0.2516705780839901
282,0.2516705780839902
283,0.2516705780839902
284,0.2516705780839901
285,0.2516705780839902
286,0.2516705780839902
287,0.2516705780839901
288,0.2516705780839902
289,0.2516705780839902
290,0.2516705780839901
291,0.2516705780839902
292,0.2516705780839902
293,0.2516705780839901
294,0.2516705780839902
295,0.2516705780839902
