1,0.30017623284423367
2,0.2708434262238391
3,0.25223799268635944
4,0.24515634856402746
5,0.24331593465712828
6,0.24295577788746472
7,0.24291322040193247
8,0.24292121704878858
9,0.24293052449496885
10,0.24293565826478297
11,0.242937858715655
12,0.24293849883990382
13,0.2429383784898328
14,0.24293790026244483
15,0.24293725626670237
16,0.24293653615083277
17,0.2429357813404075
18,0.24293501089267988
19,0.24293423355629085
20,0.2429334533430092
21,0.24293267209089628
22,0.24293189064113577
23,0.24293110937786958
24,0.2429303284757318
25,0.24292954801332922
26,0.24292876802526106
27,0.24292798852596653
28,0.24292720952065266
29,0.24292643101030623
30,0.24292565299398977
31,0.24292487546989358
32,0.24292409843581936
33,0.24292332188939963
34,0.24292254582820064
35,0.2429217702497676
36,0.24292099515164647
37,0.24292022053139306
38,0.24291944638657811
39,0.24291867271478884
40,0.2429178995136296
41,0.24291712678072333
42,0.24291635451370844
43,0.2429155827102443
44,0.24291481136800547
45,0.2429140404846858
46,0.2429132700579952
47,0.2429125000856625
48,0.24291173056543255
49,0.24291096149506888
50,0.24291019287235047
51,0.24290942469507523
52,0.2429086569610572
53,0.24290788966812654
54,0.24290712281413157
55,0.24290635639693625
56,0.24290559041442195
57,0.24290482486448622
58,0.24290405974504298
59,0.2429032950540225
60,0.2429025307893714
61,0.24290176694905238
62,0.24290100353104466
63,0.24290024053334253
64,0.24289947795395736
65,0.24289871579091538
66,0.2428979540422588
67,0.24289719270604554
68,0.24289643178034975
69,0.24289567126326003
70,0.24289491115288075
71,0.2428941514473318
72,0.24289339214474817
73,0.24289263324328061
74,0.24289187474109278
75,0.24289111663636684
76,0.24289035892729702
77,0.2428896016120933
78,0.2428888446889804
79,0.24288808815619828
80,0.24288733201200072
81,0.24288657625465662
82,0.2428858208824488
83,0.24288506589367462
84,0.24288431128664628
85,0.24288355705968956
86,0.24288280321114467
87,0.24288204973936586
88,0.24288129664272146
89,0.24288054391959352
90,0.24287979156837824
91,0.24287903958748588
92,0.2428782879753396
93,0.24287753673037696
94,0.24287678585104872
95,0.24287603533581914
96,0.24287528518316634
97,0.2428745353915813
98,0.24287378595956893
99,0.24287303688564663
100,0.24287228816834555
101,0.24287153980620987
102,0.2428707917977966
103,0.24287004414167573
104,0.24286929683643022
105,0.24286854988065643
106,0.2428678032729626
107,0.24286705701197012
108,0.2428663110963132
109,0.24286556552463828
110,0.24286482029560463
111,0.24286407540788404
112,0.2428633308601604
113,0.24286258665112956
114,0.242861842779501
115,0.24286109924399535
116,0.2428603560433453
117,0.24285961317629676
118,0.24285887064160586
119,0.24285812843804286
120,0.24285738656438824
121,0.24285664501943502
122,0.24285590380198802
123,0.24285516291086398
124,0.24285442234489074
125,0.24285368210290836
126,0.24285294218376807
127,0.24285220258633325
128,0.24285146330947766
129,0.24285072435208763
130,0.24284998571306024
131,0.24284924739130415
132,0.2428485093857385
133,0.24284777169529453
134,0.24284703431891452
135,0.24284629725555135
136,0.2428455605041692
137,0.24284482406374344
138,0.24284408793325934
139,0.2428433521117147
140,0.2428426165981171
141,0.24284188139148477
142,0.24284114649084693
143,0.2428404118952437
144,0.24283967760372532
145,0.24283894361535305
146,0.2428382099291988
147,0.2428374765443441
148,0.2428367434598815
149,0.242836010674914
150,0.2428352781885542
151,0.24283454599992663
152,0.24283381410816374
153,0.2428330825124098
154,0.24283235121181868
155,0.24283162020555446
156,0.2428308894927911
157,0.24283015907271205
158,0.2428294289445122
159,0.2428286991073944
160,0.24282796956057312
161,0.24282724030327102
162,0.24282651133472202
163,0.24282578265416846
164,0.2428250542608629
165,0.24282432615406777
166,0.24282359833305484
167,0.24282287079710466
168,0.24282214354550843
169,0.24282141657756637
170,0.2428206898925878
171,0.24281996348989185
172,0.24281923736880645
173,0.24281851152866868
174,0.24281778596882597
175,0.2428170606886335
176,0.24281633568745695
177,0.24281561096466966
178,0.24281488651965466
179,0.2428141623518044
180,0.2428134384605201
181,0.2428127148452112
182,0.24281199150529637
183,0.2428112684402046
184,0.24281054564937063
185,0.24280982313224117
186,0.24280910088826943
187,0.24280837891691845
188,0.24280765721765887
189,0.24280693578997078
190,0.24280621463334323
191,0.24280549374727262
192,0.24280477313126467
193,0.2428040527848328
194,0.2428033327074994
195,0.24280261289879548
196,0.24280189335825944
197,0.24280117408543914
198,0.24280045507988998
199,0.2427997363411754
200,0.24279901786886718
201,0.2427982996625457
202,0.2427975817217989
203,0.2427968640462228
204,0.2427961466354221
205,0.24279542948900812
206,0.24279471260660176
207,0.24279399598783122
208,0.24279327963233144
209,0.24279256353974724
210,0.24279184770972967
211,0.24279113214193815
212,0.24279041683603989
213,0.24278970179170956
214,0.24278898700862983
215,0.24278827248649057
216,0.24278755822498976
217,0.24278684422383193
218,0.24278613048273076
219,0.24278541700140593
220,0.2427847037795855
221,0.2427839908170039
222,0.24278327811340467
223,0.24278256566853712
224,0.24278185348215825
225,0.24278114155403305
226,0.24278042988393306
227,0.24277971847163732
228,0.24277900731693194
229,0.2427782964196099
230,0.24277758577947203
231,0.2427768753963256
232,0.2427761652699857
233,0.24277545540027307
234,0.24277474578701697
235,0.24277403643005274
236,0.2427733273292226
237,0.24277261848437645
238,0.24277190989537034
239,0.24277120156206666
240,0.24277049348433621
241,0.24276978566205512
242,0.24276907809510698
243,0.2427683707833816
244,0.24276766372677588
245,0.24276695692519318
246,0.2427662503785436
247,0.24276554408674364
248,0.24276483804971602
249,0.24276413226739116
250,0.24276342673970483
251,0.24276272146659952
252,0.24276201644802456
253,0.24276131168393472
254,0.24276060717429268
255,0.24275990291906582
256,0.2427591989182292
257,0.2427584951717631
258,0.242757791679655
259,0.24275708844189745
260,0.24275638545849013
261,0.24275568272943834
262,0.24275498025475456
263,0.24275427803445576
264,0.24275357606856623
265,0.24275287435711573
266,0.24275217290013998
267,0.2427514716976811
268,0.2427507707497872
269,0.24275007005651167
270,0.24274936961791463
271,0.24274866943406107
272,0.242747969505023
273,0.24274726983087744
274,0.2427465704117072
275,0.24274587124760133
276,0.24274517233865453
277,0.24274447368496657
278,0.24274377528664368
279,0.24274307714379753
280,0.2427423792565451
281,0.24274168162500917
282,0.24274098424931806
283,0.2427402871296057
284,0.24273959026601186
285,0.2427388936586808
286,0.24273819730776333
287,0.24273750121341522
288,0.2427368053757974
289,0.2427361097950765
290,0.24273541447142483
291,0.24273471940501923
292,0.2427340245960423
293,0.24273333004468206
294,0.24273263575113133
295,0.24273194171558843
296,0.24273124793825718
297,0.24273055441934593
298,0.2427298611590684
299,0.24272916815764348
300,0.24272847541529538
301,0.2427277829322533
302,0.24272709070875098
303,0.24272639874502724
304,0.24272570704132682
305,0.24272501559789855
306,0.24272432441499642
307,0.24272363349287898
308,0.2427229428318105
309,0.24272225243205903
310,0.2427215622938986
311,0.24272087241760731
312,0.24272018280346785
313,0.24271949345176863
314,0.24271880436280158
315,0.2427181155368644
316,0.24271742697425863
317,0.2427167386752909
318,0.24271605064027268
319,0.24271536286951972
320,0.24271467536335184
321,0.242713988122095
322,0.24271330114607753
323,0.24271261443563455
324,0.24271192799110355
325,0.24271124181282763
326,0.2427105559011545
327,0.24270987025643598
328,0.24270918487902784
329,0.24270849976929076
330,0.24270781492758967
331,0.24270713035429325
332,0.24270644604977526
333,0.24270576201441363
334,0.24270507824859003
335,0.24270439475269037
336,0.2427037115271056
337,0.24270302857222942
338,0.2427023458884613
339,0.24270166347620314
340,0.2427009813358626
341,0.24270029946785018
342,0.24269961787258088
343,0.2426989365504738
344,0.24269825550195195
345,0.24269757472744216
346,0.24269689422737542
347,0.24269621400218672
348,0.24269553405231437
349,0.2426948543782014
350,0.24269417498029425
351,0.24269349585904357
352,0.24269281701490278
353,0.24269213844833026
354,0.24269146015978782
355,0.2426907821497406
356,0.24269010441865785
