1,0.36278753881168224
2,0.2870387901494873
3,0.2527701880089358
4,0.2503591311994033
5,0.2503670361205666
6,0.2503857734250692
7,0.2503895024720293
8,0.25038991090926005
9,0.2503896931778498
10,0.25038936004340534
11,0.250389005397636
12,0.2503886464053855
13,0.25038828620086845
14,0.250387925355608
15,0.25038756397315004
16,0.25038720207158555
17,0.250386839653399
18,0.2503864767182222
19,0.25038611326516524
20,0.250385749293241
21,0.2503853848014409
22,0.2503850197887535
23,0.25038465425416206
24,0.25038428819664943
25,0.25038392161519346
26,0.25038355450877176
27,0.2503831868763591
28,0.2503828187169265
29,0.2503824500294447
30,0.2503820808128805
31,0.2503817110661986
32,0.25038134078836144
33,0.2503809699783286
34,0.2503805986350575
35,0.25038022675750315
36,0.25037985434461835
37,0.2503794813953529
38,0.25037910790865425
39,0.25037873388346754
40,0.2503783593187355
41,0.2503779842133976
42,0.2503776085663919
43,0.25037723237665305
44,0.2503768556431143
45,0.2503764783647051
46,0.25037610054035236
47,0.25037572216898235
48,0.2503753432495162
49,0.25037496378087454
50,0.250374583761974
51,0.2503742031917297
52,0.25037382206905373
53,0.25037344039285564
54,0.25037305816204247
55,0.2503726753755179
56,0.2503722920321848
57,0.2503719081309417
58,0.25037152367068455
59,0.2503711386503086
60,0.25037075306870454
61,0.2503703669247607
62,0.25036998021736395
63,0.25036959294539674
64,0.2503692051077407
65,0.25036881670327343
66,0.25036842773087015
67,0.2503680381894039
68,0.2503676480777449
69,0.2503672573947599
70,0.25036686613931475
71,0.25036647431027037
72,0.25036608190648635
73,0.25036568892681915
74,0.2503652953701227
75,0.25036490123524835
76,0.25036450652104414
77,0.2503641112263558
78,0.250363715350026
79,0.2503633188908954
80,0.25036292184780096
81,0.25036252421957744
82,0.25036212600505653
83,0.25036172720306715
84,0.2503613278124358
85,0.2503609278319855
86,0.250360527260538
87,0.2503601260969095
88,0.2503597243399159
89,0.25035932198836924
90,0.2503589190410786
91,0.2503585154968511
92,0.2503581113544897
93,0.25035770661279544
94,0.25035730127056594
95,0.2503568953265971
96,0.25035648877968003
97,0.2503560816286044
98,0.25035567387215674
99,0.25035526550912046
100,0.25035485653827566
101,0.25035444695840064
102,0.25035403676826956
103,0.25035362596665506
104,0.2503532145523249
105,0.25035280252404585
106,0.2503523898805803
107,0.25035197662068814
108,0.2503515627431271
109,0.2503511482466503
110,0.25035073313000955
111,0.25035031739195274
112,0.2503499010312244
113,0.25034948404656693
114,0.2503490664367196
115,0.25034864820041847
116,0.2503482293363951
117,0.2503478098433818
118,0.25034738972010345
119,0.25034696896528535
120,0.2503465475776467
121,0.25034612555590685
122,0.25034570289877933
123,0.2503452796049763
124,0.2503448556732054
125,0.25034443110217247
126,0.25034400589057976
127,0.25034358003712637
128,0.2503431535405084
129,0.2503427263994185
130,0.25034229861254637
131,0.25034187017857906
132,0.2503414410961988
133,0.25034101136408693
134,0.25034058098092093
135,0.25034014994537324
136,0.2503397182561153
137,0.25033928591181465
138,0.2503388529111356
139,0.2503384192527392
140,0.25033798493528286
141,0.25033754995742163
142,0.2503371143178074
143,0.2503366780150875
144,0.250336241047907
145,0.25033580341490785
146,0.25033536511472776
147,0.2503349261460026
148,0.25033448650736356
149,0.2503340461974395
150,0.2503336052148556
151,0.25033316355823315
152,0.2503327212261916
153,0.2503322782173455
154,0.2503318345303071
155,0.25033139016368494
156,0.25033094511608367
157,0.25033049938610585
158,0.25033005297234917
159,0.2503296058734094
160,0.25032915808787765
161,0.25032870961434317
162,0.25032826045138973
163,0.250327810597599
164,0.2503273600515497
165,0.2503269088118159
166,0.2503264568769686
167,0.250326004245576
168,0.2503255509162024
169,0.2503250968874078
170,0.25032464215775035
171,0.2503241867257838
172,0.2503237305900581
173,0.2503232737491205
174,0.2503228162015141
175,0.25032235794577884
176,0.2503218989804509
177,0.25032143930406314
178,0.2503209789151448
179,0.2503205178122216
180,0.25032005599381557
181,0.2503195934584448
182,0.2503191302046249
183,0.2503186662308671
184,0.25031820153567924
185,0.25031773611756525
186,0.25031726997502535
187,0.250316803106557
188,0.2503163355106537
189,0.25031586718580384
190,0.250315398130495
191,0.2503149283432086
192,0.2503144578224235
193,0.2503139865666148
194,0.2503135145742541
195,0.25031304184380776
196,0.2503125683737408
197,0.2503120941625135
198,0.25031161920858136
199,0.25031114351039807
200,0.2503106670664121
201,0.2503101898750683
202,0.25030971193480983
203,0.25030923324407234
204,0.25030875380129064
205,0.2503082736048955
206,0.2503077926533118
207,0.2503073109449632
208,0.250306828478268
209,0.25030634525164097
210,0.2503058612634935
211,0.2503053765122328
