1,0.5104467453947646
2,0.5104467453515522
3,0.5104467453083362
4,0.5104467452651164
5,0.5104467452218929
6,0.5104467451786661
7,0.5104467451354353
8,0.5104467450922007
9,0.5104467450489625
10,0.5104467450057206
11,0.5104467449624752
12,0.5104467449192261
13,0.5104467448759733
14,0.5104467448327166
15,0.5104467447894565
16,0.5104467447461926
17,0.5104467447029251
18,0.5104467446596538
19,0.5104467446163787
20,0.5104467445731001
21,0.5104467445298178
22,0.5104467444865318
23,0.5104467444432422
24,0.5104467443999489
25,0.5104467443566517
26,0.510446744313351
27,0.5104467442700467
28,0.5104467442267384
29,0.5104467441834266
30,0.5104467441401112
31,0.5104467440967919
32,0.5104467440534689
33,0.5104467440101423
34,0.5104467439668121
35,0.510446743923478
36,0.5104467438801407
37,0.5104467438367992
38,0.5104467437934541
39,0.5104467437501053
40,0.5104467437067529
41,0.5104467436633968
42,0.5104467436200373
43,0.5104467435766737
44,0.5104467435333061
45,0.5104467434899351
46,0.5104467434465606
47,0.5104467434031824
48,0.5104467433598004
49,0.5104467433164158
50,0.5104467432730263
51,0.5104467432296331
52,0.5104467431862363
53,0.5104467431428358
54,0.5104467430994317
55,0.5104467430560239
56,0.5104467430126122
57,0.5104467429691969
58,0.5104467429257779
59,0.5104467428823549
60,0.5104467428389288
61,0.5104467427954985
62,0.5104467427520649
63,0.5104467427086273
64,0.5104467426651861
65,0.5104467426217411
66,0.5104467425782924
67,0.5104467425348399
68,0.5104467424913839
69,0.5104467424479241
70,0.5104467424044608
71,0.5104467423609935
72,0.5104467423175229
73,0.5104467422740482
74,0.51044674223057
75,0.5104467421870879
76,0.5104467421436021
77,0.5104467421001128
78,0.5104467420566197
79,0.5104467420131227
80,0.5104467419696221
81,0.510446741926118
82,0.5104467418826097
83,0.5104467418390981
84,0.5104467417955826
85,0.5104467417520635
86,0.5104467417085407
87,0.5104467416650141
88,0.5104467416214837
89,0.5104467415779498
90,0.5104467415344119
91,0.5104467414908704
92,0.5104467414473255
93,0.5104467414037763
94,0.5104467413602238
95,0.5104467413166676
96,0.5104467412731074
97,0.5104467412295436
98,0.5104467411859761
99,0.510446741142405
100,0.5104467410988301
101,0.5104467410552515
102,0.5104467410116711
103,0.5104467409680871
104,0.5104467409244972
105,0.5104467408809035
106,0.5104467408373063
107,0.5104467407937052
108,0.5104467407501003
109,0.5104467407064919
110,0.5104467406628798
111,0.5104467406192639
112,0.5104467405756442
113,0.5104467405320207
114,0.5104467404883936
115,0.5104467404447629
116,0.5104467404011283
117,0.5104467403574902
118,0.510446740313848
119,0.5104467402702022
120,0.5104467402265528
121,0.5104467401828996
122,0.5104467401392425
123,0.5104467400955819
124,0.5104467400519175
125,0.5104467400082494
126,0.5104467399645773
127,0.5104467399209017
128,0.5104467398772222
129,0.5104467398335393
130,0.5104467397898526
131,0.5104467397461618
132,0.5104467397024676
133,0.5104467396587696
134,0.5104467396150676
135,0.510446739571362
136,0.5104467395276527
137,0.5104467394839398
138,0.510446739440223
139,0.5104467393965029
140,0.5104467393527784
141,0.5104467393090504
142,0.5104467392653188
143,0.5104467392215833
144,0.510446739177844
145,0.510446739134101
146,0.5104467390903544
147,0.5104467390466041
148,0.5104467390028498
149,0.5104467389590918
150,0.5104467389153301
151,0.5104467388715647
152,0.5104467388277957
153,0.5104467387840226
154,0.5104467387402458
155,0.5104467386964654
156,0.5104467386526823
157,0.5104467386088943
158,0.5104467385651027
159,0.5104467385213071
160,0.510446738477508
161,0.5104467384337051
162,0.5104467383898984
163,0.5104467383460881
164,0.5104467383022738
165,0.5104467382584559
166,0.5104467382146342
167,0.5104467381708088
168,0.5104467381269795
169,0.5104467380831467
170,0.51044673803931
171,0.5104467379954695
172,0.5104467379516252
173,0.5104467379077772
174,0.5104467378639254
175,0.5104467378200699
176,0.5104467377762109
177,0.5104467377323476
178,0.5104467376884808
179,0.5104467376446102
180,0.5104467376007361
181,0.510446737556858
182,0.5104467375129761
183,0.5104467374690907
184,0.5104467374252013
185,0.5104467373813083
186,0.5104467373374114
187,0.5104467372935106
188,0.5104467372496063
189,0.5104467372056982
190,0.5104467371617861
191,0.5104467371178704
192,0.5104467370739508
193,0.5104467370300279
194,0.5104467369861009
195,0.5104467369421698
196,0.5104467368982355
197,0.5104467368542972
198,0.5104467368103552
199,0.5104467367664092
200,0.5104467367224597
201,0.5104467366785063
202,0.5104467366345491
203,0.5104467365905881
204,0.5104467365466233
205,0.5104467365026549
206,0.5104467364586828
207,0.5104467364147066
208,0.5104467363707273
209,0.5104467363267434
210,0.5104467362827569
211,0.5104467362387654
212,0.5104467361947708
213,0.5104467361507716
214,0.5104467361067694
215,0.5104467360627631
216,0.5104467360187532
217,0.5104467359747393
218,0.5104467359307218
219,0.5104467358867002
220,0.5104467358426752
221,0.5104467357986462
222,0.5104467357546137
223,0.5104467357105773
224,0.5104467356665368
225,0.5104467356224928
226,0.5104467355784449
227,0.5104467355343933
228,0.5104467354903379
229,0.5104467354462787
230,0.5104467354022157
231,0.5104467353581491
232,0.5104467353140786
233,0.5104467352700042
234,0.510446735225926
235,0.5104467351818439
236,0.5104467351377586
237,0.5104467350936691
238,0.5104467350495759
239,0.5104467350054788
240,0.5104467349613779
241,0.5104467349172732
242,0.5104467348731648
243,0.5104467348290527
244,0.5104467347849367
245,0.5104467347408169
246,0.5104467346966932
247,0.5104467346525657
248,0.5104467346084346
249,0.5104467345642997
250,0.5104467345201608
251,0.5104467344760183
252,0.5104467344318718
253,0.5104467343877217
254,0.5104467343435678
255,0.5104467342994099
256,0.5104467342552484
257,0.5104467342110831
258,0.5104467341669138
259,0.5104467341227407
260,0.5104467340785643
261,0.5104467340343836
262,0.5104467339902001
263,0.5104467339460119
264,0.5104467339018199
265,0.5104467338576244
266,0.5104467338134248
267,0.5104467337692213
268,0.5104467337250141
269,0.5104467336808031
270,0.5104467336365884
271,0.5104467335923698
272,0.5104467335481475
273,0.5104467335039211
274,0.5104467334596912
275,0.5104467334154574
276,0.5104467333712199
277,0.5104467333269783
278,0.510446733282733
279,0.5104467332384837
280,0.510446733194231
281,0.5104467331499746
282,0.5104467331057141
283,0.5104467330614499
284,0.5104467330171818
285,0.5104467329729099
286,0.5104467329286339
287,0.5104467328843546
288,0.510446732840071
289,0.5104467327957841
290,0.5104467327514931
291,0.5104467327071983
292,0.5104467326628996
293,0.5104467326185972
294,0.510446732574291
295,0.5104467325299809
296,0.5104467324856672
297,0.5104467324413493
298,0.5104467323970278
299,0.5104467323527023
300,0.5104467323083735
301,0.5104467322640402
302,0.5104467322197036
303,0.5104467321753631
304,0.5104467321310187
305,0.5104467320866702
306,0.5104467320423182
307,0.5104467319979621
308,0.5104467319536025
309,0.5104467319092388
310,0.5104467318648716
311,0.5104467318205003
312,0.5104467317761252
313,0.5104467317317463
314,0.5104467316873669
315,0.5104467316429813
316,0.5104467315985911
317,0.5104467315541968
318,0.5104467315097988
319,0.510446731465397
320,0.5104467314209915
321,0.5104467313765818
322,0.5104467313321687
323,0.5104467312877514
324,0.5104467312433304
325,0.5104467311989056
326,0.510446731154477
327,0.5104467311100445
328,0.5104467310656082
329,0.510446731021168
330,0.5104467309767241
331,0.5104467309322762
332,0.5104467308878248
333,0.5104467308433693
334,0.5104467307989099
335,0.5104467307544467
336,0.5104467307099798
337,0.5104467306655089
338,0.5104467306210344
339,0.5104467305765558
340,0.5104467305320731
341,0.5104467304875874
342,0.5104467304430973
343,0.5104467303986034
344,0.5104467303541056
345,0.5104467303096041
346,0.5104467302650986
347,0.5104467302205896
348,0.5104467301760763
349,0.5104467301315593
350,0.5104467300870384
