1,0.5245420693730544
2,0.5140736830775272
3,0.4970127005609215
4,0.4492470659929992
5,0.32519289324941325
6,0.25600105054543937
7,0.250609554999377
8,0.250258318497279
9,0.2502025066170777
10,0.2501802005518834
11,0.25016333389421685
12,0.25014743282907587
13,0.2501317032238062
14,0.25011600152247493
15,0.25010030215822593
16,0.25008460106426766
17,0.2500688980959086
18,0.2500531938251525
19,0.25003748895600914
20,0.25002178421772453
21,0.25000608034516875
22,0.2499903780751084
23,0.2499746781453769
24,0.24995898129457483
25,0.2499432882618619
26,0.24992759978676826
27,0.24991191660900794
28,0.24989623946828984
29,0.24988056910413417
30,0.24986490625568283
31,0.24984925166151264
32,0.2498336060594476
33,0.24981797018637164
34,0.24980234477804306
35,0.24978673056890432
36,0.24977112829189832
37,0.24975553867828207
38,0.24973996245744048
39,0.2497244003567027
40,0.24970885310115834
41,0.24969332141347458
42,0.24967780601371467
43,0.2496623076191581
44,0.24964682694412033
45,0.24963136469977687
46,0.24961592159398646
47,0.24960049833111603
48,0.24958509561186792
49,0.24956971413311077
50,0.24955435458770733
51,0.2495390176643512
52,0.24952370404739993
53,0.24950841441671132
54,0.24949314944748555
55,0.24947790981010662
56,0.2494626961699857
57,0.2494475091874088
58,0.2494323495173872
59,0.24941721780951007
60,0.24940211470779822
61,0.2493870408505636
62,0.24937199687027078
63,0.24935698339340004
64,0.24934200104031418
65,0.24932705042513084
66,0.24931213215559517
67,0.2492972468329553
68,0.24928239505184324
69,0.24926757740016112
70,0.24925279445896326
71,0.24923804680234987
72,0.24922333499736016
73,0.2492086596038694
74,0.2491940211744896
75,0.2491794202544747
76,0.24916485738162894
77,0.2491503330862176
78,0.24913584789088325
79,0.24912140231056382
80,0.2491069968524175
81,0.2490926320157478
82,0.2490783082919332
83,0.24906402616436313
84,0.24904978610837444
85,0.2490355885911921
86,0.24902143407187696
87,0.24900732300127099
88,0.24899325582195364
89,0.24897923296819494
90,0.24896525486591792
91,0.24895132193266162
92,0.24893743457754625
93,0.2489235932012471
94,0.24890979819596806
95,0.24889604994541892
96,0.24888234882479632
97,0.24886869520077187
98,0.24885508943147777
99,0.2488415318664992
100,0.2488280228468722
101,0.24881456270507804
102,0.24880115176504985
103,0.24878779034217424
104,0.24877447874330225
105,0.24876121726675987
106,0.24874800620236218
107,0.24873484583143343
108,0.2487217364268251
109,0.24870867825294135
110,0.2486956715657659
111,0.24868271661289096
112,0.2486698136335483
113,0.24865696285864677
114,0.24864416451080842
115,0.2486314188044089
116,0.24861872594561962
117,0.24860608613245477
118,0.24859349955481755
119,0.24858096639454993
120,0.24856848682548588
121,0.24855606101350558
122,0.24854368911659155
123,0.248531371284888
124,0.24851910766075996
125,0.24850689837885884
126,0.24849474356618384
127,0.24848264334214934
128,0.24847059781865402
129,0.24845860710014864
130,0.24844667128370915
131,0.2484347904591084
132,0.24842296470889097
133,0.24841119410844797
134,0.2483994787260957
135,0.24838781862315232
136,0.24837621385401845
137,0.2483646644662577
138,0.24835317050067837
139,0.24834173199141488
140,0.24833034896601508
141,0.24831902144551976
142,0.24830774944455355
143,0.2482965329714068
144,0.2482853720281249
145,0.24827426661059557
146,0.24826321670863574
147,0.24825222230608307
148,0.2482412833808812
149,0.24823039990517343
150,0.24821957184539167
151,0.2482087991623433
152,0.24819808181130795
153,0.24818741974212374
154,0.24817681289927943
155,0.24816626122200688
156,0.24815576464437075
157,0.24814532309536158
158,0.24813493649898435
159,0.248124604774353
160,0.24811432783577958
161,0.24810410559286453
162,0.2480939379505906
163,0.24808382480941002
164,0.24807376606533663
165,0.24806376161003674
166,0.24805381133091553
167,0.24804391511121163
168,0.24803407283008153
169,0.2480242843626898
170,0.2480145495802975
171,0.24800486835034982
172,0.2479952405365618
173,0.24798566599900718
174,0.24797614459420234
175,0.2479666761751926
176,0.24795726059163595
177,0.24794789768988953
178,0.24793858731309013
179,0.2479293293012393
180,0.24792012349128265
181,0.24791096971719478
182,0.24790186781005677
183,0.24789281759813736
184,0.24788381890697064
185,0.2478748715594363
186,0.24786597537583563
187,0.24785713017396743
188,0.24784833576920565
189,0.247839591974572
190,0.2478308986008119
191,0.24782225545646597
192,0.24781366234794305
193,0.2478051190795918
194,0.24779662545376993
195,0.2477881812709152
196,0.24777978632961278
197,0.24777144042666327
198,0.24776314335714927
199,0.24775489491450237
200,0.24774669489056586
201,0.24773854307565957
202,0.24773043925864507
203,0.2477223832269827
204,0.24771437476679806
205,0.2477064136629388
206,0.24769849969903399
207,0.24769063265755442
208,0.24768281231986763
209,0.24767503846629418
210,0.24766731087616609
211,0.24765962932787794
212,0.24765199359894174
213,0.24764440346603991
214,0.2476368587050756
215,0.24762935909122513
216,0.247621904398987
217,0.24761449440222963
218,0.24760712887424144
219,0.24759980758777583
220,0.24759253031510062
221,0.2475852968280386
222,0.24757810689801513
223,0.24757096029610215
224,0.24756385679305787
225,0.24755679615937132
226,0.24754977816530127
227,0.24754280258091785
228,0.2475358691761413
229,0.24752897772077803
230,0.24752212798456247
231,0.24751531973719013
232,0.24750855274835476
233,0.24750182678778354
234,0.24749514162527173
235,0.2474884970307144
236,0.24748189277414182
237,0.24747532862574884
238,0.2474688043559269
239,0.24746231973529603
240,0.24745587453473225
241,0.2474494685253977
242,0.24744310147876827
243,0.24743677316666146
244,0.24743048336126425
245,0.24742423183515616
246,0.24741801836133892
247,0.24741184271325725
248,0.24740570466482456
249,0.247399603990448
250,0.24739354046504788
251,0.247387513864083
252,0.2473815239635699
253,0.24737557054010473
254,0.24736965337088412
255,0.24736377223372266
256,0.24735792690707525
257,0.2473521171700532
258,0.24734634280244244
259,0.24734060358472176
260,0.24733489929807934
261,0.2473292297244289
262,0.2473235946464251
263,0.2473179938474798
264,0.24731242711177634
265,0.24730689422428254
266,0.2473013949707667
267,0.24729592913780904
268,0.2472904965128158
269,0.24728509688403022
270,0.24727973004054538
271,0.24727439577231475
272,0.2472690938701643
273,0.24726382412580283
274,0.2472585863318298
275,0.24725338028174892
276,0.2472482057699746
277,0.24724306259184065
278,0.24723795054361095
279,0.2472328694224857
280,0.2472278190266101
281,0.2472227991550811
