1,0.4595832942409829
2,0.4595823835292718
3,0.4595814586648281
4,0.45958051931517757
5,0.45957956513734965
6,0.45957859577746457
7,0.4595776108702884
8,0.4595766100387849
9,0.45957559289362504
10,0.4595745590326871
11,0.4595735080405261
12,0.45957243948781823
13,0.4595713529307737
14,0.45957024791052653
15,0.4595691239524849
16,0.45956798056565357
17,0.4595668172419207
18,0.45956563345530266
19,0.45956442866115355
20,0.4595632022953302
21,0.4595619537733089
22,0.45956068248926213
23,0.45955938781507366
24,0.45955806909930946
25,0.4595567256661231
26,0.4595553568140987
27,0.4595539618150364
28,0.45955253991265965
29,0.4595510903212443
30,0.45954961222418045
31,0.45954810477243135
32,0.45954656708291614
33,0.45954499823677863
34,0.45954339727756366
35,0.45954176320927215
36,0.45954009499429543
37,0.4595383915512217
38,0.45953665175250213
39,0.45953487442195967
40,0.45953305833214314
41,0.4595312022015023
42,0.45952930469137443
43,0.4595273644027698
44,0.45952537987293274
45,0.45952334957166857
46,0.45952127189741365
47,0.4595191451730261
48,0.45951696764127564
49,0.4595147374600058
50,0.4595124526969451
51,0.45951011132412484
52,0.45950771121188816
53,0.4595052501224331
54,0.459502725702863
55,0.4595001354776939
56,0.45949747684076797
57,0.45949474704651694
58,0.45949194320051906
59,0.45948906224927577
60,0.4594861009691324
61,0.45948305595426564
62,0.45947992360363293
63,0.45947670010678887
64,0.45947338142844457
65,0.4594699632916392
66,0.45946644115938395
67,0.45946281021459806
68,0.4594590653381692
69,0.45945520108491017
70,0.45945121165718816
71,0.4594470908759527
72,0.4594428321488575
73,0.45943842843512955
74,0.4594338722068037
75,0.4594291554058541
76,0.4594242693967302
77,0.4594192049136933
78,0.45941395200229257
79,0.4594084999541932
80,0.45940283723446856
81,0.4593969514003105
82,0.45939082900996386
83,0.4593844555204774
84,0.45937781517263593
85,0.4593708908611687
86,0.4593636639879779
87,0.4593561142957446
88,0.45934821967878325
89,0.45933995596743066
90,0.4593312966815475
91,0.45932221274784873
92,0.45931267217471317
93,0.4593026396768296
94,0.4592920762404109
95,0.4592809386177006
96,0.4592691787370099
97,0.45925674301132935
98,0.45924357152459605
99,0.459229597069607
100,0.4592147440050451
101,0.4591989268906832
102,0.4591820488488902
103,0.4591639995862338
104,0.45914465299001117
105,0.4591238641892747
106,0.45910146593588225
107,0.45907726411477867
108,0.45905103212905707
109,0.45902250381667614
110,0.4589913644307898
111,0.4589572390371272
112,0.45891967742292034
113,0.45887813423024615
114,0.45883194245409575
115,0.4587802775697487
116,0.4587221081856321
117,0.458656126928594
118,0.4585806516724531
119,0.45849348113692084
120,0.45839167824236704
121,0.4582712352706729
122,0.45812653818025334
123,0.4579494741137132
124,0.457727870623468
125,0.4574426005033387
126,0.4570618022442853
127,0.456528201396752
128,0.4557275510180568
129,0.45439456438083503
130,0.45174007226724183
131,0.44385661387206327
132,0.355046279504852
133,0.2634101901080921
134,0.25139378367876647
135,0.2514335229198269
136,0.2514115925380118
137,0.25138934264057555
138,0.2513668432984203
139,0.2513440918374709
140,0.25132108561946986
141,0.2512978221313903
142,0.2512742989919489
143,0.25125051395832926
144,0.2512264649332058
145,0.2512021499720572
146,0.2511775672907648
147,0.25115271527347605
148,0.2511275924807297
149,0.25110219765782
150,0.25107652974338596
151,0.2510505878782101
152,0.2510243714141989
153,0.2509978799235281
154,0.2509711132079246
155,0.2509440713080564
156,0.250916754513003
157,0.2508891633697678
158,0.2508612986928046
159,0.25083316157351176
160,0.25080475338965946
161,0.2507760758147029
162,0.25074713082693534
163,0.2507179207184332
164,0.2506884481037427
165,0.2506587159282507
166,0.25062872747618814
167,0.25059848637820603
168,0.2505679966184649
169,0.25053726254117564
170,0.2505062888565313
171,0.250475080645967
172,0.25044364336667985
173,0.25041198285535504
174,0.25038010533102306
175,0.25034801739699747
176,0.2503157260418263
177,0.2502832386391992
178,0.25025056294675885
179,0.25021770710376223
180,0.25018467962754015
181,0.2501514894087204
182,0.2501181457051666
183,0.25008465813460823
184,0.25005103666593115
185,0.25001729160911323
186,0.2499834336037915
187,0.24994947360646058
188,0.24991542287630747
189,0.24988129295969527
190,0.24984709567332367
191,0.24981284308609925
192,0.24977854749975517
193,0.2497442214282788
194,0.2497098775762065
195,0.24967552881585814
196,0.24964118816359618
197,0.24960686875519275
198,0.24957258382041006
199,0.2495383466568971
200,0.24950417060351354
201,0.24947006901320437
202,0.24943605522554724
203,0.24940214253909881
204,0.24936834418367607
205,0.24933467329270206
206,0.24930114287575272
207,0.24926776579143833
208,0.24923455472075196
209,0.24920152214101382
210,0.24916868030053946
211,0.24913604119415167
212,0.24910361653965007
213,0.2490714177553494
214,0.24903945593878196
215,0.24900774184666197
216,0.2489762858761876
217,0.24894509804775675
218,0.24891418798915585
219,0.24888356492127606
220,0.24885323764539102
221,0.2488232145320313
222,0.24879350351146853
223,0.24876411206581775
224,0.24873504722275616
225,0.24870631555083983
226,0.2486779231563981
227,0.24864987568197433
228,0.2486221783062631
229,0.24859483574550648
230,0.24856785225628023
231,0.24854123163961878
232,0.24851497724639857
233,0.2484890919839165
234,0.24846357832358096
235,0.24843843830963402
236,0.24841367356882643
237,0.24838928532095714
238,0.24836527439019443
239,0.24834164121709448
240,0.2483183858712278
241,0.24829550806433623
242,0.2482730071639387
243,0.24825088220729724
244,0.24822913191568
245,0.2482077547088383
246,0.24818674871962917
247,0.24816611180871928
248,0.24814584157930522
249,0.24812593539179292
250,0.2481063903783783
251,0.24808720345748572
252,0.2480683713480074
253,0.24804989058331442
254,0.24803175752499126
255,0.24801396837626394
256,0.24799651919509577
257,0.24797940590691633
258,0.24796262431696997
259,0.24794617012226006
260,0.24793003892307655
261,0.2479142262340921
262,0.2478987274950182
263,0.24788353808081853
264,0.24786865331146984
265,0.24785406846127395
266,0.24783977876771623
267,0.24782577943988093
268,0.24781206566641853
269,0.24779863262307897
270,0.24778547547981278
271,0.24777258940745137
272,0.24775996958397684
273,0.2477476112003888
274,0.2477355094661815
275,0.24772365961444628
276,0.2477120569066039
277,0.24770069663678929
278,0.2476895741358946
279,0.24767868477528762
280,0.24766802397021853
281,0.24765758718292832
282,0.24764736992547215
283,0.24763736776227205
284,0.24762757631241125
285,0.2476179912516843
286,0.2476086083144153
287,0.24759942329505658
288,0.2475904320495807
289,0.24758163049667786
290,0.24757301461877007
291,0.2475645804628522
292,0.24755632414117262
293,0.24754824183176308
294,0.24754032977882887
295,0.24753258429300454
296,0.2475250017514908
297,0.2475175785980793
298,0.24751031134306817
299,0.24750319656308484
300,0.2474962309008192
301,0.2474894110646738
302,0.2474827338283404
303,0.24747619603030557
304,0.24746979457329898
305,0.24746352642367997
306,0.24745738861077513
307,0.24745137822617128
308,0.24744549242296524
309,0.2474397284149778
310,0.24743408347593668
311,0.2474285549386282
312,0.24742314019402842
313,0.247417836690409
314,0.24741264193242768
315,0.247407553480203
316,0.2474025689483779
317,0.24739768600517156
318,0.24739290237142647
319,0.2473882158196497
320,0.2473836241730497
321,0.2473791253045752
322,0.24737471713595213
323,0.24737039763672397
