1,0.5671562148938533
2,0.5462358196199858
3,0.4795660385492084
4,0.30922977271482815
5,0.2441838153774607
6,0.2412161478266615
7,0.24115752743852722
8,0.24116645472627277
9,0.24116847319701282
10,0.24116805652581474
11,0.24116707204255652
12,0.24116596336874593
13,0.24116482796726368
14,0.24116368691952778
15,0.24116254477193355
16,0.2411614025058322
17,0.2411602603346009
18,0.24115911830621412
19,0.24115797643302261
20,0.24115683471970542
21,0.24115569316928784
22,0.24115455178443895
23,0.24115341056774942
24,0.24115226952179322
25,0.2411511286491394
26,0.24114998795235518
27,0.24114884743400566
28,0.24114770709665645
29,0.24114656694287107
30,0.2411454269752107
31,0.24114428719623757
32,0.24114314760851033
33,0.24114200821458823
34,0.24114086901702797
35,0.24113973001838523
36,0.24113859122121445
37,0.24113745262806827
38,0.24113631424149826
39,0.2411351760640542
40,0.24113403809828474
41,0.2411329003467363
42,0.24113176281195406
43,0.2411306254964819
44,0.2411294884028614
45,0.24112835153363302
46,0.24112721489133573
47,0.24112607847850553
48,0.2411249422976777
49,0.2411238063513858
50,0.24112267064216092
51,0.24112153517253226
52,0.241120399945028
53,0.2411192649621736
54,0.24111813022649256
55,0.24111699574050668
56,0.24111586150673625
57,0.24111472752769814
58,0.24111359380590824
59,0.24111246034388015
60,0.2411113271441251
61,0.24111019420915233
62,0.24110906154146855
63,0.2411079291435788
64,0.2411067970179852
65,0.2411056651671883
66,0.24110453359368633
67,0.24110340229997385
68,0.2411022712885443
69,0.24110114056188867
70,0.2411000101224957
71,0.2410988799728498
72,0.24109775011543577
73,0.2410966205527337
74,0.2410954912872218
75,0.24109436232137582
76,0.24109323365766908
77,0.24109210529857136
78,0.2410909772465511
79,0.24108984950407275
80,0.241088722073599
81,0.24108759495758905
82,0.2410864681584998
83,0.24108534167878554
84,0.24108421552089665
85,0.24108308968728154
86,0.24108196418038605
87,0.24108083900265165
88,0.2410797141565186
89,0.24107858964442264
90,0.2410774654687978
91,0.24107634163207392
92,0.24107521813667834
93,0.24107409498503554
94,0.24107297217956652
95,0.2410718497226886
96,0.24107072761681747
97,0.24106960586436374
98,0.24106848446773574
99,0.24106736342933896
100,0.2410662427515747
101,0.24106512243684158
102,0.24106400248753423
103,0.24106288290604475
104,0.24106176369476082
105,0.2410606448560677
106,0.24105952639234646
107,0.24105840830597497
108,0.24105729059932765
109,0.24105617327477513
110,0.2410550563346849
111,0.24105393978142026
112,0.24105282361734146
113,0.24105170784480465
114,0.24105059246616242
115,0.24104947748376404
116,0.241048362899955
117,0.2410472487170762
118,0.24104613493746552
119,0.24104502156345728
120,0.24104390859738087
121,0.24104279604156292
122,0.24104168389832592
123,0.24104057216998848
124,0.24103946085886463
125,0.24103834996726473
126,0.24103723949749617
127,0.24103612945186104
128,0.24103501983265774
129,0.2410339106421809
130,0.2410328018827212
131,0.2410316935565643
132,0.24103058566599295
133,0.2410294782132848
134,0.24102837120071385
135,0.24102726463054927
136,0.24102615850505726
137,0.24102505282649814
138,0.24102394759712914
139,0.24102284281920297
140,0.24102173849496736
141,0.24102063462666645
142,0.24101953121654
143,0.24101842826682252
144,0.2410173257797455
145,0.24101622375753426
146,0.24101512220241111
147,0.24101402111659354
148,0.24101292050229375
149,0.24101182036172042
150,0.24101072069707719
151,0.2410096215105627
152,0.2410085228043719
153,0.24100742458069455
154,0.24100632684171594
155,0.24100522958961673
156,0.2410041328265723
157,0.24100303655475422
158,0.24100194077632894
159,0.24100084549345802
160,0.24099975070829813
161,0.24099865642300158
162,0.2409975626397162
163,0.24099646936058322
164,0.2409953765877408
165,0.24099428432332193
166,0.2409931925694538
167,0.24099210132825988
168,0.24099101060185713
169,0.24098992039235947
170,0.24098883070187435
171,0.24098774153250485
172,0.2409866528863487
173,0.24098556476549854
174,0.24098447717204347
175,0.24098339010806438
176,0.24098230357563996
177,0.24098121757684274
178,0.24098013211373936
179,0.24097904718839241
180,0.24097796280285907
181,0.2409768789591907
182,0.24097579565943392
183,0.2409747129056306
184,0.240973630699816
185,0.2409725490440214
186,0.24097146794027233
187,0.24097038739058865
188,0.24096930739698502
189,0.24096822796147185
190,0.2409671490860522
191,0.240966070772725
192,0.2409649930234844
193,0.24096391584031734
194,0.24096283922520687
195,0.24096176318012985
196,0.24096068770705775
197,0.24095961280795666
198,0.2409585384847869
199,0.24095746473950402
200,0.2409563915740571
201,0.24095531899039008
202,0.24095424699044155
203,0.24095317557614396
204,0.2409521047494247
205,0.24095103451220526
206,0.2409499648664013
207,0.24094889581392379
208,0.24094782735667641
209,0.24094675949655878
210,0.24094569223546372
211,0.24094462557527888
212,0.2409435595178861
213,0.24094249406516102
214,0.24094142921897416
215,0.24094036498119029
216,0.24093930135366765
217,0.24093823833825917
218,0.24093717593681263
219,0.24093611415116856
220,0.24093505298316234
221,0.2409339924346242
222,0.24093293250737727
223,0.24093187320323953
224,0.24093081452402323
225,0.24092975647153375
226,0.24092869904757144
227,0.24092764225393054
228,0.24092658609239936
229,0.24092553056475974
230,0.24092447567278844
231,0.24092342141825546
232,0.24092236780292484
233,0.24092131482855533
234,0.24092026249689877
235,0.24091921080970188
236,0.24091815976870434
237,0.24091710937564037
238,0.24091605963223817
239,0.24091501054021972
240,0.24091396210130056
241,0.24091291431719097
242,0.240911867189594
243,0.24091082072020753
244,0.24090977491072313
245,0.24090872976282543
246,0.2409076852781945
247,0.24090664145850219
248,0.24090559830541583
249,0.24090455582059625
250,0.24090351400569704
251,0.24090247286236713
252,0.240901432392248
253,0.24090039259697565
254,0.2408993534781795
255,0.24089831503748274
256,0.24089727727650218
257,0.24089624019684877
258,0.24089520380012708
259,0.24089416808793554
260,0.24089313306186547
261,0.24089209872350273
262,0.2408910650744267
263,0.24089003211621038
264,0.2408889998504203
265,0.2408879682786172
266,0.24088693740235492
267,0.2408859072231809
268,0.2408848777426367
269,0.24088384896225706
270,0.24088282088357085
271,0.24088179350810066
272,0.24088076683736165
273,0.24087974087286382
274,0.24087871561610988
275,0.24087769106859702
276,0.24087666723181514
277,0.24087564410724838
278,0.2408746216963741
279,0.24087360000066366
280,0.24087257902158127
281,0.24087155876058497
282,0.24087053921912754
283,0.24086952039865353
284,0.2408685023006016
285,0.2408674849264046
286,0.24086646827748873
287,0.24086545235527315
288,0.24086443716117087
289,0.24086342269658845
290,0.2408624089629263
291,0.24086139596157824
292,0.24086038369393056
293,0.24085937216136452
294,0.2408583613652544
295,0.24085735130696723
296,0.2408563419878647
297,0.24085533340930124
298,0.2408543255726256
299,0.24085331847917826
300,0.24085231213029545
