1,0.25316008299013537
2,0.24906430240892746
3,0.2490535328894875
4,0.24904283615545486
5,0.24903222407843473
6,0.24902170063697412
7,0.24901126964392084
8,0.2490009347384015
9,0.2489906993787422
10,0.24898056683636374
11,0.2489705401906597
12,0.24896062232487048
13,0.24895081592294407
14,0.24894112346737143
15,0.24893154723797598
16,0.2489220893116274
17,0.2489127515628413
18,0.24890353566523013
19,0.2488944430937473
20,0.24888547512768033
21,0.24887663285433442
22,0.2488679171733491
23,0.24885932880158884
24,0.24885086827854255
25,0.24884253597217462
26,0.24883433208516656
27,0.2488262566614848
28,0.24881830959322038
29,0.24881049062764388
30,0.24880279937441602
31,0.248795235312914
32,0.2487877977996112
33,0.24878048607547829
34,0.24877329927335995
35,0.2487662364252822
36,0.24875929646967088
37,0.24875247825843855
38,0.24874578056391788
39,0.24873920208561734
40,0.2487327414567792
41,0.2487263972507244
42,0.24872016798696225
43,0.24871405213706707
44,0.248708048130303
45,0.24870215435899226
46,0.24869636918362506
47,0.24869069093771157
48,0.24868511793236922
49,0.24867964846064947
50,0.2486742808016145
51,0.24866901322415277
52,0.24866384399055377
53,0.24865877135983844
54,0.248653793590858
55,0.24864890894516417
56,0.24864411568966077
57,0.2486394120990494
58,0.24863479645806955
59,0.24863026706354807
60,0.24862582222626614
61,0.24862146027265405
62,0.24861717954631832
63,0.24861297840941363
64,0.24860885524386855
65,0.2486048084524746
66,0.24860083645984032
67,0.24859693771323144
68,0.24859311068329074
69,0.24858935386465217
70,0.24858566577646588
71,0.24858204496281522
72,0.24857848999306567
73,0.24857499946212344
74,0.2485715719906269
75,0.24856820622507353
76,0.24856490083787952
77,0.24856165452738915
78,0.2485584660178304
79,0.24855533405922642
80,0.24855225742726128
81,0.24854923492311212
82,0.2485462653732437
83,0.2485433476291743
84,0.2485404805672122
85,0.24853766308817074
86,0.24853489411705842
87,0.24853217260275273
88,0.248529497517656
89,0.24852686785733832
90,0.2485242826401673
91,0.24852174090692966
92,0.24851924172043913
93,0.24851678416514644
94,0.2485143673467334
95,0.24851199039171373
96,0.2485096524470218
97,0.24850735267960647
98,0.24850509027602063
99,0.24850286444201325
100,0.2485006744021204
101,0.24849851939926174
102,0.24849639869433507
103,0.24849431156581864
104,0.24849225730937294
105,0.24849023523745142
106,0.24848824467891195
107,0.2484862849786348
108,0.2484843554971475
109,0.24848245561025195
110,0.24848058470866027
111,0.24847874219763733
112,0.24847692749664507
113,0.2484751400389988
114,0.24847337927152735
115,0.24847164465423868
116,0.24846993565999223
117,0.2484682517741842
118,0.24846659249442923
119,0.24846495733025642
120,0.24846334580281007
121,0.24846175744455473
122,0.24846019179899206
123,0.24845864842037751
124,0.2484571268734501
125,0.248455626733164
126,0.2484541475844295
127,0.2484526890218565
