1,0.25217920513170844
2,0.2500000000000009
3,0.2500000000000009
4,0.2500000000000009
5,0.2500000000000009
6,0.2500000000000009
7,0.2500000000000009
8,0.2500000000000009
9,0.2500000000000009
10,0.2500000000000009
11,0.2500000000000009
12,0.2500000000000009
13,0.2500000000000009
14,0.2500000000000009
15,0.2500000000000009
16,0.2500000000000009
17,0.2500000000000009
18,0.2500000000000009
19,0.2500000000000009
20,0.2500000000000009
21,0.2500000000000009
22,0.2500000000000009
23,0.2500000000000009
24,0.2500000000000009
25,0.2500000000000009
26,0.2500000000000009
27,0.2500000000000009
28,0.2500000000000009
29,0.2500000000000009
30,0.2500000000000009
31,0.2500000000000009
32,0.2500000000000009
33,0.2500000000000009
34,0.2500000000000009
35,0.2500000000000009
36,0.2500000000000009
37,0.2500000000000009
38,0.2500000000000009
39,0.2500000000000009
40,0.2500000000000009
41,0.2500000000000009
42,0.2500000000000009
43,0.2500000000000009
44,0.2500000000000009
45,0.2500000000000009
46,0.2500000000000009
47,0.2500000000000009
48,0.2500000000000009
49,0.2500000000000009
50,0.2500000000000009
51,0.2500000000000009
52,0.2500000000000009
53,0.2500000000000009
54,0.2500000000000009
55,0.2500000000000009
56,0.2500000000000009
57,0.2500000000000009
58,0.2500000000000009
59,0.2500000000000009
60,0.2500000000000009
61,0.2500000000000009
62,0.2500000000000009
63,0.2500000000000009
64,0.2500000000000009
65,0.2500000000000009
66,0.2500000000000009
67,0.2500000000000009
68,0.2500000000000009
69,0.2500000000000009
70,0.2500000000000009
71,0.2500000000000009
72,0.2500000000000009
73,0.2500000000000009
74,0.2500000000000009
75,0.2500000000000009
76,0.2500000000000009
77,0.2500000000000009
78,0.2500000000000009
79,0.2500000000000009
80,0.2500000000000009
81,0.2500000000000009
82,0.2500000000000009
83,0.2500000000000009
84,0.2500000000000009
85,0.2500000000000009
86,0.2500000000000009
87,0.2500000000000009
88,0.2500000000000009
89,0.2500000000000009
90,0.2500000000000009
91,0.2500000000000009
92,0.2500000000000009
93,0.2500000000000009
94,0.2500000000000009
95,0.2500000000000009
96,0.2500000000000009
97,0.2500000000000009
98,0.2500000000000009
99,0.2500000000000009
100,0.2500000000000009
101,0.2500000000000009
102,0.2500000000000009
103,0.2500000000000009
104,0.2500000000000009
105,0.2500000000000009
106,0.2500000000000009
107,0.2500000000000009
108,0.2500000000000009
109,0.2500000000000009
110,0.2500000000000009
111,0.2500000000000009
112,0.2500000000000009
113,0.2500000000000009
114,0.2500000000000009
115,0.2500000000000009
116,0.2500000000000009
117,0.2500000000000009
118,0.2500000000000009
119,0.2500000000000009
120,0.2500000000000009
121,0.2500000000000009
122,0.2500000000000009
123,0.2500000000000009
124,0.2500000000000009
125,0.2500000000000009
126,0.2500000000000009
127,0.2500000000000009
128,0.2500000000000009
129,0.2500000000000009
130,0.2500000000000009
131,0.2500000000000009
132,0.2500000000000009
133,0.2500000000000009
134,0.2500000000000009
135,0.2500000000000009
136,0.2500000000000009
137,0.2500000000000009
138,0.2500000000000009
139,0.2500000000000009
140,0.2500000000000009
141,0.2500000000000009
142,0.2500000000000009
143,0.2500000000000009
144,0.2500000000000009
145,0.2500000000000009
146,0.2500000000000009
147,0.2500000000000009
148,0.2500000000000009
149,0.2500000000000009
150,0.2500000000000009
151,0.2500000000000009
152,0.2500000000000009
153,0.2500000000000009
154,0.2500000000000009
155,0.2500000000000009
156,0.2500000000000009
157,0.2500000000000009
158,0.2500000000000009
159,0.2500000000000009
160,0.2500000000000009
161,0.2500000000000009
162,0.2500000000000009
163,0.2500000000000009
164,0.2500000000000009
165,0.2500000000000009
166,0.2500000000000009
167,0.2500000000000009
168,0.2500000000000009
169,0.2500000000000009
170,0.2500000000000009
171,0.2500000000000009
172,0.2500000000000009
173,0.2500000000000009
174,0.2500000000000009
175,0.2500000000000009
176,0.2500000000000009
177,0.2500000000000009
178,0.2500000000000009
179,0.2500000000000009
180,0.2500000000000009
181,0.2500000000000009
182,0.2500000000000009
183,0.2500000000000009
184,0.2500000000000009
185,0.2500000000000009
186,0.2500000000000009
187,0.2500000000000009
188,0.2500000000000009
189,0.2500000000000009
190,0.2500000000000009
191,0.2500000000000009
192,0.2500000000000009
193,0.2500000000000009
194,0.2500000000000009
195,0.2500000000000009
196,0.2500000000000009
197,0.2500000000000009
198,0.2500000000000009
199,0.2500000000000009
200,0.2500000000000009
201,0.2500000000000009
202,0.2500000000000009
203,0.2500000000000009
204,0.2500000000000009
205,0.2500000000000009
206,0.2500000000000009
207,0.2500000000000009
208,0.2500000000000009
209,0.2500000000000009
210,0.2500000000000009
211,0.2500000000000009
212,0.2500000000000009
213,0.2500000000000009
214,0.2500000000000009
215,0.2500000000000009
216,0.2500000000000009
217,0.2500000000000009
218,0.2500000000000009
219,0.2500000000000009
220,0.2500000000000009
221,0.2500000000000009
222,0.2500000000000009
223,0.2500000000000009
224,0.2500000000000009
225,0.2500000000000009
226,0.2500000000000009
227,0.2500000000000009
228,0.2500000000000009
229,0.2500000000000009
230,0.2500000000000009
231,0.2500000000000009
232,0.2500000000000009
233,0.2500000000000009
234,0.2500000000000009
235,0.2500000000000009
236,0.2500000000000009
237,0.2500000000000009
238,0.2500000000000009
239,0.2500000000000009
240,0.2500000000000009
241,0.2500000000000009
242,0.2500000000000009
243,0.2500000000000009
244,0.2500000000000009
245,0.2500000000000009
246,0.2500000000000009
247,0.2500000000000009
248,0.2500000000000009
249,0.2500000000000009
250,0.2500000000000009
251,0.2500000000000009
252,0.2500000000000009
253,0.2500000000000009
254,0.2500000000000009
255,0.2500000000000009
256,0.2500000000000009
257,0.2500000000000009
258,0.2500000000000009
259,0.2500000000000009
260,0.2500000000000009
261,0.2500000000000009
262,0.2500000000000009
263,0.2500000000000009
264,0.2500000000000009
265,0.2500000000000009
266,0.2500000000000009
267,0.2500000000000009
268,0.2500000000000009
269,0.2500000000000009
270,0.2500000000000009
271,0.2500000000000009
272,0.2500000000000009
273,0.2500000000000009
274,0.2500000000000009
275,0.2500000000000009
276,0.2500000000000009
277,0.2500000000000009
278,0.2500000000000009
279,0.2500000000000009
280,0.2500000000000009
281,0.2500000000000009
282,0.2500000000000009
283,0.2500000000000009
284,0.2500000000000009
285,0.2500000000000009
286,0.2500000000000009
287,0.2500000000000009
288,0.2500000000000009
289,0.2500000000000009
290,0.2500000000000009
291,0.2500000000000009
292,0.2500000000000009
293,0.2500000000000009
294,0.2500000000000009
295,0.2500000000000009
296,0.2500000000000009
297,0.2500000000000009
298,0.2500000000000009
299,0.2500000000000009
300,0.2500000000000009
301,0.2500000000000009
302,0.2500000000000009
303,0.2500000000000009
304,0.2500000000000009
305,0.2500000000000009
306,0.2500000000000009
307,0.2500000000000009
308,0.2500000000000009
309,0.2500000000000009
310,0.2500000000000009
311,0.2500000000000009
312,0.2500000000000009
313,0.2500000000000009
314,0.2500000000000009
315,0.2500000000000009
316,0.2500000000000009
317,0.2500000000000009
318,0.2500000000000009
319,0.2500000000000009
320,0.2500000000000009
321,0.2500000000000009
322,0.2500000000000009
323,0.2500000000000009
324,0.2500000000000009
325,0.2500000000000009
326,0.2500000000000009
327,0.2500000000000009
328,0.2500000000000009
329,0.2500000000000009
330,0.2500000000000009
331,0.2500000000000009
332,0.2500000000000009
333,0.2500000000000009
334,0.2500000000000009
335,0.2500000000000009
336,0.2500000000000009
337,0.2500000000000009
338,0.2500000000000009
339,0.2500000000000009
340,0.2500000000000009
341,0.2500000000000009
342,0.2500000000000009
343,0.2500000000000009
344,0.2500000000000009
345,0.2500000000000009
346,0.2500000000000009
347,0.2500000000000009
348,0.2500000000000009
349,0.2500000000000009
350,0.2500000000000009
351,0.2500000000000009
352,0.2500000000000009
353,0.2500000000000009
354,0.2500000000000009
355,0.2500000000000009
356,0.2500000000000009
357,0.2500000000000009
358,0.2500000000000009
359,0.2500000000000009
360,0.2500000000000009
361,0.2500000000000009
362,0.2500000000000009
363,0.2500000000000009
364,0.2500000000000009
365,0.2500000000000009
366,0.2500000000000009
367,0.2500000000000009
368,0.2500000000000009
369,0.2500000000000009
370,0.2500000000000009
371,0.2500000000000009
372,0.2500000000000009
373,0.2500000000000009
374,0.2500000000000009
375,0.2500000000000009
376,0.2500000000000009
377,0.2500000000000009
378,0.2500000000000009
379,0.2500000000000009
380,0.2500000000000009
381,0.2500000000000009
382,0.2500000000000009
383,0.2500000000000009
384,0.2500000000000009
385,0.2500000000000009
386,0.2500000000000009
387,0.2500000000000009
388,0.2500000000000009
389,0.2500000000000009
390,0.2500000000000009
391,0.2500000000000009
392,0.2500000000000009
393,0.2500000000000009
394,0.2500000000000009
395,0.2500000000000009
396,0.2500000000000009
397,0.2500000000000009
398,0.2500000000000009
399,0.2500000000000009
400,0.2500000000000009
401,0.2500000000000009
402,0.2500000000000009
403,0.2500000000000009
404,0.2500000000000009
405,0.2500000000000009
406,0.2500000000000009
407,0.2500000000000009
408,0.2500000000000009
409,0.2500000000000009
410,0.2500000000000009
411,0.2500000000000009
412,0.2500000000000009
413,0.2500000000000009
414,0.2500000000000009
415,0.2500000000000009
416,0.2500000000000009
417,0.2500000000000009
418,0.2500000000000009
419,0.2500000000000009
420,0.2500000000000009
421,0.2500000000000009
422,0.2500000000000009
423,0.2500000000000009
424,0.2500000000000009
425,0.2500000000000009
426,0.2500000000000009
427,0.2500000000000009
428,0.2500000000000009
429,0.2500000000000009
430,0.2500000000000009
431,0.2500000000000009
432,0.2500000000000009
433,0.2500000000000009
434,0.2500000000000009
435,0.2500000000000009
436,0.2500000000000009
437,0.2500000000000009
438,0.2500000000000009
439,0.2500000000000009
440,0.2500000000000009
441,0.2500000000000009
442,0.2500000000000009
443,0.2500000000000009
444,0.2500000000000009
445,0.2500000000000009
446,0.2500000000000009
447,0.2500000000000009
448,0.2500000000000009
449,0.2500000000000009
450,0.2500000000000009
451,0.2500000000000009
452,0.2500000000000009
453,0.2500000000000009
454,0.2500000000000009
455,0.2500000000000009
456,0.2500000000000009
457,0.2500000000000009
458,0.2500000000000009
459,0.2500000000000009
460,0.2500000000000009
461,0.2500000000000009
462,0.2500000000000009
463,0.2500000000000009
464,0.2500000000000009
465,0.2500000000000009
466,0.2500000000000009
467,0.2500000000000009
468,0.2500000000000009
469,0.2500000000000009
470,0.2500000000000009
471,0.2500000000000009
472,0.2500000000000009
473,0.2500000000000009
474,0.2500000000000009
475,0.2500000000000009
476,0.2500000000000009
477,0.2500000000000009
478,0.2500000000000009
479,0.2500000000000009
480,0.2500000000000009
481,0.2500000000000009
482,0.2500000000000009
483,0.2500000000000009
484,0.2500000000000009
485,0.2500000000000009
486,0.2500000000000009
487,0.2500000000000009
488,0.2500000000000009
489,0.2500000000000009
490,0.2500000000000009
491,0.2500000000000009
492,0.2500000000000009
493,0.2500000000000009
494,0.2500000000000009
495,0.2500000000000009
496,0.2500000000000009
497,0.2500000000000009
498,0.2500000000000009
499,0.2500000000000009
500,0.2500000000000009
501,0.2500000000000009
502,0.2500000000000009
503,0.2500000000000009
504,0.2500000000000009
505,0.2500000000000009
506,0.2500000000000009
507,0.2500000000000009
508,0.2500000000000009
509,0.2500000000000009
510,0.2500000000000009
511,0.2500000000000009
512,0.2500000000000009
513,0.2500000000000009
514,0.2500000000000009
515,0.2500000000000009
516,0.2500000000000009
517,0.2500000000000009
518,0.2500000000000009
519,0.2500000000000009
520,0.2500000000000009
521,0.2500000000000009
522,0.2500000000000009
523,0.2500000000000009
524,0.2500000000000009
525,0.2500000000000009
526,0.2500000000000009
527,0.2500000000000009
528,0.2500000000000009
529,0.2500000000000009
530,0.2500000000000009
531,0.2500000000000009
532,0.2500000000000009
533,0.2500000000000009
534,0.2500000000000009
535,0.2500000000000009
536,0.2500000000000009
537,0.2500000000000009
538,0.2500000000000009
539,0.2500000000000009
540,0.2500000000000009
541,0.2500000000000009
542,0.2500000000000009
543,0.2500000000000009
544,0.2500000000000009
545,0.2500000000000009
546,0.2500000000000009
547,0.2500000000000009
548,0.2500000000000009
549,0.2500000000000009
550,0.2500000000000009
551,0.2500000000000009
552,0.2500000000000009
553,0.2500000000000009
554,0.2500000000000009
555,0.2500000000000009
556,0.2500000000000009
557,0.2500000000000009
558,0.2500000000000009
559,0.2500000000000009
560,0.2500000000000009
561,0.2500000000000009
562,0.2500000000000009
563,0.2500000000000009
564,0.2500000000000009
565,0.2500000000000009
566,0.2500000000000009
567,0.2500000000000009
568,0.2500000000000009
569,0.2500000000000009
570,0.2500000000000009
571,0.2500000000000009
572,0.2500000000000009
573,0.2500000000000009
574,0.2500000000000009
575,0.2500000000000009
576,0.2500000000000009
577,0.2500000000000009
578,0.2500000000000009
579,0.2500000000000009
580,0.2500000000000009
581,0.2500000000000009
582,0.2500000000000009
583,0.2500000000000009
584,0.2500000000000009
585,0.2500000000000009
586,0.2500000000000009
587,0.2500000000000009
588,0.2500000000000009
589,0.2500000000000009
590,0.2500000000000009
591,0.2500000000000009
592,0.2500000000000009
593,0.2500000000000009
594,0.2500000000000009
595,0.2500000000000009
596,0.2500000000000009
597,0.2500000000000009
598,0.2500000000000009
599,0.2500000000000009
600,0.2500000000000009
601,0.2500000000000009
602,0.2500000000000009
603,0.2500000000000009
604,0.2500000000000009
605,0.2500000000000009
606,0.2500000000000009
607,0.2500000000000009
608,0.2500000000000009
609,0.2500000000000009
610,0.2500000000000009
611,0.2500000000000009
612,0.2500000000000009
613,0.2500000000000009
614,0.2500000000000009
615,0.2500000000000009
616,0.2500000000000009
617,0.2500000000000009
618,0.2500000000000009
619,0.2500000000000009
620,0.2500000000000009
621,0.2500000000000009
622,0.2500000000000009
623,0.2500000000000009
624,0.2500000000000009
625,0.2500000000000009
626,0.2500000000000009
627,0.2500000000000009
628,0.2500000000000009
629,0.2500000000000009
630,0.2500000000000009
631,0.2500000000000009
632,0.2500000000000009
633,0.2500000000000009
634,0.2500000000000009
635,0.2500000000000009
636,0.2500000000000009
637,0.2500000000000009
638,0.2500000000000009
639,0.2500000000000009
640,0.2500000000000009
641,0.2500000000000009
642,0.2500000000000009
643,0.2500000000000009
644,0.2500000000000009
645,0.2500000000000009
646,0.2500000000000009
647,0.2500000000000009
648,0.2500000000000009
649,0.2500000000000009
650,0.2500000000000009
651,0.2500000000000009
652,0.2500000000000009
653,0.2500000000000009
654,0.2500000000000009
655,0.2500000000000009
656,0.2500000000000009
657,0.2500000000000009
658,0.2500000000000009
659,0.2500000000000009
660,0.2500000000000009
661,0.2500000000000009
662,0.2500000000000009
663,0.2500000000000009
664,0.2500000000000009
665,0.2500000000000009
666,0.2500000000000009
667,0.2500000000000009
668,0.2500000000000009
669,0.2500000000000009
670,0.2500000000000009
671,0.2500000000000009
672,0.2500000000000009
673,0.2500000000000009
674,0.2500000000000009
675,0.2500000000000009
676,0.2500000000000009
677,0.2500000000000009
678,0.2500000000000009
679,0.2500000000000009
680,0.2500000000000009
681,0.2500000000000009
682,0.2500000000000009
683,0.2500000000000009
684,0.2500000000000009
685,0.2500000000000009
686,0.2500000000000009
687,0.2500000000000009
688,0.2500000000000009
689,0.2500000000000009
690,0.2500000000000009
691,0.2500000000000009
692,0.2500000000000009
