1,0.32354671275609953
2,0.27865504354858855
3,0.24942610948258667
4,0.25019635501765863
5,0.2495809246236487
6,0.24958093457311537
7,0.24958093457319636
8,0.24958093457319633
9,0.24958093457319633
10,0.24958093457319633
11,0.24958093457319633
12,0.24958093457319638
13,0.24958093457319636
14,0.24958093457319633
15,0.24958093457319633
16,0.2495809345731964
17,0.24958093457319633
18,0.24958093457319633
19,0.2495809345731964
20,0.24958093457319633
21,0.24958093457319633
22,0.2495809345731964
23,0.24958093457319633
24,0.24958093457319633
25,0.2495809345731964
26,0.24958093457319633
27,0.24958093457319633
28,0.2495809345731964
29,0.24958093457319633
30,0.24958093457319633
31,0.2495809345731964
32,0.24958093457319633
33,0.24958093457319633
34,0.2495809345731964
35,0.24958093457319633
36,0.24958093457319633
37,0.2495809345731964
38,0.24958093457319633
39,0.24958093457319633
40,0.2495809345731964
41,0.24958093457319633
42,0.24958093457319633
43,0.2495809345731964
44,0.24958093457319633
45,0.24958093457319633
46,0.2495809345731964
47,0.24958093457319633
48,0.24958093457319633
49,0.2495809345731964
50,0.24958093457319633
51,0.24958093457319633
52,0.2495809345731964
53,0.24958093457319633
54,0.24958093457319633
55,0.2495809345731964
56,0.24958093457319633
57,0.24958093457319633
58,0.2495809345731964
59,0.24958093457319633
60,0.24958093457319633
61,0.2495809345731964
62,0.24958093457319633
63,0.24958093457319633
64,0.2495809345731964
65,0.24958093457319633
66,0.24958093457319633
67,0.2495809345731964
68,0.24958093457319633
69,0.24958093457319633
70,0.2495809345731964
71,0.24958093457319633
72,0.24958093457319633
73,0.2495809345731964
74,0.24958093457319633
75,0.24958093457319633
76,0.2495809345731964
77,0.24958093457319633
78,0.24958093457319633
79,0.2495809345731964
80,0.24958093457319633
81,0.24958093457319633
82,0.2495809345731964
83,0.24958093457319633
84,0.24958093457319633
85,0.2495809345731964
86,0.24958093457319633
87,0.24958093457319633
88,0.2495809345731964
89,0.24958093457319633
90,0.24958093457319633
91,0.2495809345731964
92,0.24958093457319633
93,0.24958093457319633
94,0.2495809345731964
95,0.24958093457319633
96,0.24958093457319633
97,0.2495809345731964
98,0.24958093457319633
99,0.24958093457319633
100,0.2495809345731964
101,0.24958093457319633
102,0.24958093457319633
103,0.2495809345731964
104,0.24958093457319633
105,0.24958093457319633
106,0.2495809345731964
107,0.24958093457319633
108,0.24958093457319633
109,0.2495809345731964
110,0.24958093457319633
111,0.24958093457319633
112,0.2495809345731964
113,0.24958093457319633
114,0.24958093457319633
115,0.2495809345731964
116,0.24958093457319633
117,0.24958093457319633
118,0.2495809345731964
119,0.24958093457319633
120,0.24958093457319633
121,0.2495809345731964
122,0.24958093457319633
123,0.24958093457319633
124,0.2495809345731964
125,0.24958093457319633
126,0.24958093457319633
127,0.2495809345731964
128,0.24958093457319633
129,0.24958093457319633
