1,0.45193514829824816
2,0.45180518584909357
3,0.4516148088181373
4,0.4513026744098516
5,0.45069483575273533
6,0.44895156927427415
7,0.38480986011802243
8,0.25846268200264844
9,0.2582328834323173
10,0.25801004335013794
11,0.257796376063482
12,0.25759276269073317
13,0.25739978360044785
14,0.25721773143955956
15,0.25704663995110366
16,0.25688632327793204
17,0.25673642042266603
18,0.2565964402529571
19,0.25646580357270266
20,0.25634388001626984
21,0.2562300186423591
22,0.2561235719865307
23,0.2560239139420415
24,0.2559304521998966
25,0.25584263614198594
26,0.2557599611041828
27,0.2556819698621191
28,0.2556082520824569
29,0.255538442356097
30,0.25547221730533726
31,0.25540929214468
32,0.2553494169793706
33,0.25529237304758645
34,0.25523796905039003
35,0.25518603766592374
36,0.2551364323084385
37,0.2550890241662504
38,0.255043699533534
39,0.25500035743725535
40,0.2549589075511424
41,0.25491926838227014
42,0.2548813657118423
43,0.25484513126939606
44,0.254810501618527
45,0.2547774172319964
46,0.25474582173446514
47,0.2547156612919418
48,0.25468688412819823
49,0.25465944014977293
50,0.2546332806626911
51,0.25460835816559896
52,0.2545846262056113
53,0.25456203928472765
54,0.25454055280621074
55,0.2545201230517355
56,0.2545007071814917
57,0.25448226325063616
58,0.2544647502366375
59,0.25444812807304784
60,0.25443235768613526
61,0.25441740103158816
62,0.2544032211291718
63,0.25438978209378205
64,0.254377049161827
65,0.25436498871224866
66,0.25435356828182887
67,0.2543427565746641
68,0.2543325234658974
69,0.2543228399999447
70,0.25431367838355434
71,0.2543050119741195
72,0.25429681526369896
73,0.2542890638592399
74,0.25428173445948316
75,0.2542748048290433
76,0.2542682537701235
77,0.2542620610923028
78,0.2542562075808149
79,0.2542506749636869
80,0.25424544587808057
81,0.254240503836151
82,0.2542358331906859
83,0.25423141910077224
84,0.25422724749769665
85,0.25422330505125157
86,0.25421957913661336
87,0.25421605780189976
88,0.25421272973652664
89,0.2542095842404365
90,0.25420661119426596
91,0.2542038010305033
92,0.2542011447056606
93,0.2541986336734886
94,0.25419625985922323
95,0.25419401563485505
96,0.25419189379534873
97,0.2541898875356349
98,0.25418799042778134
99,0.25418619639579354
100,0.25418449967106554
101,0.25418289442401737
102,0.2538405236670148
103,0.25352027665047794
104,0.2535133113474145
105,0.2535133060115421
106,0.2535133008805173
107,0.2535132959455865
108,0.2535132911983847
109,0.25351328663091405
110,0.2535132822355307
111,0.25351327800492496
112,0.2535132739321085
113,0.2535132700103961
114,0.2535132662333964
115,0.25351326259499485
116,0.25351325908934236
117,0.2535132557108428
118,0.25351325245414263
119,0.25351324931411956
120,0.2535132462858702
121,0.25351324336470427
122,0.2535132405461304
123,0.25351323782585183
124,0.2535132351997542
125,0.2535132326638996
126,0.25351323021451716
127,0.2535132278479979
128,0.2535132255608847
129,0.2535132233498697
130,0.2535132212117827
131,0.25351321914358926
132,0.2535132171423834
133,0.2535132152053816
134,0.25351321332991805
135,0.2535132115134391
136,0.25351320975349917
137,0.2535132080477552
138,0.25351320639396335
139,0.2535132047899733
140,0.25351320323372495
141,0.25351320172324554
142,0.2535132002566446
143,0.2535131988321102
144,0.25351319744790735
145,0.2535131961023728
146,0.2535131947939128
147,0.2535131935210009
148,0.2535131922821737
149,0.2535131910760293
150,0.25351318990122407
151,0.25351318875646967
152,0.2535131876405332
153,0.253513186552231
154,0.25351318549043034
155,0.2535131844540448
156,0.25351318344203233
157,0.25351318245339666
158,0.2535131814871801
159,0.25351318054246663
160,0.2535131796183768
161,0.253513178714069
162,0.2535131778287361
163,0.2535131769616039
164,0.2535131761119305
165,0.25351317527900535
166,0.25351317446214633
167,0.2535131736607009
168,0.2535131728740419
169,0.25351317210156904
170,0.2535131713427073
171,0.25351317059690454
172,0.2535131698636319
173,0.2535131691423824
174,0.2535131684326697
175,0.25351316773402827
176,0.2535131670460104
177,0.2535131663681888
178,0.25351316570015264
179,0.2535131650415077
180,0.25351316439187715
181,0.2535131637508986
182,0.2535131631182253
