1,0.4161710893975182
2,0.2675761710057398
3,0.25036520086168534
4,0.2503587572887127
5,0.25035875236147564
6,0.250358744383532
7,0.2503587364154186
8,0.2503587284571474
9,0.2503587205087002
10,0.25035871257005926
11,0.25035870464120685
12,0.25035869672212496
13,0.2503586888127959
14,0.25035868091320224
15,0.25035867302332604
16,0.25035866514314975
17,0.25035865727265555
18,0.2503586494118261
19,0.2503586415606441
20,0.2503586337190917
21,0.25035862588715213
22,0.25035861806480736
23,0.2503586102520401
24,0.25035860244883346
25,0.2503585946551697
26,0.250358586871032
27,0.2503585790964033
28,0.2503585713312659
29,0.2503585635756031
30,0.2503585558293978
31,0.25035854809263314
32,0.2503585403652922
33,0.2503585326473575
34,0.2503585249388125
35,0.25035851723964064
36,0.2503585095498249
37,0.2503585018693483
38,0.25035849419819445
39,0.25035848653634607
40,0.2503584788837875
41,0.2503584712405012
42,0.2503584636064714
43,0.250358455981681
44,0.25035844836611326
45,0.25035844075975244
46,0.25035843316258166
47,0.2503584255745847
48,0.25035841799574554
49,0.25035841042604734
50,0.25035840286547395
51,0.2503583953140093
52,0.25035838777163727
53,0.2503583802383415
54,0.25035837271410644
55,0.25035836519891513
56,0.250358357692752
57,0.2503583501956012
58,0.25035834270744634
59,0.2503583352282718
60,0.250358327758062
61,0.2503583202968006
62,0.2503583128444719
63,0.2503583054010603
64,0.25035829796654985
65,0.2503582905409249
66,0.2503582831241699
67,0.2503582757162693
68,0.25035826831720687
69,0.25035826092696806
70,0.25035825354553665
71,0.2503582461728974
72,0.25035823880903474
73,0.2503582314539336
74,0.2503582241075778
75,0.25035821676995285
76,0.2503582094410431
77,0.25035820212083354
78,0.2503581948093086
79,0.25035818750645306
80,0.2503581802122519
81,0.2503581729266904
82,0.2503581656497524
83,0.2503581583814241
84,0.2503581511216896
85,0.25035814387053407
86,0.2503581366279428
87,0.25035812939390073
88,0.2503581221683931
89,0.2503581149514049
90,0.2503581077429214
91,0.2503581005429275
92,0.250358093351409
93,0.250358086168351
94,0.25035807899373846
95,0.25035807182755715
96,0.2503580646697922
97,0.25035805752042917
98,0.2503580503794538
99,0.25035804324685074
100,0.2503580361226063
101,0.25035802900670556
102,0.2503580218991344
103,0.25035801479987857
104,0.2503580077089231
105,0.25035800062625435
106,0.25035799355185767
107,0.2503579864857189
108,0.25035797942782345
109,0.2503579723781578
110,0.2503579653367074
111,0.2503579583034582
112,0.25035795127839644
113,0.25035794426150737
114,0.2503579372527772
115,0.2503579302521923
116,0.2503579232597384
117,0.25035791627540155
118,0.25035790929916774
119,0.25035790233102373
120,0.25035789537095504
121,0.2503578884189481
122,0.2503578814749888
123,0.250357874539064
124,0.2503578676111596
125,0.2503578606912621
126,0.25035785377935765
127,0.2503578468754328
128,0.25035783997947375
129,0.2503578330914669
130,0.25035782621139924
131,0.2503578193392566
132,0.25035781247502586
133,0.25035780561869364
134,0.25035779877024666
135,0.250357791929671
136,0.2503577850969536
137,0.2503577782720812
138,0.25035777145504085
139,0.2503577646458185
140,0.25035775784440134
141,0.25035775105077623
142,0.25035774426493007
143,0.2503577374868492
144,0.2503577307165214
145,0.25035772395393285
146,0.25035771719907074
147,0.25035771045192196
148,0.2503577037124736
149,0.25035769698071264
150,0.25035769025662613
151,0.25035768354020155
152,0.2503576768314252
153,0.2503576701302848
154,0.2503576634367674
155,0.25035765675086014
156,0.2503576500725507
157,0.2503576434018257
158,0.2503576367386731
159,0.2503576300830793
160,0.2503576234350322
161,0.25035761679451946
162,0.25035761016152774
163,0.25035760353604514
164,0.25035759691805903
165,0.2503575903075565
166,0.2503575837045251
167,0.25035757710895296
168,0.25035757052082697
169,0.2503575639401351
170,0.25035755736686505
171,0.250357550801004
172,0.2503575442425399
173,0.2503575376914608
174,0.25035753114775366
175,0.25035752461140703
176,0.2503575180824081
177,0.2503575115607449
178,0.2503575050464054
179,0.2503574985393773
180,0.2503574920396484
181,0.2503574855472069
182,0.25035747906204026
183,0.2503574725841368
184,0.25035746611348525
185,0.25035745965007217
186,0.2503574531938865
187,0.25035744674491606
188,0.2503574403031491
189,0.2503574338685735
190,0.2503574274411775
191,0.2503574210209498
192,0.25035741460787747
193,0.25035740820194996
194,0.2503574018031548
195,0.2503573954114804
196,0.2503573890269151
197,0.25035738264944707
198,0.25035737627906524
199,0.2503573699157571
200,0.25035736355951177
201,0.25035735721031754
202,0.25035735086816274
203,0.25035734453303565
204,0.25035733820492523
205,0.2503573318838197
206,0.2503573255697077
207,0.2503573192625776
208,0.25035731296241837
209,0.25035730666921885
210,0.25035730038296694
211,0.25035729410365176
212,0.250357287831262
213,0.25035728156578624
214,0.25035727530721313
215,0.2503572690555321
216,0.250357262810731
217,0.2503572565727996
218,0.2503572503417261
219,0.25035724411749966
220,0.2503572379001088
221,0.25035723168954294
222,0.2503572254857905
223,0.2503572192888411
224,0.25035721309868314
225,0.25035720691530583
226,0.25035720073869866
227,0.2503571945688497
228,0.25035718840574867
229,0.2503571822493849
230,0.25035717609974706
231,0.25035716995682433
232,0.2503571638206063
233,0.25035715769108163
234,0.2503571515682397
235,0.25035714545207016
236,0.2503571393425618
237,0.25035713323970415
238,0.25035712714348657
239,0.25035712105389785
240,0.250357114970928
241,0.2503571088945659
242,0.25035710282480167
243,0.2503570967616242
244,0.2503570907050228
245,0.2503570846549871
246,0.2503570786115072
247,0.2503570725745717
248,0.2503570665441701
249,0.25035706052029333
250,0.2503570545029292
251,0.25035704849206825
252,0.2503570424877
253,0.2503570364898143
254,0.2503570304984003
255,0.250357024513448
256,0.2503570185349472
257,0.2503570125628874
258,0.25035700659725857
259,0.2503570006380501
260,0.2503569946852524
261,0.2503569887388551
262,0.2503569827988477
263,0.25035697686522007
264,0.2503569709379622
265,0.2503569650170645
266,0.25035695910251626
267,0.2503569531943078
268,0.25035694729242874
269,0.2503569413968693
270,0.25035693550761945
271,0.25035692962466904
272,0.2503569237480085
273,0.25035691787762776
274,0.2503569120135165
275,0.2503569061556655
276,0.25035690030406443
277,0.2503568944587036
278,0.250356888619573
279,0.25035688278666335
280,0.250356876959964
281,0.25035687113946625
282,0.25035686532515955
283,0.25035685951703457
284,0.25035685371508115
285,0.25035684791929
286,0.25035684212965115
287,0.2503568363461555
288,0.2503568305687931
289,0.2503568247975541
290,0.25035681903242957
291,0.25035681327340903
292,0.25035680752048367
293,0.2503568017736438
294,0.25035679603287964
295,0.2503567902981819
296,0.2503567845695417
297,0.2503567788469486
298,0.25035677313039356
299,0.2503567674198672
300,0.25035676171536014
301,0.2503567560168629
302,0.2503567503243665
