1,0.2565913751059292
2,0.25173569547922253
3,0.25173557501358534
4,0.25173545517223095
5,0.25173533610703136
6,0.25173521781096936
7,0.25173510027710916
8,0.25173498349859275
9,0.2517348674686413
10,0.25173475218055164
11,0.25173463762769704
12,0.25173452380352485
13,0.25173441070155694
14,0.25173429831538774
15,0.25173418663868363
16,0.2517340756651805
17,0.25173396538868625
18,0.25173385580307645
19,0.2517337469022948
20,0.25173363868035237
21,0.25173353113132635
22,0.2517334242493594
23,0.2517333180286585
24,0.25173321246349484
25,0.25173310754820166
26,0.25173300327717435
27,0.2517328996448698
28,0.2517327966458058
29,0.2517326942745584
30,0.25173259252576347
31,0.2517324913941149
32,0.2517323908743633
33,0.25173229096131616
34,0.251732191649838
35,0.25173209293484583
36,0.25173199481131325
37,0.2517318972742666
38,0.2517318003187861
39,0.25173170394000366
40,0.25173160813310314
41,0.25173151289331847
42,0.25173141821593553
43,0.25173132409628896
44,0.2517312305297626
45,0.25173113751178894
46,0.25173104503784866
47,0.25173095310346905
48,0.2517308617042245
49,0.25173077083573564
50,0.251730680493668
51,0.25173059067373266
52,0.25173050137168457
53,0.2517304125833235
54,0.2517303243044923
55,0.25173023653107424
56,0.2517301492589987
57,0.2517300624842344
58,0.2517299762027907
59,0.2517298904107202
60,0.2517298051041128
61,0.2517297202791004
62,0.25172963593185205
63,0.2517295520585781
64,0.2517294686555249
65,0.2517293857189778
66,0.2517293032452594
67,0.25172922123072805
68,0.2517291396717804
69,0.2517290585648475
70,0.25172897790639737
71,0.2517288976929323
72,0.2517288179209892
73,0.2517287385871399
74,0.2517286596879897
75,0.25172858122017766
76,0.25172850318037604
77,0.25172842556528896
78,0.2517283483716546
79,0.25172827159624145
80,0.25172819523584955
81,0.25172811928731204
82,0.2517280437474905
83,0.2517279686132785
84,0.25172789388159944
85,0.25172781954940576
86,0.25172774561368094
87,0.25172767207143587
88,0.25172759891971075
89,0.2517275261555744
90,0.2517274537761235
91,0.25172738177848264
92,0.25172731015980343
93,0.25172723891726595
94,0.25172716804807516
95,0.25172709754946304
96,0.2517270274186888
97,0.25172695765303665
98,0.2517268882498168
99,0.251726819206365
100,0.25172675052004045
101,0.2517266821882292
102,0.25172661420834086
103,0.2517265465778093
104,0.2517264792940912
105,0.2517264123546684
106,0.2517263457570462
107,0.251726279498752
108,0.25172621357733627
109,0.2517261479903719
110,0.2517260827354556
111,0.2517260178102045
112,0.251725953212258
113,0.25172588893927744
114,0.25172582498894563
115,0.2517257613589662
116,0.2517256980470631
117,0.2517256350509822
118,0.2517255723684896
119,0.2517255099973704
120,0.2517254479354314
121,0.25172538618049745
122,0.2517253247304145
123,0.25172526358304737
124,0.25172520273627946
125,0.25172514218801356
126,0.2517250819361712
127,0.25172502197869273
128,0.2517249623135357
129,0.2517249029386776
