1,0.3647064149239132
2,0.25903371414748766
3,0.25903360557481053
4,0.2590334937525148
5,0.2590333824154227
6,0.2590332715604591
7,0.2590331611845748
8,0.25903305128474513
9,0.25903294185797104
10,0.2590328329012776
11,0.2590327244117156
12,0.25903261638635816
13,0.2590325088223038
14,0.25903240171667463
15,0.2590322950666154
16,0.25903218886929524
17,0.2590320831219055
18,0.259031977821661
19,0.2590318729657982
20,0.25903176855157684
21,0.25903166457627835
22,0.2590315610372063
23,0.2590314579316855
24,0.2590313552570627
25,0.25903125301070556
26,0.259031151190003
27,0.2590310497923652
28,0.25903094881522154
29,0.25903084825602357
30,0.259030748112242
31,0.259030648381368
32,0.25903054906091255
33,0.2590304501484062
34,0.2590303516413986
35,0.25903025353745934
36,0.25903015583417643
37,0.2590300585291578
38,0.2590299616200289
39,0.25902986510443404
40,0.25902976898003643
41,0.2590296732445171
42,0.25902957789557507
43,0.25902948293092676
44,0.25902938834830763
45,0.2590292941454682
46,0.25902920032017973
47,0.25902910687022696
48,0.2590290137934145
49,0.2590289210875621
50,0.259028828750507
51,0.2590287367801031
52,0.2590286451742201
53,0.25902855393074353
54,0.2590284630475764
55,0.25902837252263616
56,0.2590282823538572
57,0.2590281925391886
58,0.25902810307659574
59,0.2590280139640579
60,0.25902792519957174
61,0.25902783678114716
62,0.25902774870680956
63,0.25902766097459884
64,0.25902757358257045
65,0.2590274865287932
66,0.2590273998113507
67,0.25902731342834123
68,0.25902722737787615
69,0.2590271416580817
70,0.25902705626709777
71,0.2590269712030777
72,0.2590268864641884
73,0.25902680204861095
74,0.259026717954539
75,0.2590266341801792
76,0.25902655072375236
77,0.25902646758349146
78,0.25902638475764245
79,0.2590263022444647
80,0.25902622004222936
81,0.25902613814922004
82,0.259026056563734
83,0.259025975284079
84,0.2590258943085769
85,0.2590258136355603
86,0.2590257332633739
87,0.2590256531903751
88,0.2590255734149322
89,0.2590254939354258
90,0.2590254147502472
91,0.2590253358578005
92,0.25902525725649955
93,0.25902517894477073
94,0.25902510092105113
95,0.2590250231837889
96,0.259024945731443
97,0.2590248685624837
98,0.25902479167539133
99,0.2590247150686579
100,0.25902463874078496
101,0.25902456269028534
102,0.2590244869156819
103,0.2590244114155078
104,0.2590243361883069
105,0.2590242612326321
106,0.259024186547048
107,0.25902411213012766
108,0.25902403798045454
109,0.25902396409662226
110,0.259023890477234
111,0.2590238171209018
112,0.2590237440262481
113,0.2590236711919052
114,0.2590235986165135
115,0.2590235262987237
116,0.2590234542371953
117,0.25902338243059714
118,0.25902331087760705
119,0.2590232395769115
120,0.25902316852720675
121,0.25902309772719745
122,0.25902302717559617
123,0.2590229568711254
124,0.25902288681251673
125,0.25902281699850804
126,0.25902274742784775
127,0.2590226780992924
128,0.25902260901160556
129,0.2590225401635605
130,0.25902247155393826
131,0.259022403181528
132,0.25902233504512656
133,0.2590222671435395
134,0.25902219947557964
135,0.2590221320400679
136,0.25902206483583384
137,0.2590219978617131
138,0.2590219311165503
139,0.2590218645991977
140,0.25902179830851435
141,0.2590217322433668
142,0.2590216664026301
143,0.2590216007851853
144,0.259021535389922
145,0.2590214702157359
146,0.2590214052615313
147,0.2590213405262184
148,0.25902127600871466
149,0.2590212117079451
150,0.25902114762284156
151,0.25902108375234234
152,0.25902102009539363
153,0.2590209566509465
154,0.2590208934179611
155,0.2590208303954025
156,0.25902076758224324
157,0.25902070497746255
158,0.25902064258004587
159,0.25902058038898484
160,0.25902051840327794
161,0.25902045662193035
162,0.2590203950439532
163,0.2590203336683635
164,0.2590202724941846
165,0.2590202115204474
166,0.2590201507461872
167,0.25902009017044647
168,0.2590200297922727
169,0.2590199696107203
170,0.25901990962484966
171,0.2590198498337263
172,0.2590197902364221
173,0.2590197308320149
174,0.25901967161958767
175,0.2590196125982298
176,0.25901955376703617
177,0.25901949512510714
178,0.2590194366715486
179,0.25901937840547234
180,0.259019320325995
181,0.25901926243223955
182,0.25901920472333356
183,0.25901914719841057
184,0.25901908985660915
185,0.2590190326970734
186,0.2590189757189522
187,0.25901891892140055
188,0.2590188623035775
189,0.25901880586464826
190,0.25901874960378213
191,0.2590186935201547
192,0.2590186376129453
193,0.259018581881339
194,0.2590185263245261
195,0.25901847094170083
196,0.2590184157320631
197,0.25901836069481704
198,0.25901830582917235
199,0.2590182511343434
200,0.2590181966095482
201,0.2590181422540106
202,0.2590180880669589
203,0.2590180340476254
204,0.25901798019524824
205,0.25901792650906846
206,0.2590178729883328
207,0.25901781963229265
208,0.2590177664402029
209,0.25901771341132335
210,0.2590176605449187
211,0.25901760784025696
212,0.2590175552966112
213,0.25901750291325826
214,0.25901745068948034
215,0.25901739862456297
216,0.2590173467177956
217,0.2590172949684724
218,0.2590172433758919
219,0.259017191939356
220,0.25901714065817144
221,0.25901708953164854
222,0.2590170385591017
223,0.2590169877398494
224,0.2590169370732141
225,0.25901688655852223
226,0.25901683619510385
227,0.25901678598229355
228,0.2590167359194291
229,0.25901668600585204
230,0.2590166362409086
231,0.25901658662394755
232,0.25901653715432277
233,0.25901648783139036
234,0.2590164386545115
235,0.25901638962305
236,0.25901634073637386
237,0.2590162919938548
238,0.2590162433948675
239,0.2590161949387907
240,0.2590161466250067
241,0.259016098452901
242,0.2590160504218629
243,0.25901600253128476
244,0.2590159547805628
245,0.2590159071690969
246,0.2590158596962896
247,0.2590158123615469
248,0.25901576516427854
249,0.2590157181038975
250,0.25901567117981994
251,0.2590156243914652
252,0.2590155777382565
253,0.259015531219619
254,0.2590154848349826
255,0.25901543858377907
256,0.25901539246544447
257,0.25901534647941693
258,0.2590153006251385
259,0.2590152549020541
260,0.2590152093096116
261,0.25901516384726164
262,0.25901511851445863
263,0.2590150733106594
264,0.2590150282353246
265,0.25901498328791633
266,0.2590149384679012
267,0.25901489377474773
268,0.25901484920792794
269,0.2590148047669168
270,0.25901476045119126
271,0.2590147162602319
272,0.2590146721935225
273,0.2590146282505483
274,0.25901458443079917
275,0.2590145407337658
276,0.2590144971589432
277,0.2590144537058285
278,0.25901441037392137
279,0.25901436716272425
280,0.25901432407174274
281,0.25901428110048436
282,0.2590142382484602
283,0.25901419551518345
284,0.25901415290016916
285,0.25901411040293676
286,0.25901406802300664
287,0.25901402575990207
288,0.2590139836131503
289,0.259013941582279
290,0.2590138996668194
291,0.25901385786630576
292,0.2590138161802733
293,0.2590137746082613
294,0.25901373314981113
295,0.25901369180446526
296,0.25901365057177
297,0.2590136094512736
298,0.2590135684425272
299,0.2590135275450832
300,0.2590134867584974
301,0.25901344608232724
302,0.25901340551613283
303,0.25901336505947664
304,0.2590133247119236
305,0.25901328447304006
306,0.2590132443423953
