1,0.27075758576080455
2,0.2605801648786983
3,0.26057928104842404
4,0.2605783840962244
5,0.260577473748829
6,0.26057654972584904
7,0.2605756117395587
8,0.2605746594946732
9,0.2605736926881183
10,0.26057271100878926
11,0.2605717141373086
12,0.26057070174576663
13,0.26056967349746235
14,0.26056862904662825
15,0.2605675680381512
16,0.2605664901072813
17,0.2605653948793313
18,0.2605642819693683
19,0.26056315098189087
20,0.26056200151049985
21,0.2605608331375556
22,0.2605596454338257
23,0.26055843795811834
24,0.2605572102569077
25,0.26055596186394425
26,0.2605546922998525
27,0.2605534010717162
28,0.2605520876726514
29,0.26055075158136387
30,0.26054939226169477
31,0.2605480091621487
32,0.26054660171541
33,0.26054516933784405
34,0.2605437114289805
35,0.26054222737098337
36,0.2605407165281049
37,0.2605391782461219
38,0.2605376118517577
39,0.260536016652086
40,0.26053439193391825
41,0.26053273696317447
42,0.2605310509842374
43,0.26052933321928706
44,0.26052758286762473
45,0.26052579910497137
46,0.26052398108275526
47,0.2605221279273828
48,0.2605202387394911
49,0.2605183125931852
50,0.26051634853526257
51,0.26051434558441977
52,0.2605123027304504
53,0.26051021893342613
54,0.2605080931228687
55,0.2605059241969125
56,0.2605037110214603
57,0.26050145242932954
58,0.2604991472193995
59,0.2604967941557534
60,0.26049439196682533
61,0.260491939344551
62,0.26048943494352766
63,0.26048687738018755
64,0.2604842652319894
65,0.26048159703663193
66,0.26047887129129754
67,0.2604760864519336
68,0.2604732409325709
69,0.26047033310469936
70,0.2604673612967017
71,0.26046432379335344
72,0.2604612188354098
73,0.26045804461927835
74,0.26045479929680226
75,0.2604514809751592
76,0.26044808771689776
77,0.260444617540126
78,0.2604410684188653
79,0.2604374382836012
80,0.26043372502204104
81,0.2604299264801036
82,0.2604260404631743
83,0.26042206473763996
84,0.26041799703273866
85,0.26041383504275323
86,0.26040957642958096
87,0.2604052188257107
88,0.26040075983764455
89,0.2603961970497994
90,0.26039152802892807
91,0.2603867503290997
92,0.2603818614972761
93,0.2603768590795297
94,0.2603717406279403
95,0.26036650370821557
96,0.26036114590807036
97,0.2603556648464058
98,0.2603500581833266
99,0.2603443236310235
100,0.2603384589655537
101,0.26033246203954047
102,0.26032633079580875
103,0.2603200632819617
104,0.2603136576659022
105,0.2603071122522761
106,0.2603004254998219
107,0.2602935960395778
108,0.26028662269388636
109,0.26027950449612913
110,0.2602722407110828
111,0.26026483085578733
112,0.26025727472077387
113,0.260249572391501
114,0.26024172426978753
115,0.2602337310950442
116,0.260225593965051
117,0.2602173143560209
118,0.2602088941416565
119,0.26020033561089995
120,0.26019164148404833
121,0.2601828149269034
122,0.26017385956261185
123,0.26016477948086236
124,0.260155579244104
125,0.26014626389046736
126,0.26013683893310335
127,0.26012731035566955
128,0.2601176846037596
129,0.26010796857209806
