1,0.3339538600009285
2,0.2520401747361459
3,0.2519301534997349
4,0.25181618517014076
5,0.25169887074880887
6,0.2515782756733974
7,0.2514544970969341
8,0.25132766674225876
9,0.25119795333950395
10,0.25106556446676054
11,0.25093074760580747
12,0.2507937902293683
13,0.2506550187563035
14,0.25051479624837497
15,0.2503735187771451
16,0.2502316104602657
17,0.25008951724858086
18,0.24994769963244665
19,0.2498066245189249
20,0.2496667566019206
21,0.24952854959623746
22,0.24939243772738295
23,0.2492588278584516
24,0.24912809259408583
25,0.24900056463383932
26,0.24887653256081063
27,0.24875623815580825
28,0.24863987523237344
29,0.24852758990273555
30,0.24841948211586018
31,0.24831560826017804
32,0.24821598459649558
33,0.2481205912795837
34,0.24802937673693864
35,0.24794226219597235
36,0.24785914618195856
37,0.24777990884424647
38,0.24770441600399257
39,0.2476325228503315
40,0.24756407724168025
41,0.247498922593846
42,0.2474369003563755
43,0.2473778520934355
44,0.24732162119581594
45,0.24726805425715148
46,0.2472170021508229
47,0.24716832084497922
48,0.24712187199231442
49,0.24707752332921099
50,0.24703514891609094
51,0.24699462924758994
52,0.24695585125783243
53,0.24691870824274406
54,0.24688309971820188
55,0.24684893122988158
56,0.2468161141280512
57,0.24678456531821608
58,0.24675420699649794
59,0.24672496637687574
60,0.24669677541593654
61,0.24666957053953475
62,0.24664329237471747
63,0.24661788548941607
64,0.24659329814171113
65,0.2465694820399051
66,0.24654639211418727
67,0.24652398630031844
68,0.24650222533548766
69,0.24648107256626547
70,0.24646049376843174
71,0.24644045697832515
72,0.2464209323352822
73,0.24640189193467543
74,0.2463833096910166
75,0.2463651612105884
76,0.2463474236730466
77,0.24633007572143992
78,0.24631309736012022
79,0.24629646986001505
80,0.24628017567076713
81,0.2462641983392604
82,0.24624852243408618
83,0.24623313347551953
84,0.24621801787060318
85,0.2462031628529705
86,0.24618855642704873
87,0.2461741873163227
88,0.24616004491535023
89,0.24614611924524596
90,0.24613240091237906
91,0.2461188810700348
92,0.24610555138281787
93,0.24609240399359186
94,0.24607943149276046
95,0.2460666268897188
96,0.24605398358630137
97,0.24604149535209
98,0.24602915630143019
99,0.24601696087203234
100,0.24600490380504658
101,0.24599298012648935
102,0.24598118512992878
103,0.24596951436034087
104,0.24595796359903843
105,0.24594652884960608
106,0.24593520632476204
107,0.24592399243408022
108,0.24591288377251405
109,0.245901877109662
110,0.2458909693797199
111,0.24588015767208016
112,0.2458694392225194
113,0.24585881140494695
114,0.24584827172366475
115,0.24583781780610972
116,0.24582744739604198
117,0.24581715834714976
118,0.24580694861704558
119,0.2457968162616194
120,0.24578675942973383
121,0.2457767763582375
122,0.24576686536726333
123,0.2457570248558144
124,0.24574725329759806
125,0.24573754923710514
126,0.24572791128591462
127,0.24571833811920735
128,0.24570882847247597
129,0.24569938113842604
130,0.24568999496404198
131,0.24568066884782466
132,0.24567140173717364
133,0.24566219262591651
134,0.24565304055197434
135,0.24564394459514957
136,0.24563490387503453
137,0.2456259175490318
138,0.2456169848104805
139,0.245608104886878
140,0.24559927703819828
141,0.24559050055529594
142,0.24558177475839393
143,0.24557309899564814
144,0.24556447264178463
145,0.24555589509680903
146,0.24554736578477868
147,0.24553888415263606
148,0.2455304496691035
149,0.24552206182362996
150,0.24551372012539027
151,0.24550542410233714
152,0.2454971733002922
153,0.24548896728209077
154,0.24548080562675892
155,0.24547268792873844
156,0.24546461379714127
157,0.24545658285504743
158,0.2454485947388288
159,0.2454406490975112
160,0.24543274559216294
161,0.2454248838953137
162,0.245417063690399
163,0.24540928467123427
164,0.24540154654150834
165,0.24539384901430558
166,0.24538619181164623
167,0.24537857466404903
168,0.24537099731011688
169,0.24536345949613647
