1,0.26542300104134403
2,0.25345054961891605
3,0.25102094415541054
4,0.25099312753797864
5,0.25096639360572254
6,0.25094073623368945
7,0.2509161432702331
8,0.2508925972568211
9,0.2508700762128756
10,0.25084855439469095
11,0.2508280030133032
12,0.2508083909003432
13,0.2507896851147012
14,0.25077185148610037
15,0.2507548550944227
16,0.25073866068579215
17,0.25072323302806876
18,0.25070853720957226
19,0.25069453888562304
20,0.2506812044778916
21,0.25066850133172125
22,0.2506563978365165
23,0.25064486351409904
24,0.25063386907961854
25,0.2506233864792417
26,0.25061338890843965
27,0.2506038508142782
28,0.2505947478847139
29,0.2505860570275046
30,0.2505777563409962
31,0.25056982507869785
32,0.2505622436092792
33,0.25055499337334514
34,0.2505480568381195
35,0.25054141745096237
36,0.25053505959247296
37,0.2505289685297775
38,0.25052313037048063
39,0.2505175320176472
40,0.2505121611260897
41,0.2505070060601717
42,0.2505020558532641
43,0.25049730016895416
44,0.25049272926405297
45,0.250488333953428
46,0.25048410557665
47,0.2504800359664338
48,0.25047611741882797
49,0.2504723426651043
50,0.2504687048452836
51,0.2504651974832324
52,0.25046181446326465
53,0.25045855000816614
54,0.25045539865858124
55,0.250452355253679
56,0.2504494149130352
57,0.25044657301965273
58,0.25044382520406333
59,0.2504411673294356
60,0.2504385954776322
61,0.2504361059361597
62,0.2504336951859487
63,0.25043135988991516
64,0.25042909688225157
65,0.25042690315840194
66,0.2504247758656711
67,0.25042271229443447
68,0.25042070986990267
69,0.25041876614440456
70,0.25041687879015767
71,0.250415045592493
72,0.25041326444350087
73,0.25041153333607163
74,0.2504098503583101
75,0.2504082136882874
76,0.2504066215891207
77,0.2504050724043515
78,0.25040356455360413
79,0.2504020965285066
80,0.2504006668888573
81,0.2503992742590223
82,0.2503979173245435
83,0.2503965948289495
84,0.25039530557075595
85,0.25039404840063595
86,0.25039282221875897
87,0.2503916259722832
88,0.25039045865299003
89,0.2503893192950546
90,0.25038820697294295
91,0.2503871207994274
92,0.25038605992371255
93,0.25038502352966674
94,0.2503840108341499
95,0.2503830210854354
96,0.25038205356171545
97,0.25038110756968984
98,0.25038018244322985
99,0.25037927754211253
100,0.2503783922508263
101,0.25037752597743423
102,0.25037667815250175
103,0.2503758482280782
104,0.2503750356767311
105,0.2503742399906313
106,0.2503734606806835
107,0.2503726972757038
108,0.2503719493216348
109,0.2503712163808031
110,0.25037049803121486
111,0.25036979386588165
112,0.25036910349218455
113,0.25036842653126634
114,0.2503677626174557
115,0.2503671113977155
116,0.25036647253112243
117,0.25036584568836756
118,0.25036523055128196
119,0.25036462681238625
120,0.2503640341744583
121,0.25036345235012336
122,0.25036288106146254
123,0.2503623200396386
124,0.25036176902454005
125,0.2503612277644413
126,0.25036069601567595
127,0.25036017354232815
128,0.2503596601159351
129,0.2503591555152051
130,0.250358659525745
131,0.2503581719398018
132,0.2503576925560159
133,0.250357221179183
134,0.25035675762002735
135,0.2503563016949858
136,0.25035585322599874
137,0.2503554120403115
138,0.250354977970284
139,0.2503545508532084
140,0.25035413053113187
141,0.2503537168506919
142,0.25035330966295233
143,0.2503529088232508
144,0.25035251419105053
145,0.2503521256297974
146,0.25035174300678403
147,0.25035136619301757
148,0.25035099506309605
149,0.2503506294950864
150,0.2503502693704077
151,0.25034991457372086
152,0.2503495649928203
153,0.25034922051853176
154,0.25034888104461295
155,0.25034854646765736
156,0.2503482166870038
157,0.25034789160464666
158,0.25034757112515327
159,0.2503472551555797
160,0.2503469436053922
161,0.25034663638639415
162,0.25034633341264934
163,0.2503460346004139
164,0.25034573986806796
165,0.25034544913604995
166,0.2503451623267938
167,0.2503448793646687
168,0.25034460017591914
169,0.2503443246886099
170,0.2503440528325713
171,0.25034378453934497
172,0.25034351974213565
173,0.25034325837575977
174,0.25034300037659973
175,0.25034274568255815
176,0.2503424942330121
177,0.25034224596877214
178,0.25034200083204095
179,0.250341758766373
180,0.2503415197166364
181,0.2503412836289747
182,0.2503410504507735
183,0.2503408201306223
184,0.25034059261828434
185,0.25034036786466074
186,0.2503401458217612
187,0.25033992644267355
188,0.2503397096815335
189,0.25033949549349566
190,0.2503392838347073
191,0.2503390746622813
192,0.2503388679342686
193,0.2503386636096361
194,0.2503384616482393
195,0.25033826201080095
196,0.2503380646588877
197,0.2503378695548871
198,0.2503376766619877
199,0.2503374859441565
200,0.2503372973661206
201,0.25033711089334665
202,0.2503369264920224
203,0.25033674412903784
204,0.2503365637719679
205,0.25033638538905445
206,0.25033620894919023
207,0.2503360344219028
208,0.25033586177733835
209,0.2503356909862456
210,0.2503355220199623
211,0.2503353548504
212,0.25033518945003
213,0.25033502579187045
214,0.2503348638494716
215,0.2503347035969046
216,0.25033454500874824
217,0.2503343880600764
218,0.2503342327264473
219,0.2503340789838912
220,0.25033392680889927
221,0.250333776178413
222,0.2503336270698142
223,0.2503334794609133
224,0.25033333332994073
225,0.2503331886555366
226,0.250333045416742
227,0.2503329035929881
228,0.2503327631640894
229,0.25033262411023355
230,0.25033248641197314
231,0.2503323500502177
232,0.2503322150062266
233,0.25033208126159884
234,0.250331948798268
235,0.2503318175984934
236,0.25033168764485336
237,0.2503315589202376
238,0.25033143140784136
239,0.25033130509115864
240,0.25033117995397486
241,0.2503310559803604
242,0.2503309331546664
243,0.2503308114615166
244,0.250330690885803
245,0.2503305714126781
246,0.25033045302755197
247,0.25033033571608554
248,0.25033021946418477
249,0.25033010425799673
250,0.25032999008390266
251,0.25032987692851627
252,0.2503297647786756
253,0.25032965362144016
254,0.2503295434440857
255,0.250329434234101
256,0.2503293259791814
257,0.250329218667227
258,0.25032911228633636
259,0.25032900682480397
260,0.2503289022711149
261,0.25032879861394336
262,0.2503286958421461
263,0.25032859394476087
264,0.2503284929110011
265,0.2503283927302544
266,0.250328293392078
267,0.2503281948861949
268,0.25032809720249155
269,0.2503280003310145
270,0.2503279042619675
271,0.25032780898570745
272,0.2503277144927419
273,0.25032762077372744
274,0.25032752781946566
275,0.2503274356208994
276,0.2503273441691126
277,0.2503272534553251
278,0.2503271634708921
279,0.2503270742072997
280,0.25032698565616474
281,0.25032689780922995
282,0.25032681065836315
283,0.25032672419555496
284,0.25032663841291597
285,0.2503265533026736
286,0.25032646885717214
287,0.2503263850688693
288,0.25032630193033417
289,0.2503262194342456
290,0.2503261375733894
291,0.25032605634065785
292,0.25032597572904575
293,0.2503258957316514
294,0.2503258163416715
295,0.25032573755240184
296,0.25032565935723416
297,0.2503255817496562
298,0.2503255047232471
299,0.250325428271679
300,0.2503253523887129
301,0.25032527706819874
302,0.2503252023040731
303,0.2503251280903578
304,0.2503250544211579
305,0.25032498129066205
306,0.25032490869313884
307,0.2503248366229364
308,0.2503247650744822
309,0.2503246940422791
310,0.25032462352090645
311,0.25032455350501726
312,0.2503244839893389
313,0.2503244149686688
314,0.2503243464378759
315,0.25032427839189886
316,0.25032421082574385
317,0.25032414373448497
318,0.2503240771132618
319,0.2503240109572791
320,0.2503239452618054
321,0.25032388002217226
322,0.25032381523377295
323,0.25032375089206127
324,0.2503236869925511
325,0.2503236235308152
326,0.2503235605024844
327,0.25032349790324604
328,0.25032343572884364
329,0.2503233739750761
330,0.25032331263779667
331,0.25032325171291114
332,0.2503231911963792
333,0.25032313108421167
334,0.25032307137246984
335,0.25032301205726565
336,0.2503229531347601
337,0.25032289460116336
338,0.2503228364527328
339,0.2503227786857724
340,0.25032272129663413
341,0.25032266428171374
342,0.2503226076374532
343,0.25032255136033804
344,0.25032249544689744
345,0.2503224398937036
346,0.25032238469737134
347,0.2503223298545563
348,0.2503222753619552
349,0.25032222121630615
350,0.25032216741438557
351,0.2503221139530098
352,0.2503220608290339
353,0.2503220080393504
354,0.2503219555808898
355,0.250321903450619
356,0.2503218516455412
357,0.2503218001626959
358,0.2503217489991575
359,0.25032169815203503
360,0.25032164761847187
361,0.2503215973956455
362,0.2503215474807662
363,0.25032149787107727
364,0.25032144856385413
365,0.2503213995564035
366,0.2503213508460649
367,0.25032130243020734
368,0.2503212543062313
369,0.2503212064715666
370,0.2503211589236728
371,0.25032111166003923
372,0.25032106467818316
373,0.25032101797565076
374,0.2503209715500159
375,0.25032092539888057
376,0.2503208795198733
377,0.2503208339106495
378,0.2503207885688918
379,0.2503207434923077
380,0.25032069867863144
381,0.2503206541256217
382,0.25032060983106313
383,0.25032056579276435
384,0.2503205220085584
385,0.25032047847630323
386,0.25032043519387875
387,0.25032039215918944
388,0.25032034937016223
389,0.25032030682474765
390,0.2503202645209174
391,0.2503202224566659
392,0.2503201806300099
393,0.25032013903898664
394,0.2503200976816552
395,0.25032005655609557
396,0.25032001566040823
397,0.25031997499271436
398,0.2503199345511546
399,0.2503198943338901
400,0.2503198543391016
401,0.2503198145649885
402,0.25031977500977015
403,0.25031973567168464
404,0.25031969654898745
405,0.2503196576399535
406,0.2503196189428764
407,0.2503195804560659
408,0.25031954217785124
409,0.25031950410657716
410,0.250319466240607
411,0.25031942857832107
412,0.25031939111811596
413,0.2503193538584045
414,0.2503193167976164
415,0.25031927993419756
416,0.2503192432666092
417,0.2503192067933287
418,0.25031917051284913
419,0.25031913442367826
420,0.25031909852434
421,0.2503190628133718
422,0.2503190272893271
423,0.25031899195077373
424,0.25031895679629296
425,0.25031892182448146
426,0.25031888703394883
427,0.25031885242331997
428,0.25031881799123196
429,0.25031878373633637
430,0.2503187496572976
431,0.25031871575279396
432,0.25031868202151586
433,0.25031864846216734
434,0.2503186150734649
435,0.2503185818541371
436,0.2503185488029257
437,0.250318515918585
438,0.25031848319987987
439,0.2503184506455884
440,0.2503184182545005
441,0.2503183860254174
442,0.25031835395715174
443,0.250318322048528
444,0.25031829029838193
445,0.2503182587055596
446,0.25031822726891945
447,0.2503181959873295
448,0.2503181648596697
449,0.25031813388482926
450,0.25031810306170904
451,0.25031807238922016
452,0.2503180418662835
453,0.25031801149183014
454,0.2503179812648014
455,0.25031795118414857
456,0.25031792124883273
457,0.2503178914578244
458,0.2503178618101036
459,0.25031783230466026
460,0.2503178029404934
461,0.2503177737166114
462,0.250317744632031
463,0.2503177156857792
464,0.25031768687689143
465,0.2503176582044115
466,0.2503176296673928
467,0.2503176012648963
468,0.25031757299599255
469,0.2503175448597596
470,0.250317516855285
471,0.2503174889816635
472,0.25031746123799814
473,0.2503174336234005
474,0.2503174061369901
475,0.25031737877789356
476,0.25031735154524687
477,0.2503173244381917
478,0.250317297455879
479,0.25031727059746633
480,0.2503172438621193
481,0.2503172172490106
482,0.25031719075732045
483,0.2503171643862357
484,0.25031713813495127
485,0.2503171120026684
486,0.2503170859885952
487,0.25031706009194754
488,0.25031703431194774
489,0.2503170086478243
490,0.25031698309881334
491,0.25031695766415685
492,0.2503169323431037
493,0.25031690713490945
494,0.2503168820388358
495,0.2503168570541506
496,0.25031683218012846
497,0.2503168074160498
498,0.25031678276120106
499,0.25031675821487614
500,0.25031673377637254
501,0.2503167094449957
502,0.2503166852200558
503,0.25031666110086975
504,0.25031663708676016
505,0.25031661317705367
506,0.2503165893710852
507,0.2503165656681932
508,0.25031654206772286
509,0.2503165185690239
510,0.2503164951714517
511,0.2503164718743684
512,0.2503164486771391
513,0.2503164255791357
514,0.25031640257973503
515,0.250316379678319
516,0.25031635687427406
517,0.2503163341669929
518,0.250316311555872
519,0.2503162890403133
520,0.2503162666197239
521,0.25031624429351557
522,0.25031622206110415
523,0.25031619992191123
524,0.2503161778753624
525,0.25031615592088863
526,0.25031613405792463
527,0.2503161122859105
528,0.25031609060429
529,0.2503160690125118
530,0.2503160475100292
531,0.2503160260962996
532,0.25031600477078464
533,0.25031598353295054
534,0.2503159623822677
535,0.25031594131821033
536,0.25031592034025696
537,0.25031589944789107
538,0.2503158786405991
539,0.2503158579178722
540,0.25031583727920526
541,0.25031581672409714
542,0.25031579625205036
543,0.2503157758625719
544,0.2503157555551725
545,0.2503157353293667
546,0.2503157151846721
547,0.25031569512061114
548,0.2503156751367088
549,0.25031565523249477
550,0.2503156354075023
551,0.25031561566126725
552,0.25031559599333014
553,0.2503155764032343
554,0.25031555689052676
555,0.25031553745475893
556,0.2503155180954838
557,0.25031549881225895
558,0.25031547960464584
559,0.25031546047220804
560,0.2503154414145127
561,0.2503154224311311
562,0.25031540352163684
563,0.25031538468560693
564,0.25031536592262216
565,0.2503153472322657
566,0.250315328614124
567,0.250315310067787
568,0.2503152915928473
569,0.2503152731889009
570,0.25031525485554657
571,0.2503152365923858
572,0.2503152183990236
573,0.2503152002750679
574,0.2503151822201284
575,0.2503151642338192
576,0.2503151463157566
577,0.2503151284655598
578,0.2503151106828502
579,0.2503150929672529
580,0.25031507531839514
581,0.2503150577359069
582,0.2503150402194215
583,0.2503150227685739
584,0.2503150053830028
585,0.2503149880623485
586,0.2503149708062548
587,0.2503149536143672
588,0.2503149364863344
589,0.2503149194218077
590,0.25031490242044013
591,0.25031488548188807
592,0.25031486860580987
593,0.2503148517918667
594,0.2503148350397215
595,0.2503148183490403
596,0.25031480171949116
597,0.25031478515074457
598,0.2503147686424733
599,0.2503147521943527
600,0.25031473580605973
601,0.25031471947727435
602,0.25031470320767846
603,0.250314686996956
604,0.25031467084479425
605,0.2503146547508807
606,0.25031463871490667
607,0.2503146227365649
608,0.25031460681555034
609,0.2503145909515604
610,0.25031457514429417
611,0.25031455939345304
612,0.2503145436987401
613,0.25031452805986154
614,0.2503145124765239
615,0.25031449694843727
616,0.2503144814753127
617,0.2503144660568639
618,0.250314450692806
619,0.2503144353828564
620,0.2503144201267341
621,0.2503144049241607
622,0.25031438977485815
623,0.25031437467855233
624,0.25031435963496934
625,0.25031434464383767
626,0.25031432970488765
627,0.2503143148178512
628,0.2503142999824621
629,0.2503142851984557
630,0.2503142704655692
631,0.250314255783542
632,0.2503142411521139
633,0.25031422657102725
634,0.2503142120400256
635,0.2503141975588544
636,0.25031418312726034
637,0.2503141687449907
638,0.2503141544117963
639,0.2503141401274273
640,0.2503141258916347
641,0.2503141117041731
642,0.2503140975647958
643,0.25031408347325707
644,0.25031406942931306
645,0.2503140554327182
646,0.2503140414832283
647,0.2503140275805973
648,0.250314013724578
649,0.25031399991492
650,0.25031398615136824
651,0.25031397243366027
652,0.2503139587615223
653,0.25031394513466226
654,0.25031393155275783
655,0.25031391801543834
656,0.2503139045222437
657,0.250313891072552
658,0.25031387766540947
659,0.2503138642991135
660,0.2503138509699901
661,0.2503138376678502
662,0.25031382435106597
663,0.2503138106412448
664,0.2668461513296665
665,0.25847370744233156
666,0.2526825723022131
667,0.2526825723013246
668,0.25268257230132457
669,0.2526825723013246
670,0.2526825723013246
671,0.2526825723013246
672,0.25268257230132457
673,0.2526825723013245
674,0.2526825723013245
675,0.2526825723013245
676,0.2526825723013245
677,0.25268257230132457
678,0.25268257230132457
679,0.25268257230132446
680,0.25268257230132446
681,0.2526825723013245
682,0.25268257230132446
683,0.25268257230132446
684,0.25268257230132446
685,0.25268257230132446
686,0.25268257230132446
687,0.2526825723013244
688,0.2526825723013244
689,0.25268257230132446
