1,0.2805961198255591
2,0.2546428027486675
3,0.2546357852856927
4,0.25462852566970134
5,0.25460146421278085
6,0.25369996010599705
7,0.2536999601061787
8,0.2536999601061787
9,0.2536999601061787
10,0.2536999601061787
11,0.2536999601061787
12,0.2536999601061787
13,0.2536999601061787
14,0.2536999601061787
15,0.2536999601061787
16,0.2536999601061787
17,0.2536999601061787
18,0.2536999601061787
19,0.2536999601061787
20,0.2536999601061787
21,0.2536999601061787
22,0.2536999601061787
23,0.2536999601061787
24,0.2536999601061787
25,0.2536999601061787
26,0.2536999601061787
27,0.2536999601061787
28,0.2536999601061787
29,0.2536999601061787
30,0.2536999601061787
31,0.2536999601061787
32,0.2536999601061787
33,0.2536999601061787
34,0.2536999601061787
35,0.2536999601061787
36,0.2536999601061787
37,0.2536999601061787
38,0.2536999601061787
39,0.2536999601061787
40,0.2536999601061787
41,0.2536999601061787
42,0.2536999601061787
43,0.2536999601061787
44,0.2536999601061787
45,0.2536999601061787
46,0.2536999601061787
47,0.2536999601061787
48,0.2536999601061787
49,0.2536999601061787
50,0.2536999601061787
51,0.2536999601061787
52,0.2536999601061787
53,0.2536999601061787
54,0.2536999601061787
55,0.2536999601061787
56,0.2536999601061787
57,0.2536999601061787
58,0.2536999601061787
59,0.2536999601061787
60,0.2536999601061787
61,0.2536999601061787
62,0.2536999601061787
63,0.2536999601061787
64,0.2536999601061787
65,0.2536999601061787
66,0.2536999601061787
67,0.2536999601061787
68,0.2536999601061787
69,0.2536999601061787
70,0.2536999601061787
71,0.2536999601061787
72,0.2536999601061787
73,0.2536999601061787
74,0.2536999601061787
75,0.2536999601061787
76,0.2536999601061787
77,0.2536999601061787
78,0.2536999601061787
79,0.2536999601061787
80,0.2536999601061787
81,0.2536999601061787
82,0.2536999601061787
83,0.2536999601061787
84,0.2536999601061787
85,0.2536999601061787
86,0.2536999601061787
87,0.2536999601061787
88,0.2536999601061787
89,0.2536999601061787
90,0.2536999601061787
91,0.2536999601061787
92,0.2536999601061787
93,0.2536999601061787
94,0.2536999601061787
95,0.2536999601061787
96,0.2536999601061787
97,0.2536999601061787
98,0.2536999601061787
99,0.2536999601061787
100,0.2536999601061787
101,0.2536999601061787
102,0.2536999601061787
103,0.2536999601061787
104,0.2536999601061787
105,0.2536999601061787
106,0.2536999601061787
107,0.2536999601061787
108,0.2536999601061787
109,0.2536999601061787
110,0.2536999601061787
111,0.2536999601061787
112,0.2536999601061787
113,0.2536999601061787
114,0.2536999601061787
115,0.2536999601061787
116,0.2536999601061787
117,0.2536999601061787
118,0.2536999601061787
119,0.2536999601061787
120,0.2536999601061787
121,0.2536999601061787
122,0.2536999601061787
123,0.2536999601061787
124,0.2536999601061787
125,0.2536999601061787
126,0.2536999601061787
127,0.2536999601061787
128,0.2536999601061787
129,0.2536999601061787
130,0.2536999601061787
131,0.2536999601061787
132,0.2536999601061787
133,0.2536999601061787
134,0.2536999601061787
135,0.2536999601061787
136,0.2536999601061787
137,0.2536999601061787
138,0.2536999601061787
139,0.2536999601061787
140,0.2536999601061787
141,0.2536999601061787
142,0.2536999601061787
143,0.2536999601061787
144,0.2536999601061787
145,0.2536999601061787
146,0.2536999601061787
147,0.2536999601061787
148,0.2536999601061787
149,0.2536999601061787
150,0.2536999601061787
151,0.2536999601061787
152,0.2536999601061787
153,0.2536999601061787
154,0.2536999601061787
155,0.2536999601061787
156,0.2536999601061787
157,0.2536999601061787
158,0.2536999601061787
159,0.2536999601061787
160,0.2536999601061787
161,0.2536999601061787
162,0.2536999601061787
163,0.2536999601061787
164,0.2536999601061787
165,0.2536999601061787
166,0.2536999601061787
167,0.2536999601061787
168,0.2536999601061787
169,0.2536999601061787
170,0.2536999601061787
171,0.2536999601061787
172,0.2536999601061787
173,0.2536999601061787
174,0.2536999601061787
175,0.2536999601061787
176,0.2536999601061787
177,0.2536999601061787
178,0.2536999601061787
179,0.2536999601061787
180,0.2536999601061787
181,0.2536999601061787
182,0.2536999601061787
183,0.2536999601061787
184,0.2536999601061787
185,0.2536999601061787
186,0.2536999601061787
187,0.2536999601061787
188,0.2536999601061787
189,0.2536999601061787
190,0.2536999601061787
191,0.2536999601061787
192,0.2536999601061787
193,0.2536999601061787
194,0.2536999601061787
195,0.2536999601061787
196,0.2536999601061787
197,0.2536999601061787
198,0.2536999601061787
199,0.2536999601061787
200,0.2536999601061787
201,0.2536999601061787
202,0.2536999601061787
203,0.2536999601061787
204,0.2536999601061787
205,0.2536999601061787
206,0.2536999601061787
207,0.2536999601061787
208,0.2536999601061787
209,0.2536999601061787
210,0.2536999601061787
211,0.2536999601061787
212,0.2536999601061787
213,0.2536999601061787
214,0.2536999601061787
215,0.2536999601061787
216,0.2536999601061787
217,0.2536999601061787
218,0.2536999601061787
219,0.2536999601061787
220,0.2536999601061787
221,0.2536999601061787
222,0.2536999601061787
223,0.2536999601061787
224,0.2536999601061787
225,0.2536999601061787
226,0.2536999601061787
227,0.2536999601061787
228,0.2536999601061787
229,0.2536999601061787
230,0.2536999601061787
231,0.2536999601061787
232,0.2536999601061787
233,0.2536999601061787
234,0.2536999601061787
235,0.2536999601061787
236,0.2536999601061787
237,0.2536999601061787
238,0.2536999601061787
239,0.2536999601061787
240,0.2536999601061787
241,0.2536999601061787
242,0.2536999601061787
243,0.2536999601061787
244,0.2536999601061787
245,0.2536999601061787
246,0.2536999601061787
247,0.2536999601061787
248,0.2536999601061787
249,0.2536999601061787
250,0.2536999601061787
251,0.2536999601061787
252,0.2536999601061787
253,0.2536999601061787
254,0.2536999601061787
255,0.2536999601061787
256,0.2536999601061787
257,0.2536999601061787
258,0.2536999601061787
259,0.2536999601061787
260,0.2536999601061787
261,0.2536999601061787
262,0.2536999601061787
263,0.2536999601061787
264,0.2536999601061787
265,0.2536999601061787
266,0.2536999601061787
267,0.2536999601061787
268,0.2536999601061787
269,0.2536999601061787
270,0.2536999601061787
271,0.2536999601061787
272,0.2536999601061787
273,0.2536999601061787
274,0.2536999601061787
275,0.2536999601061787
276,0.2536999601061787
277,0.2536999601061787
278,0.2536999601061787
279,0.2536999601061787
280,0.2536999601061787
281,0.2536999601061787
282,0.2536999601061787
283,0.2536999601061787
284,0.2536999601061787
285,0.2536999601061787
286,0.2536999601061787
287,0.2536999601061787
288,0.2536999601061787
289,0.2536999601061787
290,0.2536999601061787
291,0.2536999601061787
292,0.2536999601061787
293,0.2536999601061787
294,0.2536999601061787
295,0.2536999601061787
296,0.2536999601061787
297,0.2536999601061787
298,0.2536999601061787
299,0.2536999601061787
300,0.2536999601061787
301,0.2536999601061787
302,0.2536999601061787
303,0.2536999601061787
304,0.2536999601061787
305,0.2536999601061787
306,0.2536999601061787
307,0.2536999601061787
308,0.2536999601061787
309,0.2536999601061787
310,0.2536999601061787
311,0.2536999601061787
312,0.2536999601061787
313,0.2536999601061787
314,0.2536999601061787
315,0.2536999601061787
316,0.2536999601061787
317,0.2536999601061787
318,0.2536999601061787
319,0.2536999601061787
320,0.2536999601061787
321,0.2536999601061787
322,0.2536999601061787
323,0.2536999601061787
324,0.2536999601061787
325,0.2536999601061787
326,0.2536999601061787
327,0.2536999601061787
328,0.2536999601061787
329,0.2536999601061787
330,0.2536999601061787
331,0.2536999601061787
332,0.2536999601061787
333,0.2536999601061787
334,0.2536999601061787
335,0.2536999601061787
336,0.2536999601061787
337,0.2536999601061787
338,0.2536999601061787
339,0.2536999601061787
340,0.2536999601061787
341,0.2536999601061787
342,0.2536999601061787
343,0.2536999601061787
344,0.2536999601061787
345,0.2536999601061787
346,0.2536999601061787
347,0.2536999601061787
348,0.2536999601061787
349,0.2536999601061787
350,0.2536999601061787
351,0.2536999601061787
352,0.2536999601061787
353,0.2536999601061787
354,0.2536999601061787
355,0.2536999601061787
356,0.2536999601061787
357,0.2536999601061787
358,0.2536999601061787
359,0.2536999601061787
360,0.2536999601061787
361,0.2536999601061787
362,0.2536999601061787
363,0.2536999601061787
364,0.2536999601061787
365,0.2536999601061787
366,0.2536999601061787
367,0.2536999601061787
368,0.2536999601061787
369,0.2536999601061787
370,0.2536999601061787
371,0.2536999601061787
372,0.2536999601061787
373,0.2536999601061787
374,0.2536999601061787
375,0.2536999601061787
376,0.2536999601061787
377,0.2536999601061787
378,0.2536999601061787
379,0.2536999601061787
380,0.2536999601061787
381,0.2536999601061787
382,0.2536999601061787
383,0.2536999601061787
384,0.2536999601061787
385,0.2536999601061787
386,0.2536999601061787
387,0.2536999601061787
388,0.2536999601061787
389,0.2536999601061787
390,0.2536999601061787
391,0.2536999601061787
392,0.2536999601061787
393,0.2536999601061787
394,0.2536999601061787
395,0.2536999601061787
396,0.2536999601061787
397,0.2536999601061787
398,0.2536999601061787
399,0.2536999601061787
400,0.2536999601061787
401,0.2536999601061787
402,0.2536999601061787
403,0.2536999601061787
404,0.2536999601061787
405,0.2536999601061787
406,0.2536999601061787
407,0.2536999601061787
408,0.2536999601061787
409,0.2536999601061787
410,0.2536999601061787
411,0.2536999601061787
412,0.2536999601061787
413,0.2536999601061787
414,0.2536999601061787
415,0.2536999601061787
416,0.2536999601061787
417,0.2536999601061787
