1,0.27599121360183493
2,0.2730345754248573
3,0.272978390930738
4,0.272922082307307
5,0.2728659005084595
6,0.2728101697209421
7,0.27275526373288816
8,0.27331801970344055
9,0.26967843461044105
10,0.2696547627487873
11,0.2696333562545116
12,0.269613942510129
13,0.2695962962709264
14,0.26958021783453595
15,0.2695655307770459
16,0.2695520796231625
17,0.26953972757478983
18,0.26952835437234796
19,0.2695178543283148
20,0.26950813454918804
21,0.2694991133470866
22,0.2694907188331582
23,0.2694828876798755
24,0.2694755640369195
25,0.2694686985846508
26,0.2694622477095013
27,0.2694561727866004
28,0.26945043955614695
29,0.2694450175814387
30,0.2694398797778313
31,0.26943500200317105
32,0.26943036270146853
33,0.2694259425926524
34,0.26942172440218415
35,0.2694176926251875
36,0.2694138333204492
37,0.2694101339303113
38,0.26940658312300914
39,0.2694031706544956
40,0.2693998872471935
41,0.2693967244834731
42,0.2693936747119481
43,0.2693907309649522
44,0.26938788688576976
45,0.2693851366643883
46,0.26938247498071016
47,0.26937989695429465
48,0.26937739809982675
49,0.26937497428761326
50,0.2693726217084982
51,0.2693703368426627
52,0.26936811643185204
53,0.2693659574546226
54,0.2693638571042494
55,0.2693618127689912
56,0.26935982201444186
57,0.2693578825677177
58,0.26935599230329066
59,0.26935414923026335
60,0.2693523514809362
61,0.2693505973005208
62,0.26934888503787024
63,0.2693472131371201
64,0.26934558013013693
65,0.2693439846296916
66,0.26934242532327707
67,0.2693409009675054
68,0.2693394103830192
69,0.2693379524498693
70,0.26933652610330594
71,0.2693351303299468
72,0.26933376416427607
73,0.2693324266854462
74,0.2693311170143589
75,0.26932983431097773
76,0.26932857777187724
77,0.26932734662798063
78,0.2693261401424851
79,0.2693249576089479
80,0.2693237983495209
81,0.269322661713323
82,0.2693215470749332
83,0.2693204538329938
84,0.26931938140891787
85,0.26931832924568755
86,0.26931729680673633
87,0.269316283574913
88,0.2693152890515085
89,0.2693143127553551
90,0.26931335422198094
91,0.2693124130028206
92,0.26931148866447313
93,0.26931058078801084
94,0.26930968896832647
95,0.2693088128135234
96,0.2693079519443355
97,0.2693071059935904
98,0.2693062746056941
99,0.2693054574361514
100,0.269304654151109
101,0.269303864426923
102,0.26930308794975494
103,0.2693023244151821
104,0.2693015735278327
105,0.26930083500103774
106,0.2693001085565024
107,0.2692993939239898
108,0.2692986908410241
109,0.2692979990526064
110,0.2692973183109442
111,0.26929664837519146
112,0.26929598901120466
113,0.26929533999130684
114,0.269294701094064
115,0.2692940721040677
116,0.2692934528117341
117,0.2692928430131039
118,0.26929224250965644
119,0.269291651108128
120,0.26929106862034186
121,0.2692904948630386
122,0.26928992965772164
123,0.2692893728305005
124,0.2692888242119487
125,0.26928828363695967
126,0.2692877509446131
127,0.2692872259780453
128,0.26928670858432185
129,0.2692861986143203
130,0.26928569592261287
131,0.2692852003673544
132,0.2692847118101756
133,0.26928423011607994
134,0.2692837551533426
135,0.26928328679341473
136,0.2692828249108313
137,0.2692823693831211
138,0.26928192009071983
139,0.2692814769168869
140,0.2692810397476254
141,0.26928060847160373
142,0.2692801829800802
143,0.2692797631668314
144,0.26927934892808014
145,0.26927894016242937
146,0.2692785367707964
147,0.2692781386563477
148,0.2692777457244385
149,0.2692773578825549
150,0.26927697504025205
151,0.2692765971091037
152,0.2692762240026434
153,0.2692758556363172
154,0.269275491927427
155,0.2692751327950884
156,0.26927477816017703
157,0.26927442794528555
158,0.2692740820746799
159,0.26927374047425257
160,0.26927340307148456
161,0.26927306979540255
162,0.26927274057653866
163,0.26927241534689433
164,0.26927209403990104
165,0.26927177659038687
166,0.2692714629345383
167,0.2692711530098681
168,0.2692708467551829
169,0.2692705441105502
170,0.26927024501726676
171,0.2692699494178292
