1,0.2927875055221193
2,0.26842110942965614
3,0.26841962028053773
4,0.2684182127993492
5,0.26841688112128653
6,0.2684156198905096
7,0.2684144242091867
8,0.2684132895922361
9,0.26841221192708603
10,0.2684111874378277
11,0.2684102126532486
12,0.2684092843782729
13,0.26840839966842156
14,0.26840755580693393
15,0.2684067502842428
16,0.26840598077954425
17,0.2684052451442189
18,0.26840454138690134
19,0.26840386766001595
20,0.2684032222476211
21,0.2684026035544192
22,0.26840201009580816
23,0.2684014404888657
24,0.26840089344417034
25,0.2684003677583684
26,0.26839986230741597
27,0.2683993760404271
28,0.26839890797406346
29,0.2683984571874164
30,0.26839802281733266
31,0.2683976040541376
32,0.268397200137724
33,0.2683968103539659
34,0.26839643403142827
35,0.268396070538349
36,0.2683957192798648
37,0.2683953796954576
38,0.2683950512566059
39,0.2683947334646181
40,0.26839442584863676
41,0.2683941279637963
42,0.2683938393895159
43,0.2683935597279281
44,0.2683932886024198
45,0.26839302565628287
46,0.26839277055146293
47,0.26839252296739896
48,0.26839228259994424
49,0.2683920491603677
50,0.26839182237442183
51,0.26839160198147655
52,0.2683913877337145
53,0.2683911793953778
54,0.2683909767420711
55,0.268390779560103
56,0.26839058764588186
57,0.2683904008053431
58,0.2683902188534158
59,0.26839004161352553
60,0.26838986891712885
61,0.2683897006032746
62,0.2683895365181967
63,0.2683893765149294
64,0.268389220452947
65,0.268389068197827
66,0.2683889196209314
67,0.26838877459910926
68,0.2683886330144155
69,0.2683884947538492
70,0.26838835970910147
71,0.26838822777632576
72,0.2683880988559144
73,0.26838797285229243
74,0.26838784967372054
75,0.2683877292321119
76,0.2683876114428559
77,0.2683874962246543
78,0.26838738349936525
79,0.2683872731918555
80,0.26838716522986233
81,0.2683870595438604
82,0.26838695606693785
83,0.2683868547346778
84,0.2683867554850466
85,0.26838665825828784
86,0.2683865629968214
87,0.26838646964514756
88,0.26838637814975863
89,0.26838628845904977
90,0.26838620052323936
91,0.2683861142942919
92,0.2683860297258422
93,0.2683859467731269
94,0.26838586539291753
95,0.26838578554345605
96,0.2683857071843962
97,0.268385630276744
98,0.26838555478280457
99,0.2683854806661285
100,0.26838540789146315
101,0.2683853364247055
102,0.26838526623285425
103,0.26838519728396887
104,0.26838512954712845
105,0.26838506299238946
106,0.2683849975907514
107,0.2683849333141159
108,0.2683848701352544
109,0.2683848080277738
110,0.26838474696608083
111,0.26838468692534984
112,0.2683846278814841
113,0.2683845698110793
114,0.2683845126913688
115,0.2683844565001467
116,0.2683844012156179
117,0.26838434681603707
118,0.26838429327853547
119,0.2683842405735111
120,0.2683841886047686
121,0.2738925292538956
122,0.2718675487847912
123,0.2718430288390209
124,0.2718430288390208
125,0.27184302883902095
126,0.2718430288390209
127,0.2718430288390209
128,0.2718430288390208
129,0.2718430288390209
130,0.2718430288390209
131,0.2718430288390208
132,0.2718430288390208
133,0.2718430288390209
134,0.2718430288390209
135,0.2718430288390209
136,0.2718430288390209
137,0.2718430288390209
138,0.2718430288390209
139,0.2718430288390209
140,0.2718430288390208
141,0.2718430288390209
142,0.2718430288390209
143,0.2718430288390208
144,0.2718430288390209
145,0.2718430288390209
146,0.27184302883902084
147,0.27184302883902084
148,0.2718430288390209
149,0.2718430288390209
150,0.2718430288390209
151,0.2718430288390208
152,0.27184302883902084
153,0.2718430288390209
154,0.27184302883902084
155,0.2718430288390209
156,0.2718430288390208
157,0.2718430288390209
158,0.2718430288390208
159,0.27184302883902084
160,0.2718430288390209
161,0.2718430288390209
162,0.27184302883902084
163,0.2718430288390209
164,0.27184302883902084
165,0.2718430288390209
166,0.27184302883902084
167,0.2718430288390209
168,0.2718430288390208
169,0.27184302883902084
