1,0.26812015904813324
2,0.24846645345518587
3,0.24846446278826012
4,0.2484572155421627
5,0.24845002329902316
6,0.24844289189297442
7,0.24843582155324725
8,0.2484288124757793
9,0.2484218648294992
10,0.24841497875679563
11,0.24840815437400227
12,0.24840139177189702
13,0.24839469101622158
14,0.24838805214821252
15,0.24838147518514755
16,0.24837496012090485
17,0.24836850692653079
18,0.24836211555082024
19,0.24835578592090188
20,0.24834951794283408
21,0.24834331150220212
22,0.2483371664647245
23,0.24833108267685944
24,0.24832505996641477
25,0.2483190981431606
26,0.24831319699943746
27,0.24830735631077003
28,0.24830157583647353
29,0.24829585532026086
30,0.24829019449084522
31,0.24828459306253814
32,0.24827905073584144
33,0.24827356719803714
34,0.24826814212376674
35,0.2482627751756053
36,0.2482574660046277
37,0.24825221425096655
38,0.24824701954436246
39,0.24824188150470305
40,0.24823679974255403
41,0.24823177385967976
42,0.2482268034495544
43,0.24822188809786058
44,0.24821702738297918
45,0.24821222087646805
46,0.24820746814352573
47,0.24820276874345093
48,0.24819812223008272
49,0.2481935281522348
50,0.24818898605411446
51,0.24818449547573104
52,0.24818005595329476
53,0.24817566701959815
54,0.2481713282043924
55,0.24816703903474643
56,0.2481627990353978
57,0.2481586077290893
58,0.2481544646368971
59,0.2481503692785448
60,0.24814632117270696
61,0.24814231983730195
62,0.248138364789774
63,0.24813445554736277
64,0.24813059162736417
65,0.24812677254738
66,0.24812299782555639
67,0.24811926698081363
68,0.24811557953306498
69,0.24811193500342624
70,0.24810833291441586
71,0.24810477279014506
72,0.2481012541564998
73,0.24809777654131449
74,0.24809433947453463
75,0.24809094248837282
76,0.24808758511745777
77,0.24808426689897353
78,0.2480809873727894
79,0.24807774608158742
80,0.24807454257097733
81,0.24807137638960836
82,0.24806824708927172
83,0.24806515422499717
84,0.2480620973551446
85,0.24805907604148697
86,0.24805608984928962
87,0.248053138347381
88,0.24805022110822245
89,0.24804733770796797
90,0.24804448772652013
91,0.24804167074758446
92,0.24803888635871219
93,0.24803613415134584
94,0.2480334137208559
95,0.24803072466657342
96,0.24802806659182172
97,0.24802543910393937
98,0.2480228418143046
99,0.24802027433835222
100,0.24801773629558946
101,0.248015227309607
102,0.24801274700808804
103,0.24801029502281408
104,0.24800787098966814
105,0.24800547454863364
106,0.24800310534379402
107,0.24800076302332635
108,0.247998447239495
109,0.24799615764864277
110,0.24799389391117835
111,0.24799165569156514
112,0.2479894426583033
113,0.24798725448391576
114,0.24798509084492773
115,0.24798295142184792
116,0.24798083589914519
117,0.24797874396522843
118,0.2479766753124203
119,0.247974629636932
120,0.24797260663883713
121,0.24797060602204526
122,0.2479686274942707
123,0.24796667076700565
124,0.24796473555548926
125,0.247962821578675
126,0.24796092855920124
127,0.24795905622335668
128,0.24795720430104903
129,0.24795537252577077
130,0.24795356063456417
131,0.24795176836798813
132,0.24794999547008278
133,0.24794824168833446
134,0.24794650677363933
135,0.247944790480268
136,0.24794309256582955
137,0.2479414127912354
138,0.24793975092066242
139,0.24793810672151684
140,0.24793647996439694
141,0.2479348704230572
142,0.24793327787437047
143,0.24793170209829238
144,0.24793014287782392
145,0.24792859999897468
146,0.24792707325072627
147,0.24792556242499633
148,0.24792406731660052
149,0.24792258772321907
150,0.247921123445357
151,0.2479196742863115
152,0.2479182400521336
153,0.24791682055159323
154,0.24791541559614447
155,0.24791402499989007
156,0.24791264857954576
157,0.247911286154406
158,0.24790993754630947
159,0.24790860257960526
160,0.24790728108111737
161,0.24790597288011365
162,0.2479046778082692
163,0.247903395699636
164,0.2479021263906088
165,0.24790086971989264
166,0.24789962552847072
167,0.2478983936595739
168,0.24789717395864605
169,0.2478959662733162
170,0.24789477045336508
171,0.247893586350697
172,0.24789241381930674
173,0.2478912527152523
174,0.24789010289662355
175,0.24788896422351447
176,0.2478878365579928
177,0.24788671976407242
178,0.2478856137076848
179,0.24788451825665198
180,0.24788343328065776
181,0.24788235865122113
182,0.24788129424167019
183,0.24788023992711353
184,0.24787919558441726
185,0.24787816109217622
186,0.24787713633069042
187,0.24787612118193905
188,0.24787511552955568
189,0.24787411925880404
190,0.24787313225655405
191,0.24787215441125787
192,0.24787118561292565
193,0.24787022575310422
194,0.24786927472485185
195,0.24786833242271777
196,0.24786739874271896
197,0.24786647358231811
198,0.24786555684040296
199,0.24786464841726474
200,0.24786374821457538
201,0.24786285613537024
202,0.247861972084025
203,0.24786109596623598
204,0.24786022768900232
205,0.2478593671606035
206,0.2478585142905826
207,0.24785766898972625
208,0.24785683117004625
209,0.24785600074476094
210,0.2478551776282773
211,0.24785436173617384
212,0.24785355298518166
213,0.2478527512931681
214,0.24785195657911907
215,0.24785116876312388
216,0.24785038776635623
217,0.2478496135110608
218,0.2478488459205335
219,0.24784808491911
220,0.24784733043214696
221,0.24784658238600848
222,0.24784584070805019
223,0.24784510532660436
224,0.24784437617096639
225,0.24784365317137885
226,0.2478429362590189
227,0.24784222536598305
228,0.24784152042527421
229,0.24784082137078842
230,0.24784012813730005
231,0.2478394406604509
232,0.24783875887673568
233,0.24783808272349023
234,0.24783741213887767
235,0.24783674706187836
236,0.24783608743227614
237,0.24783543319064585
238,0.24783478427834457
239,0.2478341406374956
240,0.247833502210982
241,0.24783286894243187
242,0.24783224077620822
243,0.24783161765739847
244,0.24783099953180487
245,0.24783038634593121
246,0.2478297780469751
247,0.24782917458281667
248,0.24782857590200874
249,0.24782798195376693
250,0.24782739268795975
251,0.2478268080551002
252,0.24782622800633386
253,0.24782565249343277
254,0.2478250814687842
255,0.24782451488538176
256,0.24782395269681848
257,0.2478233948572757
258,0.24782284132151572
259,0.24782229204487383
260,0.247821746983249
261,0.2478212060930959
262,0.24782066933141808
263,0.24782013665575858
264,0.24781960802419317
265,0.24781908339532152
266,0.2478185627282611
267,0.24781804598263965
268,0.24781753311858565
269,0.24781702409672457
270,0.24781651887816888
271,0.24781601742451334
272,0.24781551969782628
273,0.247815025660644
274,0.24781453527596362
275,0.24781404850723676
276,0.24781356531836368
277,0.24781308567368526
278,0.24781260953797885
279,0.24781213687645007
280,0.24781166765472892
281,0.24781120183886293
282,0.24781073939530893
283,0.24781028029093227
284,0.2478098244929966
285,0.24780937196916056
286,0.2478089226874717
287,0.2478084766163611
288,0.24780803372463814
289,0.24780759398148478
290,0.2478071573564512
291,0.2478067238194498
292,0.24780629334075152
293,0.24780586589097905
294,0.2478054414411033
295,0.24780501996243823
296,0.24780460142663638
297,0.24780418580568417
298,0.2478037730718966
299,0.24780336319791377
300,0.24780295615669595
301,0.24780255192151912
302,0.24780215046597123
303,0.2478017517639466
304,0.24780135578964416
305,0.2478009625175605
306,0.247800571922488
307,0.2478001839795102
308,0.2477997986639976
309,0.24779941595160315
310,0.2477990358182603
311,0.2477986582401778
312,0.24779828319383673
313,0.24779791065598578
314,0.24779754060363882
315,0.24779717301407145
316,0.24779680786481648
317,0.24779644513366147
318,0.24779608479864396
319,0.24779572683805096
320,0.2477953712304121
321,0.24779501795449926
322,0.24779466698932187
323,0.24779431831412457
324,0.24779397190838362
325,0.24779362775180344
326,0.2477932858243152
327,0.24779294610607192
328,0.24779260857744764
329,0.24779227321903263
330,0.24779194001163127
331,0.24779160893625995
332,0.24779127997414294
333,0.24779095310671181
334,0.2477906283156002
335,0.24779030558264295
336,0.24778998488987347
337,0.24778966621952034
338,0.24778934955400486
339,0.24778903487593978
340,0.24778872216812467
341,0.2477884114135473
342,0.24778810259537634
343,0.24778779569696321
344,0.24778749070183714
345,0.24778718759370394
346,0.24778688635644458
347,0.24778658697411196
348,0.24778628943092731
349,0.24778599371128193
350,0.24778569979973109
351,0.2477854076809949
352,0.247785117339954
353,0.24778482876164903
354,0.2477845419312781
355,0.24778425683419547
356,0.24778397345590822
357,0.2477836917820754
358,0.2477834117985064
359,0.24778313349115766
360,0.24778285684613321
361,0.24778258184968005
362,0.24778230848818883
363,0.24778203674819047
364,0.24778176661635504
365,0.2477814980794906
366,0.2477812311245405
367,0.24778096573858202
368,0.24778070190882515
369,0.24778043962261123
370,0.24778017886740988
371,0.2477799196308189
372,0.24777966190056264
373,0.24777940566448944
374,0.24777915091057126
375,0.24777889762690142
376,0.2477786458016937
377,0.24777839542327995
378,0.24777814648011057
379,0.2477778989607508
380,0.24777765285388073
381,0.2477774081482942
382,0.24777716483289558
383,0.24777692289670156
384,0.2477766823288361
385,0.24777644311853309
386,0.24777620525513142
387,0.24777596872807578
388,0.24777573352691556
389,0.2477754996413028
390,0.247775267060991
391,0.2477750357758344
392,0.24777480577578642
393,0.24777457705089911
394,0.24777434959132122
395,0.24777412338729699
396,0.2477738984291668
397,0.2477736747073633
398,0.24777345221241254
399,0.24777323093493178
400,0.24777301086562992
401,0.24777279199530328
402,0.24777257431483862
403,0.24777235781520823
404,0.24777214248747295
405,0.2477719283227776
406,0.2477717153123515
407,0.24777150344750837
408,0.24777129271964377
409,0.24777108312023466
410,0.24777087464083955
411,0.24777066727309616
412,0.24777046100872122
413,0.2477702558395094
414,0.24777005175733272
415,0.24776984875413868
416,0.24776964682195177
417,0.2477694459528691
418,0.24776924613906331
419,0.24776904737277824
420,0.24776884964633142
421,0.2477686529521103
422,0.2477684572825739
423,0.24776826263025042
424,0.2477680689877369
425,0.24776787634769887
426,0.24776768470286936
427,0.24776749404604748
428,0.24776730437009933
429,0.2477671156679555
430,0.24776692793261082
431,0.2477667411571248
432,0.24776655533461953
433,0.24776637045827984
434,0.24776618652135193
435,0.2477660035171438
436,0.2477658214390228
437,0.24776564028041728
438,0.24776546003481295
439,0.24776528069575643
440,0.24776510225685017
441,0.24776492471175499
442,0.24776474805418763
443,0.24776457227792134
444,0.24776439737678516
445,0.2477642233446613
446,0.24776405017548817
447,0.24776387786325677
448,0.2477637064020117
449,0.24776353578584964
450,0.2477633660089193
451,0.24776319706542116
452,0.24776302894960675
453,0.24776286165577746
454,0.24776269517828395
455,0.24776252951152783
456,0.24776236464995846
457,0.24776220058807316
458,0.2477620373204174
459,0.24776187484158463
460,0.24776171314621395
461,0.24776155222899124
462,0.2477613920846481
463,0.2477612327079619
464,0.2477610740937544
465,0.2477609162368918
466,0.24776075913228457
467,0.24776060277488612
468,0.2477604471596935
469,0.24776029228174615
470,0.24776013813612596
471,0.24775998471795568
472,0.24775983202239996
473,0.24775968004466492
474,0.24775952877999632
475,0.24775937822368047
476,0.24775922837104294
477,0.24775907921744866
478,0.24775893075830197
479,0.2477587829890449
480,0.2477586359051582
481,0.24775848950215976
482,0.24775834377560504
483,0.24775819872108687
484,0.24775805433423398
485,0.24775791061071192
486,0.24775776754622147
487,0.24775762513649932
488,0.24775748337731743
489,0.24775734226448223
490,0.24775720179383467
491,0.2477570619612499
492,0.24775692276263678
493,0.2477567841939378
494,0.24775664625112842
495,0.24775650893021675
496,0.24775637222724334
497,0.24775623613828113
498,0.24775610065943493
499,0.24775596578684098
500,0.24775583151666628
501,0.24775569784510942
502,0.2477555647683996
503,0.24775543228279584
504,0.2477553003845872
505,0.24775516907009276
506,0.24775503833566143
507,0.24775490817767004
508,0.24775477859252557
509,0.2477546495766625
510,0.24775452112654534
511,0.24775439323866455
512,0.24775426590953972
513,0.2477541391357174
514,0.2477540129137719
515,0.2477538872403036
516,0.24775376211194106
517,0.2477536375253381
518,0.24775351347717484
519,0.24775338996415863
520,0.2477532669830208
521,0.24775314453051953
522,0.2477530226034375
523,0.24775290119858284
524,0.24775278031278813
525,0.24775265994291093
526,0.24775254008583292
527,0.2477524207384593
528,0.24775230189772027
529,0.24775218356056875
530,0.24775206572398153
531,0.24775194838495848
532,0.24775183154052227
533,0.24775171518771932
534,0.24775159932361718
535,0.24775148394530644
536,0.24775136904990017
537,0.2477512546345331
538,0.2477511406963615
539,0.24775102723256334
540,0.2477509142403382
541,0.2477508017169066
542,0.24775068965951022
543,0.24775057806541104
544,0.2477504669318922
545,0.24775035625625655
546,0.2477502460358281
547,0.24775013626795006
548,0.24775002694998577
549,0.24774991807931843
550,0.2477498096533506
551,0.24774970166950405
552,0.24774959412521944
553,0.2477494870179573
554,0.24774938034519609
555,0.2477492741044333
556,0.24774916829318472
557,0.24774906290898463
558,0.24774895794938503
559,0.24774885341195663
560,0.24774874929428728
561,0.24774864559398282
562,0.24774854230866622
563,0.24774843943597877
564,0.2477483369735775
565,0.24774823491913783
566,0.24774813327035117
567,0.24774803202492598
568,0.24774793118058738
569,0.24774783073507708
570,0.24774773068615302
571,0.24774763103158873
572,0.24774753176917474
573,0.2477474328967164
574,0.24774733441203595
575,0.24774723631297002
576,0.24774713859737194
577,0.24774704126310942
578,0.24774694430806604
579,0.24774684773013986
580,0.24774675152724418
581,0.24774665569730733
582,0.247746560238272
583,0.24774646514809573
584,0.24774637042475003
585,0.247746276066221
586,0.24774618207050947
587,0.24774608843562923
588,0.24774599515960866
589,0.24774590224049034
590,0.24774580967632986
591,0.24774571746519636
592,0.2477456256051738
