1,0.25023360004328404
2,0.2493821324758161
3,0.2492598644974523
4,0.2491430099729697
5,0.2490320270008092
6,0.2489271445571648
7,0.24882846108135548
8,0.2487359608928515
9,0.24864953252360902
10,0.2500450753496408
11,0.25012575984117347
12,0.2501257595250802
13,0.2501257595250802
14,0.2501257595250802
15,0.2501257595250802
16,0.2501257595250802
17,0.2501257595250802
18,0.2501257595250802
19,0.2501257595250802
20,0.2501257595250802
21,0.2501257595250802
22,0.2501257595250802
23,0.2501257595250802
24,0.2501257595250802
25,0.2501257595250802
26,0.2501257595250802
27,0.2501257595250802
28,0.2501257595250802
29,0.2501257595250802
30,0.2501257595250802
31,0.2501257595250802
32,0.2501257595250802
33,0.2501257595250802
34,0.2501257595250802
35,0.2501257595250802
36,0.2501257595250802
37,0.2501257595250802
38,0.2501257595250802
39,0.2501257595250802
40,0.2501257595250802
41,0.2501257595250802
42,0.2501257595250802
43,0.2501257595250802
44,0.2501257595250802
45,0.2501257595250802
46,0.2501257595250802
47,0.2501257595250802
48,0.2501257595250802
49,0.2501257595250802
50,0.2501257595250802
51,0.2501257595250802
52,0.2501257595250802
53,0.2501257595250802
54,0.2501257595250802
55,0.2501257595250802
56,0.2501257595250802
57,0.2501257595250802
58,0.2501257595250802
59,0.2501257595250802
60,0.2501257595250802
61,0.2501257595250802
62,0.2501257595250802
63,0.2501257595250802
64,0.2501257595250802
65,0.2501257595250802
66,0.2501257595250802
67,0.2501257595250802
68,0.2501257595250802
69,0.2501257595250802
70,0.2501257595250802
71,0.2501257595250802
72,0.2501257595250802
73,0.2501257595250802
74,0.2501257595250802
75,0.2501257595250802
76,0.2501257595250802
77,0.2501257595250802
78,0.2501257595250802
79,0.2501257595250802
80,0.2501257595250802
81,0.2501257595250802
82,0.2501257595250802
83,0.2501257595250802
84,0.2501257595250802
85,0.2501257595250802
86,0.2501257595250802
87,0.2501257595250802
88,0.2501257595250802
89,0.2501257595250802
90,0.2501257595250802
91,0.2501257595250802
92,0.2501257595250802
93,0.2501257595250802
94,0.2501257595250802
95,0.2501257595250802
96,0.2501257595250802
97,0.2501257595250802
98,0.2501257595250802
99,0.2501257595250802
100,0.2501257595250802
101,0.2501257595250802
102,0.2501257595250802
103,0.2501257595250802
104,0.2501257595250802
105,0.2501257595250802
106,0.2501257595250802
107,0.2501257595250802
108,0.2501257595250802
109,0.2501257595250802
110,0.2501257595250802
111,0.2501257595250802
112,0.2501257595250802
113,0.2501257595250802
114,0.2501257595250802
115,0.2501257595250802
116,0.2501257595250802
117,0.2501257595250802
118,0.2501257595250802
119,0.2501257595250802
120,0.2501257595250802
121,0.2501257595250802
122,0.2501257595250802
123,0.2501257595250802
124,0.2501257595250802
125,0.2501257595250802
126,0.2501257595250802
127,0.2501257595250802
128,0.2501257595250802
129,0.2501257595250802
130,0.2501257595250802
131,0.2501257595250802
132,0.2501257595250802
133,0.2501257595250802
134,0.2501257595250802
135,0.2501257595250802
136,0.2501257595250802
137,0.2501257595250802
138,0.2501257595250802
139,0.2501257595250802
140,0.2501257595250802
141,0.2501257595250802
142,0.2501257595250802
143,0.2501257595250802
144,0.2501257595250802
145,0.2501257595250802
146,0.2501257595250802
147,0.2501257595250802
148,0.2501257595250802
149,0.2501257595250802
150,0.2501257595250802
151,0.2501257595250802
152,0.2501257595250802
153,0.2501257595250802
154,0.2501257595250802
155,0.2501257595250802
156,0.2501257595250802
157,0.2501257595250802
158,0.2501257595250802
159,0.2501257595250802
160,0.2501257595250802
161,0.2501257595250802
162,0.2501257595250802
163,0.2501257595250802
164,0.2501257595250802
165,0.2501257595250802
166,0.2501257595250802
167,0.2501257595250802
168,0.2501257595250802
169,0.2501257595250802
170,0.2501257595250802
171,0.2501257595250802
172,0.2501257595250802
173,0.2501257595250802
174,0.2501257595250802
175,0.2501257595250802
176,0.2501257595250802
177,0.2501257595250802
178,0.2501257595250802
179,0.2501257595250802
180,0.2501257595250802
181,0.2501257595250802
182,0.2501257595250802
183,0.2501257595250802
184,0.2501257595250802
185,0.2501257595250802
186,0.2501257595250802
187,0.2501257595250802
188,0.2501257595250802
189,0.2501257595250802
190,0.2501257595250802
191,0.2501257595250802
192,0.2501257595250802
193,0.2501257595250802
194,0.2501257595250802
195,0.2501257595250802
196,0.2501257595250802
197,0.2501257595250802
198,0.2501257595250802
199,0.2501257595250802
200,0.2501257595250802
201,0.2501257595250802
202,0.2501257595250802
203,0.2501257595250802
204,0.2501257595250802
205,0.2501257595250802
206,0.2501257595250802
207,0.2501257595250802
208,0.2501257595250802
209,0.2501257595250802
210,0.2501257595250802
211,0.2501257595250802
212,0.2501257595250802
213,0.2501257595250802
214,0.2501257595250802
215,0.2501257595250802
216,0.2501257595250802
217,0.2501257595250802
218,0.2501257595250802
219,0.2501257595250802
220,0.2501257595250802
221,0.2501257595250802
222,0.2501257595250802
223,0.2501257595250802
224,0.2501257595250802
225,0.2501257595250802
226,0.2501257595250802
227,0.2501257595250802
228,0.2501257595250802
229,0.2501257595250802
230,0.2501257595250802
231,0.2501257595250802
232,0.2501257595250802
233,0.2501257595250802
234,0.2501257595250802
235,0.2501257595250802
236,0.2501257595250802
237,0.2501257595250802
238,0.2501257595250802
239,0.2501257595250802
240,0.2501257595250802
241,0.2501257595250802
242,0.2501257595250802
243,0.2501257595250802
244,0.2501257595250802
245,0.2501257595250802
246,0.2501257595250802
247,0.2501257595250802
248,0.2501257595250802
249,0.2501257595250802
250,0.2501257595250802
251,0.2501257595250802
252,0.2501257595250802
253,0.2501257595250802
