1,0.2497184907366665
2,0.24943593733802064
3,0.24942816198430437
4,0.24942048993125956
5,0.2494129211993129
6,0.24940545634832786
7,0.2493980957366942
8,0.24939083952765465
9,0.24938368769632466
10,0.24937664003727805
11,0.2493696961726071
12,0.24936285556039306
13,0.24935611750350653
14,0.249349481158669
15,0.24934294554569802
16,0.24933650955688047
17,0.24933017196639543
18,0.2493239314397438
19,0.24931778654311093
20,0.24931173575262824
21,0.24930577746347396
22,0.24929990999877685
23,0.24929413161829114
24,0.24928844052679583
25,0.24928283488220526
26,0.24927731280335866
27,0.2492718723774714
28,0.24926651166723432
29,0.24926122871754808
30,0.2492560215618791
31,0.24925088822824848
32,0.24924582674482768
33,0.24924083514516818
34,0.24923591147304608
35,0.24923105378693874
36,0.2492262601641401
37,0.2492215287045212
38,0.24921685753394443
39,0.24921224480734758
40,0.2492076887115072
41,0.24920318746749412
42,0.24919873933283673
43,0.2491943426034044
44,0.2491899956150273
45,0.2491856967448658
46,0.24918144441254123
47,0.24917723708105374
48,0.2491730732574825
49,0.24916895149350513
50,0.2491648703857257
51,0.24916082857585004
52,0.24915682475069947
53,0.24915285764208683
54,0.2491489260265681
55,0.24914502872507188
56,0.2491411646024278
57,0.2491373325668
58,0.24913353156903126
59,0.24912976060191636
60,0.24912601869940604
61,0.24912230493575444
62,0.2491186184246141
63,0.24911495831808797
64,0.24911132380574835
65,0.2491077141136209
66,0.24910412850314756
67,0.24910056627013363
68,0.24909702674367495
69,0.24909350928508142
70,0.24909001328679717
71,0.24908653817131438
72,0.24908308339009705
73,0.24907964842250768
74,0.24907623277474236
75,0.24907283597878305
76,0.24906945759135782
77,0.2490660971929232
78,0.24906275438666262
79,0.24905942879750398
80,0.24905612007116315
81,0.24905282787320565
82,0.24904955188813258
83,0.24904629181849852
84,0.24904304738404304
85,0.24903981832085895
86,0.24903660438058156
87,0.24903340532960683
88,0.2490302209483343
89,0.24902705103043885
90,0.24902389538217076
91,0.2490207538216788
92,0.2490176261783632
93,0.24901451229225374
94,0.24901141201341337
95,0.24900832520136895
96,0.24900525172456472
97,0.24900219145984157
98,0.24899914429194245
99,0.24899611011303555
100,0.2489930888222665
101,0.24899008032532885
102,0.24898708453405502
103,0.24898410136603383
104,0.24898113074423875
105,0.24897817259668442
106,0.2489752268560974
107,0.2489722934596023
108,0.24896937234843247
109,0.2489664634676487
110,0.24896356676587775
111,0.2489606821950672
112,0.24895780971025336
113,0.248954949269338
114,0.24895210083288632
115,0.24894926436393247
116,0.24894643982779568
117,0.24894362719191013
118,0.24894082642566503
119,0.24893803750025334
120,0.24893526038852887
121,0.24893249506487475
122,0.24892974150508157
123,0.24892699968622495
124,0.24892426958656233
125,0.24892155118542675
126,0.24891884446313353
127,0.24891614940088708
128,0.24891346598070183
129,0.24891079418531795
130,0.24890813399813183
131,0.24890548540312415
132,0.24890284838479657
133,0.24890022292811043
134,0.24889760901843014
135,0.24889500664146855
136,0.2488924157832387
137,0.2488898364300047
138,0.24888726856823987
139,0.24888471218458164
140,0.24888216726579743
141,0.24887963379874317
142,0.2488771117703314
143,0.2488746011674985
144,0.24887210197717377
145,0.24886961418625003
146,0.24886713778155742
147,0.24886467274983806
148,0.24886221907772005
149,0.2488597767516967
150,0.24885734575810423
151,0.2488549260831013
152,0.24885251771265057
153,0.24885012063250078
154,0.24884773482816788
155,0.2488453602849219
156,0.24884299698777074
157,0.24884064492144475
158,0.24883830407038565
159,0.2488359744187326
160,0.24883365595031057
161,0.24883134864861994
162,0.24882905249682508
163,0.2488267674777483
164,0.2488244935738557
165,0.24882223076725285
166,0.24881997903967706
167,0.2488177383724873
168,0.24881550874666203
169,0.24881329014279013
170,0.24881108254106718
171,0.2488088859212894
172,0.2488067002628525
173,0.24880452554474464
174,0.2488023617455442
175,0.2488002088434175
176,0.24879806681611735
177,0.24879593564097965
178,0.24879381529492262
179,0.24879170575444615
180,0.2487896069956315
181,0.24878751899413976
182,0.2487854417252148
183,0.24878337516368218
184,0.248781319283948
185,0.24877927406000633
186,0.24877723946543404
187,0.2487752154733988
188,0.24877320205665732
189,0.2487711991875601
190,0.24876920683805315
191,0.2487672249796841
192,0.24876525358360108
193,0.24876329262056127
194,0.24876134206093165
195,0.24875940187469578
196,0.2487574720314565
197,0.2487555525004413
198,0.24875364325050806
199,0.24875174425014823
200,0.24874985546749578
201,0.24874797687032874
202,0.2487461084260767
203,0.24874425010182893
204,0.24874240186433436
205,0.2487405636800152
206,0.24873873551496778
207,0.24873691733497033
208,0.24873510910549085
209,0.2487333107916926
210,0.2487315223584403
211,0.2487297437703078
212,0.24872797499158508
213,0.24872621598628383
214,0.24872446671814658
215,0.2487227271506509
216,0.24872099724701863
217,0.2487192769702227
218,0.24871756628299307
219,0.24871586514782582
220,0.24871417352698805
221,0.24871249138252594
222,0.2487108186762727
223,0.2487091553698556
224,0.24870750142470108
225,0.24870585680204502
226,0.24870422146293658
227,0.24870259536824751
228,0.24870097847867914
229,0.24869937075476886
230,0.24869777215689604
231,0.2486961826452907
232,0.2486946021800396
233,0.24869303072109347
234,0.24869146822827257
235,0.24868991466127463
236,0.24868836997968238
237,0.24868683414296688
238,0.24868530711049805
239,0.24868378884154743
240,0.24868227929529824
241,0.2486807784308475
242,0.2486792862072164
243,0.24867780258335442
244,0.24867632751814528
245,0.24867486097041197
246,0.24867340289892736
247,0.24867195326241304
248,0.24867051201955068
249,0.2486690791289858
250,0.24866765454933246
251,0.24866623823917997
252,0.2486648301570975
253,0.24866343026164164
254,0.24866203851135713
255,0.24866065486478636
