1,0.2655430690012547
2,0.25056306467171735
3,0.25056306087695357
4,0.2505630572181505
5,0.25056305356472514
6,0.2505630499166653
7,0.2505630462739596
8,0.25056304263659646
9,0.25056303900456384
10,0.2505630353778508
11,0.2505630317564453
12,0.2505630281403361
13,0.2505630245295111
14,0.25056302092395966
15,0.25056301732367015
16,0.2505630137286311
17,0.25056301013883076
18,0.25056300655425834
19,0.25056300297490275
20,0.25056299940075183
21,0.25056299583179564
22,0.2505629922680217
23,0.2505629887094196
24,0.25056298515597797
25,0.25056298160768603
26,0.2505629780645319
27,0.2505629745265057
28,0.2505629709935957
29,0.250562967465791
30,0.25056296394308086
31,0.2505629604254541
32,0.2505629569129003
33,0.2505629534054081
34,0.2505629499029669
35,0.25056294640556603
36,0.2505629429131949
37,0.2505629394258423
38,0.2505629359434975
39,0.2505629324661505
40,0.25056292899378996
41,0.25056292552640574
42,0.2505629220639872
43,0.25056291860652374
44,0.25056291515400475
45,0.2505629117064197
46,0.2505629082637581
47,0.2505629048260102
48,0.2505629013931648
49,0.2505628979652118
50,0.25056289454214076
51,0.25056289112394214
52,0.2505628877106044
53,0.2505628843021178
54,0.2505628808984728
55,0.2505628774996584
56,0.2505628741056644
57,0.250562870716481
58,0.2505628673320981
59,0.2505628639525058
60,0.25056286057769334
61,0.25056285720765137
62,0.2505628538423696
63,0.25056285048183835
64,0.25056284712604704
65,0.2505628437749866
66,0.2505628404286465
67,0.25056283708701743
68,0.2505628337500886
69,0.2505628304178515
70,0.2505628270902951
71,0.25056282376741057
72,0.25056282044918765
73,0.25056281713561696
74,0.2505628138266889
75,0.2505628105223933
76,0.25056280722272095
77,0.2505628039276624
78,0.25056280063720743
79,0.2505627973513473
80,0.25056279407007226
81,0.2505627907933723
82,0.2505627875212385
83,0.2505627842536615
84,0.25056278099063173
85,0.2505627777321394
86,0.25056277447817593
87,0.25056277122873105
88,0.25056276798379645
89,0.25056276474336225
90,0.25056276150741913
91,0.25056275827595814
92,0.2505627550489699
93,0.2505627518264452
94,0.2505627486083755
95,0.25056274539475104
96,0.25056274218556257
97,0.2505627389808014
98,0.25056273578045846
99,0.25056273258452455
100,0.2505627293929906
101,0.2505627262058478
102,0.25056272302308724
103,0.25056271984469963
104,0.2505627166706768
105,0.25056271350100895
106,0.25056271033568767
107,0.2505627071747041
108,0.2505627040180496
109,0.25056270086571514
110,0.2505626977176919
111,0.2505626945739715
112,0.2505626914345452
113,0.2505626882994036
114,0.2505626851685384
115,0.25056268204194104
116,0.25056267891960343
117,0.25056267580151614
118,0.25056267268767074
119,0.250562669578059
120,0.2505626664726718
121,0.2505626633715016
122,0.2505626602745391
123,0.25056265718177617
124,0.2505626540932041
125,0.2505626510088147
126,0.2505626479285994
127,0.25056264485255003
128,0.25056264178065796
129,0.2505626387129152
130,0.2505626356493135
131,0.25056263258984407
132,0.25056262953449904
133,0.25056262648326955
134,0.2505626234361484
135,0.25056262039312693
136,0.25056261735419616
137,0.2505626143193492
138,0.2505626112885773
139,0.25056260826187243
140,0.2505626052392263
141,0.25056260222063126
142,0.25056259920607876
143,0.25056259619556104
144,0.25056259318907015
145,0.250562590186598
146,0.25056258718813657
147,0.25056258419367816
148,0.2505625812032146
149,0.2505625782167379
150,0.2505625752342403
151,0.25056257225571427
152,0.2505625692811515
153,0.2505625663105443
154,0.2505625633438849
155,0.25056256038116576
156,0.2505625574223783
157,0.2505625544675161
158,0.2505625515165699
159,0.25056254856953347
160,0.25056254562639796
161,0.25056254268715666
162,0.250562539751801
163,0.250562536820324
164,0.2505625338927179
165,0.25056253096897524
166,0.25056252804908824
167,0.25056252513304933
168,0.2505625222208509
169,0.2505625193124862
170,0.2505625164079468
171,0.25056251350722575
172,0.2505625106103157
173,0.2505625077172085
174,0.25056250482789766
175,0.2505625019423755
176,0.25056249906063405
177,0.25056249618266657
178,0.25056249330846553
179,0.250562490438024
180,0.25056248757133426
181,0.25056248470838904
182,0.2505624818491814
183,0.2505624789937037
184,0.250562476141949
185,0.25056247329391007
186,0.25056247044957974
187,0.2505624676089504
188,0.25056246477201544
189,0.25056246193876774
190,0.25056245910919994
191,0.2505624562833051
192,0.2505624534610759
193,0.25056245064250604
194,0.2505624478275873
195,0.2505624450163134
196,0.25056244220867735
197,0.25056243940467215
198,0.2505624366042902
199,0.25056243380752574
200,0.2505624310143709
201,0.2505624282248188
202,0.25056242543886303
203,0.25056242265649636
204,0.25056241987771205
205,0.2505624171025034
206,0.2505624143308634
207,0.2505624115627851
208,0.2505624087982621
209,0.2505624060372872
210,0.25056240327985385
211,0.25056240052595546
212,0.25056239777558514
213,0.25056239502873623
214,0.25056239228540184
215,0.2505623895455756
216,0.2505623868092504
217,0.25056238407642034
218,0.25056238134707826
219,0.2505623786212176
220,0.250562375898832
221,0.2505623731799145
222,0.25056237046445906
223,0.25056236775245894
224,0.2505623650439071
225,0.25056236233879814
226,0.2505623596371244
227,0.25056235693887996
228,0.2505623542440582
229,0.2505623515526529
230,0.2505623488646577
231,0.25056234618006606
232,0.2505623434988713
233,0.25056234082106765
234,0.2505623381466477
235,0.2505623354756061
236,0.25056233280793666
237,0.2505623301436321
238,0.25056232748268675
239,0.25056232482509433
240,0.25056232217084834
241,0.25056231951994234
242,0.25056231687237107
243,0.2505623142281272
244,0.2505623115872049
245,0.2505623089495979
246,0.2505623063153005
247,0.25056230368430626
248,0.2505623010566085
249,0.25056229843220185
250,0.25056229581107986
251,0.2505622931932365
252,0.2505622905786658
253,0.2505622879673613
254,0.25056228535931724
255,0.25056228275452747
256,0.25056228015298593
257,0.25056227755468713
258,0.2505622749596246
259,0.2505622723677921
260,0.250562269779184
261,0.2505622671937943
262,0.2505622646116173
263,0.2505622620326467
264,0.25056225945687705
265,0.25056225688430167
266,0.25056225431491536
267,0.250562251748712
268,0.2505622491856861
269,0.25056224662583115
270,0.2505622440691421
271,0.25056224151561207
272,0.25056223896523644
273,0.25056223641800873
274,0.2505622338739236
275,0.25056223133297495
276,0.2505622287951572
277,0.2505622262604646
278,0.2505622237288914
279,0.25056222120043187
280,0.25056221867508016
281,0.2505622161528311
282,0.2505622136336787
283,0.2505622111176173
284,0.25056220860464135
285,0.2505622060947453
286,0.2505622035879234
287,0.25056220108417027
288,0.25056219858347994
289,0.2505621960858476
290,0.25056219359126675
291,0.25056219109973255
292,0.2505621886112394
293,0.25056218612578146
294,0.2505621836433532
295,0.2505621811639497
296,0.25056217868756453
297,0.25056217621419374
298,0.2505621737438305
299,0.25056217127646985
300,0.25056216881210674
301,0.25056216635073536
302,0.2505621638923501
303,0.25056216143694593
304,0.25056215898451745
305,0.2505621565350594
306,0.25056215408856647
307,0.25056215164503287
308,0.25056214920445385
309,0.25056214676682365
310,0.2505621443321376
311,0.25056214190038945
312,0.2505621394715752
313,0.2505621370456881
314,0.2505621346227242
315,0.25056213220267787
316,0.25056212978554354
317,0.2505621273713163
318,0.2505621249599912
319,0.25056212255156296
320,0.25056212014602575
321,0.25056211774337517
322,0.2505621153436058
323,0.25056211294671266
324,0.2505621105526904
325,0.25056210816153424
326,0.25056210577323895
327,0.25056210338779894
328,0.25056210100520976
329,0.2505620986254664
330,0.25056209624856357
331,0.25056209387449613
332,0.2505620915032595
333,0.2505620891348479
334,0.25056208676925706
335,0.2505620844064817
336,0.2505620820465171
337,0.2505620796893577
338,0.25056207733499913
339,0.25056207498343636
340,0.25056207263466446
341,0.25056207028867833
342,0.2505620679454726
343,0.25056206560504346
344,0.2505620632673854
345,0.25056206093249345
346,0.2505620586003634
347,0.25056205627098965
348,0.25056205394436765
349,0.2505620516204926
350,0.25056204929935966
351,0.25056204698096396
352,0.250562044665301
353,0.2505620423523657
354,0.2505620400421532
355,0.250562037734659
