1,0.3233922033081391
2,0.2572628715405942
3,0.25706804738168526
4,0.25689116586197225
5,0.25673212003225077
6,0.25659014419034104
7,0.2564640264260063
8,0.25635230092908007
9,0.25625340220438786
10,0.2561657765542891
11,0.25608795455838895
12,0.25601859219238676
13,0.2559564890327863
14,0.2559005910847906
15,0.25584998418478605
16,0.2558038822863609
17,0.25576161353379695
18,0.25572260594885393
19,0.25568637378953435
20,0.25565250512554966
21,0.2556206508495025
22,0.2555905151483848
23,0.25556184735269977
24,0.25553443502846745
25,0.2555080981587883
26,0.25548268426211973
27,0.25545806430501306
28,0.25543412928212145
29,0.2554107873527139
30,0.2553879614388601
31,0.25536558720505964
32,0.25534361135203787
33,0.2553219901685809
34,0.2553006882948654
35,0.2552796776587927
36,0.2552589365536529
37,0.2552384488311678
38,0.2552182031887668
39,0.25519819253399917
40,0.25517841341240416
41,0.2551588654880244
42,0.25513955106817476
43,0.25512047466611243
44,0.2551016425969302
45,0.2550830626033876
46,0.2550647435095114
47,0.2550466949006575
48,0.25502892682937633
49,0.25501144954687605
50,0.25499427326012875
51,0.2549774079148007
52,0.2549608630041411
53,0.2549446474038729
54,0.2549287692328812
55,0.25491323573926944
56,0.2548980532110543
57,0.25488322691044807
58,0.2548687610304213
59,0.2548546586719573
60,0.25484092184019946
61,0.25482755145752195
62,0.25481454739144044
63,0.25480190849522577
64,0.2547896326590673
65,0.2547777168697027
66,0.2547661572764966
67,0.2547549492620955
68,0.2547440875159374
69,0.25473356610906567
70,0.25472337856889293
71,0.25471351795274555
72,0.2547039769192166
73,0.2546947477965348
74,0.25468582264733686
75,0.25467719332937877
76,0.25466885155188407
77,0.25466078892733063
78,0.2546529970186067
79,0.2546454673815465
80,0.25463819160293927
81,0.254631161334158
82,0.2546243683206109
83,0.2546178044272408
84,0.2546114616603354
85,0.25460533218591413
86,0.2545994083449664
87,0.254593682665823
88,0.2545881478739321
89,0.2545827968992957
90,0.25457762288183444
91,0.2545726191748993
92,0.2545677793471695
93,0.25456309718313236
94,0.25455856668234433
95,0.25455418205763847
96,0.254549937732442
97,0.2545458283373485
98,0.25454184870606683
99,0.25453799387086395
100,0.2545342590576042
101,0.25453063968047285
102,0.25452713133646515
103,0.25452372979970256
104,0.25452043101564337
105,0.25451723109523594
106,0.25451412630905607
107,0.25451111308146873
108,0.2545081879848437
109,0.2545053477338525
110,0.25450258917986884
111,0.254499909305486
112,0.2544973052191697
113,0.254494774150055
114,0.2544923134428973
115,0.25448992055318126
116,0.2544875930423901
117,0.25448532857344736
118,0.2544831249063144
119,0.2544809798937619
120,0.25447889147730157
121,0.2544768576832811
122,0.25447487661913826
123,0.2544729464698094
124,0.2544710654942926
125,0.2544692320223565
126,0.2544674444513927
127,0.2544657012434076
128,0.25446400092214727
129,0.25446234207035184
130,0.2544607233271341
131,0.2544591433854786
132,0.254457600989853
133,0.2544560949339305
134,0.25445462405842006
135,0.25445318724899185
136,0.254451783434305
137,0.25445041158412324
138,0.25444907070752004
139,0.2544477598511692
140,0.2544464780977096
141,0.2544452245641953
142,0.25444399840061155
143,0.25444279878845977
144,0.2544416249394163
145,0.2544404760940417
146,0.25443935152056235
147,0.2544382505137005
148,0.25443717239356284
149,0.2544361165045762
150,0.2544350822144798
151,0.25443406891335596
152,0.25443307601271026
153,0.2544321029445921
154,0.25443114916075765
155,0.25443021413186717
156,0.2544292973467215
157,0.25442839831153286
158,0.2544275165492282
159,0.2544266515987827
160,0.2544258030145861
161,0.25442497036583434
162,0.2544241532359487
163,0.25442335122202275
164,0.2544225639342912
165,0.2544217909956232
166,0.25442103204103794
167,0.25442028671724126
168,0.2544195546821801
169,0.25441883560462203
170,0.25441812916374545
171,0.2544174350487513
172,0.25441675295849364
173,0.25441608260112
174,0.25441542369373055
175,0.25441477596205286
176,0.2544141391401263
177,0.25441351297000264
178,0.25441289720145727
179,0.2544122915917148
180,0.2544116959051823
181,0.2544111099131965
182,0.25441053339377956
183,0.25440996613140515
184,0.25440940791677485
185,0.25440885854660183
186,0.25440831782340534
187,0.254407785555308
188,0.2544072615558515
189,0.2544067456438076
190,0.2544062376430047
191,0.2544057373821574
192,0.25440524469470427
193,0.254404759418652
194,0.25440428139642307
195,0.2544038104747121
196,0.25440334650434676
197,0.25440288934015304
198,0.2544024388408272
199,0.2544019948688096
200,0.25440155729016733
201,0.25440112597447834
202,0.25440070079472016
203,0.254400281627163
204,0.2543998683512674
205,0.2543994608495846
206,0.25439905900766047
207,0.2543986627139444
208,0.2543982718596996
209,0.2543978863389181
210,0.25439750604823697
211,0.25439713088685895
212,0.25439676075647605
213,0.2543963955611951
214,0.25439603520746473
215,0.25439567960400883
216,0.25439532866175607
217,0.254394982293779
218,0.254394640415229
219,0.25439430294327753
220,0.2543939697970573
221,0.2543936408976059
222,0.25439331616781236
223,0.254392995532363
224,0.2543926789176927
225,0.25439236625193284
226,0.2543920574648671
227,0.2543917524878826
228,0.2543914512539285
229,0.25439115369746945
230,0.25439085975444586
231,0.25439056936223464
232,0.25439028245960726
233,0.25438999898669457
234,0.25438971888494893
235,0.25438944209710923
236,0.2543891685671667
237,0.2543888982403303
238,0.25438863106299664
239,0.25438836698271744
240,0.25438810594816946
241,0.25438784790912444
242,0.25438759281642237
243,0.2543873406219429
244,0.25438709127857817
245,0.25438684474020784
246,0.25438660096167304
247,0.25438635989875236
248,0.2543861215081387
249,0.25438588574741544
250,0.2543856525750346
251,0.25438542195029495
252,0.2543851938333211
253,0.25438496818504325
254,0.25438474496717706
255,0.25438452414220475
256,0.2543843056733558
257,0.2543840895245905
258,0.25438387566057963
259,0.254383664046689
260,0.2543834546489631
261,0.25438324743410873
262,0.2543830423694778
263,0.2543828394230543
264,0.2543826385634365
265,0.25438243975982666
266,0.2543822429820128
267,0.25438204820035765
268,0.25438185538578423
269,0.2543816645097633
270,0.254381475544301
271,0.2543812884619252
272,0.25438110323567664
273,0.2543809198390932
274,0.25438073824620216
275,0.25438055843150786
276,0.2543803803699798
277,0.25438020403704553
278,0.2543800294085754
279,0.25437985646087935
280,0.2543796851706901
281,0.2543795155151595
282,0.2543793474718469
283,0.25437918101871015
284,0.2543790161340968
285,0.25437885279673766
286,0.254378690985736
287,0.25437853068056127
288,0.25437837186104034
289,0.25437821450735065
290,0.2543780586000111
291,0.2543779041198779
292,0.2543777510481346
293,0.25437759936628573
294,0.25437744905615256
295,0.25437730009986226
296,0.25437715247984577
297,0.2543770061788288
298,0.2543768611798262
299,0.2543767174661372
300,0.2543765750213381
301,0.2543764338292789
302,0.25437629387407384
303,0.2543761551401008
304,0.2543760176119928
305,0.2543758812746322
306,0.25437574611315
307,0.25437561211291543
308,0.25437547925953646
309,0.25437534753885055
310,0.2543752169369234
311,0.25437508744004206
312,0.2543749590347131
313,0.2543748317076563
314,0.25437470544580043
315,0.25437458023628157
316,0.2543744560664363
317,0.25437433292379974
318,0.25437421079610095
319,0.2543740896712588
320,0.25437396953737934
321,0.25437385038275206
322,0.25437373219584686
323,0.2543736149653083
324,0.25437349867995485
325,0.2543733833287754
326,0.2543732689009251
327,0.25437315538572225
328,0.254373042772646
329,0.2543729310513334
330,0.2543728202115765
331,0.2543727102433183
332,0.2543726011366516
333,0.2543724928818156
334,0.25437238546919283
335,0.25437227888930686
336,0.25437217313282146
337,0.25437206819053393
338,0.25437196405337764
339,0.25437186071241613
340,0.2543717581588419
341,0.2543716563839746
342,0.25437155537925776
343,0.2543714551362583
344,0.2543713556466621
345,0.2543712569022731
346,0.2543711588950124
347,0.2543710616169141
348,0.2543709650601248
349,0.25437086921690005
350,0.2543707740796054
351,0.2543706796407111
352,0.25437058589279293
353,0.25437049282852864
354,0.25437040044069775
355,0.25437030872217803
356,0.25437021766594625
357,0.2543701272650742
