1,0.45427684814876595
2,0.31603144157016116
3,0.2529970022331401
4,0.2504868414289656
5,0.25045710488732364
6,0.2504596968701115
7,0.2504600020511791
8,0.25045981147359514
9,0.2504595433192947
10,0.25045926317829675
11,0.25045898088610374
12,0.2504586979074548
13,0.2504584144596215
14,0.2504581305741695
15,0.25045784625502276
16,0.25045756150198856
17,0.2504572763142603
18,0.2504569906909366
19,0.25045670463110153
20,0.25045641813383374
21,0.2504561311982098
22,0.25045584382330344
23,0.25045555600818686
24,0.25045526775192806
25,0.25045497905359465
26,0.25045468991225067
27,0.250454400326958
28,0.25045411029677533
29,0.2504538198207613
30,0.2504535288979691
31,0.25045323752745124
32,0.2504529457082574
33,0.2504526534394348
34,0.2504523607200278
35,0.2504520675490788
36,0.250451773925628
37,0.2504514798487113
38,0.2504511853173649
39,0.25045089033062046
40,0.2504505948875073
41,0.250450298987053
42,0.250450002628282
43,0.25044970581021614
44,0.25044940853187575
45,0.2504491107922768
46,0.2504488125904343
47,0.2504485139253597
48,0.2504482147960627
49,0.2504479152015494
50,0.25044761514082464
51,0.25044731461288977
52,0.25044701361674243
53,0.2504467121513807
54,0.25044641021579683
55,0.2504461078089826
56,0.25044580492992524
57,0.25044550157761236
58,0.2504451977510248
59,0.2504448934491449
60,0.2504445886709489
61,0.2504442834154129
62,0.250443977681508
63,0.25044367146820495
64,0.2504433647744707
65,0.25044305759926844
66,0.25044274994156074
67,0.2504424418003057
68,0.25044213317445985
69,0.25044182406297655
70,0.25044151446480595
71,0.2504412043788957
72,0.25044089380419127
73,0.25044058273963477
74,0.25044027118416584
75,0.25043995913672096
76,0.2504396465962339
77,0.250439333561636
78,0.2504390200318554
79,0.25043870600581736
80,0.25043839148244496
81,0.2504380764606573
82,0.2504377609393718
83,0.2504374449175022
84,0.25043712839396015
85,0.250436811367653
86,0.25043649383748695
87,0.2504361758023647
88,0.25043585726118556
89,0.25043553821284587
90,0.25043521865623986
91,0.25043489859025886
92,0.2504345780137902
93,0.2504342569257187
94,0.2504339353249269
95,0.2504336132102941
96,0.25043329058069513
97,0.25043296743500476
98,0.25043264377209234
99,0.25043231959082535
100,0.2504319948900679
101,0.2504316696686802
102,0.2504313439255217
103,0.2504310176594467
104,0.25043069086930786
105,0.25043036355395376
106,0.25043003571223055
107,0.25042970734298114
108,0.2504293784450452
109,0.25042904901725943
110,0.25042871905845715
111,0.2504283885674701
112,0.25042805754312436
113,0.25042772598424473
114,0.25042739388965296
115,0.2504270612581658
116,0.2504267280885993
117,0.2504263943797647
118,0.25042606013047086
119,0.2504257253395229
120,0.25042539000572317
121,0.25042505412787064
122,0.25042471770476044
123,0.25042438073518636
124,0.25042404321793715
125,0.25042370515179946
126,0.250423366535555
127,0.25042302736798483
128,0.25042268764786413
129,0.25042234737396685
130,0.25042200654506236
131,0.2504216651599181
132,0.2504213232172962
133,0.25042098071595686
134,0.2504206376546575
135,0.25042029403215027
136,0.2504199498471855
137,0.2504196050985106
138,0.2504192597848678
139,0.2504189139049973
140,0.2504185674576362
141,0.2504182204415169
142,0.2504178728553695
143,0.25041752469792006
144,0.25041717596789187
145,0.2504168266640045
146,0.25041647678497325
147,0.25041612632951127
148,0.25041577529632786
149,0.2504154236841282
150,0.2504150714916149
151,0.2504147187174864
152,0.2504143653604384
153,0.25041401141916203
154,0.2504136568923463
155,0.25041330177867505
156,0.25041294607682896
157,0.2504125897854872
158,0.25041223290332315
159,0.25041187542900656
160,0.2504115173612047
161,0.2504111586985813
162,0.25041079943979594
163,0.25041043958350434
164,0.25041007912835944
165,0.2504097180730096
166,0.2504093564160999
167,0.2504089941562731
168,0.2504086312921652
169,0.2504082678224113
170,0.25040790374564265
171,0.25040753906048535
172,0.25040717376556204
173,0.2504068078594928
174,0.25040644134089324
175,0.25040607420837513
176,0.2504057064605472
177,0.2504053380960129
178,0.2504049691133738
179,0.25040459951122596
180,0.2504042292881631
181,0.2504038584427743
182,0.2504034869736447
183,0.25040311487935646
184,0.25040274215848723
185,0.25040236880961075
186,0.25040199483129755
187,0.25040162022211343
188,0.2504012449806208
189,0.2504008691053783
190,0.25040049259494035
191,0.250400115447857
192,0.25039973766267626
193,0.25039935923794004
194,0.25039898017218737
195,0.2503986004639527
196,0.2503982201117676
197,0.2503978391141588
198,0.2503974574696487
199,0.2503970751767569
